  5.0599994E+02  2.4061916E-07
  5.1199994E+02  4.1976918E-07
  5.2000000E+02  7.6020933E-07
  5.2999994E+02  1.5648706E-06
  5.3999994E+02  3.0977121E-06
  5.4999988E+02  6.0482798E-06
  5.5999988E+02  1.1482433E-05
  5.6999988E+02  2.1314585E-05
  5.7999994E+02  3.8546827E-05
  5.8999988E+02  6.9061978E-05
  5.9999988E+02  1.2080577E-04
  6.0999988E+02  2.0775503E-04
  6.1999994E+02  3.5108504E-04
  6.2999988E+02  5.8388425E-04
  6.3999994E+02  9.5581298E-04
  6.4999994E+02  1.5437586E-03
  6.5799994E+02  2.2413568E-03
  6.6499988E+02  3.0821024E-03
  6.7499994E+02  4.8080441E-03
  6.8499988E+02  7.4086101E-03
  6.9499994E+02  1.1274110E-02
  7.0499988E+02  1.6933948E-02
  7.1599988E+02  2.6217056E-02
  7.2599994E+02  3.8524155E-02
  7.3499982E+02  5.3991273E-02
  7.4499994E+02  7.7800356E-02
  7.5499982E+02  1.1104550E-01
  7.6499994E+02  1.5703407E-01
  7.7499994E+02  2.2005288E-01
  7.8499982E+02  3.0573332E-01
  7.9499982E+02  4.2024949E-01
  8.0500000E+02  5.7489097E-01
  8.1499976E+02  7.7986854E-01
  8.2500000E+02  1.0492897E+00
  8.3499994E+02  1.4005949E+00
  8.4499994E+02  1.8582737E+00
  8.5499988E+02  2.4472902E+00
  8.6499994E+02  3.2015202E+00
  8.7499982E+02  4.1594296E+00
  8.8499982E+02  5.3752027E+00
  8.9499988E+02  6.9009137E+00
  9.0499994E+02  8.8007488E+00
  9.1499982E+02  3.1708176E+02
  9.2499988E+02  1.9846598E+03
  9.3499982E+02  3.2362703E+03
  9.4500000E+02  5.2053516E+03
  9.5500000E+02  7.6063281E+03
  9.6499988E+02  9.9063750E+03
  9.7499982E+02  8.8783193E+03
  9.8499976E+02  1.3737089E+04
  9.9499988E+02  1.4943749E+04
  1.0049999E+03  1.8932049E+04
  1.0149997E+03  2.2022014E+04
  1.0249998E+03  1.6287065E+04
  1.0349998E+03  2.8387969E+04
  1.0449998E+03  3.4178785E+04
  1.0549999E+03  3.9121145E+04
  1.0649999E+03  4.2090074E+04
  1.0750000E+03  4.9401945E+04
  1.0849996E+03  5.5116707E+04
  1.0949999E+03  5.8500812E+04
  1.1049999E+03  1.0089822E+06
  1.1149999E+03  3.3548325E+06
  1.1249999E+03  4.3497880E+06
  1.1349996E+03  5.3365120E+06
  1.1449999E+03  4.3603655E+06
  1.1549999E+03  4.6607845E+06
  1.1650000E+03  4.3743190E+06
  1.1749995E+03  2.5777360E+06
  1.1849996E+03  1.0683668E+06
  1.1949998E+03  2.0992745E+05
  1.2049996E+03  2.0602697E+05
  1.2149998E+03  5.4503148E+04
  1.2249996E+03  2.2110553E+05
  1.2349996E+03  5.0788500E+05
  1.2449998E+03  4.3240975E+06
  1.2549996E+03  1.3869542E+07
  1.2650000E+03  1.1771015E+07
  1.2749998E+03  4.8064252E+07
  1.2849995E+03  7.6347112E+07
  1.2949998E+03  7.9593520E+07
  1.3049995E+03  5.0609384E+07
  1.3149998E+03  9.3571904E+07
  1.3249998E+03  1.0639834E+08
  1.3349996E+03  9.4084752E+07
  1.3449995E+03  1.2655689E+08
  1.3549996E+03  1.1946548E+08
  1.3649999E+03  1.0532492E+08
  1.3749999E+03  1.2380658E+08
  1.3849996E+03  1.2169727E+08
  1.3949999E+03  1.3237951E+08
  1.4050001E+03  1.3202090E+08
  1.4149998E+03  1.1848074E+08
  1.4249998E+03  1.3300895E+08
  1.4350000E+03  1.1858018E+08
  1.4419998E+03  1.3484286E+08
  1.4469999E+03  1.5168758E+08
  1.4549994E+03  1.4669470E+08
  1.4650000E+03  1.2904825E+08
  1.4749995E+03  1.2348799E+08
  1.4849996E+03  1.3560498E+08
  1.4949998E+03  1.4706419E+08
  1.5049996E+03  1.4967702E+08
  1.5119995E+03  1.3031744E+08
  1.5169994E+03  1.4505603E+08
  1.5250001E+03  1.1940765E+08
  1.5349994E+03  1.0263882E+08
  1.5449994E+03  1.4094445E+08
  1.5549998E+03  1.2318642E+08
  1.5649999E+03  1.1240350E+08
  1.5750001E+03  1.2562093E+08
  1.5850000E+03  1.3759570E+08
  1.5949996E+03  1.4792261E+08
  1.6049999E+03  1.3726054E+08
  1.6150000E+03  1.3479032E+08
  1.6249996E+03  1.1932339E+08
  1.6350000E+03  1.2876617E+08
  1.6449996E+03  1.3575635E+08
  1.6549999E+03  1.0891737E+08
  1.6649993E+03  1.3285159E+08
  1.6720000E+03  9.0476536E+07
  1.6770001E+03  1.2622828E+08
  1.6849998E+03  1.4188405E+08
  1.6950000E+03  1.2837660E+08
  1.7049995E+03  1.2126507E+08
  1.7150000E+03  1.1956162E+08
  1.7249993E+03  1.1747180E+08
  1.7349994E+03  1.2610234E+08
  1.7449993E+03  1.2350318E+08
  1.7550001E+03  1.3789782E+08
  1.7649998E+03  1.1498298E+08
  1.7749995E+03  1.3003686E+08
  1.7849995E+03  1.2795728E+08
  1.7949999E+03  1.4290490E+08
  1.8050001E+03  1.3533605E+08
  1.8150001E+03  1.3224779E+08
  1.8249994E+03  1.2786166E+08
  1.8349993E+03  1.2218679E+08
  1.8449993E+03  1.1088318E+08
  1.8549998E+03  1.1875602E+08
  1.8650002E+03  1.1954376E+08
  1.8750001E+03  1.2531242E+08
  1.8850000E+03  1.2257626E+08
  1.8950002E+03  1.2273372E+08
  1.9049996E+03  1.1636189E+08
  1.9149999E+03  1.2189911E+08
  1.9249993E+03  1.2284212E+08
  1.9350001E+03  1.1861746E+08
  1.9449993E+03  1.2523834E+08
  1.9550002E+03  1.2280703E+08
  1.9670002E+03  1.2841146E+08
  1.9759990E+03  1.2695508E+08
  1.9839996E+03  1.2243988E+08
  1.9950001E+03  1.1768572E+08
  2.0050002E+03  1.1631790E+08
  2.0149996E+03  1.1134354E+08
  2.0249994E+03  1.1170734E+08
  2.0349995E+03  1.1385985E+08
  2.0449998E+03  1.1891975E+08
  2.0550000E+03  1.1332255E+08
  2.0649993E+03  1.1082300E+08
  2.0739993E+03  1.1721142E+08
  2.0780002E+03  1.1926446E+08
  2.0849993E+03  1.1754648E+08
  2.0950005E+03  1.1286470E+08
  2.1050002E+03  1.0869164E+08
  2.1149990E+03  1.0869385E+08
  2.1250000E+03  1.1086849E+08
  2.1350002E+03  9.4393472E+07
  2.1449998E+03  1.0499505E+08
  2.1550005E+03  1.0660248E+08
  2.1649995E+03  1.0055649E+08
  2.1750002E+03  9.8805664E+07
  2.1849998E+03  9.8897640E+07
  2.1950000E+03  1.0534865E+08
  2.2050000E+03  1.0026531E+08
  2.2149998E+03  9.2005896E+07
  2.2249998E+03  8.9514176E+07
  2.2350005E+03  9.9846672E+07
  2.2449990E+03  8.9324232E+07
  2.2549993E+03  8.7200168E+07
  2.2650000E+03  8.7995984E+07
  2.2750000E+03  9.2923536E+07
  2.2850000E+03  9.6029944E+07
  2.2950002E+03  9.0188024E+07
  2.3050000E+03  8.8301032E+07
  2.3149995E+03  8.4235944E+07
  2.3250000E+03  6.6078512E+07
  2.3349995E+03  7.8549632E+07
  2.3449993E+03  7.2400416E+07
  2.3550000E+03  8.3436544E+07
  2.3649988E+03  7.2575352E+07
  2.3750000E+03  7.7255104E+07
  2.3849990E+03  6.7409280E+07
  2.3950000E+03  7.4978480E+07
  2.4050005E+03  7.0806456E+07
  2.4149993E+03  7.2998936E+07
  2.4249990E+03  7.8650736E+07
  2.4349990E+03  7.4683000E+07
  2.4450000E+03  8.0387856E+07
  2.4549990E+03  7.6877784E+07
  2.4649990E+03  7.6918696E+07
  2.4749993E+03  7.3352464E+07
  2.4850005E+03  7.7509576E+07
  2.4950000E+03  7.4444560E+07
  2.5050005E+03  8.2958944E+07
  2.5129988E+03  7.3417800E+07
  2.5179990E+03  7.4481240E+07
  2.5249998E+03  6.9394816E+07
  2.5350007E+03  6.8467296E+07
  2.5449988E+03  6.8517864E+07
  2.5550000E+03  7.4174800E+07
  2.5649990E+03  7.3414392E+07
  2.5749990E+03  7.8646312E+07
  2.5849993E+03  7.8191224E+07
  2.5949990E+03  7.6056872E+07
  2.6049995E+03  7.2853688E+07
  2.6149998E+03  7.2011064E+07
  2.6249990E+03  7.7078440E+07
  2.6350007E+03  7.6933904E+07
  2.6449995E+03  8.5475472E+07
  2.6549998E+03  8.4073880E+07
  2.6649995E+03  7.7285664E+07
  2.6749988E+03  8.0552296E+07
  2.6849988E+03  7.9775720E+07
  2.6949988E+03  7.6368248E+07
  2.7050000E+03  7.8368640E+07
  2.7150000E+03  7.4337464E+07
  2.7249995E+03  7.4964856E+07
  2.7350007E+03  8.0451184E+07
  2.7450002E+03  6.8146688E+07
  2.7549998E+03  6.8943416E+07
  2.7649983E+03  7.1530440E+07
  2.7750005E+03  7.5736728E+07
  2.7850000E+03  7.2400968E+07
  2.7949993E+03  4.7425696E+07
  2.8049995E+03  5.4503552E+07
  2.8150002E+03  7.6219216E+07
  2.8250007E+03  7.8328800E+07
  2.8350000E+03  7.5335120E+07
  2.8450002E+03  7.2637456E+07
  2.8550005E+03  7.1066456E+07
  2.8650000E+03  7.5385848E+07
  2.8749983E+03  7.3052960E+07
  2.8850000E+03  7.4461944E+07
  2.8949988E+03  7.1930184E+07
  2.9099988E+03  7.8593432E+07
  2.9299983E+03  7.5448504E+07
  2.9499990E+03  7.5078256E+07
  2.9700005E+03  7.5428576E+07
  2.9899980E+03  7.5834688E+07
  3.0099995E+03  7.6888480E+07
  3.0299995E+03  7.5634688E+07
  3.0499995E+03  7.4925448E+07
  3.0699995E+03  7.3932416E+07
  3.0899995E+03  7.4647456E+07
  3.1099995E+03  7.2724480E+07
  3.1299998E+03  7.2401784E+07
  3.1499995E+03  7.2761024E+07
  3.1699995E+03  7.2044504E+07
  3.1899995E+03  6.9385440E+07
  3.2099998E+03  7.0647744E+07
  3.2299993E+03  6.9205024E+07
  3.2499993E+03  6.9486544E+07
  3.2699995E+03  6.9562216E+07
  3.2899995E+03  6.9623976E+07
  3.3099998E+03  6.9634464E+07
  3.3299993E+03  6.8290936E+07
  3.3499995E+03  6.7256384E+07
  3.3699995E+03  6.7097364E+07
  3.3899993E+03  6.6203104E+07
  3.4099993E+03  6.6932084E+07
  3.4299995E+03  6.6438804E+07
  3.4499993E+03  6.5936608E+07
  3.4699998E+03  6.5000368E+07
  3.4899993E+03  6.4569928E+07
  3.5099995E+03  6.4881964E+07
  3.5299995E+03  6.4741408E+07
  3.5499995E+03  6.4462392E+07
  3.5699995E+03  6.3393344E+07
  3.5899995E+03  6.2946220E+07
  3.6099995E+03  6.2519524E+07
  3.6299993E+03  6.2184168E+07
  3.6399993E+03  6.1942488E+07
  3.6499995E+03  6.3028744E+07
  3.6699993E+03  6.0919956E+07
  3.6899995E+03  5.5602036E+07
  3.7099995E+03  6.1332272E+07
  3.7299998E+03  6.3950040E+07
  3.7499993E+03  8.1336848E+07
  3.7699993E+03  8.5440808E+07
  3.7899995E+03  1.0724911E+08
  3.8099993E+03  1.2615646E+08
  3.8299998E+03  9.8348312E+07
  3.8499995E+03  1.3850358E+08
  3.8699995E+03  1.5698786E+08
  3.8899995E+03  8.4682232E+07
  3.9099995E+03  1.5504408E+08
  3.9299993E+03  1.5036739E+08
  3.9499993E+03  1.5342656E+08
  3.9699998E+03  7.9919736E+07
  3.9899995E+03  1.4687056E+08
  4.0099995E+03  1.6091418E+08
  4.0299993E+03  1.5989859E+08
  4.0499993E+03  1.5816245E+08
  4.0699993E+03  1.5077605E+08
  4.0899995E+03  1.1687710E+08
  4.1099995E+03  8.8067424E+07
  4.1299995E+03  1.4120560E+08
  4.1499990E+03  1.4746240E+08
  4.1699990E+03  1.4583682E+08
  4.1899995E+03  1.4413027E+08
  4.2099995E+03  1.4232414E+08
  4.2299995E+03  1.3956867E+08
  4.2499995E+03  1.3758450E+08
  4.2699990E+03  1.3447008E+08
  4.2899995E+03  1.3345866E+08
  4.3100000E+03  1.2590147E+08
  4.3299995E+03  9.3798984E+07
  4.3499995E+03  7.9350368E+07
  4.3699995E+03  1.2172623E+08
  4.3899995E+03  1.2327037E+08
  4.4099995E+03  1.2296839E+08
  4.4299995E+03  1.2166862E+08
  4.4499995E+03  1.2143542E+08
  4.4699995E+03  1.1962716E+08
  4.4899995E+03  1.1667829E+08
  4.5099990E+03  1.1640331E+08
  4.5299995E+03  1.1456809E+08
  4.5499990E+03  1.1179435E+08
  4.5699995E+03  1.1222136E+08
  4.5899990E+03  1.0993660E+08
  4.6099990E+03  1.1014768E+08
  4.6299990E+03  1.0724214E+08
  4.6499990E+03  1.0720670E+08
  4.6699990E+03  1.0561154E+08
  4.6899990E+03  1.0384778E+08
  4.7099995E+03  1.0027942E+08
  4.7299990E+03  1.0159868E+08
  4.7499995E+03  1.0025734E+08
  4.7699995E+03  9.8954752E+07
  4.7899990E+03  9.7466800E+07
  4.8099995E+03  9.5231512E+07
  4.8299995E+03  9.1030632E+07
  4.8499990E+03  7.0018152E+07
  4.8700000E+03  5.6309248E+07
  4.8899990E+03  8.5717784E+07
  4.9099990E+03  8.9229192E+07
  4.9299990E+03  8.8303640E+07
  4.9499995E+03  8.8112720E+07
  4.9699995E+03  8.7522424E+07
  4.9899990E+03  8.6211032E+07
  5.0099995E+03  8.4129712E+07
  5.0299995E+03  8.3890848E+07
  5.0499995E+03  8.2233504E+07
  5.0699995E+03  8.2201552E+07
  5.0899995E+03  8.1242760E+07
  5.1099990E+03  8.0173792E+07
  5.1299995E+03  7.9285032E+07
  5.1499985E+03  7.8019896E+07
  5.1700000E+03  7.6405392E+07
  5.1899990E+03  7.5665232E+07
  5.2099990E+03  7.5381056E+07
  5.2299995E+03  7.3940656E+07
  5.2499995E+03  7.3836272E+07
  5.2699995E+03  7.2052008E+07
  5.2899990E+03  7.2189424E+07
  5.3099995E+03  7.0782168E+07
  5.3299990E+03  7.0104784E+07
  5.3499995E+03  6.9840896E+07
  5.3699995E+03  6.8848712E+07
  5.3899995E+03  6.8114384E+07
  5.4099990E+03  6.7091684E+07
  5.4299990E+03  6.6496144E+07
  5.4499990E+03  6.5959528E+07
  5.4699995E+03  6.5185964E+07
  5.4899995E+03  6.4501892E+07
  5.5099995E+03  6.3781344E+07
  5.5299985E+03  6.3010408E+07
  5.5499990E+03  6.2427444E+07
  5.5699990E+03  6.1688500E+07
  5.5899995E+03  6.1080284E+07
  5.6099990E+03  6.0482760E+07
  5.6299995E+03  5.9813712E+07
  5.6499990E+03  5.9091260E+07
  5.6699990E+03  5.8447780E+07
  5.6899995E+03  5.7873548E+07
  5.7099995E+03  5.7258536E+07
  5.7299990E+03  5.6677096E+07
  5.7499990E+03  5.6016872E+07
  5.7699990E+03  5.5440236E+07
  5.7899995E+03  5.4797168E+07
  5.8099985E+03  5.4248708E+07
  5.8300000E+03  5.3683144E+07
  5.8499990E+03  5.3126280E+07
  5.8699985E+03  5.2459840E+07
  5.8899985E+03  5.1664376E+07
  5.9099995E+03  5.1440392E+07
  5.9299985E+03  5.0925816E+07
  5.9499995E+03  5.0270092E+07
  5.9699990E+03  4.9823916E+07
  5.9899990E+03  4.9199868E+07
  6.0099990E+03  4.8770744E+07
  6.0299995E+03  4.8319272E+07
  6.0499990E+03  4.7793464E+07
  6.0699990E+03  4.7331796E+07
  6.0899995E+03  4.6846700E+07
  6.1099985E+03  4.6358884E+07
  6.1299995E+03  4.5863364E+07
  6.1499985E+03  4.4929088E+07
  6.1699985E+03  4.4925272E+07
  6.1900000E+03  4.4526276E+07
  6.2099995E+03  4.4075820E+07
  6.2299985E+03  4.3604024E+07
  6.2499990E+03  4.2897184E+07
  6.2699985E+03  4.2769624E+07
  6.2900000E+03  4.2350456E+07
  6.3099985E+03  4.1859140E+07
  6.3299995E+03  4.1491608E+07
  6.3499985E+03  4.0641124E+07
  6.3699985E+03  4.0378896E+07
  6.3899995E+03  4.0254760E+07
  6.4099990E+03  3.9804996E+07
  6.4299985E+03  3.9462996E+07
  6.4499985E+03  3.8789416E+07
  6.4699990E+03  3.8605768E+07
  6.4899990E+03  3.8045304E+07
  6.5099985E+03  3.7477664E+07
  6.5299990E+03  3.6276584E+07
  6.5499985E+03  3.1252984E+07
  6.5699985E+03  2.5164770E+07
  6.5899995E+03  3.4164236E+07
  6.6099985E+03  3.5545212E+07
  6.6299990E+03  3.5573620E+07
  6.6499985E+03  3.5366788E+07
  6.6699995E+03  3.5076252E+07
  6.6899990E+03  3.4813812E+07
  6.7099995E+03  3.4513708E+07
  6.7299990E+03  3.4141696E+07
  6.7499995E+03  3.3859468E+07
  6.7699985E+03  3.3564364E+07
  6.7899995E+03  3.3245986E+07
  6.8099995E+03  3.2939702E+07
  6.8300000E+03  3.2616238E+07
  6.8499985E+03  3.2319286E+07
  6.8699985E+03  3.2032402E+07
  6.8899985E+03  3.1741958E+07
  6.9099990E+03  3.1444854E+07
  6.9299995E+03  3.1148300E+07
  6.9499990E+03  3.0868676E+07
  6.9699985E+03  3.0587092E+07
  6.9899985E+03  3.0324412E+07
  7.0099985E+03  2.9976060E+07
  7.0299985E+03  2.9759246E+07
  7.0499990E+03  2.9479210E+07
  7.0699980E+03  2.9233532E+07
  7.0899990E+03  2.8981142E+07
  7.1099990E+03  2.8552276E+07
  7.1299995E+03  2.8425668E+07
  7.1499990E+03  2.8169592E+07
  7.1699995E+03  2.7943768E+07
  7.1899985E+03  2.7693798E+07
  7.2099985E+03  2.7457752E+07
  7.2299980E+03  2.7192184E+07
  7.2499990E+03  2.6938434E+07
  7.2699995E+03  2.6741234E+07
  7.2899990E+03  2.6488378E+07
  7.3099980E+03  2.6250576E+07
  7.3299980E+03  2.6043012E+07
  7.3499980E+03  2.5821976E+07
  7.3699985E+03  2.5600866E+07
  7.3899995E+03  2.5367282E+07
  7.4099985E+03  2.5072728E+07
  7.4299995E+03  2.4845114E+07
  7.4500000E+03  2.4668452E+07
  7.4700000E+03  2.4393408E+07
  7.4899990E+03  2.4246528E+07
  7.5099985E+03  2.4056774E+07
  7.5299995E+03  2.3881310E+07
  7.5499980E+03  2.3687546E+07
  7.5699985E+03  2.3483658E+07
  7.5899990E+03  2.3285504E+07
  7.6099980E+03  2.3094968E+07
  7.6299995E+03  2.2893804E+07
  7.6499995E+03  2.2689280E+07
  7.6699980E+03  2.2493626E+07
  7.6899990E+03  2.2314340E+07
  7.7099995E+03  2.2103654E+07
  7.7299985E+03  2.1951602E+07
  7.7499990E+03  2.1768196E+07
  7.7700000E+03  2.1165800E+07
  7.7900000E+03  2.1411118E+07
  7.8099995E+03  2.1236750E+07
  7.8299980E+03  2.1048526E+07
  7.8499980E+03  2.0849092E+07
  7.8699995E+03  2.0616128E+07
  7.8900000E+03  2.0423990E+07
  7.9099995E+03  2.0341312E+07
  7.9300000E+03  2.0200494E+07
  7.9499985E+03  1.9939244E+07
  7.9699990E+03  1.9886742E+07
  7.9900000E+03  1.9505816E+07
  8.0099980E+03  1.9560622E+07
  8.0299985E+03  1.9397282E+07
  8.0500000E+03  1.9248686E+07
  8.0699985E+03  1.9086878E+07
  8.0899990E+03  1.8936784E+07
  8.1099995E+03  1.8785074E+07
  8.1299976E+03  1.8643184E+07
  8.1499976E+03  1.8496214E+07
  8.1699980E+03  1.8350452E+07
  8.1899985E+03  1.8114908E+07
  8.2099990E+03  1.8060292E+07
  8.2300000E+03  1.7899196E+07
  8.2500000E+03  1.7828016E+07
  8.2700000E+03  1.7792016E+07
  8.2899980E+03  1.7631180E+07
  8.3099990E+03  1.7493494E+07
  8.3299980E+03  1.7231514E+07
  8.3500000E+03  1.7043152E+07
  8.3699990E+03  1.6817690E+07
  8.3899990E+03  1.6504797E+07
  8.4099971E+03  1.6209074E+07
  8.4300000E+03  1.5956771E+07
  8.4499990E+03  1.5761559E+07
  8.4699980E+03  1.5309124E+07
  8.4899980E+03  1.5870021E+07
  8.5099990E+03  1.4839892E+07
  8.5299990E+03  1.6061702E+07
  8.5499990E+03  1.3979361E+07
  8.5699990E+03  1.6458916E+07
  8.5900000E+03  1.4769499E+07
  8.6099980E+03  1.4391482E+07
  8.6299990E+03  1.6735679E+07
  8.6499990E+03  1.5578867E+07
  8.6699990E+03  1.2770623E+07
  8.6899990E+03  1.5987538E+07
  8.7099971E+03  1.6878088E+07
  8.7299990E+03  1.5810225E+07
  8.7499980E+03  1.2305921E+07
  8.7699980E+03  1.4889976E+07
  8.7899980E+03  1.6550319E+07
  8.8099990E+03  1.6683970E+07
  8.8299980E+03  1.6100172E+07
  8.8499980E+03  1.4019299E+07
  8.8699980E+03  1.1832032E+07
  8.8899990E+03  1.5162353E+07
  8.9099971E+03  1.6005496E+07
  8.9299980E+03  1.6107731E+07
  8.9499980E+03  1.6099786E+07
  8.9699990E+03  1.5765396E+07
  8.9899990E+03  1.4791022E+07
  9.0099980E+03  1.1552580E+07
  9.0299990E+03  1.2647263E+07
  9.0499990E+03  1.4815418E+07
  9.0699980E+03  1.5070261E+07
  9.0899990E+03  1.5028181E+07
  9.1099980E+03  1.5180616E+07
  9.1299980E+03  1.5127738E+07
  9.1499980E+03  1.5026579E+07
  9.1699980E+03  1.4786375E+07
  9.1899990E+03  1.4313038E+07
  9.2099990E+03  1.3057555E+07
  9.2299980E+03  1.0075799E+07
  9.2499980E+03  1.2499726E+07
  9.2699971E+03  1.3546682E+07
  9.2899990E+03  1.4128785E+07
  9.3099980E+03  1.4158990E+07
  9.3299990E+03  1.4086231E+07
  9.3499980E+03  1.4016124E+07
  9.3699990E+03  1.3925028E+07
  9.3900000E+03  1.3735879E+07
  9.4099980E+03  1.3518862E+07
  9.4299971E+03  1.3584865E+07
  9.4499990E+03  1.3475953E+07
  9.4700000E+03  1.3324149E+07
  9.4899980E+03  1.3112023E+07
  9.5100000E+03  1.2678693E+07
  9.5300000E+03  1.1362854E+07
  9.5500000E+03  9.0933900E+06
  9.5699990E+03  1.1488963E+07
  9.5899980E+03  1.2407013E+07
  9.6099980E+03  1.2543481E+07
  9.6299990E+03  1.2423996E+07
  9.6499990E+03  1.2534373E+07
  9.6699980E+03  1.2387499E+07
  9.6899980E+03  1.2373330E+07
  9.7100000E+03  1.2329996E+07
  9.7299990E+03  1.2236388E+07
  9.7499980E+03  1.2143439E+07
  9.7699961E+03  1.2067730E+07
  9.7899980E+03  1.1977983E+07
  9.8099980E+03  1.1886131E+07
  9.8299990E+03  1.1777380E+07
  9.8499980E+03  1.1691163E+07
  9.8700000E+03  1.1610955E+07
  9.8899980E+03  1.1467371E+07
  9.9099990E+03  1.1434939E+07
  9.9300000E+03  1.1329701E+07
  9.9499980E+03  1.1248435E+07
  9.9699980E+03  1.1143090E+07
  9.9899990E+03  1.0978852E+07
  1.0024998E+04  9.8174920E+06
  1.0074998E+04  9.3068350E+06
  1.0124997E+04  1.0446965E+07
  1.0174997E+04  1.0416230E+07
  1.0224998E+04  1.0278574E+07
  1.0274997E+04  1.0105633E+07
  1.0325000E+04  9.9277690E+06
  1.0374999E+04  9.7619640E+06
  1.0425000E+04  9.6006050E+06
  1.0474998E+04  9.4120090E+06
  1.0524997E+04  9.2544410E+06
  1.0574999E+04  9.1149150E+06
  1.0625000E+04  8.9729300E+06
  1.0674997E+04  8.7346870E+06
  1.0724998E+04  8.6403330E+06
  1.0774999E+04  8.5132790E+06
  1.0824997E+04  8.3499435E+06
  1.0874997E+04  8.1006845E+06
  1.0924999E+04  6.7575185E+06
  1.0974996E+04  7.3898145E+06
  1.1025000E+04  7.7993095E+06
  1.1074998E+04  7.7308915E+06
  1.1124999E+04  7.6277675E+06
  1.1174998E+04  7.5098875E+06
  1.1224999E+04  7.3926025E+06
  1.1274997E+04  7.1959030E+06
  1.1325000E+04  7.0934320E+06
  1.1375000E+04  7.0437285E+06
  1.1425000E+04  6.9305495E+06
  1.1474997E+04  6.8353830E+06
  1.1525000E+04  6.7325200E+06
  1.1574998E+04  6.6278070E+06
  1.1625000E+04  6.5003845E+06
  1.1674998E+04  6.3834695E+06
  1.1724997E+04  6.3307880E+06
  1.1775001E+04  6.1744260E+06
  1.1824999E+04  6.1193590E+06
  1.1875000E+04  6.0158390E+06
  1.1925000E+04  5.9615240E+06
  1.1975001E+04  5.8522080E+06
  1.2024998E+04  5.7825420E+06
  1.2074996E+04  5.6885040E+06
  1.2125000E+04  5.6081120E+06
  1.2175000E+04  5.5316460E+06
  1.2225001E+04  5.4491815E+06
  1.2275001E+04  5.3643755E+06
  1.2324996E+04  5.2899425E+06
  1.2374996E+04  5.2157930E+06
  1.2424998E+04  5.1463225E+06
  1.2475000E+04  5.0564930E+06
  1.2524997E+04  4.9984340E+06
  1.2574997E+04  4.9094480E+06
  1.2624999E+04  4.8477095E+06
  1.2674997E+04  4.7755385E+06
  1.2724999E+04  4.6843380E+06
  1.2774999E+04  4.4639925E+06
  1.2825000E+04  3.8241185E+06
  1.2875001E+04  4.3883265E+06
  1.2924997E+04  4.4358530E+06
  1.2975001E+04  4.3947910E+06
  1.3024998E+04  4.3437955E+06
  1.3074999E+04  4.2848530E+06
  1.3125000E+04  4.2260250E+06
  1.3174998E+04  4.1575488E+06
  1.3224998E+04  4.1123860E+06
  1.3274997E+04  4.0568820E+06
  1.3324997E+04  4.0025170E+06
  1.3374999E+04  3.9486392E+06
  1.3424999E+04  3.8950342E+06
  1.3474999E+04  3.8412842E+06
  1.3525001E+04  3.7865725E+06
  1.3574999E+04  3.7384930E+06
  1.3624997E+04  3.6908122E+06
  1.3674997E+04  3.6392940E+06
  1.3724995E+04  3.5860290E+06
  1.3774998E+04  3.5485262E+06
  1.3824998E+04  3.5026032E+06
  1.3874996E+04  3.4586192E+06
  1.3925000E+04  3.4107042E+06
  1.3974996E+04  3.3689835E+06
  1.4024997E+04  3.3262345E+06
  1.4075001E+04  3.2840065E+06
  1.4124996E+04  3.2411625E+06
  1.4175000E+04  3.2003362E+06
  1.4225000E+04  3.1596325E+06
  1.4274994E+04  3.1196068E+06
  1.4325001E+04  3.0802398E+06
  1.4374998E+04  3.0420778E+06
  1.4424999E+04  2.9833662E+06
  1.4475000E+04  2.9658475E+06
  1.4524997E+04  2.9183230E+06
  1.4569999E+04  2.8962418E+06
  1.4620000E+04  2.9286362E+06
  1.4674998E+04  2.9786242E+06
  1.4725000E+04  2.9221155E+06
  1.4775002E+04  2.8523242E+06
  1.4824998E+04  2.7969502E+06
  1.4874996E+04  2.7330598E+06
  1.4924997E+04  2.6902550E+06
  1.4974999E+04  2.6372080E+06
  1.5024999E+04  2.5891458E+06
  1.5075000E+04  2.5428225E+06
  1.5124999E+04  2.5046300E+06
  1.5175000E+04  2.4637760E+06
  1.5225002E+04  2.4323422E+06
  1.5274998E+04  2.3936798E+06
  1.5324995E+04  2.3573938E+06
  1.5374997E+04  2.3516478E+06
  1.5425001E+04  2.2857575E+06
  1.5474996E+04  2.3002730E+06
  1.5524994E+04  2.2687562E+06
  1.5575001E+04  2.1837035E+06
  1.5624998E+04  2.2746820E+06
  1.5674997E+04  2.1645178E+06
  1.5724994E+04  2.1000418E+06
  1.5774996E+04  2.2143712E+06
  1.5825001E+04  2.1752768E+06
  1.5874995E+04  1.9650202E+06
  1.5925002E+04  2.0811952E+06
  1.5975001E+04  2.1493802E+06
  1.6049998E+04  2.0563636E+06
  1.6150001E+04  1.9249568E+06
  1.6249997E+04  2.0268869E+06
  1.6350000E+04  1.9114104E+06
  1.6449996E+04  1.7931555E+06
  1.6549998E+04  1.8989156E+06
  1.6649994E+04  1.8595959E+06
  1.6749998E+04  1.7446712E+06
  1.6849998E+04  1.6343270E+06
  1.6950000E+04  1.7383595E+06
  1.7049996E+04  1.7079201E+06
  1.7150000E+04  1.6708965E+06
  1.7249992E+04  1.6194231E+06
  1.7349994E+04  1.4328560E+06
  1.7449992E+04  1.5299331E+06
  1.7550000E+04  1.5293035E+06
  1.7649998E+04  1.5007768E+06
  1.7749994E+04  1.4711206E+06
  1.7849994E+04  1.4402585E+06
  1.7949998E+04  1.4105750E+06
  1.8050002E+04  1.3682771E+06
  1.8150002E+04  1.2248130E+06
  1.8249994E+04  1.2807659E+06
  1.8349992E+04  1.2950392E+06
  1.8449992E+04  1.2731811E+06
  1.8549998E+04  1.2439436E+06
  1.8650002E+04  1.2093016E+06
  1.8750002E+04  1.0789899E+06
  1.8850000E+04  1.1569519E+06
  1.8950004E+04  1.1484450E+06
  1.9049996E+04  1.1299841E+06
  1.9149998E+04  1.1080430E+06
  1.9249992E+04  1.0837516E+06
  1.9350000E+04  1.0497381E+06
  1.9449992E+04  9.3731575E+05
  1.9550002E+04  1.0100359E+06
  1.9649992E+04  1.0039782E+06
  1.9749992E+04  9.8640019E+05
  1.9849992E+04  9.6835969E+05
  1.9950002E+04  9.5025081E+05
  2.0050002E+04  9.3263312E+05
  2.0149996E+04  9.1533656E+05
  2.0249994E+04  8.9838094E+05
  2.0349994E+04  8.8182256E+05
  2.0449996E+04  8.6581450E+05
  2.0550000E+04  8.5003062E+05
  2.0649992E+04  8.3441488E+05
  2.0749998E+04  8.1947894E+05
  2.0849992E+04  8.0482594E+05
  2.0950004E+04  7.9043069E+05
  2.1050002E+04  7.7625588E+05
  2.1149992E+04  7.6177488E+05
  2.1250000E+04  7.4835600E+05
  2.1350002E+04  7.3513838E+05
  2.1449996E+04  7.2131606E+05
  2.1550006E+04  7.0157581E+05
  2.1649994E+04  6.3120481E+05
  2.1750002E+04  6.7212062E+05
  2.1849998E+04  6.7214569E+05
  2.1950002E+04  6.6289956E+05
  2.2050000E+04  6.5149219E+05
  2.2149996E+04  6.4008675E+05
  2.2249998E+04  6.2979531E+05
  2.2350004E+04  6.1917919E+05
  2.2449990E+04  6.0884738E+05
  2.2549994E+04  5.9854719E+05
  2.2650000E+04  5.8874256E+05
  2.2750000E+04  5.7900688E+05
  2.2850000E+04  5.7216069E+05
  2.2950004E+04  5.7144106E+05
  2.3050000E+04  5.6164369E+05
  2.3149996E+04  5.5072856E+05
  2.3250000E+04  5.4025838E+05
  2.3349996E+04  5.2993350E+05
  2.3449994E+04  5.2007991E+05
  2.3550002E+04  5.1052997E+05
  2.3649988E+04  5.0145350E+05
  2.3750000E+04  4.9250375E+05
  2.3849990E+04  4.8363416E+05
  2.3950002E+04  4.7501244E+05
  2.4050006E+04  4.6707119E+05
  2.4149992E+04  4.5892247E+05
  2.4249990E+04  4.5154509E+05
  2.4349990E+04  4.4457162E+05
  2.4450002E+04  4.3639200E+05
  2.4549990E+04  4.3146944E+05
  2.4649992E+04  4.2282338E+05
  2.4749992E+04  4.1732866E+05
  2.4850006E+04  4.1386025E+05
  2.4950000E+04  3.9992241E+05
  2.5050006E+04  4.0764431E+05
  2.5149994E+04  3.9755400E+05
  2.5249998E+04  3.7934331E+05
  2.5350004E+04  3.8349666E+05
  2.5449988E+04  3.8180384E+05
  2.5549998E+04  3.7161272E+05
  2.5649990E+04  3.5368431E+05
  2.5749990E+04  3.6236850E+05
  2.5849994E+04  3.6052862E+05
  2.5949990E+04  3.5466172E+05
  2.6049996E+04  3.4187322E+05
  2.6149998E+04  3.2449875E+05
  2.6249988E+04  3.0829738E+05
  2.6350008E+04  3.2834319E+05
  2.6449996E+04  3.3002800E+05
  2.6549994E+04  3.2555853E+05
  2.6649994E+04  3.1659009E+05
  2.6749988E+04  2.9535841E+05
  2.6849986E+04  3.0772653E+05
  2.6949986E+04  3.0806134E+05
  2.7050002E+04  3.0477319E+05
  2.7149998E+04  3.0085081E+05
  2.7249994E+04  2.9654141E+05
  2.7350006E+04  2.9154116E+05
  2.7450004E+04  2.8508612E+05
  2.7549996E+04  2.6465538E+05
  2.7649982E+04  2.6986034E+05
  2.7750004E+04  2.7485572E+05
  2.7850000E+04  2.7250662E+05
  2.7949992E+04  2.6918594E+05
  2.8049994E+04  2.6552231E+05
  2.8150002E+04  2.6190852E+05
  2.8250006E+04  2.5836280E+05
  2.8350000E+04  2.5490758E+05
  2.8450000E+04  2.5106145E+05
  2.8550002E+04  2.4664356E+05
  2.8650002E+04  2.3738392E+05
  2.8749982E+04  2.2224909E+05
  2.8849998E+04  2.3495956E+05
  2.8949986E+04  2.3423386E+05
  2.9049994E+04  2.3211052E+05
  2.9149986E+04  2.2891588E+05
  2.9249984E+04  2.2607638E+05
  2.9349980E+04  2.2313900E+05
  2.9450000E+04  2.2024895E+05
  2.9550004E+04  2.1741033E+05
  2.9649982E+04  2.1460102E+05
  2.9749992E+04  2.1184533E+05
  2.9849994E+04  2.0913450E+05
  2.9949984E+04  2.0644684E+05
  3.0049996E+04  2.0378159E+05
  3.0149994E+04  2.0062100E+05
  3.0249994E+04  1.9661245E+05
  3.0349996E+04  1.8301231E+05
  3.0449996E+04  1.8456297E+05
  3.0549996E+04  1.8975059E+05
  3.0649996E+04  1.8851444E+05
  3.0749994E+04  1.8652936E+05
  3.0849996E+04  1.8411075E+05
  3.0949994E+04  1.8193972E+05
  3.1049996E+04  1.7968728E+05
  3.1149996E+04  1.7745222E+05
  3.1249996E+04  1.7526131E+05
  3.1349996E+04  1.7316370E+05
  3.1449996E+04  1.7100920E+05
  3.1549998E+04  1.6899202E+05
  3.1649996E+04  1.6695555E+05
  3.1749998E+04  1.6491139E+05
  3.1849996E+04  1.6295648E+05
  3.1949994E+04  1.6098955E+05
  3.2099996E+04  1.5811009E+05
  3.2299992E+04  1.5438517E+05
  3.2499994E+04  1.5075391E+05
  3.2699996E+04  1.4680150E+05
  3.2899996E+04  1.3606330E+05
  3.3099996E+04  1.3864656E+05
  3.3299992E+04  1.3809711E+05
  3.3499996E+04  1.3499953E+05
  3.3699996E+04  1.3167697E+05
  3.3899996E+04  1.2859036E+05
  3.4099996E+04  1.2558634E+05
  3.4299996E+04  1.2267866E+05
  3.4499992E+04  1.1987727E+05
  3.4699996E+04  1.1711331E+05
  3.4899996E+04  1.1442942E+05
  3.5099996E+04  1.1184785E+05
  3.5299996E+04  1.0933842E+05
  3.5499996E+04  1.0694108E+05
  3.5699992E+04  1.0452838E+05
  3.5899992E+04  1.0240526E+05
  3.6099996E+04  1.0002198E+05
  3.6299992E+04  9.8136633E+04
  3.6499992E+04  9.5715242E+04
  3.6699992E+04  9.4244125E+04
  3.6899992E+04  9.1429617E+04
  3.7099996E+04  9.0194672E+04
  3.7299996E+04  8.6162094E+04
  3.7499992E+04  8.3032648E+04
  3.7699996E+04  8.4881508E+04
  3.7899996E+04  8.3468719E+04
  3.8099992E+04  8.0692383E+04
  3.8299996E+04  7.9240594E+04
  3.8499996E+04  7.8660906E+04
  3.8699996E+04  7.7125516E+04
  3.8899992E+04  7.5074766E+04
  3.9099996E+04  7.2159883E+04
  3.9299992E+04  7.2466422E+04
  3.9499992E+04  7.1401227E+04
  3.9699992E+04  7.0047812E+04
  3.9900000E+04  6.8663422E+04
  4.0099996E+04  6.5939586E+04
  4.0299992E+04  6.4280016E+04
  4.0499996E+04  6.1630109E+04
  4.0699992E+04  6.3138723E+04
  4.0899992E+04  6.2347074E+04
  4.1099996E+04  6.1217645E+04
  4.1299996E+04  6.0036457E+04
  4.1499992E+04  5.8518594E+04
  4.1699992E+04  5.5495281E+04
  4.1899996E+04  5.6314359E+04
  4.2099996E+04  5.5710438E+04
  4.2299992E+04  5.4738516E+04
  4.2499996E+04  5.3742727E+04
  4.2699992E+04  5.2771441E+04
  4.2899992E+04  5.1819977E+04
  4.3099996E+04  5.0889926E+04
  4.3299996E+04  4.9976828E+04
  4.3499992E+04  4.8875262E+04
  4.3699996E+04  4.6294402E+04
  4.3899996E+04  4.6536227E+04
  4.4099992E+04  4.6457961E+04
  4.4299992E+04  4.5724598E+04
  4.4499996E+04  4.4930215E+04
  4.4699996E+04  4.4336734E+04
  4.4899996E+04  4.3568887E+04
  4.5099992E+04  4.2824012E+04
  4.5299992E+04  4.2085047E+04
  4.5499996E+04  4.1371945E+04
  4.5699992E+04  4.0667891E+04
  4.5899996E+04  3.9978082E+04
  4.6099996E+04  3.9254367E+04
  4.6299992E+04  3.8364152E+04
  4.6499988E+04  3.5916188E+04
  4.6699992E+04  3.5325910E+04
  4.6899992E+04  3.6253289E+04
  4.7099992E+04  3.6064934E+04
  4.7299992E+04  3.5558527E+04
  4.7499996E+04  3.4970848E+04
  4.7699992E+04  3.4405012E+04
  4.7899992E+04  3.3850664E+04
  4.8099996E+04  3.3302691E+04
  4.8299992E+04  3.2767477E+04
  4.8499992E+04  3.2243133E+04
  4.8700000E+04  3.1729451E+04
  4.8899992E+04  3.1224666E+04
  4.9099988E+04  3.0730160E+04
  4.9299988E+04  3.0245729E+04
  4.9499996E+04  2.9771174E+04
  4.9699992E+04  2.9304805E+04
  4.9899988E+04  2.8847963E+04
  5.0099996E+04  2.8400457E+04
  5.0299996E+04  2.7960639E+04
  5.0499996E+04  2.7531316E+04
  5.0699996E+04  2.7107885E+04
  5.0899992E+04  2.6650988E+04
  5.1099992E+04  2.5982539E+04
  5.1299996E+04  2.4510576E+04
  5.1499988E+04  2.5279367E+04
  5.1699996E+04  2.5089791E+04
  5.1899992E+04  2.4737355E+04
  5.2099992E+04  2.4367371E+04
  5.2299996E+04  2.4005062E+04
  5.2499996E+04  2.3648926E+04
  5.2699996E+04  2.3300211E+04
  5.2899992E+04  2.2957428E+04
  5.3099988E+04  2.2620477E+04
  5.3299988E+04  2.2289250E+04
  5.3499992E+04  2.1964965E+04
  5.3699992E+04  2.1646193E+04
  5.3899992E+04  2.1332836E+04
  5.4099992E+04  2.1026086E+04
  5.4299984E+04  2.0724551E+04
  5.4499988E+04  2.0428127E+04
  5.4699996E+04  2.0136734E+04
  5.4899992E+04  1.9850293E+04
  5.5099992E+04  1.9569953E+04
  5.5299988E+04  1.9294381E+04
  5.5499988E+04  1.9023482E+04
  5.5699992E+04  1.8755967E+04
  5.5899992E+04  1.8492994E+04
  5.6099988E+04  1.8236883E+04
  5.6299996E+04  1.7985119E+04
  5.6499988E+04  1.7736465E+04
  5.6699988E+04  1.7492033E+04
  5.6899992E+04  1.7252916E+04
  5.7099996E+04  1.7016717E+04
  5.7299988E+04  1.6784545E+04
  5.7499988E+04  1.6557457E+04
  5.7699988E+04  1.6333111E+04
  5.7899996E+04  1.6112583E+04
  5.8099988E+04  1.5896940E+04
  5.8299996E+04  1.5683864E+04
  5.8499992E+04  1.5508559E+04
  5.8699988E+04  1.5265298E+04
  5.8899988E+04  1.4899010E+04
  5.9099992E+04  1.4086464E+04
  5.9299988E+04  1.4566915E+04
  5.9499996E+04  1.4487236E+04
  5.9699988E+04  1.4319516E+04
  5.9899992E+04  1.4132701E+04
  6.0099992E+04  1.3949100E+04
  6.0299992E+04  1.3767617E+04
  6.0499988E+04  1.3590286E+04
  6.0699992E+04  1.3414987E+04
  6.0899992E+04  1.3242709E+04
  6.1099988E+04  1.3072400E+04
  6.1299992E+04  1.2906029E+04
  6.1499988E+04  1.2741545E+04
  6.1699988E+04  1.2580896E+04
  6.1899996E+04  1.2421067E+04
  6.2099996E+04  1.2264991E+04
  6.2299988E+04  1.2110663E+04
  6.2499992E+04  1.1959016E+04
  6.2699988E+04  1.1810015E+04
  6.2899996E+04  1.1662660E+04
  6.3099984E+04  1.1517887E+04
  6.3299996E+04  1.1375639E+04
  6.3499984E+04  1.1234959E+04
  6.3699984E+04  1.1097674E+04
  6.3900000E+04  1.0960956E+04
  6.4199992E+04  1.0760956E+04
  6.4599984E+04  1.0501724E+04
  6.4999992E+04  1.0249816E+04
  6.5399992E+04  1.0005029E+04
  6.5799992E+04  9.7680312E+03
  6.6199984E+04  9.5368750E+03
  6.6599984E+04  9.3139453E+03
  6.6999992E+04  9.0973203E+03
  6.7399992E+04  8.8868262E+03
  6.7799992E+04  8.6814717E+03
  6.8199992E+04  8.4827393E+03
  6.8599992E+04  8.2896396E+03
  6.8999984E+04  8.1020186E+03
  6.9399984E+04  7.9189404E+03
  6.9800000E+04  7.7418301E+03
  7.0199992E+04  7.5699956E+03
  7.0599984E+04  7.4021514E+03
  7.0999977E+04  7.2394658E+03
  7.1399977E+04  7.0803945E+03
  7.1799984E+04  6.9263789E+03
  7.2199984E+04  6.7759121E+03
  7.2600000E+04  6.6300449E+03
  7.2999984E+04  6.4885200E+03
  7.3400000E+04  6.3501621E+03
  7.3799984E+04  6.2154565E+03
  7.4199992E+04  6.0650054E+03
  7.4599992E+04  5.7577915E+03
  7.5000000E+04  5.6261479E+03
  7.5399992E+04  5.6885425E+03
  7.5799992E+04  5.5938472E+03
  7.6199984E+04  5.4794106E+03
  7.6599992E+04  5.3675645E+03
  7.6999992E+04  5.2585049E+03
  7.7399992E+04  5.1521616E+03
  7.7799984E+04  5.0485942E+03
  7.8199984E+04  4.9476094E+03
  7.8599984E+04  4.8490835E+03
  7.8999984E+04  4.7529585E+03
  7.9399984E+04  4.6592368E+03
  7.9800000E+04  4.5677998E+03
  8.0199992E+04  4.4785972E+03
  8.0599984E+04  4.3915747E+03
  8.0999992E+04  4.3066201E+03
  8.1399977E+04  4.2236899E+03
  8.1799984E+04  4.1427900E+03
  8.2199984E+04  4.0638188E+03
  8.2599992E+04  3.9867302E+03
  8.2999984E+04  3.9114297E+03
  8.3400000E+04  3.8377092E+03
  8.3799992E+04  3.7658071E+03
  8.4199992E+04  3.6957849E+03
  8.4599977E+04  3.6273909E+03
  8.4999977E+04  3.5604810E+03
  8.5399984E+04  3.4950747E+03
  8.5799984E+04  3.4311411E+03
  8.6199992E+04  3.3686970E+03
  8.6599992E+04  3.3076594E+03
  8.6999984E+04  3.2479983E+03
  8.7399992E+04  3.1896816E+03
  8.7799992E+04  3.1326333E+03
  8.8199984E+04  3.0768738E+03
  8.8599977E+04  3.0223274E+03
  8.8999992E+04  2.9690144E+03
  8.9399977E+04  2.9168643E+03
  8.9799977E+04  2.8658491E+03
  9.0199984E+04  2.8159460E+03
  9.0599984E+04  2.7671323E+03
  9.0999992E+04  2.7193384E+03
  9.1400000E+04  2.6725894E+03
  9.1799969E+04  2.6268206E+03
  9.2199969E+04  2.5820518E+03
  9.2599984E+04  2.5382200E+03
  9.3000000E+04  2.4953064E+03
  9.3399984E+04  2.4533369E+03
  9.3799984E+04  2.4122046E+03
  9.4199977E+04  2.3719358E+03
  9.4599984E+04  2.3325125E+03
  9.4999969E+04  2.2938774E+03
  9.5399984E+04  2.2560125E+03
  9.5799984E+04  2.2190281E+03
  9.6199992E+04  2.1827004E+03
  9.6599984E+04  2.1471812E+03
  9.7000000E+04  2.1123315E+03
  9.7399977E+04  2.0781807E+03
  9.7799984E+04  2.0447517E+03
  9.8199977E+04  2.0119545E+03
  9.8599977E+04  1.9798533E+03
  9.8999992E+04  1.9483568E+03
  9.9399984E+04  1.9174940E+03
  9.9799977E+04  1.8872516E+03
  1.0019999E+05  1.8575793E+03
  1.9999991E+05  1.1868043E+02
  3.9999994E+05  7.3707843E+00
  5.9999981E+05  1.4425745E+00
  7.9999994E+05  4.5265657E-01
