  5.0599994E+02  5.2165785E-07
  5.1199994E+02  8.9041242E-07
  5.2000000E+02  1.5852324E-06
  5.2999994E+02  3.1988113E-06
  5.3999994E+02  6.2220392E-06
  5.4999988E+02  1.1915603E-05
  5.5999988E+02  2.2253205E-05
  5.6999988E+02  4.0685791E-05
  5.7999994E+02  7.2607349E-05
  5.8999988E+02  1.2830140E-04
  5.9999988E+02  2.2171794E-04
  6.0999988E+02  3.7696603E-04
  6.1999994E+02  6.3038105E-04
  6.2999988E+02  1.0380332E-03
  6.3999994E+02  1.6840778E-03
  6.4999994E+02  2.6957146E-03
  6.5799994E+02  3.8882436E-03
  6.6499988E+02  5.3179241E-03
  6.7499994E+02  8.2342587E-03
  6.8499988E+02  1.2596442E-02
  6.9499994E+02  1.9039245E-02
  7.0499988E+02  2.8417289E-02
  7.1599988E+02  4.3691419E-02
  7.2599994E+02  6.3823819E-02
  7.3499982E+02  8.8990554E-02
  7.4499994E+02  1.2752688E-01
  7.5499982E+02  1.8105531E-01
  7.6499994E+02  2.5470883E-01
  7.7499994E+02  3.5512799E-01
  7.8499982E+02  4.9097431E-01
  7.9499982E+02  6.7189378E-01
  8.0500000E+02  9.1464692E-01
  8.1499976E+02  1.2350281E+00
  8.2500000E+02  1.6542212E+00
  8.3499994E+02  2.1991518E+00
  8.4499994E+02  2.9042253E+00
  8.5499988E+02  3.8086362E+00
  8.6499994E+02  4.9617643E+00
  8.7499982E+02  6.4208870E+00
  8.8499982E+02  8.2631416E+00
  8.9499988E+02  1.0567481E+01
  9.0499994E+02  1.3428123E+01
  9.1499982E+02  2.3684163E+02
  9.2499988E+02  1.5657128E+03
  9.3499982E+02  2.6632144E+03
  9.4500000E+02  4.4063447E+03
  9.5500000E+02  6.3134102E+03
  9.6499988E+02  8.2634707E+03
  9.7499982E+02  7.2352583E+03
  9.8499976E+02  1.1555650E+04
  9.9499988E+02  1.2740488E+04
  1.0049999E+03  1.6025682E+04
  1.0149997E+03  1.8413113E+04
  1.0249998E+03  1.3460021E+04
  1.0349998E+03  2.3726041E+04
  1.0449998E+03  2.8398203E+04
  1.0549999E+03  3.2336379E+04
  1.0649999E+03  3.5237820E+04
  1.0750000E+03  4.1157422E+04
  1.0849996E+03  4.5986594E+04
  1.0949999E+03  4.9417305E+04
  1.1049999E+03  2.1648594E+05
  1.1149999E+03  7.2208756E+05
  1.1249999E+03  9.6541900E+05
  1.1349996E+03  1.2107461E+06
  1.1449999E+03  9.5121131E+05
  1.1549999E+03  8.4794425E+05
  1.1650000E+03  7.4187719E+05
  1.1749995E+03  4.9419772E+05
  1.1849996E+03  3.7052916E+05
  1.1949998E+03  2.1995503E+05
  1.2049996E+03  2.1631431E+05
  1.2149998E+03  6.2896688E+04
  1.2249996E+03  2.3417275E+05
  1.2349996E+03  4.4591225E+05
  1.2449998E+03  9.7927162E+05
  1.2549996E+03  2.7330065E+06
  1.2650000E+03  4.1413618E+06
  1.2749998E+03  1.6652851E+07
  1.2849995E+03  3.7378436E+07
  1.2949998E+03  4.9812500E+07
  1.3049995E+03  3.3821440E+07
  1.3149998E+03  6.7646280E+07
  1.3249998E+03  7.9109400E+07
  1.3349996E+03  7.7368528E+07
  1.3449995E+03  1.0346590E+08
  1.3549996E+03  9.5538328E+07
  1.3649999E+03  9.1769832E+07
  1.3749999E+03  1.0770406E+08
  1.3849996E+03  1.0107756E+08
  1.3949999E+03  1.1437554E+08
  1.4050001E+03  1.1520746E+08
  1.4149998E+03  1.0602285E+08
  1.4249998E+03  1.1908339E+08
  1.4350000E+03  1.0499988E+08
  1.4419998E+03  1.2419329E+08
  1.4469999E+03  1.3836936E+08
  1.4549994E+03  1.3736813E+08
  1.4650000E+03  1.1777202E+08
  1.4749995E+03  1.1780313E+08
  1.4849996E+03  1.2666338E+08
  1.4949998E+03  1.3982627E+08
  1.5049996E+03  1.4351795E+08
  1.5119995E+03  1.2653551E+08
  1.5169994E+03  1.3853893E+08
  1.5250001E+03  1.1307700E+08
  1.5349994E+03  9.8518504E+07
  1.5449994E+03  1.3980179E+08
  1.5549998E+03  1.2453565E+08
  1.5649999E+03  1.1226661E+08
  1.5750001E+03  1.3452963E+08
  1.5850000E+03  1.4315773E+08
  1.5949996E+03  1.5544534E+08
  1.6049999E+03  1.4544594E+08
  1.6150000E+03  1.4088714E+08
  1.6249996E+03  1.2071727E+08
  1.6350000E+03  1.3649186E+08
  1.6449996E+03  1.4714176E+08
  1.6549999E+03  1.0638109E+08
  1.6649993E+03  1.4266326E+08
  1.6720000E+03  9.9634832E+07
  1.6770001E+03  1.3705205E+08
  1.6849998E+03  1.5275125E+08
  1.6950000E+03  1.3215044E+08
  1.7049995E+03  1.3019022E+08
  1.7150000E+03  1.3258297E+08
  1.7249993E+03  1.2974630E+08
  1.7349994E+03  1.3901794E+08
  1.7449993E+03  1.3606827E+08
  1.7550001E+03  1.4905294E+08
  1.7649998E+03  1.2362966E+08
  1.7749995E+03  1.4237691E+08
  1.7849995E+03  1.4103443E+08
  1.7949999E+03  1.5573150E+08
  1.8050001E+03  1.4740805E+08
  1.8150001E+03  1.4233448E+08
  1.8249994E+03  1.3861862E+08
  1.8349993E+03  1.3170799E+08
  1.8449993E+03  1.1892910E+08
  1.8549998E+03  1.2866422E+08
  1.8650002E+03  1.3086234E+08
  1.8750001E+03  1.3490322E+08
  1.8850000E+03  1.3342269E+08
  1.8950002E+03  1.3486125E+08
  1.9049996E+03  1.2690910E+08
  1.9149999E+03  1.3392876E+08
  1.9249993E+03  1.3444213E+08
  1.9350001E+03  1.2547956E+08
  1.9449993E+03  1.3703920E+08
  1.9550002E+03  1.3496058E+08
  1.9670002E+03  1.4017373E+08
  1.9759990E+03  1.3685445E+08
  1.9839996E+03  1.3291039E+08
  1.9950001E+03  1.2799374E+08
  2.0050002E+03  1.2426486E+08
  2.0149996E+03  1.2177272E+08
  2.0249994E+03  1.1843238E+08
  2.0349995E+03  1.2375754E+08
  2.0449998E+03  1.2963973E+08
  2.0550000E+03  1.2403658E+08
  2.0649993E+03  1.2148653E+08
  2.0739993E+03  1.2729214E+08
  2.0780002E+03  1.3017012E+08
  2.0849993E+03  1.2811907E+08
  2.0950005E+03  1.2297609E+08
  2.1050002E+03  1.1763592E+08
  2.1149990E+03  1.1794117E+08
  2.1250000E+03  1.2067970E+08
  2.1350002E+03  1.0395596E+08
  2.1449998E+03  1.1558216E+08
  2.1550005E+03  1.1552591E+08
  2.1649995E+03  1.0863412E+08
  2.1750002E+03  1.0698438E+08
  2.1849998E+03  1.0840627E+08
  2.1950000E+03  1.1451280E+08
  2.2050000E+03  1.0916832E+08
  2.2149998E+03  1.0055993E+08
  2.2249998E+03  9.9186248E+07
  2.2350005E+03  1.1020166E+08
  2.2449990E+03  9.8914440E+07
  2.2549993E+03  9.6461024E+07
  2.2650000E+03  9.6169184E+07
  2.2750000E+03  1.0105416E+08
  2.2850000E+03  1.0478224E+08
  2.2950002E+03  9.8077416E+07
  2.3050000E+03  9.7150296E+07
  2.3149995E+03  9.3606432E+07
  2.3250000E+03  7.6404192E+07
  2.3349995E+03  8.8596360E+07
  2.3449993E+03  8.1142176E+07
  2.3550000E+03  9.2763120E+07
  2.3649988E+03  8.1803032E+07
  2.3750000E+03  8.6198176E+07
  2.3849990E+03  7.6151696E+07
  2.3950000E+03  8.3575776E+07
  2.4050005E+03  7.9482208E+07
  2.4149993E+03  8.0924760E+07
  2.4249990E+03  8.6601008E+07
  2.4349990E+03  8.1951792E+07
  2.4450000E+03  8.7843088E+07
  2.4549990E+03  8.4416176E+07
  2.4649990E+03  8.4668856E+07
  2.4749993E+03  8.0308256E+07
  2.4850005E+03  8.3897032E+07
  2.4950000E+03  8.0557000E+07
  2.5050005E+03  8.9947232E+07
  2.5129988E+03  7.9788976E+07
  2.5179990E+03  7.9769504E+07
  2.5249998E+03  7.4482432E+07
  2.5350007E+03  7.3444496E+07
  2.5449988E+03  7.3275712E+07
  2.5550000E+03  8.0372864E+07
  2.5649990E+03  7.9673024E+07
  2.5749990E+03  8.5163248E+07
  2.5849993E+03  8.5531688E+07
  2.5949990E+03  8.3771648E+07
  2.6049995E+03  8.0437168E+07
  2.6149998E+03  7.9139992E+07
  2.6249990E+03  8.4661624E+07
  2.6350007E+03  8.4210040E+07
  2.6449995E+03  9.2842096E+07
  2.6549998E+03  9.1604232E+07
  2.6649995E+03  8.4563360E+07
  2.6749988E+03  8.7859912E+07
  2.6849988E+03  8.7791976E+07
  2.6949988E+03  8.3386256E+07
  2.7050000E+03  8.5067128E+07
  2.7150000E+03  8.0731152E+07
  2.7249995E+03  8.1245752E+07
  2.7350007E+03  8.6781920E+07
  2.7450002E+03  7.4571368E+07
  2.7549998E+03  7.5281840E+07
  2.7649983E+03  7.7990640E+07
  2.7750005E+03  8.1162224E+07
  2.7850000E+03  7.4688696E+07
  2.7949993E+03  4.4573204E+07
  2.8049995E+03  5.1721640E+07
  2.8150002E+03  8.0355368E+07
  2.8250007E+03  8.4002952E+07
  2.8350000E+03  8.1663048E+07
  2.8450002E+03  7.8799968E+07
  2.8550005E+03  7.6899304E+07
  2.8650000E+03  8.1811424E+07
  2.8749983E+03  7.9661816E+07
  2.8850000E+03  8.0997888E+07
  2.8949988E+03  7.8749208E+07
  2.9099988E+03  8.5186632E+07
  2.9299983E+03  8.1693088E+07
  2.9499990E+03  8.1221136E+07
  2.9700005E+03  8.1335248E+07
  2.9899980E+03  8.1658392E+07
  3.0099995E+03  8.2385552E+07
  3.0299995E+03  8.1285128E+07
  3.0499995E+03  8.0680216E+07
  3.0699995E+03  7.9760352E+07
  3.0899995E+03  8.0179240E+07
  3.1099995E+03  7.8313872E+07
  3.1299998E+03  7.8035344E+07
  3.1499995E+03  7.8114456E+07
  3.1699995E+03  7.7375584E+07
  3.1899995E+03  7.4290776E+07
  3.2099998E+03  7.5656656E+07
  3.2299993E+03  7.4051000E+07
  3.2499993E+03  7.4487064E+07
  3.2699995E+03  7.4776568E+07
  3.2899995E+03  7.4702032E+07
  3.3099998E+03  7.4647896E+07
  3.3299993E+03  7.3271512E+07
  3.3499995E+03  7.2154168E+07
  3.3699995E+03  7.1880800E+07
  3.3899993E+03  7.0907304E+07
  3.4099993E+03  7.1390128E+07
  3.4299995E+03  7.0832200E+07
  3.4499993E+03  7.0231736E+07
  3.4699998E+03  6.9327464E+07
  3.4899993E+03  6.8946552E+07
  3.5099995E+03  6.9218032E+07
  3.5299995E+03  6.8844056E+07
  3.5499995E+03  6.8578728E+07
  3.5699995E+03  6.7336576E+07
  3.5899995E+03  6.6793024E+07
  3.6099995E+03  6.6326724E+07
  3.6299993E+03  6.6038156E+07
  3.6399993E+03  6.5769644E+07
  3.6499995E+03  6.6676596E+07
  3.6699993E+03  6.5949068E+07
  3.6899995E+03  6.1135676E+07
  3.7099995E+03  5.9241156E+07
  3.7299998E+03  5.7944144E+07
  3.7499993E+03  6.6945312E+07
  3.7699993E+03  6.8961768E+07
  3.7899995E+03  8.2674032E+07
  3.8099993E+03  9.7312544E+07
  3.8299998E+03  7.7820352E+07
  3.8499995E+03  1.0949087E+08
  3.8699995E+03  1.2738126E+08
  3.8899995E+03  6.8056496E+07
  3.9099995E+03  1.2884690E+08
  3.9299993E+03  1.2612898E+08
  3.9499993E+03  1.2738060E+08
  3.9699998E+03  6.4748488E+07
  3.9899995E+03  1.2198077E+08
  4.0099995E+03  1.5032682E+08
  4.0299993E+03  1.5354970E+08
  4.0499993E+03  1.5077136E+08
  4.0699993E+03  1.3717354E+08
  4.0899995E+03  9.4982216E+07
  4.1099995E+03  7.2183704E+07
  4.1299995E+03  1.2617994E+08
  4.1499990E+03  1.4063538E+08
  4.1699990E+03  1.4246139E+08
  4.1899995E+03  1.4098011E+08
  4.2099995E+03  1.3969694E+08
  4.2299995E+03  1.3647992E+08
  4.2499995E+03  1.3508371E+08
  4.2699990E+03  1.3062278E+08
  4.2899995E+03  1.2819377E+08
  4.3100000E+03  1.1449369E+08
  4.3299995E+03  7.7832600E+07
  4.3499995E+03  6.6475044E+07
  4.3699995E+03  1.0944394E+08
  4.3899995E+03  1.1865898E+08
  4.4099995E+03  1.2014408E+08
  4.4299995E+03  1.1931318E+08
  4.4499995E+03  1.2012843E+08
  4.4699995E+03  1.1856754E+08
  4.4899995E+03  1.1543188E+08
  4.5099990E+03  1.1585135E+08
  4.5299995E+03  1.1400083E+08
  4.5499990E+03  1.1159235E+08
  4.5699995E+03  1.1187321E+08
  4.5899990E+03  1.0975601E+08
  4.6099990E+03  1.0956799E+08
  4.6299990E+03  1.0700488E+08
  4.6499990E+03  1.0659863E+08
  4.6699990E+03  1.0519522E+08
  4.6899990E+03  1.0277562E+08
  4.7099995E+03  9.8749336E+07
  4.7299990E+03  1.0086283E+08
  4.7499995E+03  9.9479248E+07
  4.7699995E+03  9.7727840E+07
  4.7899990E+03  9.5580192E+07
  4.8099995E+03  9.1768040E+07
  4.8299995E+03  8.3516608E+07
  4.8499990E+03  6.0253284E+07
  4.8700000E+03  4.9289852E+07
  4.8899990E+03  7.7039968E+07
  4.9099990E+03  8.5533448E+07
  4.9299990E+03  8.6533504E+07
  4.9499995E+03  8.7116400E+07
  4.9699995E+03  8.7031320E+07
  4.9899990E+03  8.5754112E+07
  5.0099995E+03  8.3915080E+07
  5.0299995E+03  8.3858096E+07
  5.0499995E+03  8.2298512E+07
  5.0699995E+03  8.2285096E+07
  5.0899995E+03  8.1360536E+07
  5.1099990E+03  8.0432048E+07
  5.1299995E+03  7.9435344E+07
  5.1499985E+03  7.8186088E+07
  5.1700000E+03  7.6392704E+07
  5.1899990E+03  7.5722576E+07
  5.2099990E+03  7.5594784E+07
  5.2299995E+03  7.4167920E+07
  5.2499995E+03  7.4169776E+07
  5.2699995E+03  7.2197152E+07
  5.2899990E+03  7.2445208E+07
  5.3099995E+03  7.1204384E+07
  5.3299990E+03  7.0190984E+07
  5.3499995E+03  7.0068600E+07
  5.3699995E+03  6.9009408E+07
  5.3899995E+03  6.8351688E+07
  5.4099990E+03  6.7257720E+07
  5.4299990E+03  6.6800244E+07
  5.4499990E+03  6.6213200E+07
  5.4699995E+03  6.5476812E+07
  5.4899995E+03  6.4829372E+07
  5.5099995E+03  6.4166020E+07
  5.5299985E+03  6.3306072E+07
  5.5499990E+03  6.2766224E+07
  5.5699990E+03  6.1995720E+07
  5.5899995E+03  6.1375656E+07
  5.6099990E+03  6.0796384E+07
  5.6299995E+03  6.0173844E+07
  5.6499990E+03  5.9493684E+07
  5.6699990E+03  5.8794648E+07
  5.6899995E+03  5.8240084E+07
  5.7099995E+03  5.7627140E+07
  5.7299990E+03  5.7091316E+07
  5.7499990E+03  5.6400876E+07
  5.7699990E+03  5.5836292E+07
  5.7899995E+03  5.5225328E+07
  5.8099985E+03  5.4667224E+07
  5.8300000E+03  5.4114308E+07
  5.8499990E+03  5.3549004E+07
  5.8699985E+03  5.2913580E+07
  5.8899985E+03  5.2029248E+07
  5.9099995E+03  5.1870752E+07
  5.9299985E+03  5.1355416E+07
  5.9499995E+03  5.0754280E+07
  5.9699990E+03  5.0268924E+07
  5.9899990E+03  4.9677604E+07
  6.0099990E+03  4.9163956E+07
  6.0299995E+03  4.8739928E+07
  6.0499990E+03  4.8239136E+07
  6.0699990E+03  4.7790892E+07
  6.0899995E+03  4.7292628E+07
  6.1099985E+03  4.6797860E+07
  6.1299995E+03  4.6279428E+07
  6.1499985E+03  4.5396240E+07
  6.1699985E+03  4.5340908E+07
  6.1900000E+03  4.4974620E+07
  6.2099995E+03  4.4522268E+07
  6.2299985E+03  4.4039836E+07
  6.2499990E+03  4.3374580E+07
  6.2699985E+03  4.3225772E+07
  6.2900000E+03  4.2803712E+07
  6.3099985E+03  4.2306684E+07
  6.3299995E+03  4.1929748E+07
  6.3499985E+03  4.1096128E+07
  6.3699985E+03  4.0794836E+07
  6.3899995E+03  4.0613668E+07
  6.4099990E+03  4.0110316E+07
  6.4299985E+03  3.9739092E+07
  6.4499985E+03  3.9064704E+07
  6.4699990E+03  3.8754256E+07
  6.4899990E+03  3.8005052E+07
  6.5099985E+03  3.7023416E+07
  6.5299990E+03  3.4844428E+07
  6.5499985E+03  2.8985690E+07
  6.5699985E+03  2.3718580E+07
  6.5899995E+03  3.2197642E+07
  6.6099985E+03  3.4833860E+07
  6.6299990E+03  3.5468204E+07
  6.6499985E+03  3.5506500E+07
  6.6699995E+03  3.5344688E+07
  6.6899990E+03  3.5121052E+07
  6.7099995E+03  3.4855932E+07
  6.7299990E+03  3.4518484E+07
  6.7499995E+03  3.4258008E+07
  6.7699985E+03  3.4005764E+07
  6.7899995E+03  3.3689688E+07
  6.8099995E+03  3.3386490E+07
  6.8300000E+03  3.3056372E+07
  6.8499985E+03  3.2764084E+07
  6.8699985E+03  3.2479406E+07
  6.8899985E+03  3.2188746E+07
  6.9099990E+03  3.1889852E+07
  6.9299995E+03  3.1592302E+07
  6.9499990E+03  3.1311686E+07
  6.9699985E+03  3.1024462E+07
  6.9899985E+03  3.0763138E+07
  7.0099985E+03  3.0403086E+07
  7.0299985E+03  3.0179266E+07
  7.0499990E+03  2.9918836E+07
  7.0699980E+03  2.9670674E+07
  7.0899990E+03  2.9412070E+07
  7.1099990E+03  2.8886884E+07
  7.1299995E+03  2.8836214E+07
  7.1499990E+03  2.8585952E+07
  7.1699995E+03  2.8359280E+07
  7.1899985E+03  2.8111366E+07
  7.2099985E+03  2.7873736E+07
  7.2299980E+03  2.7618120E+07
  7.2499990E+03  2.7344824E+07
  7.2699995E+03  2.7156794E+07
  7.2899990E+03  2.6892444E+07
  7.3099980E+03  2.6670060E+07
  7.3299980E+03  2.6448292E+07
  7.3499980E+03  2.6233422E+07
  7.3699985E+03  2.6008696E+07
  7.3899995E+03  2.5766696E+07
  7.4099985E+03  2.5430884E+07
  7.4299995E+03  2.5234096E+07
  7.4500000E+03  2.5062816E+07
  7.4700000E+03  2.4772158E+07
  7.4899990E+03  2.4623258E+07
  7.5099985E+03  2.4456886E+07
  7.5299995E+03  2.4268004E+07
  7.5499980E+03  2.4082108E+07
  7.5699985E+03  2.3872190E+07
  7.5899990E+03  2.3675264E+07
  7.6099980E+03  2.3478778E+07
  7.6299995E+03  2.3278190E+07
  7.6499995E+03  2.3072948E+07
  7.6699980E+03  2.2861850E+07
  7.6899990E+03  2.2687022E+07
  7.7099995E+03  2.2490882E+07
  7.7299985E+03  2.2327370E+07
  7.7499990E+03  2.2137638E+07
  7.7700000E+03  2.1507134E+07
  7.7900000E+03  2.1783606E+07
  7.8099995E+03  2.1603624E+07
  7.8299980E+03  2.1407384E+07
  7.8499980E+03  2.1199400E+07
  7.8699995E+03  2.0975608E+07
  7.8900000E+03  2.0774992E+07
  7.9099995E+03  2.0680306E+07
  7.9300000E+03  2.0541974E+07
  7.9499985E+03  2.0281390E+07
  7.9699990E+03  2.0239626E+07
  7.9900000E+03  1.9862250E+07
  8.0099980E+03  1.9905292E+07
  8.0299985E+03  1.9736148E+07
  8.0500000E+03  1.9588778E+07
  8.0699985E+03  1.9424130E+07
  8.0899990E+03  1.9274098E+07
  8.1099995E+03  1.9125306E+07
  8.1299976E+03  1.8982888E+07
  8.1499976E+03  1.8833684E+07
  8.1699980E+03  1.8686840E+07
  8.1899985E+03  1.8416514E+07
  8.2099990E+03  1.8356518E+07
  8.2300000E+03  1.8195094E+07
  8.2500000E+03  1.8103666E+07
  8.2700000E+03  1.8087814E+07
  8.2899980E+03  1.7937064E+07
  8.3099990E+03  1.7812638E+07
  8.3299980E+03  1.7581160E+07
  8.3500000E+03  1.7514862E+07
  8.3699990E+03  1.7375878E+07
  8.3899990E+03  1.7161478E+07
  8.4099971E+03  1.6949990E+07
  8.4300000E+03  1.6682512E+07
  8.4499990E+03  1.6280739E+07
  8.4699980E+03  1.6249632E+07
  8.4899980E+03  1.5987619E+07
  8.5099990E+03  1.5626964E+07
  8.5299990E+03  1.5770715E+07
  8.5499990E+03  1.4815258E+07
  8.5699990E+03  1.5805935E+07
  8.5900000E+03  1.4909392E+07
  8.6099980E+03  1.4776691E+07
  8.6299990E+03  1.5817581E+07
  8.6499990E+03  1.4980204E+07
  8.6699990E+03  1.3292853E+07
  8.6899990E+03  1.5229244E+07
  8.7099971E+03  1.5884909E+07
  8.7299990E+03  1.4940722E+07
  8.7499980E+03  1.2576061E+07
  8.7699980E+03  1.4238028E+07
  8.7899980E+03  1.5658025E+07
  8.8099990E+03  1.5857853E+07
  8.8299980E+03  1.5175357E+07
  8.8499980E+03  1.3322327E+07
  8.8699980E+03  1.1765955E+07
  8.8899990E+03  1.4273338E+07
  8.9099971E+03  1.5277542E+07
  8.9299980E+03  1.5574367E+07
  8.9499980E+03  1.5584791E+07
  8.9699990E+03  1.5064006E+07
  8.9899990E+03  1.3878323E+07
  9.0099980E+03  1.1215664E+07
  9.0299990E+03  1.2021229E+07
  9.0499990E+03  1.3982857E+07
  9.0699980E+03  1.4530336E+07
  9.0899990E+03  1.4661607E+07
  9.1099980E+03  1.4943659E+07
  9.1299980E+03  1.4919387E+07
  9.1499980E+03  1.4757942E+07
  9.1699980E+03  1.4375992E+07
  9.1899990E+03  1.3653302E+07
  9.2099990E+03  1.2234130E+07
  9.2299980E+03  9.8162210E+06
  9.2499980E+03  1.1739765E+07
  9.2699971E+03  1.2927218E+07
  9.2899990E+03  1.3745958E+07
  9.3099980E+03  1.3952969E+07
  9.3299990E+03  1.3976737E+07
  9.3499980E+03  1.3953208E+07
  9.3699990E+03  1.3885122E+07
  9.3900000E+03  1.3707251E+07
  9.4099980E+03  1.3437176E+07
  9.4299971E+03  1.3510301E+07
  9.4499990E+03  1.3358675E+07
  9.4700000E+03  1.3126712E+07
  9.4899980E+03  1.2751855E+07
  9.5100000E+03  1.2061773E+07
  9.5300000E+03  1.0662243E+07
  9.5500000E+03  8.8021750E+06
  9.5699990E+03  1.0781031E+07
  9.5899980E+03  1.1862609E+07
  9.6099980E+03  1.2243243E+07
  9.6299990E+03  1.2287092E+07
  9.6499990E+03  1.2462362E+07
  9.6699980E+03  1.2353253E+07
  9.6899980E+03  1.2363701E+07
  9.7100000E+03  1.2338789E+07
  9.7299990E+03  1.2255488E+07
  9.7499980E+03  1.2168406E+07
  9.7699961E+03  1.2100884E+07
  9.7899980E+03  1.2015324E+07
  9.8099980E+03  1.1924887E+07
  9.8299990E+03  1.1816368E+07
  9.8499980E+03  1.1716791E+07
  9.8700000E+03  1.1624489E+07
  9.8899980E+03  1.1476615E+07
  9.9099990E+03  1.1435323E+07
  9.9300000E+03  1.1312890E+07
  9.9499980E+03  1.1190214E+07
  9.9699980E+03  1.1019913E+07
  9.9899990E+03  1.0731598E+07
  1.0024998E+04  9.3556700E+06
  1.0074998E+04  8.8863260E+06
  1.0124997E+04  1.0293723E+07
  1.0174997E+04  1.0421324E+07
  1.0224998E+04  1.0319652E+07
  1.0274997E+04  1.0164510E+07
  1.0325000E+04  1.0005162E+07
  1.0374999E+04  9.8424620E+06
  1.0425000E+04  9.6789460E+06
  1.0474998E+04  9.4769000E+06
  1.0524997E+04  9.3306210E+06
  1.0574999E+04  9.1917230E+06
  1.0625000E+04  9.0463480E+06
  1.0674997E+04  8.7746910E+06
  1.0724998E+04  8.6852030E+06
  1.0774999E+04  8.5428070E+06
  1.0824997E+04  8.3364390E+06
  1.0874997E+04  7.9363135E+06
  1.0924999E+04  6.4917510E+06
  1.0974996E+04  7.0939335E+06
  1.1025000E+04  7.7270935E+06
  1.1074998E+04  7.7585345E+06
  1.1124999E+04  7.6752535E+06
  1.1174998E+04  7.5717305E+06
  1.1224999E+04  7.4709390E+06
  1.1274997E+04  7.2608020E+06
  1.1325000E+04  7.1598160E+06
  1.1375000E+04  7.1171005E+06
  1.1425000E+04  6.9998180E+06
  1.1474997E+04  6.9137760E+06
  1.1525000E+04  6.8125035E+06
  1.1574998E+04  6.7062570E+06
  1.1625000E+04  6.5689625E+06
  1.1674998E+04  6.4426165E+06
  1.1724997E+04  6.4094370E+06
  1.1775001E+04  6.2317575E+06
  1.1824999E+04  6.1872530E+06
  1.1875000E+04  6.0756825E+06
  1.1925000E+04  6.0383510E+06
  1.1975001E+04  5.9207765E+06
  1.2024998E+04  5.8547100E+06
  1.2074996E+04  5.7559415E+06
  1.2125000E+04  5.6775570E+06
  1.2175000E+04  5.6038260E+06
  1.2225001E+04  5.5195110E+06
  1.2275001E+04  5.4328830E+06
  1.2324996E+04  5.3571510E+06
  1.2374996E+04  5.2851665E+06
  1.2424998E+04  5.2168470E+06
  1.2475000E+04  5.1269370E+06
  1.2524997E+04  5.0599115E+06
  1.2574997E+04  4.9568580E+06
  1.2624999E+04  4.8893090E+06
  1.2674997E+04  4.8093060E+06
  1.2724999E+04  4.6761950E+06
  1.2774999E+04  4.3536510E+06
  1.2825000E+04  3.7089098E+06
  1.2875001E+04  4.2994645E+06
  1.2924997E+04  4.4408140E+06
  1.2975001E+04  4.4317145E+06
  1.3024998E+04  4.3897630E+06
  1.3074999E+04  4.3390640E+06
  1.3125000E+04  4.2866030E+06
  1.3174998E+04  4.2176685E+06
  1.3224998E+04  4.1739900E+06
  1.3274997E+04  4.1178085E+06
  1.3324997E+04  4.0632000E+06
  1.3374999E+04  4.0086585E+06
  1.3424999E+04  3.9543980E+06
  1.3474999E+04  3.9004160E+06
  1.3525001E+04  3.8442385E+06
  1.3574999E+04  3.7947120E+06
  1.3624997E+04  3.7480398E+06
  1.3674997E+04  3.6959028E+06
  1.3724995E+04  3.6366268E+06
  1.3774998E+04  3.6025295E+06
  1.3824998E+04  3.5560192E+06
  1.3874996E+04  3.5132168E+06
  1.3925000E+04  3.4619962E+06
  1.3974996E+04  3.4216452E+06
  1.4024997E+04  3.3785218E+06
  1.4075001E+04  3.3361125E+06
  1.4124996E+04  3.2921450E+06
  1.4175000E+04  3.2511472E+06
  1.4225000E+04  3.2097142E+06
  1.4274994E+04  3.1689685E+06
  1.4325001E+04  3.1294418E+06
  1.4374998E+04  3.0913022E+06
  1.4424999E+04  3.0231980E+06
  1.4475000E+04  3.0136752E+06
  1.4524997E+04  2.9618935E+06
  1.4569999E+04  2.9429152E+06
  1.4620000E+04  2.9682932E+06
  1.4674998E+04  3.0199088E+06
  1.4725000E+04  2.9714605E+06
  1.4775002E+04  2.9118625E+06
  1.4824998E+04  2.8658580E+06
  1.4874996E+04  2.8021862E+06
  1.4924997E+04  2.7658535E+06
  1.4974999E+04  2.7124705E+06
  1.5024999E+04  2.6637415E+06
  1.5075000E+04  2.6185818E+06
  1.5124999E+04  2.5830182E+06
  1.5175000E+04  2.5413212E+06
  1.5225002E+04  2.4997900E+06
  1.5274998E+04  2.4666608E+06
  1.5324995E+04  2.4212372E+06
  1.5374997E+04  2.3967490E+06
  1.5425001E+04  2.3508340E+06
  1.5474996E+04  2.3339385E+06
  1.5524994E+04  2.2929835E+06
  1.5575001E+04  2.2619760E+06
  1.5624998E+04  2.2632630E+06
  1.5674997E+04  2.1980965E+06
  1.5724994E+04  2.1701248E+06
  1.5774996E+04  2.1983238E+06
  1.5825001E+04  2.1606845E+06
  1.5874995E+04  2.0502285E+06
  1.5925002E+04  2.0957531E+06
  1.5975001E+04  2.1470182E+06
  1.6049998E+04  2.0513912E+06
  1.6150001E+04  1.9503782E+06
  1.6249997E+04  2.0204669E+06
  1.6350000E+04  1.8975995E+06
  1.6449996E+04  1.8015086E+06
  1.6549998E+04  1.9002911E+06
  1.6649994E+04  1.8638085E+06
  1.6749998E+04  1.7261408E+06
  1.6849998E+04  1.6286214E+06
  1.6950000E+04  1.7418996E+06
  1.7049996E+04  1.7206204E+06
  1.7150000E+04  1.6834489E+06
  1.7249992E+04  1.6137259E+06
  1.7349994E+04  1.4174625E+06
  1.7449992E+04  1.5142205E+06
  1.7550000E+04  1.5382325E+06
  1.7649998E+04  1.5143215E+06
  1.7749994E+04  1.4867848E+06
  1.7849994E+04  1.4545652E+06
  1.7949998E+04  1.4221505E+06
  1.8050002E+04  1.3674678E+06
  1.8150002E+04  1.2068582E+06
  1.8249994E+04  1.2643646E+06
  1.8349992E+04  1.3016402E+06
  1.8449992E+04  1.2831416E+06
  1.8549998E+04  1.2531402E+06
  1.8650002E+04  1.2052941E+06
  1.8750002E+04  1.0566794E+06
  1.8850000E+04  1.1502724E+06
  1.8950004E+04  1.1564181E+06
  1.9049996E+04  1.1405728E+06
  1.9149998E+04  1.1181105E+06
  1.9249992E+04  1.0913765E+06
  1.9350000E+04  1.0429967E+06
  1.9449992E+04  9.2045612E+05
  1.9550002E+04  1.0037275E+06
  1.9649992E+04  1.0113934E+06
  1.9749992E+04  9.9644475E+05
  1.9849992E+04  9.8098050E+05
  1.9950002E+04  9.6283994E+05
  2.0050002E+04  9.4501275E+05
  2.0149996E+04  9.2754725E+05
  2.0249994E+04  9.1028756E+05
  2.0349994E+04  8.9338500E+05
  2.0449996E+04  8.7734519E+05
  2.0550000E+04  8.6130669E+05
  2.0649992E+04  8.4526394E+05
  2.0749998E+04  8.3017988E+05
  2.0849992E+04  8.1538125E+05
  2.0950004E+04  8.0080812E+05
  2.1050002E+04  7.8635650E+05
  2.1149992E+04  7.7121588E+05
  2.1250000E+04  7.5724950E+05
  2.1350002E+04  7.4234544E+05
  2.1449996E+04  7.2654819E+05
  2.1550006E+04  6.9881775E+05
  2.1649994E+04  6.2075612E+05
  2.1750002E+04  6.6656988E+05
  2.1849998E+04  6.7641469E+05
  2.1950002E+04  6.6925662E+05
  2.2050000E+04  6.5937238E+05
  2.2149996E+04  6.4811100E+05
  2.2249998E+04  6.3800631E+05
  2.2350004E+04  6.2722631E+05
  2.2449990E+04  6.1674081E+05
  2.2549994E+04  6.0615594E+05
  2.2650000E+04  5.9634300E+05
  2.2750000E+04  5.8647512E+05
  2.2850000E+04  5.7917412E+05
  2.2950004E+04  5.7793569E+05
  2.3050000E+04  5.6858550E+05
  2.3149996E+04  5.5877038E+05
  2.3250000E+04  5.4839156E+05
  2.3349996E+04  5.3837725E+05
  2.3449994E+04  5.2860931E+05
  2.3550002E+04  5.1912972E+05
  2.3649988E+04  5.0986625E+05
  2.3750000E+04  5.0091256E+05
  2.3849990E+04  4.9228384E+05
  2.3950002E+04  4.8380678E+05
  2.4050006E+04  4.7558406E+05
  2.4149992E+04  4.6752003E+05
  2.4249990E+04  4.5939925E+05
  2.4349990E+04  4.5246312E+05
  2.4450002E+04  4.4399850E+05
  2.4549990E+04  4.3777019E+05
  2.4649992E+04  4.2974891E+05
  2.4749992E+04  4.2435822E+05
  2.4850006E+04  4.1743525E+05
  2.4950000E+04  4.1068272E+05
  2.5050006E+04  4.1021391E+05
  2.5149994E+04  4.0037125E+05
  2.5249998E+04  3.8980809E+05
  2.5350004E+04  3.8650406E+05
  2.5449988E+04  3.8270541E+05
  2.5549998E+04  3.7371912E+05
  2.5649990E+04  3.6385381E+05
  2.5749990E+04  3.6405028E+05
  2.5849994E+04  3.6134044E+05
  2.5949990E+04  3.5496381E+05
  2.6049996E+04  3.4298353E+05
  2.6149998E+04  3.2892262E+05
  2.6249988E+04  3.0376494E+05
  2.6350008E+04  3.2478925E+05
  2.6449996E+04  3.2989875E+05
  2.6549994E+04  3.2606088E+05
  2.6649994E+04  3.1688719E+05
  2.6749988E+04  3.0300300E+05
  2.6849986E+04  3.0832750E+05
  2.6949986E+04  3.0938922E+05
  2.7050002E+04  3.0663703E+05
  2.7149998E+04  3.0282366E+05
  2.7249994E+04  2.9835262E+05
  2.7350006E+04  2.9300169E+05
  2.7450004E+04  2.8511109E+05
  2.7549996E+04  2.6880984E+05
  2.7649982E+04  2.7057984E+05
  2.7750004E+04  2.7552103E+05
  2.7850000E+04  2.7418234E+05
  2.7949992E+04  2.7126441E+05
  2.8049994E+04  2.6785412E+05
  2.8150002E+04  2.6449003E+05
  2.8250006E+04  2.6062395E+05
  2.8350000E+04  2.5685750E+05
  2.8450000E+04  2.5254623E+05
  2.8550002E+04  2.4717047E+05
  2.8650002E+04  2.3660827E+05
  2.8749982E+04  2.2435027E+05
  2.8849998E+04  2.3447525E+05
  2.8949986E+04  2.3538459E+05
  2.9049994E+04  2.3369977E+05
  2.9149986E+04  2.3093316E+05
  2.9249984E+04  2.2851581E+05
  2.9349980E+04  2.2557062E+05
  2.9450000E+04  2.2264670E+05
  2.9550004E+04  2.1978325E+05
  2.9649982E+04  2.1693225E+05
  2.9749992E+04  2.1413961E+05
  2.9849994E+04  2.1139230E+05
  2.9949984E+04  2.0829898E+05
  3.0049996E+04  2.0519173E+05
  3.0149994E+04  2.0165706E+05
  3.0249994E+04  1.9629958E+05
  3.0349996E+04  1.8287328E+05
  3.0449996E+04  1.8367316E+05
  3.0549996E+04  1.8977884E+05
  3.0649996E+04  1.8961325E+05
  3.0749994E+04  1.8794773E+05
  3.0849996E+04  1.8592370E+05
  3.0949994E+04  1.8387866E+05
  3.1049996E+04  1.8159809E+05
  3.1149996E+04  1.7930806E+05
  3.1249996E+04  1.7710145E+05
  3.1349996E+04  1.7499978E+05
  3.1449996E+04  1.7280316E+05
  3.1549998E+04  1.7079733E+05
  3.1649996E+04  1.6874570E+05
  3.1749998E+04  1.6665292E+05
  3.1849996E+04  1.6470566E+05
  3.1949994E+04  1.6271305E+05
  3.2099996E+04  1.5979558E+05
  3.2299992E+04  1.5603541E+05
  3.2499994E+04  1.5213778E+05
  3.2699996E+04  1.4747092E+05
  3.2899996E+04  1.3546119E+05
  3.3099996E+04  1.3798292E+05
  3.3299992E+04  1.3894986E+05
  3.3499996E+04  1.3628859E+05
  3.3699996E+04  1.3307683E+05
  3.3899996E+04  1.3002621E+05
  3.4099996E+04  1.2703779E+05
  3.4299996E+04  1.2414525E+05
  3.4499992E+04  1.2132376E+05
  3.4699996E+04  1.1854942E+05
  3.4899996E+04  1.1587695E+05
  3.5099996E+04  1.1329117E+05
  3.5299996E+04  1.1074125E+05
  3.5499996E+04  1.0830722E+05
  3.5699992E+04  1.0589403E+05
  3.5899992E+04  1.0354820E+05
  3.6099996E+04  1.0136331E+05
  3.6299992E+04  9.9068680E+04
  3.6499992E+04  9.6987758E+04
  3.6699992E+04  9.4923812E+04
  3.6899992E+04  9.2663617E+04
  3.7099996E+04  9.0588812E+04
  3.7299996E+04  8.5617836E+04
  3.7499992E+04  8.3024617E+04
  3.7699996E+04  8.5170430E+04
  3.7899996E+04  8.3877867E+04
  3.8099992E+04  8.1738281E+04
  3.8299996E+04  8.0234492E+04
  3.8499996E+04  7.9161602E+04
  3.8699996E+04  7.7595914E+04
  3.8899992E+04  7.5607547E+04
  3.9099996E+04  7.3557102E+04
  3.9299992E+04  7.2961578E+04
  3.9499992E+04  7.1886555E+04
  3.9699992E+04  7.0709922E+04
  3.9900000E+04  6.9299984E+04
  4.0099996E+04  6.6609648E+04
  4.0299992E+04  6.4941113E+04
  4.0499996E+04  6.1122516E+04
  4.0699992E+04  6.3204680E+04
  4.0899992E+04  6.2700648E+04
  4.1099996E+04  6.1623551E+04
  4.1299996E+04  6.0376594E+04
  4.1499992E+04  5.8767965E+04
  4.1699992E+04  5.6444223E+04
  4.1899996E+04  5.6565430E+04
  4.2099996E+04  5.6037773E+04
  4.2299992E+04  5.5214363E+04
  4.2499996E+04  5.4249562E+04
  4.2699992E+04  5.3271469E+04
  4.2899992E+04  5.2309203E+04
  4.3099996E+04  5.1360438E+04
  4.3299996E+04  5.0290289E+04
  4.3499992E+04  4.9082320E+04
  4.3699996E+04  4.6821125E+04
  4.3899996E+04  4.6704340E+04
  4.4099992E+04  4.6698164E+04
  4.4299992E+04  4.6089336E+04
  4.4499996E+04  4.5348746E+04
  4.4699996E+04  4.4736457E+04
  4.4899996E+04  4.3959453E+04
  4.5099992E+04  4.3211113E+04
  4.5299992E+04  4.2465066E+04
  4.5499996E+04  4.1746812E+04
  4.5699992E+04  4.1017840E+04
  4.5899996E+04  4.0230211E+04
  4.6099996E+04  3.9442266E+04
  4.6299992E+04  3.8367664E+04
  4.6499988E+04  3.5590375E+04
  4.6699992E+04  3.5462379E+04
  4.6899992E+04  3.6229312E+04
  4.7099992E+04  3.6216078E+04
  4.7299992E+04  3.5770691E+04
  4.7499996E+04  3.5269730E+04
  4.7699992E+04  3.4709668E+04
  4.7899992E+04  3.4152789E+04
  4.8099996E+04  3.3600676E+04
  4.8299992E+04  3.3059770E+04
  4.8499992E+04  3.2529818E+04
  4.8700000E+04  3.2010605E+04
  4.8899992E+04  3.1501955E+04
  4.9099988E+04  3.1000506E+04
  4.9299988E+04  3.0513885E+04
  4.9499996E+04  3.0034092E+04
  4.9699992E+04  2.9564084E+04
  4.9899988E+04  2.9102141E+04
  5.0099996E+04  2.8651109E+04
  5.0299996E+04  2.8206322E+04
  5.0499996E+04  2.7772105E+04
  5.0699996E+04  2.7298416E+04
  5.0899992E+04  2.6770225E+04
  5.1099992E+04  2.5960900E+04
  5.1299996E+04  2.4534912E+04
  5.1499988E+04  2.5286471E+04
  5.1699996E+04  2.5212416E+04
  5.1899992E+04  2.4927568E+04
  5.2099992E+04  2.4579719E+04
  5.2299996E+04  2.4215789E+04
  5.2499996E+04  2.3856686E+04
  5.2699996E+04  2.3503682E+04
  5.2899992E+04  2.3158018E+04
  5.3099988E+04  2.2818225E+04
  5.3299988E+04  2.2484191E+04
  5.3499992E+04  2.2157133E+04
  5.3699992E+04  2.1834318E+04
  5.3899992E+04  2.1519568E+04
  5.4099992E+04  2.1208865E+04
  5.4299984E+04  2.0904711E+04
  5.4499988E+04  2.0604428E+04
  5.4699996E+04  2.0310488E+04
  5.4899992E+04  2.0022785E+04
  5.5099992E+04  1.9739957E+04
  5.5299988E+04  1.9460688E+04
  5.5499988E+04  1.9187373E+04
  5.5699992E+04  1.8916252E+04
  5.5899992E+04  1.8650930E+04
  5.6099988E+04  1.8393693E+04
  5.6299996E+04  1.8139627E+04
  5.6499988E+04  1.7889883E+04
  5.6699988E+04  1.7643199E+04
  5.6899992E+04  1.7400695E+04
  5.7099996E+04  1.7163465E+04
  5.7299988E+04  1.6929121E+04
  5.7499988E+04  1.6698750E+04
  5.7699988E+04  1.6473426E+04
  5.7899996E+04  1.6249685E+04
  5.8099988E+04  1.6031983E+04
  5.8299996E+04  1.5816873E+04
  5.8499992E+04  1.5594423E+04
  5.8699988E+04  1.5322153E+04
  5.8899988E+04  1.4864259E+04
  5.9099992E+04  1.4037928E+04
  5.9299988E+04  1.4556201E+04
  5.9499996E+04  1.4547892E+04
  5.9699988E+04  1.4413590E+04
  5.9899992E+04  1.4249250E+04
  6.0099992E+04  1.4063830E+04
  6.0299992E+04  1.3882623E+04
  6.0499988E+04  1.3703504E+04
  6.0699992E+04  1.3526437E+04
  6.0899992E+04  1.3352414E+04
  6.1099988E+04  1.3180377E+04
  6.1299992E+04  1.3013304E+04
  6.1499988E+04  1.2847127E+04
  6.1699988E+04  1.2684805E+04
  6.1899996E+04  1.2524306E+04
  6.2099996E+04  1.2366589E+04
  6.2299988E+04  1.2210639E+04
  6.2499992E+04  1.2057388E+04
  6.2699988E+04  1.1906803E+04
  6.2899996E+04  1.1758832E+04
  6.3099984E+04  1.1613451E+04
  6.3299996E+04  1.1468720E+04
  6.3499984E+04  1.1327455E+04
  6.3699984E+04  1.1188661E+04
  6.3900000E+04  1.1051373E+04
  6.4199992E+04  1.0849618E+04
  6.4599984E+04  1.0587485E+04
  6.4999992E+04  1.0333633E+04
  6.5399992E+04  1.0086944E+04
  6.5799992E+04  9.8480820E+03
  6.6199984E+04  9.6151025E+03
  6.6599984E+04  9.3895361E+03
  6.6999992E+04  9.1711719E+03
  6.7399992E+04  8.9589756E+03
  6.7799992E+04  8.7519531E+03
  6.8199992E+04  8.5515859E+03
  6.8599992E+04  8.3560840E+03
  6.8999984E+04  8.1669048E+03
  6.9399984E+04  7.9830806E+03
  6.9800000E+04  7.8044648E+03
  7.0199992E+04  7.6307705E+03
  7.0599984E+04  7.4614844E+03
  7.0999977E+04  7.2977593E+03
  7.1399977E+04  7.1372222E+03
  7.1799984E+04  6.9819175E+03
  7.2199984E+04  6.8294648E+03
  7.2600000E+04  6.6829375E+03
  7.2999984E+04  6.5404102E+03
  7.3400000E+04  6.4005088E+03
  7.3799984E+04  6.2557827E+03
  7.4199992E+04  6.0833438E+03
  7.4599992E+04  5.7173101E+03
  7.5000000E+04  5.5954062E+03
  7.5399992E+04  5.7019941E+03
  7.5799992E+04  5.6295815E+03
  7.6199984E+04  5.5226870E+03
  7.6599992E+04  5.4098770E+03
  7.6999992E+04  5.2999331E+03
  7.7399992E+04  5.1927236E+03
  7.7799984E+04  5.0883042E+03
  7.8199984E+04  4.9864204E+03
  7.8599984E+04  4.8870747E+03
  7.8999984E+04  4.7902031E+03
  7.9399984E+04  4.6956890E+03
  7.9800000E+04  4.6034731E+03
  8.0199992E+04  4.5135063E+03
  8.0599984E+04  4.4257896E+03
  8.0999992E+04  4.3401533E+03
  8.1399977E+04  4.2564971E+03
  8.1799984E+04  4.1749385E+03
  8.2199984E+04  4.0953208E+03
  8.2599992E+04  4.0175967E+03
  8.2999984E+04  3.9416711E+03
  8.3400000E+04  3.8672280E+03
  8.3799992E+04  3.7946155E+03
  8.4199992E+04  3.7241609E+03
  8.4599977E+04  3.6552886E+03
  8.4999977E+04  3.5878560E+03
  8.5399984E+04  3.5218840E+03
  8.5799984E+04  3.4574453E+03
  8.6199992E+04  3.3944534E+03
  8.6599992E+04  3.3329775E+03
  8.6999984E+04  3.2727852E+03
  8.7399992E+04  3.2139958E+03
  8.7799992E+04  3.1564817E+03
  8.8199984E+04  3.1002646E+03
  8.8599977E+04  3.0452676E+03
  8.8999992E+04  2.9915110E+03
  8.9399977E+04  2.9389709E+03
  8.9799977E+04  2.8875261E+03
  9.0199984E+04  2.8372458E+03
  9.0599984E+04  2.7880149E+03
  9.0999992E+04  2.7398108E+03
  9.1400000E+04  2.6927024E+03
  9.1799969E+04  2.6466245E+03
  9.2199969E+04  2.6014626E+03
  9.2599984E+04  2.5572878E+03
  9.3000000E+04  2.5140361E+03
  9.3399984E+04  2.4716909E+03
  9.3799984E+04  2.4302739E+03
  9.4199977E+04  2.3896824E+03
  9.4599984E+04  2.3498989E+03
  9.4999969E+04  2.3109924E+03
  9.5399984E+04  2.2727773E+03
  9.5799984E+04  2.2355298E+03
  9.6199992E+04  2.1989434E+03
  9.6599984E+04  2.1631282E+03
  9.7000000E+04  2.1280269E+03
  9.7399977E+04  2.0935886E+03
  9.7799984E+04  2.0599160E+03
  9.8199977E+04  2.0268389E+03
  9.8599977E+04  1.9945009E+03
  9.8999992E+04  1.9627712E+03
  9.9399984E+04  1.9316782E+03
  9.9799977E+04  1.9011709E+03
  1.0019999E+05  1.8712751E+03
  1.9999991E+05  1.1943388E+02
  3.9999994E+05  7.4138722E+00
  5.9999981E+05  1.4508415E+00
  7.9999994E+05  4.5528191E-01
