  5.0599994E+02  1.0614581E-07
  5.1199994E+02  1.9333613E-07
  5.2000000E+02  3.5538852E-07
  5.2999994E+02  7.4477543E-07
  5.3999994E+02  1.4973720E-06
  5.4999988E+02  2.9842249E-06
  5.5999988E+02  5.7571938E-06
  5.6999988E+02  1.0847341E-05
  5.7999994E+02  1.9826644E-05
  5.8999988E+02  3.6062920E-05
  5.9999988E+02  6.3814412E-05
  6.0999988E+02  1.1097480E-04
  6.1999994E+02  1.8935639E-04
  6.2999988E+02  3.1777902E-04
  6.3999994E+02  5.2409671E-04
  6.4999994E+02  8.5365487E-04
  6.5799994E+02  1.2465421E-03
  6.6499988E+02  1.7216975E-03
  6.7499994E+02  2.7021428E-03
  6.8499988E+02  4.1898489E-03
  6.9499994E+02  6.4113839E-03
  7.0499988E+02  9.6748089E-03
  7.1599988E+02  1.5063271E-02
  7.2599994E+02  2.2236198E-02
  7.3499982E+02  3.1283725E-02
  7.4499994E+02  4.5262270E-02
  7.5499982E+02  6.4859375E-02
  7.6499994E+02  9.2080653E-02
  7.7499994E+02  1.2951778E-01
  7.8499982E+02  1.8062529E-01
  7.9499982E+02  2.4890231E-01
  8.0500000E+02  3.4187785E-01
  8.1499976E+02  4.6555597E-01
  8.2500000E+02  6.2851113E-01
  8.3499994E+02  8.4059477E-01
  8.4499994E+02  1.1206098E+00
  8.5499988E+02  1.4807011E+00
  8.6499994E+02  1.9434185E+00
  8.7499982E+02  2.5322373E+00
  8.8499982E+02  3.2839479E+00
  8.9499988E+02  4.2299085E+00
  9.0499994E+02  5.4065752E+00
  9.1499982E+02  4.3598404E+02
  9.2499988E+02  2.6690205E+03
  9.3499982E+02  4.0739194E+03
  9.4500000E+02  6.3827671E+03
  9.5500000E+02  9.7654619E+03
  9.6499988E+02  1.2666259E+04
  9.7499982E+02  1.1619927E+04
  9.8499976E+02  1.7449963E+04
  9.9499988E+02  1.8651623E+04
  1.0049999E+03  2.3858924E+04
  1.0149997E+03  2.8251748E+04
  1.0249998E+03  2.0858605E+04
  1.0349998E+03  3.6103926E+04
  1.0449998E+03  4.4765367E+04
  1.0549999E+03  5.2240508E+04
  1.0649999E+03  5.4907754E+04
  1.0750000E+03  6.4697832E+04
  1.0849996E+03  7.1728844E+04
  1.0949999E+03  7.5684383E+04
  1.1049999E+03  2.8331538E+06
  1.1149999E+03  7.5029960E+06
  1.1249999E+03  8.9320530E+06
  1.1349996E+03  1.0994128E+07
  1.1449999E+03  9.5440110E+06
  1.1549999E+03  1.0961484E+07
  1.1650000E+03  1.0991730E+07
  1.1749995E+03  7.5042405E+06
  1.1849996E+03  3.5166865E+06
  1.1949998E+03  1.9847792E+05
  1.2049996E+03  2.0460517E+05
  1.2149998E+03  4.9115863E+04
  1.2249996E+03  2.1668953E+05
  1.2349996E+03  1.0820899E+06
  1.2449998E+03  1.1556043E+07
  1.2549996E+03  2.4749186E+07
  1.2650000E+03  1.7346352E+07
  1.2749998E+03  6.1600576E+07
  1.2849995E+03  8.4925704E+07
  1.2949998E+03  7.7041576E+07
  1.3049995E+03  4.6992524E+07
  1.3149998E+03  8.9410728E+07
  1.3249998E+03  1.0363233E+08
  1.3349996E+03  8.1539120E+07
  1.3449995E+03  1.2281254E+08
  1.3549996E+03  1.1881298E+08
  1.3649999E+03  9.9594744E+07
  1.3749999E+03  1.1798410E+08
  1.3849996E+03  1.2058958E+08
  1.3949999E+03  1.2802566E+08
  1.4050001E+03  1.2732992E+08
  1.4149998E+03  1.1428294E+08
  1.4249998E+03  1.2911846E+08
  1.4350000E+03  1.1496877E+08
  1.4419998E+03  1.2947822E+08
  1.4469999E+03  1.4617102E+08
  1.4549994E+03  1.3912989E+08
  1.4650000E+03  1.2375944E+08
  1.4749995E+03  1.1685939E+08
  1.4849996E+03  1.3177140E+08
  1.4949998E+03  1.4101798E+08
  1.5049996E+03  1.4301733E+08
  1.5119995E+03  1.2237622E+08
  1.5169994E+03  1.3805598E+08
  1.5250001E+03  1.1675583E+08
  1.5349994E+03  9.9859968E+07
  1.5449994E+03  1.3337357E+08
  1.5549998E+03  1.1445682E+08
  1.5649999E+03  1.0536022E+08
  1.5750001E+03  1.1215307E+08
  1.5850000E+03  1.2655266E+08
  1.5949996E+03  1.3603578E+08
  1.6049999E+03  1.2431194E+08
  1.6150000E+03  1.2392407E+08
  1.6249996E+03  1.1107574E+08
  1.6350000E+03  1.1772866E+08
  1.6449996E+03  1.2293694E+08
  1.6549999E+03  1.0411850E+08
  1.6649993E+03  1.2071884E+08
  1.6720000E+03  7.5452144E+07
  1.6770001E+03  1.1517274E+08
  1.6849998E+03  1.3150247E+08
  1.6950000E+03  1.2255584E+08
  1.7049995E+03  1.1194725E+08
  1.7150000E+03  1.0786343E+08
  1.7249993E+03  1.0669631E+08
  1.7349994E+03  1.1562718E+08
  1.7449993E+03  1.1357581E+08
  1.7550001E+03  1.2961710E+08
  1.7649998E+03  1.0765202E+08
  1.7749995E+03  1.2024374E+08
  1.7849995E+03  1.1739034E+08
  1.7949999E+03  1.3472021E+08
  1.8050001E+03  1.2768118E+08
  1.8150001E+03  1.2566057E+08
  1.8249994E+03  1.2065645E+08
  1.8349993E+03  1.1513822E+08
  1.8449993E+03  1.0454937E+08
  1.8549998E+03  1.1056670E+08
  1.8650002E+03  1.1136623E+08
  1.8750001E+03  1.1967584E+08
  1.8850000E+03  1.1499542E+08
  1.8950002E+03  1.1422554E+08
  1.9049996E+03  1.0980101E+08
  1.9149999E+03  1.1394782E+08
  1.9249993E+03  1.1552223E+08
  1.9350001E+03  1.1401926E+08
  1.9449993E+03  1.1840679E+08
  1.9550002E+03  1.1554250E+08
  1.9670002E+03  1.2294901E+08
  1.9759990E+03  1.2325970E+08
  1.9839996E+03  1.1773102E+08
  1.9950001E+03  1.1251750E+08
  2.0050002E+03  1.1321598E+08
  2.0149996E+03  1.0601761E+08
  2.0249994E+03  1.0993422E+08
  2.0349995E+03  1.0907475E+08
  2.0449998E+03  1.1455968E+08
  2.0550000E+03  1.0822870E+08
  2.0649993E+03  1.0591088E+08
  2.0739993E+03  1.1403218E+08
  2.0780002E+03  1.1471024E+08
  2.0849993E+03  1.1362076E+08
  2.0950005E+03  1.0875319E+08
  2.1050002E+03  1.0516324E+08
  2.1149990E+03  1.0508083E+08
  2.1250000E+03  1.0696402E+08
  2.1350002E+03  9.0145312E+07
  2.1449998E+03  1.0031150E+08
  2.1550005E+03  1.0391735E+08
  2.1649995E+03  9.7711232E+07
  2.1750002E+03  9.5540544E+07
  2.1849998E+03  9.4818008E+07
  2.1950000E+03  1.0211146E+08
  2.2050000E+03  9.6530552E+07
  2.2149998E+03  8.7859408E+07
  2.2249998E+03  8.4293848E+07
  2.2350005E+03  9.5027432E+07
  2.2449990E+03  8.4704784E+07
  2.2549993E+03  8.1999280E+07
  2.2650000E+03  8.4265528E+07
  2.2750000E+03  8.8854576E+07
  2.2850000E+03  9.2075896E+07
  2.2950002E+03  8.6847720E+07
  2.3050000E+03  8.3777144E+07
  2.3149995E+03  7.8795016E+07
  2.3250000E+03  5.7573204E+07
  2.3349995E+03  7.1626104E+07
  2.3449993E+03  6.6067436E+07
  2.3550000E+03  7.8036232E+07
  2.3649988E+03  6.5977224E+07
  2.3750000E+03  7.1237392E+07
  2.3849990E+03  6.0844520E+07
  2.3950000E+03  6.9192208E+07
  2.4050005E+03  6.4767940E+07
  2.4149993E+03  6.7792576E+07
  2.4249990E+03  7.4467392E+07
  2.4349990E+03  7.0705504E+07
  2.4450000E+03  7.6726424E+07
  2.4549990E+03  7.3308616E+07
  2.4649990E+03  7.3149032E+07
  2.4749993E+03  6.9846904E+07
  2.4850005E+03  7.4648336E+07
  2.4950000E+03  7.1557800E+07
  2.5050005E+03  8.0287304E+07
  2.5129988E+03  7.0065160E+07
  2.5179990E+03  7.2336224E+07
  2.5249998E+03  6.6741692E+07
  2.5350007E+03  6.6245432E+07
  2.5449988E+03  6.6086580E+07
  2.5550000E+03  7.1502816E+07
  2.5649990E+03  7.0116144E+07
  2.5749990E+03  7.5890680E+07
  2.5849993E+03  7.4650656E+07
  2.5949990E+03  7.1849824E+07
  2.6049995E+03  6.8501224E+07
  2.6149998E+03  6.7835064E+07
  2.6249990E+03  7.3300512E+07
  2.6350007E+03  7.3564424E+07
  2.6449995E+03  8.3143784E+07
  2.6549998E+03  8.1524560E+07
  2.6649995E+03  7.4018128E+07
  2.6749988E+03  7.7877744E+07
  2.6849988E+03  7.6211792E+07
  2.6949988E+03  7.3489464E+07
  2.7050000E+03  7.5923000E+07
  2.7150000E+03  7.1649152E+07
  2.7249995E+03  7.2671672E+07
  2.7350007E+03  7.8436632E+07
  2.7450002E+03  6.4611860E+07
  2.7549998E+03  6.5583108E+07
  2.7649983E+03  6.8307728E+07
  2.7750005E+03  7.3677096E+07
  2.7850000E+03  7.1813248E+07
  2.7949993E+03  4.9767972E+07
  2.8049995E+03  5.7204072E+07
  2.8150002E+03  7.4831000E+07
  2.8250007E+03  7.6785160E+07
  2.8350000E+03  7.2991448E+07
  2.8450002E+03  7.0347464E+07
  2.8550005E+03  6.8755504E+07
  2.8650000E+03  7.3361784E+07
  2.8749983E+03  7.0751248E+07
  2.8850000E+03  7.2162584E+07
  2.8949988E+03  6.9215152E+07
  2.9099988E+03  7.6675984E+07
  2.9299983E+03  7.3504472E+07
  2.9499990E+03  7.3182136E+07
  2.9700005E+03  7.3908128E+07
  2.9899980E+03  7.4406144E+07
  3.0099995E+03  7.5819824E+07
  3.0299995E+03  7.4444688E+07
  3.0499995E+03  7.3524216E+07
  3.0699995E+03  7.2505408E+07
  3.0899995E+03  7.3515064E+07
  3.1099995E+03  7.1294992E+07
  3.1299998E+03  7.0878992E+07
  3.1499995E+03  7.1565056E+07
  3.1699995E+03  7.0724856E+07
  3.1899995E+03  6.8167440E+07
  3.2099998E+03  6.9455832E+07
  3.2299993E+03  6.8125336E+07
  3.2499993E+03  6.8284560E+07
  3.2699995E+03  6.8209312E+07
  3.2899995E+03  6.8357072E+07
  3.3099998E+03  6.8413776E+07
  3.3299993E+03  6.6976148E+07
  3.3499995E+03  6.6007608E+07
  3.3699995E+03  6.5850088E+07
  3.3899993E+03  6.4993444E+07
  3.4099993E+03  6.5898576E+07
  3.4299995E+03  6.5449328E+07
  3.4499993E+03  6.4958580E+07
  3.4699998E+03  6.3892780E+07
  3.4899993E+03  6.3400764E+07
  3.5099995E+03  6.3830056E+07
  3.5299995E+03  6.3846508E+07
  3.5499995E+03  6.3553628E+07
  3.5699995E+03  6.2539076E+07
  3.5899995E+03  6.2086820E+07
  3.6099995E+03  6.1701432E+07
  3.6299993E+03  6.1257840E+07
  3.6399993E+03  6.1032612E+07
  3.6499995E+03  6.2548016E+07
  3.6699993E+03  5.8072548E+07
  3.6899995E+03  5.8056204E+07
  3.7099995E+03  7.7864184E+07
  3.7299998E+03  8.4634904E+07
  3.7499993E+03  1.1244529E+08
  3.7699993E+03  1.1520222E+08
  3.7899995E+03  1.3756800E+08
  3.8099993E+03  1.5361971E+08
  3.8299998E+03  1.2242045E+08
  3.8499995E+03  1.6076573E+08
  3.8699995E+03  1.7082773E+08
  3.8899995E+03  1.1147810E+08
  3.9099995E+03  1.6651750E+08
  3.9299993E+03  1.6150237E+08
  3.9499993E+03  1.6459394E+08
  3.9699998E+03  1.0419803E+08
  3.9899995E+03  1.5960418E+08
  4.0099995E+03  1.6153034E+08
  4.0299993E+03  1.5885474E+08
  4.0499993E+03  1.5790293E+08
  4.0699993E+03  1.5358706E+08
  4.0899995E+03  1.3611902E+08
  4.1099995E+03  1.0649806E+08
  4.1299995E+03  1.4531598E+08
  4.1499990E+03  1.4760240E+08
  4.1699990E+03  1.4486838E+08
  4.1899995E+03  1.4351870E+08
  4.2099995E+03  1.4163971E+08
  4.2299995E+03  1.3947603E+08
  4.2499995E+03  1.3675856E+08
  4.2699990E+03  1.3432131E+08
  4.2899995E+03  1.3350576E+08
  4.3100000E+03  1.2902062E+08
  4.3299995E+03  1.0986985E+08
  4.3499995E+03  9.4154904E+07
  4.3699995E+03  1.2560269E+08
  4.3899995E+03  1.2329970E+08
  4.4099995E+03  1.2296453E+08
  4.4299995E+03  1.2154382E+08
  4.4499995E+03  1.2060405E+08
  4.4699995E+03  1.1865614E+08
  4.4899995E+03  1.1602237E+08
  4.5099990E+03  1.1543648E+08
  4.5299995E+03  1.1364283E+08
  4.5499990E+03  1.1064972E+08
  4.5699995E+03  1.1137896E+08
  4.5899990E+03  1.0882078E+08
  4.6099990E+03  1.0950418E+08
  4.6299990E+03  1.0615254E+08
  4.6499990E+03  1.0658470E+08
  4.6699990E+03  1.0483764E+08
  4.6899990E+03  1.0363712E+08
  4.7099995E+03  1.0050020E+08
  4.7299990E+03  1.0114068E+08
  4.7499995E+03  9.9863280E+07
  4.7699995E+03  9.8863680E+07
  4.7899990E+03  9.7548896E+07
  4.8099995E+03  9.5780256E+07
  4.8299995E+03  9.3696784E+07
  4.8499990E+03  8.0737576E+07
  4.8700000E+03  6.5979788E+07
  4.8899990E+03  8.9804608E+07
  4.9099990E+03  9.0029288E+07
  4.9299990E+03  8.8351688E+07
  4.9499995E+03  8.8085040E+07
  4.9699995E+03  8.7322632E+07
  4.9899990E+03  8.5922040E+07
  5.0099995E+03  8.3686936E+07
  5.0299995E+03  8.3403944E+07
  5.0499995E+03  8.1661824E+07
  5.0699995E+03  8.1706176E+07
  5.0899995E+03  8.0764352E+07
  5.1099990E+03  7.9588032E+07
  5.1299995E+03  7.8868464E+07
  5.1499985E+03  7.7453144E+07
  5.1700000E+03  7.6078400E+07
  5.1899990E+03  7.5405096E+07
  5.2099990E+03  7.4882800E+07
  5.2299995E+03  7.3399384E+07
  5.2499995E+03  7.3340104E+07
  5.2699995E+03  7.1654568E+07
  5.2899990E+03  7.1831328E+07
  5.3099995E+03  7.0262416E+07
  5.3299990E+03  6.9952280E+07
  5.3499995E+03  6.9576336E+07
  5.3699995E+03  6.8629232E+07
  5.3899995E+03  6.7830400E+07
  5.4099990E+03  6.6832968E+07
  5.4299990E+03  6.6193328E+07
  5.4499990E+03  6.5707132E+07
  5.4699995E+03  6.4901404E+07
  5.4899995E+03  6.4223160E+07
  5.5099995E+03  6.3468640E+07
  5.5299985E+03  6.2809612E+07
  5.5499990E+03  6.2203616E+07
  5.5699990E+03  6.1479644E+07
  5.5899995E+03  6.0870508E+07
  5.6099990E+03  6.0325948E+07
  5.6299995E+03  5.9634240E+07
  5.6499990E+03  5.8837524E+07
  5.6699990E+03  5.8261464E+07
  5.6899995E+03  5.7709480E+07
  5.7099995E+03  5.7094464E+07
  5.7299990E+03  5.6496944E+07
  5.7499990E+03  5.5857352E+07
  5.7699990E+03  5.5272764E+07
  5.7899995E+03  5.4594892E+07
  5.8099985E+03  5.4067908E+07
  5.8300000E+03  5.3500260E+07
  5.8499990E+03  5.2963356E+07
  5.8699985E+03  5.2233516E+07
  5.8899985E+03  5.1580764E+07
  5.9099995E+03  5.1287236E+07
  5.9299985E+03  5.0780116E+07
  5.9499995E+03  5.0047692E+07
  5.9699990E+03  4.9652680E+07
  5.9899990E+03  4.8998268E+07
  6.0099990E+03  4.8654968E+07
  6.0299995E+03  4.8189760E+07
  6.0499990E+03  4.7644224E+07
  6.0699990E+03  4.7176380E+07
  6.0899995E+03  4.6696368E+07
  6.1099985E+03  4.6215588E+07
  6.1299995E+03  4.5731024E+07
  6.1499985E+03  4.4751788E+07
  6.1699985E+03  4.4808500E+07
  6.1900000E+03  4.4388620E+07
  6.2099995E+03  4.3945892E+07
  6.2299985E+03  4.3463280E+07
  6.2499990E+03  4.2674404E+07
  6.2699985E+03  4.2640256E+07
  6.2900000E+03  4.2211436E+07
  6.3099985E+03  4.1699232E+07
  6.3299995E+03  4.1362800E+07
  6.3499985E+03  4.0481360E+07
  6.3699985E+03  4.0208060E+07
  6.3899995E+03  4.0108980E+07
  6.4099990E+03  3.9677548E+07
  6.4299985E+03  3.9339988E+07
  6.4499985E+03  3.8695236E+07
  6.4699990E+03  3.8605768E+07
  6.4899990E+03  3.8063192E+07
  6.5099985E+03  3.7641228E+07
  6.5299990E+03  3.7001056E+07
  6.5499985E+03  3.3744192E+07
  6.5699985E+03  2.7344096E+07
  6.5899995E+03  3.5511444E+07
  6.6099985E+03  3.5859928E+07
  6.6299990E+03  3.5621616E+07
  6.6499985E+03  3.5378716E+07
  6.6699995E+03  3.5020360E+07
  6.6899990E+03  3.4697652E+07
  6.7099995E+03  3.4402420E+07
  6.7299990E+03  3.4021920E+07
  6.7499995E+03  3.3751148E+07
  6.7699985E+03  3.3443536E+07
  6.7899995E+03  3.3121780E+07
  6.8099995E+03  3.2817040E+07
  6.8300000E+03  3.2491868E+07
  6.8499985E+03  3.2193232E+07
  6.8699985E+03  3.1906288E+07
  6.8899985E+03  3.1614982E+07
  6.9099990E+03  3.1318616E+07
  6.9299995E+03  3.1017294E+07
  6.9499990E+03  3.0746224E+07
  6.9699985E+03  3.0466896E+07
  6.9899985E+03  3.0208756E+07
  7.0099985E+03  2.9861062E+07
  7.0299985E+03  2.9650236E+07
  7.0499990E+03  2.9347320E+07
  7.0699980E+03  2.9103894E+07
  7.0899990E+03  2.8865722E+07
  7.1099990E+03  2.8500856E+07
  7.1299995E+03  2.8316730E+07
  7.1499990E+03  2.8060526E+07
  7.1699995E+03  2.7830916E+07
  7.1899985E+03  2.7580114E+07
  7.2099985E+03  2.7344698E+07
  7.2299980E+03  2.7062458E+07
  7.2499990E+03  2.6833074E+07
  7.2699995E+03  2.6624338E+07
  7.2899990E+03  2.6377082E+07
  7.3099980E+03  2.6122968E+07
  7.3299980E+03  2.5925216E+07
  7.3499980E+03  2.5711096E+07
  7.3699985E+03  2.5491976E+07
  7.3899995E+03  2.5261738E+07
  7.4099985E+03  2.4989022E+07
  7.4299995E+03  2.4744114E+07
  7.4500000E+03  2.4557134E+07
  7.4700000E+03  2.4294164E+07
  7.4899990E+03  2.4147812E+07
  7.5099985E+03  2.3934538E+07
  7.5299995E+03  2.3773670E+07
  7.5499980E+03  2.3579158E+07
  7.5699985E+03  2.3375182E+07
  7.5899990E+03  2.3176946E+07
  7.6099980E+03  2.2989584E+07
  7.6299995E+03  2.2787028E+07
  7.6499995E+03  2.2574692E+07
  7.6699980E+03  2.2393086E+07
  7.6899990E+03  2.2210498E+07
  7.7099995E+03  2.1982608E+07
  7.7299985E+03  2.1845052E+07
  7.7499990E+03  2.1662192E+07
  7.7700000E+03  2.1071574E+07
  7.7900000E+03  2.1303718E+07
  7.8099995E+03  2.1136076E+07
  7.8299980E+03  2.0948980E+07
  7.8499980E+03  2.0741496E+07
  7.8699995E+03  2.0509074E+07
  7.8900000E+03  2.0319898E+07
  7.9099995E+03  2.0252802E+07
  7.9300000E+03  2.0107038E+07
  7.9499985E+03  1.9846256E+07
  7.9699990E+03  1.9785920E+07
  7.9900000E+03  1.9400776E+07
  8.0099980E+03  1.9463148E+07
  8.0299985E+03  1.9302630E+07
  8.0500000E+03  1.9150438E+07
  8.0699985E+03  1.8990272E+07
  8.0899990E+03  1.8840080E+07
  8.1099995E+03  1.8683120E+07
  8.1299976E+03  1.8545148E+07
  8.1499976E+03  1.8396960E+07
  8.1699980E+03  1.8251684E+07
  8.1899985E+03  1.8038524E+07
  8.2099990E+03  1.7979808E+07
  8.2300000E+03  1.7814098E+07
  8.2500000E+03  1.7770448E+07
  8.2700000E+03  1.7698922E+07
  8.2899980E+03  1.7471660E+07
  8.3099990E+03  1.7246906E+07
  8.3299980E+03  1.6827032E+07
  8.3500000E+03  1.6480666E+07
  8.3699990E+03  1.6170773E+07
  8.3899990E+03  1.5959434E+07
  8.4099971E+03  1.5797869E+07
  8.4300000E+03  1.6078169E+07
  8.4499990E+03  1.6053862E+07
  8.4699980E+03  1.5029753E+07
  8.4899980E+03  1.6995304E+07
  8.5099990E+03  1.4887232E+07
  8.5299990E+03  1.7460714E+07
  8.5499990E+03  1.4156640E+07
  8.5699990E+03  1.7840284E+07
  8.5900000E+03  1.5756411E+07
  8.6099980E+03  1.5158851E+07
  8.6299990E+03  1.7859148E+07
  8.6499990E+03  1.6904590E+07
  8.6699990E+03  1.3373043E+07
  8.6899990E+03  1.7104528E+07
  8.7099971E+03  1.7585728E+07
  8.7299990E+03  1.6950614E+07
  8.7499980E+03  1.3041549E+07
  8.7699980E+03  1.6149297E+07
  8.7899980E+03  1.7139816E+07
  8.8099990E+03  1.7067422E+07
  8.8299980E+03  1.6725896E+07
  8.8499980E+03  1.5287703E+07
  8.8699980E+03  1.2672869E+07
  8.8899990E+03  1.6128591E+07
  8.9099971E+03  1.6360456E+07
  8.9299980E+03  1.6283001E+07
  8.9499980E+03  1.6258281E+07
  8.9699990E+03  1.6073486E+07
  8.9899990E+03  1.5609558E+07
  9.0099980E+03  1.2475152E+07
  9.0299990E+03  1.3788447E+07
  9.0499990E+03  1.5408786E+07
  9.0699980E+03  1.5285956E+07
  9.0899990E+03  1.5154476E+07
  9.1099980E+03  1.5233726E+07
  9.1299980E+03  1.5166153E+07
  9.1499980E+03  1.5078776E+07
  9.1699980E+03  1.4905998E+07
  9.1899990E+03  1.4638670E+07
  9.2099990E+03  1.3974247E+07
  9.2299980E+03  1.0795278E+07
  9.2499980E+03  1.3467948E+07
  9.2699971E+03  1.3902666E+07
  9.2899990E+03  1.4240096E+07
  9.3099980E+03  1.4198107E+07
  9.3299990E+03  1.4093588E+07
  9.3499980E+03  1.4010523E+07
  9.3699990E+03  1.3910867E+07
  9.3900000E+03  1.3725624E+07
  9.4099980E+03  1.3519713E+07
  9.4299971E+03  1.3585714E+07
  9.4499990E+03  1.3498310E+07
  9.4700000E+03  1.3364897E+07
  9.4899980E+03  1.3237935E+07
  9.5100000E+03  1.3035263E+07
  9.5300000E+03  1.2241420E+07
  9.5500000E+03  9.7415030E+06
  9.5699990E+03  1.2281221E+07
  9.5899980E+03  1.2697852E+07
  9.6099980E+03  1.2649543E+07
  9.6299990E+03  1.2459337E+07
  9.6499990E+03  1.2544082E+07
  9.6699980E+03  1.2385083E+07
  9.6899980E+03  1.2356478E+07
  9.7100000E+03  1.2286844E+07
  9.7299990E+03  1.2193809E+07
  9.7499980E+03  1.2102619E+07
  9.7699961E+03  1.2021946E+07
  9.7899980E+03  1.1932386E+07
  9.8099980E+03  1.1839546E+07
  9.8299990E+03  1.1734883E+07
  9.8499980E+03  1.1656604E+07
  9.8700000E+03  1.1575762E+07
  9.8899980E+03  1.1448112E+07
  9.9099990E+03  1.1421513E+07
  9.9300000E+03  1.1328172E+07
  9.9499980E+03  1.1257568E+07
  9.9699980E+03  1.1171136E+07
  9.9899990E+03  1.1065675E+07
  1.0024998E+04  1.0292811E+07
  1.0074998E+04  9.7633420E+06
  1.0124997E+04  1.0492902E+07
  1.0174997E+04  1.0399855E+07
  1.0224998E+04  1.0239297E+07
  1.0274997E+04  1.0062456E+07
  1.0325000E+04  9.8846560E+06
  1.0374999E+04  9.7199650E+06
  1.0425000E+04  9.5607410E+06
  1.0474998E+04  9.3814520E+06
  1.0524997E+04  9.2156710E+06
  1.0574999E+04  9.0775220E+06
  1.0625000E+04  8.9362210E+06
  1.0674997E+04  8.7092320E+06
  1.0724998E+04  8.6108560E+06
  1.0774999E+04  8.4921870E+06
  1.0824997E+04  8.3502640E+06
  1.0874997E+04  8.1784110E+06
  1.0924999E+04  7.1053525E+06
  1.0974996E+04  7.6791260E+06
  1.1025000E+04  7.8241050E+06
  1.1074998E+04  7.7161490E+06
  1.1124999E+04  7.5933715E+06
  1.1174998E+04  7.4730830E+06
  1.1224999E+04  7.3558265E+06
  1.1274997E+04  7.1689345E+06
  1.1325000E+04  7.0678765E+06
  1.1375000E+04  7.0122835E+06
  1.1425000E+04  6.9008225E+06
  1.1474997E+04  6.8007640E+06
  1.1525000E+04  6.6970665E+06
  1.1574998E+04  6.5932210E+06
  1.1625000E+04  6.4725070E+06
  1.1674998E+04  6.3635700E+06
  1.1724997E+04  6.2962595E+06
  1.1775001E+04  6.1551340E+06
  1.1824999E+04  6.0956495E+06
  1.1875000E+04  5.9950010E+06
  1.1925000E+04  5.9284090E+06
  1.1975001E+04  5.8272500E+06
  1.2024998E+04  5.7512780E+06
  1.2074996E+04  5.6624075E+06
  1.2125000E+04  5.5799245E+06
  1.2175000E+04  5.5014020E+06
  1.2225001E+04  5.4199400E+06
  1.2275001E+04  5.3371220E+06
  1.2324996E+04  5.2619175E+06
  1.2374996E+04  5.1867650E+06
  1.2424998E+04  5.1160635E+06
  1.2475000E+04  5.0272020E+06
  1.2524997E+04  4.9698565E+06
  1.2574997E+04  4.8863385E+06
  1.2624999E+04  4.8245465E+06
  1.2674997E+04  4.7617035E+06
  1.2724999E+04  4.6871300E+06
  1.2774999E+04  4.5590985E+06
  1.2825000E+04  4.0048340E+06
  1.2875001E+04  4.4553705E+06
  1.2924997E+04  4.4340490E+06
  1.2975001E+04  4.3775600E+06
  1.3024998E+04  4.3178140E+06
  1.3074999E+04  4.2586290E+06
  1.3125000E+04  4.2002190E+06
  1.3174998E+04  4.1325898E+06
  1.3224998E+04  4.0869690E+06
  1.3274997E+04  4.0316558E+06
  1.3324997E+04  3.9772680E+06
  1.3374999E+04  3.9237888E+06
  1.3424999E+04  3.8701598E+06
  1.3474999E+04  3.8170092E+06
  1.3525001E+04  3.7633005E+06
  1.3574999E+04  3.7158005E+06
  1.3624997E+04  3.6670685E+06
  1.3674997E+04  3.6159252E+06
  1.3724995E+04  3.5668300E+06
  1.3774998E+04  3.5264885E+06
  1.3824998E+04  3.4805270E+06
  1.3874996E+04  3.4359195E+06
  1.3925000E+04  3.3897215E+06
  1.3974996E+04  3.3471860E+06
  1.4024997E+04  3.3045925E+06
  1.4075001E+04  3.2623272E+06
  1.4124996E+04  3.2200142E+06
  1.4175000E+04  3.1793368E+06
  1.4225000E+04  3.1389665E+06
  1.4274994E+04  3.0992702E+06
  1.4325001E+04  3.0600452E+06
  1.4374998E+04  3.0216588E+06
  1.4424999E+04  2.9703305E+06
  1.4475000E+04  2.9460692E+06
  1.4524997E+04  2.9018950E+06
  1.4569999E+04  2.8768978E+06
  1.4620000E+04  2.9124208E+06
  1.4674998E+04  2.9492350E+06
  1.4725000E+04  2.8783308E+06
  1.4775002E+04  2.8003790E+06
  1.4824998E+04  2.7422692E+06
  1.4874996E+04  2.6802782E+06
  1.4924997E+04  2.6368118E+06
  1.4974999E+04  2.5732015E+06
  1.5024999E+04  2.5310718E+06
  1.5075000E+04  2.4942508E+06
  1.5124999E+04  2.4595075E+06
  1.5175000E+04  2.4335105E+06
  1.5225002E+04  2.4326675E+06
  1.5274998E+04  2.3602570E+06
  1.5324995E+04  2.3444005E+06
  1.5374997E+04  2.3659910E+06
  1.5425001E+04  2.2650152E+06
  1.5474996E+04  2.3243420E+06
  1.5524994E+04  2.3092390E+06
  1.5575001E+04  2.1569918E+06
  1.5624998E+04  2.3185058E+06
  1.5674997E+04  2.1971762E+06
  1.5724994E+04  2.0974520E+06
  1.5774996E+04  2.2470712E+06
  1.5825001E+04  2.2143895E+06
  1.5874995E+04  1.9674122E+06
  1.5925002E+04  2.1244235E+06
  1.5975001E+04  2.1586805E+06
  1.6049998E+04  2.0876602E+06
  1.6150001E+04  1.9512450E+06
  1.6249997E+04  2.0293121E+06
  1.6350000E+04  1.9443876E+06
  1.6449996E+04  1.8243408E+06
  1.6549998E+04  1.8980902E+06
  1.6649994E+04  1.8571498E+06
  1.6749998E+04  1.7758238E+06
  1.6849998E+04  1.6677645E+06
  1.6950000E+04  1.7361301E+06
  1.7049996E+04  1.6996261E+06
  1.7150000E+04  1.6635954E+06
  1.7249992E+04  1.6228416E+06
  1.7349994E+04  1.4745315E+06
  1.7449992E+04  1.5446559E+06
  1.7550000E+04  1.5244109E+06
  1.7649998E+04  1.4927954E+06
  1.7749994E+04  1.4622720E+06
  1.7849994E+04  1.4319818E+06
  1.7949998E+04  1.4034426E+06
  1.8050002E+04  1.3685084E+06
  1.8150002E+04  1.2561481E+06
  1.8249994E+04  1.2982981E+06
  1.8349992E+04  1.2919065E+06
  1.8449992E+04  1.2662088E+06
  1.8549998E+04  1.2394549E+06
  1.8650002E+04  1.2119012E+06
  1.8750002E+04  1.1092089E+06
  1.8850000E+04  1.1622531E+06
  1.8950004E+04  1.1448780E+06
  1.9049996E+04  1.1232364E+06
  1.9149998E+04  1.1014684E+06
  1.9249992E+04  1.0799900E+06
  1.9350000E+04  1.0547689E+06
  1.9449992E+04  9.6512006E+05
  1.9550002E+04  1.0147671E+06
  1.9649992E+04  9.9988031E+05
  1.9749992E+04  9.8079844E+05
  1.9849992E+04  9.6262294E+05
  1.9950002E+04  9.4456206E+05
  2.0050002E+04  9.2701969E+05
  2.0149996E+04  9.0983438E+05
  2.0249994E+04  8.9303400E+05
  2.0349994E+04  8.7659169E+05
  2.0449996E+04  8.6062562E+05
  2.0550000E+04  8.4496356E+05
  2.0649992E+04  8.2953812E+05
  2.0749998E+04  8.1465775E+05
  2.0849992E+04  8.0008562E+05
  2.0950004E+04  7.8576981E+05
  2.1050002E+04  7.7174125E+05
  2.1149992E+04  7.5762281E+05
  2.1250000E+04  7.4430138E+05
  2.1350002E+04  7.3118775E+05
  2.1449996E+04  7.1874494E+05
  2.1550006E+04  7.0382300E+05
  2.1649994E+04  6.4744850E+05
  2.1750002E+04  6.7711394E+05
  2.1849998E+04  6.7042544E+05
  2.1950002E+04  6.5905244E+05
  2.2050000E+04  6.4778844E+05
  2.2149996E+04  6.3659294E+05
  2.2249998E+04  6.2612744E+05
  2.2350004E+04  6.1559681E+05
  2.2449990E+04  6.0531175E+05
  2.2549994E+04  5.9516144E+05
  2.2650000E+04  5.8534988E+05
  2.2750000E+04  5.7566594E+05
  2.2850000E+04  5.6910138E+05
  2.2950004E+04  5.6828675E+05
  2.3050000E+04  5.5697794E+05
  2.3149996E+04  5.4569538E+05
  2.3250000E+04  5.3481544E+05
  2.3349996E+04  5.2441269E+05
  2.3449994E+04  5.1466081E+05
  2.3550002E+04  5.0469491E+05
  2.3649988E+04  4.9609203E+05
  2.3750000E+04  4.8632575E+05
  2.3849990E+04  4.7816347E+05
  2.3950002E+04  4.7061200E+05
  2.4050006E+04  4.6252484E+05
  2.4149992E+04  4.5418119E+05
  2.4249990E+04  4.5039194E+05
  2.4349990E+04  4.4115962E+05
  2.4450002E+04  4.3319062E+05
  2.4549990E+04  4.3088184E+05
  2.4649992E+04  4.2100675E+05
  2.4749992E+04  4.1504081E+05
  2.4850006E+04  4.1591009E+05
  2.4950000E+04  3.9405203E+05
  2.5050006E+04  4.0714003E+05
  2.5149994E+04  3.9863803E+05
  2.5249998E+04  3.7458072E+05
  2.5350004E+04  3.8505609E+05
  2.5449988E+04  3.8230406E+05
  2.5549998E+04  3.7371338E+05
  2.5649990E+04  3.5059222E+05
  2.5749990E+04  3.6391959E+05
  2.5849994E+04  3.6080488E+05
  2.5949990E+04  3.5514841E+05
  2.6049996E+04  3.4484891E+05
  2.6149998E+04  3.2469706E+05
  2.6249988E+04  3.1559625E+05
  2.6350008E+04  3.3194062E+05
  2.6449996E+04  3.3028650E+05
  2.6549994E+04  3.2579369E+05
  2.6649994E+04  3.1876494E+05
  2.6749988E+04  2.9620606E+05
  2.6849986E+04  3.0976978E+05
  2.6949986E+04  3.0778644E+05
  2.7050002E+04  3.0354784E+05
  2.7149998E+04  2.9932272E+05
  2.7249994E+04  2.9513100E+05
  2.7350006E+04  2.9100225E+05
  2.7450004E+04  2.8595606E+05
  2.7549996E+04  2.6680459E+05
  2.7649982E+04  2.7286628E+05
  2.7750004E+04  2.7492909E+05
  2.7850000E+04  2.7151091E+05
  2.7949992E+04  2.6781153E+05
  2.8049994E+04  2.6416725E+05
  2.8150002E+04  2.6058208E+05
  2.8250006E+04  2.5705517E+05
  2.8350000E+04  2.5360914E+05
  2.8450000E+04  2.5016316E+05
  2.8550002E+04  2.4662509E+05
  2.8650002E+04  2.4005970E+05
  2.8749982E+04  2.2507039E+05
  2.8849998E+04  2.3600516E+05
  2.8949986E+04  2.3381583E+05
  2.9049994E+04  2.3095877E+05
  2.9149986E+04  2.2782964E+05
  2.9249984E+04  2.2494030E+05
  2.9349980E+04  2.2201505E+05
  2.9450000E+04  2.1914564E+05
  2.9550004E+04  2.1631880E+05
  2.9649982E+04  2.1352539E+05
  2.9749992E+04  2.1078542E+05
  2.9849994E+04  2.0808592E+05
  2.9949984E+04  2.0542625E+05
  3.0049996E+04  2.0280117E+05
  3.0149994E+04  2.0022312E+05
  3.0249994E+04  1.9711061E+05
  3.0349996E+04  1.8556036E+05
  3.0449996E+04  1.8720806E+05
  3.0549996E+04  1.8993627E+05
  3.0649996E+04  1.8797305E+05
  3.0749994E+04  1.8562494E+05
  3.0849996E+04  1.8321614E+05
  3.0949994E+04  1.8105091E+05
  3.1049996E+04  1.7881588E+05
  3.1149996E+04  1.7660581E+05
  3.1249996E+04  1.7443191E+05
  3.1349996E+04  1.7232423E+05
  3.1449996E+04  1.7020172E+05
  3.1549998E+04  1.6817072E+05
  3.1649996E+04  1.6612816E+05
  3.1749998E+04  1.6411538E+05
  3.1849996E+04  1.6215802E+05
  3.1949994E+04  1.6020345E+05
  3.2099996E+04  1.5734233E+05
  3.2299992E+04  1.5363047E+05
  3.2499994E+04  1.5001917E+05
  3.2699996E+04  1.4645623E+05
  3.2899996E+04  1.3768869E+05
  3.3099996E+04  1.3957497E+05
  3.3299992E+04  1.3758072E+05
  3.3499996E+04  1.3418044E+05
  3.3699996E+04  1.3088414E+05
  3.3899996E+04  1.2777080E+05
  3.4099996E+04  1.2477312E+05
  3.4299996E+04  1.2179166E+05
  3.4499992E+04  1.1901319E+05
  3.4699996E+04  1.1626228E+05
  3.4899996E+04  1.1359739E+05
  3.5099996E+04  1.1112618E+05
  3.5299996E+04  1.0875796E+05
  3.5499996E+04  1.0627146E+05
  3.5699992E+04  1.0383375E+05
  3.5899992E+04  1.0225911E+05
  3.6099996E+04  9.9281938E+04
  3.6299992E+04  9.8090883E+04
  3.6499992E+04  9.4963055E+04
  3.6699992E+04  9.4255312E+04
  3.6899992E+04  9.0696406E+04
  3.7099996E+04  9.0263102E+04
  3.7299996E+04  8.7047547E+04
  3.7499992E+04  8.3324664E+04
  3.7699996E+04  8.4966328E+04
  3.7899996E+04  8.3463477E+04
  3.8099992E+04  8.0370578E+04
  3.8299996E+04  7.9032555E+04
  3.8499996E+04  7.8556695E+04
  3.8699996E+04  7.6974602E+04
  3.8899992E+04  7.5139492E+04
  3.9099996E+04  7.1758211E+04
  3.9299992E+04  7.2429828E+04
  3.9499992E+04  7.1094578E+04
  3.9699992E+04  6.9739469E+04
  3.9900000E+04  6.8377086E+04
  4.0099996E+04  6.6030961E+04
  4.0299992E+04  6.4270734E+04
  4.0499996E+04  6.2362785E+04
  4.0699992E+04  6.3195578E+04
  4.0899992E+04  6.2115109E+04
  4.1099996E+04  6.0956711E+04
  4.1299996E+04  5.9813379E+04
  4.1499992E+04  5.8573281E+04
  4.1699992E+04  5.5566777E+04
  4.1899996E+04  5.6389473E+04
  4.2099996E+04  5.5510637E+04
  4.2299992E+04  5.4504809E+04
  4.2499996E+04  5.3513301E+04
  4.2699992E+04  5.2546223E+04
  4.2899992E+04  5.1598898E+04
  4.3099996E+04  5.0672926E+04
  4.3299996E+04  4.9767855E+04
  4.3499992E+04  4.8849383E+04
  4.3699996E+04  4.6466027E+04
  4.3899996E+04  4.6747344E+04
  4.4099992E+04  4.6341734E+04
  4.4299992E+04  4.5534547E+04
  4.4499996E+04  4.4743773E+04
  4.4699996E+04  4.4155727E+04
  4.4899996E+04  4.3393234E+04
  4.5099992E+04  4.2648059E+04
  4.5299992E+04  4.1912473E+04
  4.5499996E+04  4.1204527E+04
  4.5699992E+04  4.0503738E+04
  4.5899996E+04  3.9818934E+04
  4.6099996E+04  3.9151555E+04
  4.6299992E+04  3.8416875E+04
  4.6499988E+04  3.6456309E+04
  4.6699992E+04  3.5666215E+04
  4.6899992E+04  3.6407434E+04
  4.7099992E+04  3.6005500E+04
  4.7299992E+04  3.5415395E+04
  4.7499996E+04  3.4832258E+04
  4.7699992E+04  3.4267582E+04
  4.7899992E+04  3.3714383E+04
  4.8099996E+04  3.3169168E+04
  4.8299992E+04  3.2636672E+04
  4.8499992E+04  3.2113406E+04
  4.8700000E+04  3.1602375E+04
  4.8899992E+04  3.1100205E+04
  4.9099988E+04  3.0606711E+04
  4.9299988E+04  3.0124826E+04
  4.9499996E+04  2.9652787E+04
  4.9699992E+04  2.9188887E+04
  4.9899988E+04  2.8734488E+04
  5.0099996E+04  2.8287891E+04
  5.0299996E+04  2.7850451E+04
  5.0499996E+04  2.7421998E+04
  5.0699996E+04  2.7002363E+04
  5.0899992E+04  2.6588461E+04
  5.1099992E+04  2.6073434E+04
  5.1299996E+04  2.4771113E+04
  5.1499988E+04  2.5330504E+04
  5.1699996E+04  2.5016500E+04
  5.1899992E+04  2.4640852E+04
  5.2099992E+04  2.4272992E+04
  5.2299996E+04  2.3911404E+04
  5.2499996E+04  2.3557348E+04
  5.2699996E+04  2.3209324E+04
  5.2899992E+04  2.2868576E+04
  5.3099988E+04  2.2532293E+04
  5.3299988E+04  2.2203053E+04
  5.3499992E+04  2.1880727E+04
  5.3699992E+04  2.1562582E+04
  5.3899992E+04  2.1251139E+04
  5.4099992E+04  2.0944994E+04
  5.4299984E+04  2.0645332E+04
  5.4499988E+04  2.0349488E+04
  5.4699996E+04  2.0059928E+04
  5.4899992E+04  1.9775299E+04
  5.5099992E+04  1.9495504E+04
  5.5299988E+04  1.9220465E+04
  5.5499988E+04  1.8950098E+04
  5.5699992E+04  1.8685537E+04
  5.5899992E+04  1.8424271E+04
  5.6099988E+04  1.8168650E+04
  5.6299996E+04  1.7917369E+04
  5.6499988E+04  1.7669195E+04
  5.6699988E+04  1.7426410E+04
  5.6899992E+04  1.7187754E+04
  5.7099996E+04  1.6953166E+04
  5.7299988E+04  1.6721436E+04
  5.7499988E+04  1.6494789E+04
  5.7699988E+04  1.6272007E+04
  5.7899996E+04  1.6051900E+04
  5.8099988E+04  1.5836674E+04
  5.8299996E+04  1.5625119E+04
  5.8499992E+04  1.5451314E+04
  5.8699988E+04  1.5245617E+04
  5.8899988E+04  1.4961993E+04
  5.9099992E+04  1.4251491E+04
  5.9299988E+04  1.4602267E+04
  5.9499996E+04  1.4456374E+04
  5.9699988E+04  1.4267721E+04
  5.9899992E+04  1.4081253E+04
  6.0099992E+04  1.3897991E+04
  6.0299992E+04  1.3717884E+04
  6.0499988E+04  1.3540883E+04
  6.0699992E+04  1.3365907E+04
  6.0899992E+04  1.3194968E+04
  6.1099988E+04  1.3025980E+04
  6.1299992E+04  1.2859910E+04
  6.1499988E+04  1.2695726E+04
  6.1699988E+04  1.2535374E+04
  6.1899996E+04  1.2376822E+04
  6.2099996E+04  1.2221030E+04
  6.2299988E+04  1.2066985E+04
  6.2499992E+04  1.1916581E+04
  6.2699988E+04  1.1767850E+04
  6.2899996E+04  1.1621715E+04
  6.3099984E+04  1.1477201E+04
  6.3299996E+04  1.1335210E+04
  6.3499984E+04  1.1195719E+04
  6.3699984E+04  1.1057750E+04
  6.3900000E+04  1.0922204E+04
  6.4199992E+04  1.0723480E+04
  6.4599984E+04  1.0464711E+04
  6.4999992E+04  1.0213257E+04
  6.5399992E+04  9.9697988E+03
  6.5799992E+04  9.7332266E+03
  6.6199984E+04  9.5033477E+03
  6.6599984E+04  9.2816689E+03
  6.6999992E+04  9.0654287E+03
  6.7399992E+04  8.8553125E+03
  6.7799992E+04  8.6511484E+03
  6.8199992E+04  8.4535801E+03
  6.8599992E+04  8.2608193E+03
  6.8999984E+04  8.0735327E+03
  6.9399984E+04  7.8923457E+03
  6.9800000E+04  7.7156172E+03
  7.0199992E+04  7.5439272E+03
  7.0599984E+04  7.3769058E+03
  7.0999977E+04  7.2146543E+03
  7.1399977E+04  7.0561543E+03
  7.1799984E+04  6.9027749E+03
  7.2199984E+04  6.7532192E+03
  7.2600000E+04  6.6077451E+03
  7.2999984E+04  6.4665337E+03
  7.3400000E+04  6.3287642E+03
  7.3799984E+04  6.1945669E+03
  7.4199992E+04  6.0601470E+03
  7.4599992E+04  5.8307671E+03
  7.5000000E+04  5.6781865E+03
  7.5399992E+04  5.6870186E+03
  7.5799992E+04  5.5754878E+03
  7.6199984E+04  5.4611143E+03
  7.6599992E+04  5.3496514E+03
  7.6999992E+04  5.2410317E+03
  7.7399992E+04  5.1349937E+03
  7.7799984E+04  5.0318516E+03
  7.8199984E+04  4.9311606E+03
  7.8599984E+04  4.8329849E+03
  7.8999984E+04  4.7372041E+03
  7.9399984E+04  4.6438203E+03
  7.9800000E+04  4.5527144E+03
  8.0199992E+04  4.4638374E+03
  8.0599984E+04  4.3771343E+03
  8.0999992E+04  4.2924946E+03
  8.1399977E+04  4.2098740E+03
  8.1799984E+04  4.1292773E+03
  8.2199984E+04  4.0505488E+03
  8.2599992E+04  3.9736995E+03
  8.2999984E+04  3.8986877E+03
  8.3400000E+04  3.8253601E+03
  8.3799992E+04  3.7537366E+03
  8.4199992E+04  3.6839351E+03
  8.4599977E+04  3.6157056E+03
  8.4999977E+04  3.5490095E+03
  8.5399984E+04  3.4838142E+03
  8.5799984E+04  3.4201387E+03
  8.6199992E+04  3.3578972E+03
  8.6599992E+04  3.2970601E+03
  8.6999984E+04  3.2375957E+03
  8.7399992E+04  3.1794727E+03
  8.7799992E+04  3.1226636E+03
  8.8199984E+04  3.0670913E+03
  8.8599977E+04  3.0127295E+03
  8.8999992E+04  2.9595974E+03
  8.9399977E+04  2.9076252E+03
  8.9799977E+04  2.8567861E+03
  9.0199984E+04  2.8070554E+03
  9.0599984E+04  2.7583660E+03
  9.0999992E+04  2.7107402E+03
  9.1400000E+04  2.6641562E+03
  9.1799969E+04  2.6185500E+03
  9.2199969E+04  2.5739419E+03
  9.2599984E+04  2.5302678E+03
  9.3000000E+04  2.4875095E+03
  9.3399984E+04  2.4456499E+03
  9.3799984E+04  2.4046260E+03
  9.4199977E+04  2.3645063E+03
  9.4599984E+04  2.3251880E+03
  9.4999969E+04  2.2866980E+03
  9.5399984E+04  2.2490171E+03
  9.5799984E+04  2.2120906E+03
  9.6199992E+04  2.1759431E+03
  9.6599984E+04  2.1404795E+03
  9.7000000E+04  2.1057646E+03
  9.7399977E+04  2.0717471E+03
  9.7799984E+04  2.0384104E+03
  9.8199977E+04  2.0057426E+03
  9.8599977E+04  1.9737305E+03
  9.8999992E+04  1.9423605E+03
  9.9399984E+04  1.9115841E+03
  9.9799977E+04  1.8814266E+03
  1.0019999E+05  1.8518759E+03
  1.9999991E+05  1.1834137E+02
  3.9999994E+05  7.3472376E+00
  5.9999981E+05  1.4375514E+00
  7.9999994E+05  4.5090827E-01
