  5.0599994E+02  1.6020677E-07
  5.1199994E+02  2.8446408E-07
  5.2000000E+02  5.1998632E-07
  5.2999994E+02  1.0820514E-06
  5.3999994E+02  2.1624687E-06
  5.4999988E+02  4.2709712E-06
  5.5999988E+02  8.1825337E-06
  5.6999988E+02  1.5317466E-05
  5.7999994E+02  2.7891014E-05
  5.8999988E+02  5.0364932E-05
  5.9999988E+02  8.8673580E-05
  6.0999988E+02  1.5343701E-04
  6.1999994E+02  2.6072399E-04
  6.2999988E+02  4.3582020E-04
  6.3999994E+02  7.1656541E-04
  6.4999994E+02  1.1626562E-03
  6.5799994E+02  1.6936125E-03
  6.6499988E+02  2.3348979E-03
  6.7499994E+02  3.6553342E-03
  6.8499988E+02  5.6519811E-03
  6.9499994E+02  8.6285351E-03
  7.0499988E+02  1.2995504E-02
  7.1599988E+02  2.0184547E-02
  7.2599994E+02  2.9739035E-02
  7.3499982E+02  4.1772772E-02
  7.4499994E+02  6.0334984E-02
  7.5499982E+02  8.6314373E-02
  7.6499994E+02  1.2234289E-01
  7.7499994E+02  1.7181224E-01
  7.8499982E+02  2.3922384E-01
  7.9499982E+02  3.2936028E-01
  8.0500000E+02  4.5154476E-01
  8.1499976E+02  6.1385578E-01
  8.2500000E+02  8.2749796E-01
  8.3499994E+02  1.1060599E+00
  8.4499994E+02  1.4710015E+00
  8.5499988E+02  1.9407533E+00
  8.6499994E+02  2.5434928E+00
  8.7499982E+02  3.3098392E+00
  8.8499982E+02  4.2852030E+00
  8.9499988E+02  5.5116072E+00
  9.0499994E+02  7.0381150E+00
  9.1499982E+02  3.6850528E+02
  9.2499988E+02  2.2838889E+03
  9.3499982E+02  3.6180774E+03
  9.4500000E+02  5.7415371E+03
  9.5500000E+02  8.5448311E+03
  9.6499988E+02  1.1104266E+04
  9.7499982E+02  1.0073166E+04
  9.8499976E+02  1.5340358E+04
  9.9499988E+02  1.6559477E+04
  1.0049999E+03  2.1059230E+04
  1.0149997E+03  2.4695871E+04
  1.0249998E+03  1.8284715E+04
  1.0349998E+03  3.1766602E+04
  1.0449998E+03  3.8597020E+04
  1.0549999E+03  4.4448770E+04
  1.0649999E+03  4.7371266E+04
  1.0750000E+03  5.5700254E+04
  1.0849996E+03  6.2057898E+04
  1.0949999E+03  6.5560875E+04
  1.1049999E+03  1.8681691E+06
  1.1149999E+03  5.5423980E+06
  1.1249999E+03  6.9326335E+06
  1.1349996E+03  8.4504520E+06
  1.1449999E+03  7.0891135E+06
  1.1549999E+03  7.9440055E+06
  1.1650000E+03  7.7496430E+06
  1.1749995E+03  4.9839990E+06
  1.1849996E+03  2.1916782E+06
  1.1949998E+03  2.0519727E+05
  1.2049996E+03  2.0293430E+05
  1.2149998E+03  5.1315688E+04
  1.2249996E+03  2.1659919E+05
  1.2349996E+03  6.7722938E+05
  1.2449998E+03  7.9965795E+06
  1.2549996E+03  2.0552564E+07
  1.2650000E+03  1.5418455E+07
  1.2749998E+03  5.7850920E+07
  1.2849995E+03  8.4127160E+07
  1.2949998E+03  8.1148048E+07
  1.3049995E+03  5.0664688E+07
  1.3149998E+03  9.4096952E+07
  1.3249998E+03  1.0772664E+08
  1.3349996E+03  9.0444728E+07
  1.3449995E+03  1.2727330E+08
  1.3549996E+03  1.2156047E+08
  1.3649999E+03  1.0429980E+08
  1.3749999E+03  1.2277040E+08
  1.3849996E+03  1.2338037E+08
  1.3949999E+03  1.3229821E+08
  1.4050001E+03  1.3156859E+08
  1.4149998E+03  1.1801034E+08
  1.4249998E+03  1.3274736E+08
  1.4350000E+03  1.1839722E+08
  1.4419998E+03  1.3367790E+08
  1.4469999E+03  1.5069080E+08
  1.4549994E+03  1.4443290E+08
  1.4650000E+03  1.2786690E+08
  1.4749995E+03  1.2120226E+08
  1.4849996E+03  1.3476958E+08
  1.4949998E+03  1.4514936E+08
  1.5049996E+03  1.4746320E+08
  1.5119995E+03  1.2737429E+08
  1.5169994E+03  1.4271667E+08
  1.5250001E+03  1.1937688E+08
  1.5349994E+03  1.0239099E+08
  1.5449994E+03  1.3802152E+08
  1.5549998E+03  1.1947209E+08
  1.5649999E+03  1.0960557E+08
  1.5750001E+03  1.1913758E+08
  1.5850000E+03  1.3249256E+08
  1.5949996E+03  1.4226573E+08
  1.6049999E+03  1.3093102E+08
  1.6150000E+03  1.2965258E+08
  1.6249996E+03  1.1575527E+08
  1.6350000E+03  1.2345037E+08
  1.6449996E+03  1.2932854E+08
  1.6549999E+03  1.0722146E+08
  1.6649993E+03  1.2685588E+08
  1.6720000E+03  8.3525624E+07
  1.6770001E+03  1.2062349E+08
  1.6849998E+03  1.3653669E+08
  1.6950000E+03  1.2570158E+08
  1.7049995E+03  1.1661912E+08
  1.7150000E+03  1.1351849E+08
  1.7249993E+03  1.1189858E+08
  1.7349994E+03  1.2050433E+08
  1.7449993E+03  1.1813865E+08
  1.7550001E+03  1.3329878E+08
  1.7649998E+03  1.1109256E+08
  1.7749995E+03  1.2469190E+08
  1.7849995E+03  1.2228185E+08
  1.7949999E+03  1.3812269E+08
  1.8050001E+03  1.3090734E+08
  1.8150001E+03  1.2841669E+08
  1.8249994E+03  1.2375572E+08
  1.8349993E+03  1.1824853E+08
  1.8449993E+03  1.0732173E+08
  1.8549998E+03  1.1445334E+08
  1.8650002E+03  1.1508131E+08
  1.8750001E+03  1.2200120E+08
  1.8850000E+03  1.1832463E+08
  1.8950002E+03  1.1798130E+08
  1.9049996E+03  1.1252088E+08
  1.9149999E+03  1.1737900E+08
  1.9249993E+03  1.1864335E+08
  1.9350001E+03  1.1593099E+08
  1.9449993E+03  1.2119518E+08
  1.9550002E+03  1.1855870E+08
  1.9670002E+03  1.2486720E+08
  1.9759990E+03  1.2425350E+08
  1.9839996E+03  1.1935808E+08
  1.9950001E+03  1.1442956E+08
  2.0050002E+03  1.1421872E+08
  2.0149996E+03  1.0803106E+08
  2.0249994E+03  1.1014552E+08
  2.0349995E+03  1.1079412E+08
  2.0449998E+03  1.1593798E+08
  2.0550000E+03  1.1006640E+08
  2.0649993E+03  1.0760716E+08
  2.0739993E+03  1.1472409E+08
  2.0780002E+03  1.1615851E+08
  2.0849993E+03  1.1475601E+08
  2.0950005E+03  1.1002356E+08
  2.1050002E+03  1.0624301E+08
  2.1149990E+03  1.0616727E+08
  2.1250000E+03  1.0813201E+08
  2.1350002E+03  9.1641256E+07
  2.1449998E+03  1.0189179E+08
  2.1550005E+03  1.0449331E+08
  2.1649995E+03  9.8434600E+07
  2.1750002E+03  9.6472304E+07
  2.1849998E+03  9.6206816E+07
  2.1950000E+03  1.0292468E+08
  2.2050000E+03  9.7731568E+07
  2.2149998E+03  8.9341384E+07
  2.2249998E+03  8.6394168E+07
  2.2350005E+03  9.6739440E+07
  2.2449990E+03  8.6386624E+07
  2.2549993E+03  8.4125576E+07
  2.2650000E+03  8.5594696E+07
  2.2750000E+03  9.0317656E+07
  2.2850000E+03  9.3439616E+07
  2.2950002E+03  8.7934936E+07
  2.3050000E+03  8.5507288E+07
  2.3149995E+03  8.1044496E+07
  2.3250000E+03  6.1733860E+07
  2.3349995E+03  7.4770016E+07
  2.3449993E+03  6.8954408E+07
  2.3550000E+03  8.0264280E+07
  2.3649988E+03  6.8998784E+07
  2.3750000E+03  7.3949040E+07
  2.3849990E+03  6.3908344E+07
  2.3950000E+03  7.1779936E+07
  2.4050005E+03  6.7497680E+07
  2.4149993E+03  7.0098616E+07
  2.4249990E+03  7.6107416E+07
  2.4349990E+03  7.2274904E+07
  2.4450000E+03  7.8056136E+07
  2.4549990E+03  7.4608768E+07
  2.4649990E+03  7.4519256E+07
  2.4749993E+03  7.1156880E+07
  2.4850005E+03  7.5624456E+07
  2.4950000E+03  7.2556368E+07
  2.5050005E+03  8.1049768E+07
  2.5129988E+03  7.1353720E+07
  2.5179990E+03  7.2966064E+07
  2.5249998E+03  6.7722584E+07
  2.5350007E+03  6.6943060E+07
  2.5449988E+03  6.6993948E+07
  2.5550000E+03  7.2368472E+07
  2.5649990E+03  7.1387344E+07
  2.5749990E+03  7.6765664E+07
  2.5849993E+03  7.5947360E+07
  2.5949990E+03  7.3505800E+07
  2.6049995E+03  7.0294384E+07
  2.6149998E+03  6.9581488E+07
  2.6249990E+03  7.4694680E+07
  2.6350007E+03  7.4758112E+07
  2.6449995E+03  8.3623048E+07
  2.6549998E+03  8.2117800E+07
  2.6649995E+03  7.5126760E+07
  2.6749988E+03  7.8599040E+07
  2.6849988E+03  7.7418928E+07
  2.6949988E+03  7.4386808E+07
  2.7050000E+03  7.6545992E+07
  2.7150000E+03  7.2466888E+07
  2.7249995E+03  7.3295688E+07
  2.7350007E+03  7.8829472E+07
  2.7450002E+03  6.6041784E+07
  2.7549998E+03  6.6878588E+07
  2.7649983E+03  6.9480520E+07
  2.7750005E+03  7.4205464E+07
  2.7850000E+03  7.1774392E+07
  2.7949993E+03  4.8687740E+07
  2.8049995E+03  5.5815508E+07
  2.8150002E+03  7.5044936E+07
  2.8250007E+03  7.6931496E+07
  2.8350000E+03  7.3614856E+07
  2.8450002E+03  7.0952544E+07
  2.8550005E+03  6.9374840E+07
  2.8650000E+03  7.3733552E+07
  2.8749983E+03  7.1311864E+07
  2.8850000E+03  7.2723848E+07
  2.8949988E+03  7.0037760E+07
  2.9099988E+03  7.6965160E+07
  2.9299983E+03  7.3859928E+07
  2.9499990E+03  7.3524136E+07
  2.9700005E+03  7.4049072E+07
  2.9899980E+03  7.4494632E+07
  3.0099995E+03  7.5695080E+07
  3.0299995E+03  7.4411856E+07
  3.0499995E+03  7.3597104E+07
  3.0699995E+03  7.2577360E+07
  3.0899995E+03  7.3436152E+07
  3.1099995E+03  7.1404064E+07
  3.1299998E+03  7.1036656E+07
  3.1499995E+03  7.1565056E+07
  3.1699995E+03  7.0788584E+07
  3.1899995E+03  6.8237784E+07
  3.2099998E+03  6.9488736E+07
  3.2299993E+03  6.8118120E+07
  3.2499993E+03  6.8323792E+07
  3.2699995E+03  6.8311480E+07
  3.2899995E+03  6.8433656E+07
  3.3099998E+03  6.8465352E+07
  3.3299993E+03  6.7098452E+07
  3.3499995E+03  6.6091528E+07
  3.3699995E+03  6.5959560E+07
  3.3899993E+03  6.5085236E+07
  3.4099993E+03  6.5895332E+07
  3.4299995E+03  6.5439720E+07
  3.4499993E+03  6.4955412E+07
  3.4699998E+03  6.3967880E+07
  3.4899993E+03  6.3515208E+07
  3.5099995E+03  6.3863692E+07
  3.5299995E+03  6.3807204E+07
  3.5499995E+03  6.3526724E+07
  3.5699995E+03  6.2491784E+07
  3.5899995E+03  6.2060512E+07
  3.6099995E+03  6.1658068E+07
  3.6299993E+03  6.1269276E+07
  3.6399993E+03  6.1043992E+07
  3.6499995E+03  6.2321792E+07
  3.6699993E+03  5.9082288E+07
  3.6899995E+03  5.5427720E+07
  3.7099995E+03  6.7151288E+07
  3.7299998E+03  7.2114048E+07
  3.7499993E+03  9.5481920E+07
  3.7699993E+03  9.9616440E+07
  3.7899995E+03  1.2350486E+08
  3.8099993E+03  1.4146861E+08
  3.8299998E+03  1.1081970E+08
  3.8499995E+03  1.5153960E+08
  3.8699995E+03  1.6650371E+08
  3.8899995E+03  9.7566056E+07
  3.9099995E+03  1.6306758E+08
  3.9299993E+03  1.5793138E+08
  3.9499993E+03  1.6123528E+08
  3.9699998E+03  9.1570072E+07
  3.9899995E+03  1.5536592E+08
  4.0099995E+03  1.6223320E+08
  4.0299993E+03  1.6017230E+08
  4.0499993E+03  1.5883312E+08
  4.0699993E+03  1.5334598E+08
  4.0899995E+03  1.2766690E+08
  4.1099995E+03  9.7619512E+07
  4.1299995E+03  1.4446563E+08
  4.1499990E+03  1.4827178E+08
  4.1699990E+03  1.4584547E+08
  4.1899995E+03  1.4436419E+08
  4.2099995E+03  1.4245379E+08
  4.2299995E+03  1.4004242E+08
  4.2499995E+03  1.3765331E+08
  4.2699990E+03  1.3487093E+08
  4.2899995E+03  1.3401341E+08
  4.3100000E+03  1.2838585E+08
  4.3299995E+03  1.0245732E+08
  4.3499995E+03  8.7071184E+07
  4.3699995E+03  1.2464786E+08
  4.3899995E+03  1.2374930E+08
  4.4099995E+03  1.2327446E+08
  4.4299995E+03  1.2195657E+08
  4.4499995E+03  1.2130606E+08
  4.4699995E+03  1.1939148E+08
  4.4899995E+03  1.1661289E+08
  4.5099990E+03  1.1612548E+08
  4.5299995E+03  1.1430742E+08
  4.5499990E+03  1.1140310E+08
  4.5699995E+03  1.1197243E+08
  4.5899990E+03  1.0955930E+08
  4.6099990E+03  1.1001117E+08
  4.6299990E+03  1.0686957E+08
  4.6499990E+03  1.0705163E+08
  4.6699990E+03  1.0537833E+08
  4.6899990E+03  1.0389917E+08
  4.7099995E+03  1.0056302E+08
  4.7299990E+03  1.0151282E+08
  4.7499995E+03  1.0025232E+08
  4.7699995E+03  9.9067336E+07
  4.7899990E+03  9.7673688E+07
  4.8099995E+03  9.5783504E+07
  4.8299995E+03  9.2924872E+07
  4.8499990E+03  7.5666960E+07
  4.8700000E+03  6.1074628E+07
  4.8899990E+03  8.8418176E+07
  4.9099990E+03  8.9901144E+07
  4.9299990E+03  8.8475688E+07
  4.9499995E+03  8.8215728E+07
  4.9699995E+03  8.7551400E+07
  4.9899990E+03  8.6148992E+07
  5.0099995E+03  8.3994632E+07
  5.0299995E+03  8.3716640E+07
  5.0499995E+03  8.2001584E+07
  5.0699995E+03  8.2013952E+07
  5.0899995E+03  8.1058072E+07
  5.1099990E+03  7.9932856E+07
  5.1299995E+03  7.9126128E+07
  5.1499985E+03  7.7796888E+07
  5.1700000E+03  7.6301080E+07
  5.1899990E+03  7.5568736E+07
  5.2099990E+03  7.5175640E+07
  5.2299995E+03  7.3703760E+07
  5.2499995E+03  7.3620312E+07
  5.2699995E+03  7.1900080E+07
  5.2899990E+03  7.2026528E+07
  5.3099995E+03  7.0544336E+07
  5.3299990E+03  7.0045104E+07
  5.3499995E+03  6.9721120E+07
  5.3699995E+03  6.8753344E+07
  5.3899995E+03  6.7973032E+07
  5.4099990E+03  6.6975836E+07
  5.4299990E+03  6.6349212E+07
  5.4499990E+03  6.5832696E+07
  5.4699995E+03  6.5039896E+07
  5.4899995E+03  6.4356900E+07
  5.5099995E+03  6.3620028E+07
  5.5299985E+03  6.2905700E+07
  5.5499990E+03  6.2302688E+07
  5.5699990E+03  6.1569500E+07
  5.5899995E+03  6.0962136E+07
  5.6099990E+03  6.0383404E+07
  5.6299995E+03  5.9706740E+07
  5.6499990E+03  5.8946100E+07
  5.6699990E+03  5.8334112E+07
  5.6899995E+03  5.7765332E+07
  5.7099995E+03  5.7148768E+07
  5.7299990E+03  5.6556616E+07
  5.7499990E+03  5.5907488E+07
  5.7699990E+03  5.5327076E+07
  5.7899995E+03  5.4665692E+07
  5.8099985E+03  5.4127060E+07
  5.8300000E+03  5.3557888E+07
  5.8499990E+03  5.3008488E+07
  5.8699985E+03  5.2315520E+07
  5.8899985E+03  5.1586188E+07
  5.9099995E+03  5.1327140E+07
  5.9299985E+03  5.0813320E+07
  5.9499995E+03  5.0123236E+07
  5.9699990E+03  4.9700244E+07
  5.9899990E+03  4.9058116E+07
  6.0099990E+03  4.8672700E+07
  6.0299995E+03  4.8212556E+07
  6.0499990E+03  4.7677156E+07
  6.0699990E+03  4.7211148E+07
  6.0899995E+03  4.6729884E+07
  6.1099985E+03  4.6244852E+07
  6.1299995E+03  4.5755088E+07
  6.1499985E+03  4.4800596E+07
  6.1699985E+03  4.4827304E+07
  6.1900000E+03  4.4415168E+07
  6.2099995E+03  4.3964452E+07
  6.2299985E+03  4.3489488E+07
  6.2499990E+03  4.2747696E+07
  6.2699985E+03  4.2658460E+07
  6.2900000E+03  4.2235244E+07
  6.3099985E+03  4.1736136E+07
  6.3299995E+03  4.1380660E+07
  6.3499985E+03  4.0512188E+07
  6.3699985E+03  4.0245196E+07
  6.3899995E+03  4.0136664E+07
  6.4099990E+03  3.9703216E+07
  6.4299985E+03  3.9360036E+07
  6.4499985E+03  3.8726028E+07
  6.4699990E+03  3.8575168E+07
  6.4899990E+03  3.8027416E+07
  6.5099985E+03  3.7562116E+07
  6.5299990E+03  3.6708616E+07
  6.5499985E+03  3.2535028E+07
  6.5699985E+03  2.6183300E+07
  6.5899995E+03  3.4949312E+07
  6.6099985E+03  3.5719380E+07
  6.6299990E+03  3.5577908E+07
  6.6499985E+03  3.5328452E+07
  6.6699995E+03  3.5033064E+07
  6.6899990E+03  3.4712804E+07
  6.7099995E+03  3.4412464E+07
  6.7299990E+03  3.4031904E+07
  6.7499995E+03  3.3759420E+07
  6.7699985E+03  3.3455044E+07
  6.7899995E+03  3.3134856E+07
  6.8099995E+03  3.2830036E+07
  6.8300000E+03  3.2507212E+07
  6.8499985E+03  3.2209292E+07
  6.8699985E+03  3.1921450E+07
  6.8899985E+03  3.1631648E+07
  6.9099990E+03  3.1334392E+07
  6.9299995E+03  3.1036124E+07
  6.9499990E+03  3.0760266E+07
  6.9699985E+03  3.0479302E+07
  6.9899985E+03  3.0218008E+07
  7.0099985E+03  2.9871030E+07
  7.0299985E+03  2.9658620E+07
  7.0499990E+03  2.9369302E+07
  7.0699980E+03  2.9121232E+07
  7.0899990E+03  2.8875468E+07
  7.1099990E+03  2.8484460E+07
  7.1299995E+03  2.8325620E+07
  7.1499990E+03  2.8067896E+07
  7.1699995E+03  2.7841178E+07
  7.1899985E+03  2.7591044E+07
  7.2099985E+03  2.7354842E+07
  7.2299980E+03  2.7082640E+07
  7.2499990E+03  2.6840960E+07
  7.2699995E+03  2.6637878E+07
  7.2899990E+03  2.6387716E+07
  7.3099980E+03  2.6142004E+07
  7.3299980E+03  2.5939940E+07
  7.3499980E+03  2.5720860E+07
  7.3699985E+03  2.5500990E+07
  7.3899995E+03  2.5269324E+07
  7.4099985E+03  2.4989022E+07
  7.4299995E+03  2.4749574E+07
  7.4500000E+03  2.4568676E+07
  7.4700000E+03  2.4300238E+07
  7.4899990E+03  2.4155196E+07
  7.5099985E+03  2.3953910E+07
  7.5299995E+03  2.3785630E+07
  7.5499980E+03  2.3589734E+07
  7.5699985E+03  2.3387018E+07
  7.5899990E+03  2.3188064E+07
  7.6099980E+03  2.2999342E+07
  7.6299995E+03  2.2797382E+07
  7.6499995E+03  2.2590786E+07
  7.6699980E+03  2.2402050E+07
  7.6899990E+03  2.2221328E+07
  7.7099995E+03  2.2002254E+07
  7.7299985E+03  2.1857026E+07
  7.7499990E+03  2.1674110E+07
  7.7700000E+03  2.1080308E+07
  7.7900000E+03  2.1316756E+07
  7.8099995E+03  2.1145342E+07
  7.8299980E+03  2.0958810E+07
  7.8499980E+03  2.0757390E+07
  7.8699995E+03  2.0523672E+07
  7.8900000E+03  2.0333820E+07
  7.9099995E+03  2.0258824E+07
  7.9300000E+03  2.0115424E+07
  7.9499985E+03  1.9853408E+07
  7.9699990E+03  1.9797186E+07
  7.9900000E+03  1.9413758E+07
  8.0099980E+03  1.9473718E+07
  8.0299985E+03  1.9311978E+07
  8.0500000E+03  1.9161484E+07
  8.0699985E+03  1.9000686E+07
  8.0899990E+03  1.8851018E+07
  8.1099995E+03  1.8696866E+07
  8.1299976E+03  1.8557120E+07
  8.1499976E+03  1.8409436E+07
  8.1699980E+03  1.8264666E+07
  8.1899985E+03  1.8043018E+07
  8.2099990E+03  1.7987074E+07
  8.2300000E+03  1.7824664E+07
  8.2500000E+03  1.7765468E+07
  8.2700000E+03  1.7714898E+07
  8.2899980E+03  1.7534700E+07
  8.3099990E+03  1.7369110E+07
  8.3299980E+03  1.7031716E+07
  8.3500000E+03  1.6796762E+07
  8.3699990E+03  1.6481054E+07
  8.3899990E+03  1.6132837E+07
  8.4099971E+03  1.5874570E+07
  8.4300000E+03  1.5849685E+07
  8.4499990E+03  1.5765255E+07
  8.4699980E+03  1.5009798E+07
  8.4899980E+03  1.6271424E+07
  8.5099990E+03  1.4694236E+07
  8.5299990E+03  1.6661793E+07
  8.5499990E+03  1.3891752E+07
  8.5699990E+03  1.7146266E+07
  8.5900000E+03  1.5139143E+07
  8.6099980E+03  1.4638463E+07
  8.6299990E+03  1.7383154E+07
  8.6499990E+03  1.6219828E+07
  8.6699990E+03  1.2928494E+07
  8.6899990E+03  1.6590184E+07
  8.7099971E+03  1.7328992E+07
  8.7299990E+03  1.6434548E+07
  8.7499980E+03  1.2554903E+07
  8.7699980E+03  1.5509105E+07
  8.7899980E+03  1.6930152E+07
  8.8099990E+03  1.6942676E+07
  8.8299980E+03  1.6498314E+07
  8.8499980E+03  1.4630172E+07
  8.8699980E+03  1.2160514E+07
  8.8899990E+03  1.5713400E+07
  8.9099971E+03  1.6243244E+07
  8.9299980E+03  1.6233869E+07
  8.9499980E+03  1.6216422E+07
  8.9699990E+03  1.5973755E+07
  8.9899990E+03  1.5272077E+07
  9.0099980E+03  1.1950288E+07
  9.0299990E+03  1.3182278E+07
  9.0499990E+03  1.5181558E+07
  9.0699980E+03  1.5219095E+07
  9.0899990E+03  1.5113440E+07
  9.1099980E+03  1.5217837E+07
  9.1299980E+03  1.5155307E+07
  9.1499980E+03  1.5072026E+07
  9.1699980E+03  1.4876877E+07
  9.1899990E+03  1.4530722E+07
  9.2099990E+03  1.3552765E+07
  9.2299980E+03  1.0369428E+07
  9.2499980E+03  1.2999908E+07
  9.2699971E+03  1.3772459E+07
  9.2899990E+03  1.4213033E+07
  9.3099980E+03  1.4190285E+07
  9.3299990E+03  1.4093588E+07
  9.3499980E+03  1.4029052E+07
  9.3699990E+03  1.3934897E+07
  9.3900000E+03  1.3743569E+07
  9.4099980E+03  1.3534179E+07
  9.4299971E+03  1.3596304E+07
  9.4499990E+03  1.3489452E+07
  9.4700000E+03  1.3356916E+07
  9.4899980E+03  1.3200287E+07
  9.5100000E+03  1.2905299E+07
  9.5300000E+03  1.1810433E+07
  9.5500000E+03  9.3635410E+06
  9.5699990E+03  1.1909772E+07
  9.5899980E+03  1.2592987E+07
  9.6099980E+03  1.2616092E+07
  9.6299990E+03  1.2450400E+07
  9.6499990E+03  1.2541250E+07
  9.6699980E+03  1.2398378E+07
  9.6899980E+03  1.2370522E+07
  9.7100000E+03  1.2307620E+07
  9.7299990E+03  1.2212113E+07
  9.7499980E+03  1.2121644E+07
  9.7699961E+03  1.2041681E+07
  9.7899980E+03  1.1952040E+07
  9.8099980E+03  1.1859902E+07
  9.8299990E+03  1.1753207E+07
  9.8499980E+03  1.1671748E+07
  9.8700000E+03  1.1591618E+07
  9.8899980E+03  1.1458511E+07
  9.9099990E+03  1.1436090E+07
  9.9300000E+03  1.1336196E+07
  9.9499980E+03  1.1251860E+07
  9.9699980E+03  1.1162418E+07
  9.9899990E+03  1.1038117E+07
  1.0024998E+04  1.0065273E+07
  1.0074998E+04  9.5417700E+06
  1.0124997E+04  1.0478937E+07
  1.0174997E+04  1.0411500E+07
  1.0224998E+04  1.0254792E+07
  1.0274997E+04  1.0079227E+07
  1.0325000E+04  9.9009120E+06
  1.0374999E+04  9.7360640E+06
  1.0425000E+04  9.5759930E+06
  1.0474998E+04  9.3920950E+06
  1.0524997E+04  9.2296150E+06
  1.0574999E+04  9.0906600E+06
  1.0625000E+04  8.9492380E+06
  1.0674997E+04  8.7171670E+06
  1.0724998E+04  8.6197000E+06
  1.0774999E+04  8.5025700E+06
  1.0824997E+04  8.3489790E+06
  1.0874997E+04  8.1487855E+06
  1.0924999E+04  6.9248075E+06
  1.0974996E+04  7.5424455E+06
  1.1025000E+04  7.8129470E+06
  1.1074998E+04  7.7235200E+06
  1.1124999E+04  7.6052430E+06
  1.1174998E+04  7.4854525E+06
  1.1224999E+04  7.3680855E+06
  1.1274997E+04  7.1769360E+06
  1.1325000E+04  7.0743395E+06
  1.1375000E+04  7.0224745E+06
  1.1425000E+04  6.9097695E+06
  1.1474997E+04  6.8119215E+06
  1.1525000E+04  6.7084115E+06
  1.1574998E+04  6.6044690E+06
  1.1625000E+04  6.4805920E+06
  1.1674998E+04  6.3679920E+06
  1.1724997E+04  6.3074955E+06
  1.1775001E+04  6.1592100E+06
  1.1824999E+04  6.1015770E+06
  1.1875000E+04  5.9998100E+06
  1.1925000E+04  5.9390055E+06
  1.1975001E+04  5.8340805E+06
  1.2024998E+04  5.7609175E+06
  1.2074996E+04  5.6699010E+06
  1.2125000E+04  5.5881245E+06
  1.2175000E+04  5.5105520E+06
  1.2225001E+04  5.4287630E+06
  1.2275001E+04  5.3451230E+06
  1.2324996E+04  5.2703500E+06
  1.2374996E+04  5.1953750E+06
  1.2424998E+04  5.1253360E+06
  1.2475000E+04  5.0359160E+06
  1.2524997E+04  4.9785015E+06
  1.2574997E+04  4.8925325E+06
  1.2624999E+04  4.8316375E+06
  1.2674997E+04  4.7668620E+06
  1.2724999E+04  4.6834075E+06
  1.2774999E+04  4.5154695E+06
  1.2825000E+04  3.9058875E+06
  1.2875001E+04  4.4255985E+06
  1.2924997E+04  4.4315675E+06
  1.2975001E+04  4.3847210E+06
  1.3024998E+04  4.3255860E+06
  1.3074999E+04  4.2663425E+06
  1.3125000E+04  4.2078735E+06
  1.3174998E+04  4.1399688E+06
  1.3224998E+04  4.0945078E+06
  1.3274997E+04  4.0391382E+06
  1.3324997E+04  3.9849065E+06
  1.3374999E+04  3.9311598E+06
  1.3424999E+04  3.8776848E+06
  1.3474999E+04  3.8242710E+06
  1.3525001E+04  3.7700972E+06
  1.3574999E+04  3.7223422E+06
  1.3624997E+04  3.6741712E+06
  1.3674997E+04  3.6229765E+06
  1.3724995E+04  3.5720298E+06
  1.3774998E+04  3.5328418E+06
  1.3824998E+04  3.4870315E+06
  1.3874996E+04  3.4427685E+06
  1.3925000E+04  3.3957442E+06
  1.3974996E+04  3.3535515E+06
  1.4024997E+04  3.3109128E+06
  1.4075001E+04  3.2687932E+06
  1.4124996E+04  3.2262452E+06
  1.4175000E+04  3.1855240E+06
  1.4225000E+04  3.1451105E+06
  1.4274994E+04  3.1051868E+06
  1.4325001E+04  3.0659200E+06
  1.4374998E+04  3.0276752E+06
  1.4424999E+04  2.9728650E+06
  1.4475000E+04  2.9520030E+06
  1.4524997E+04  2.9060018E+06
  1.4569999E+04  2.8825770E+06
  1.4620000E+04  2.9171795E+06
  1.4674998E+04  2.9621802E+06
  1.4725000E+04  2.8995282E+06
  1.4775002E+04  2.8245395E+06
  1.4824998E+04  2.7666100E+06
  1.4874996E+04  2.7051365E+06
  1.4924997E+04  2.6593050E+06
  1.4974999E+04  2.6020968E+06
  1.5024999E+04  2.5614440E+06
  1.5075000E+04  2.5126515E+06
  1.5124999E+04  2.4710352E+06
  1.5175000E+04  2.4387458E+06
  1.5225002E+04  2.4227532E+06
  1.5274998E+04  2.3723668E+06
  1.5324995E+04  2.3440798E+06
  1.5374997E+04  2.3508510E+06
  1.5425001E+04  2.2675485E+06
  1.5474996E+04  2.3042058E+06
  1.5524994E+04  2.2814168E+06
  1.5575001E+04  2.1594768E+06
  1.5624998E+04  2.2958222E+06
  1.5674997E+04  2.1723372E+06
  1.5724994E+04  2.0880060E+06
  1.5774996E+04  2.2316295E+06
  1.5825001E+04  2.1949832E+06
  1.5874995E+04  1.9539584E+06
  1.5925002E+04  2.0981300E+06
  1.5975001E+04  2.1546948E+06
  1.6049998E+04  2.0706958E+06
  1.6150001E+04  1.9333341E+06
  1.6249997E+04  2.0281708E+06
  1.6350000E+04  1.9271942E+06
  1.6449996E+04  1.8056854E+06
  1.6549998E+04  1.8974026E+06
  1.6649994E+04  1.8571498E+06
  1.6749998E+04  1.7598444E+06
  1.6849998E+04  1.6489226E+06
  1.6950000E+04  1.7366545E+06
  1.7049996E+04  1.7028661E+06
  1.7150000E+04  1.6667976E+06
  1.7249992E+04  1.6208159E+06
  1.7349994E+04  1.4513784E+06
  1.7449992E+04  1.5377275E+06
  1.7550000E+04  1.5261234E+06
  1.7649998E+04  1.4952139E+06
  1.7749994E+04  1.4651418E+06
  1.7849994E+04  1.4347012E+06
  1.7949998E+04  1.4061320E+06
  1.8050002E+04  1.3679302E+06
  1.8150002E+04  1.2392226E+06
  1.8249994E+04  1.2895886E+06
  1.8349992E+04  1.2929134E+06
  1.8449992E+04  1.2686436E+06
  1.8549998E+04  1.2413161E+06
  1.8650002E+04  1.2102765E+06
  1.8750002E+04  1.0932421E+06
  1.8850000E+04  1.1593905E+06
  1.8950004E+04  1.1463468E+06
  1.9049996E+04  1.1254165E+06
  1.9149998E+04  1.1035229E+06
  1.9249992E+04  1.0815150E+06
  1.9350000E+04  1.0521529E+06
  1.9449992E+04  9.5007269E+05
  1.9550002E+04  1.0123028E+06
  1.9649992E+04  1.0014414E+06
  1.9749992E+04  9.8253694E+05
  1.9849992E+04  9.6443956E+05
  1.9950002E+04  9.4634144E+05
  2.0050002E+04  9.2877212E+05
  2.0149996E+04  9.1155088E+05
  2.0249994E+04  8.9468769E+05
  2.0349994E+04  8.7821100E+05
  2.0449996E+04  8.6223819E+05
  2.0550000E+04  8.4654256E+05
  2.0649992E+04  8.3104006E+05
  2.0749998E+04  8.1614525E+05
  2.0849992E+04  8.0153294E+05
  2.0950004E+04  7.8721188E+05
  2.1050002E+04  7.7312706E+05
  2.1149992E+04  7.5886919E+05
  2.1250000E+04  7.4551106E+05
  2.1350002E+04  7.3238625E+05
  2.1449996E+04  7.1963744E+05
  2.1550006E+04  7.0247638E+05
  2.1649994E+04  6.3864744E+05
  2.1750002E+04  6.7458938E+05
  2.1849998E+04  6.7088312E+05
  2.1950002E+04  6.6024094E+05
  2.2050000E+04  6.4892738E+05
  2.2149996E+04  6.3762962E+05
  2.2249998E+04  6.2724606E+05
  2.2350004E+04  6.1669038E+05
  2.2449990E+04  6.0638819E+05
  2.2549994E+04  5.9618381E+05
  2.2650000E+04  5.8637794E+05
  2.2750000E+04  5.7667769E+05
  2.2850000E+04  5.7001050E+05
  2.2950004E+04  5.6933819E+05
  2.3050000E+04  5.5880738E+05
  2.3149996E+04  5.4776906E+05
  2.3250000E+04  5.3703856E+05
  2.3349996E+04  5.2665838E+05
  2.3449994E+04  5.1681891E+05
  2.3550002E+04  5.0742569E+05
  2.3649988E+04  4.9805209E+05
  2.3750000E+04  4.8871681E+05
  2.3849990E+04  4.8054122E+05
  2.3950002E+04  4.7213572E+05
  2.4050006E+04  4.6386009E+05
  2.4149992E+04  4.5576375E+05
  2.4249990E+04  4.4984734E+05
  2.4349990E+04  4.4228425E+05
  2.4450002E+04  4.3415484E+05
  2.4549990E+04  4.3040684E+05
  2.4649992E+04  4.2116172E+05
  2.4749992E+04  4.1542825E+05
  2.4850006E+04  4.1436659E+05
  2.4950000E+04  3.9592816E+05
  2.5050006E+04  4.0718803E+05
  2.5149994E+04  3.9770291E+05
  2.5249998E+04  3.7576844E+05
  2.5350004E+04  3.8376634E+05
  2.5449988E+04  3.8192600E+05
  2.5549998E+04  3.7225909E+05
  2.5649990E+04  3.5085559E+05
  2.5749990E+04  3.6283441E+05
  2.5849994E+04  3.6032566E+05
  2.5949990E+04  3.5470644E+05
  2.6049996E+04  3.4292803E+05
  2.6149998E+04  3.2362275E+05
  2.6249988E+04  3.1156684E+05
  2.6350008E+04  3.3015006E+05
  2.6449996E+04  3.2994184E+05
  2.6549994E+04  3.2536612E+05
  2.6649994E+04  3.1749716E+05
  2.6749988E+04  2.9470556E+05
  2.6849986E+04  3.0855219E+05
  2.6949986E+04  3.0777606E+05
  2.7050002E+04  3.0401119E+05
  2.7149998E+04  2.9979291E+05
  2.7249994E+04  2.9558253E+05
  2.7350006E+04  2.9121378E+05
  2.7450004E+04  2.8542112E+05
  2.7549996E+04  2.6507231E+05
  2.7649982E+04  2.7105288E+05
  2.7750004E+04  2.7469919E+05
  2.7850000E+04  2.7191406E+05
  2.7949992E+04  2.6823106E+05
  2.8049994E+04  2.6457903E+05
  2.8150002E+04  2.6098144E+05
  2.8250006E+04  2.5745170E+05
  2.8350000E+04  2.5400289E+05
  2.8450000E+04  2.5053088E+05
  2.8550002E+04  2.4648178E+05
  2.8650002E+04  2.3859100E+05
  2.8749982E+04  2.2316067E+05
  2.8849998E+04  2.3543483E+05
  2.8949986E+04  2.3393720E+05
  2.9049994E+04  2.3131142E+05
  2.9149986E+04  2.2814886E+05
  2.9249984E+04  2.2528378E+05
  2.9349980E+04  2.2235180E+05
  2.9450000E+04  2.1947577E+05
  2.9550004E+04  2.1664669E+05
  2.9649982E+04  2.1385108E+05
  2.9749992E+04  2.1110469E+05
  2.9849994E+04  2.0840302E+05
  2.9949984E+04  2.0573703E+05
  3.0049996E+04  2.0309739E+05
  3.0149994E+04  2.0035989E+05
  3.0249994E+04  1.9678538E+05
  3.0349996E+04  1.8406344E+05
  3.0449996E+04  1.8572908E+05
  3.0549996E+04  1.8974252E+05
  3.0649996E+04  1.8821769E+05
  3.0749994E+04  1.8589189E+05
  3.0849996E+04  1.8348530E+05
  3.0949994E+04  1.8131441E+05
  3.1049996E+04  1.7907378E+05
  3.1149996E+04  1.7685430E+05
  3.1249996E+04  1.7467492E+05
  3.1349996E+04  1.7257339E+05
  3.1449996E+04  1.7043788E+05
  3.1549998E+04  1.6841297E+05
  3.1649996E+04  1.6637639E+05
  3.1749998E+04  1.6435083E+05
  3.1849996E+04  1.6239569E+05
  3.1949994E+04  1.6043966E+05
  3.2099996E+04  1.5756900E+05
  3.2299992E+04  1.5385434E+05
  3.2499994E+04  1.5023673E+05
  3.2699996E+04  1.4654784E+05
  3.2899996E+04  1.3675591E+05
  3.3099996E+04  1.3907295E+05
  3.3299992E+04  1.3776416E+05
  3.3499996E+04  1.3445906E+05
  3.3699996E+04  1.3116944E+05
  3.3899996E+04  1.2806911E+05
  3.4099996E+04  1.2506149E+05
  3.4299996E+04  1.2214710E+05
  3.4499992E+04  1.1935502E+05
  3.4699996E+04  1.1652823E+05
  3.4899996E+04  1.1388504E+05
  3.5099996E+04  1.1136775E+05
  3.5299996E+04  1.0891214E+05
  3.5499996E+04  1.0647774E+05
  3.5699992E+04  1.0406430E+05
  3.5899992E+04  1.0218603E+05
  3.6099996E+04  9.9547891E+04
  3.6299992E+04  9.7993680E+04
  3.6499992E+04  9.5228859E+04
  3.6699992E+04  9.4168602E+04
  3.6899992E+04  9.0939883E+04
  3.7099996E+04  9.0153625E+04
  3.7299996E+04  8.6562852E+04
  3.7499992E+04  8.3099633E+04
  3.7699996E+04  8.4857648E+04
  3.7899996E+04  8.3374297E+04
  3.8099992E+04  8.0412094E+04
  3.8299996E+04  7.9014586E+04
  3.8499996E+04  7.8587203E+04
  3.8699996E+04  7.7062641E+04
  3.8899992E+04  7.5032445E+04
  3.9099996E+04  7.1792711E+04
  3.9299992E+04  7.2398117E+04
  3.9499992E+04  7.1186328E+04
  3.9699992E+04  6.9830289E+04
  3.9900000E+04  6.8459914E+04
  4.0099996E+04  6.5888047E+04
  4.0299992E+04  6.4175625E+04
  4.0499996E+04  6.1965441E+04
  4.0699992E+04  6.3140992E+04
  4.0899992E+04  6.2189430E+04
  4.1099996E+04  6.1032535E+04
  4.1299996E+04  5.9888477E+04
  4.1499992E+04  5.8509852E+04
  4.1699992E+04  5.5404285E+04
  4.1899996E+04  5.6307926E+04
  4.2099996E+04  5.5572277E+04
  4.2299992E+04  5.4572184E+04
  4.2499996E+04  5.3580047E+04
  4.2699992E+04  5.2610281E+04
  4.2899992E+04  5.1662355E+04
  4.3099996E+04  5.0733766E+04
  4.3299996E+04  4.9828133E+04
  4.3499992E+04  4.8845398E+04
  4.3699996E+04  4.6306238E+04
  4.3899996E+04  4.6602691E+04
  4.4099992E+04  4.6370789E+04
  4.4299992E+04  4.5590223E+04
  4.4499996E+04  4.4797039E+04
  4.4699996E+04  4.4206637E+04
  4.4899996E+04  4.3443691E+04
  4.5099992E+04  4.2698066E+04
  4.5299992E+04  4.1962047E+04
  4.5499996E+04  4.1251840E+04
  4.5699992E+04  4.0550641E+04
  4.5899996E+04  3.9863637E+04
  4.6099996E+04  3.9195871E+04
  4.6299992E+04  3.8365906E+04
  4.6499988E+04  3.6167082E+04
  4.6699992E+04  3.5439918E+04
  4.6899992E+04  3.6313234E+04
  4.7099992E+04  3.6022480E+04
  4.7299992E+04  3.5455812E+04
  4.7499996E+04  3.4870660E+04
  4.7699992E+04  3.4305664E+04
  4.7899992E+04  3.3752145E+04
  4.8099996E+04  3.3208250E+04
  4.8299992E+04  3.2673812E+04
  4.8499992E+04  3.2150244E+04
  4.8700000E+04  3.1637320E+04
  4.8899992E+04  3.1134867E+04
  4.9099988E+04  3.0642650E+04
  4.9299988E+04  3.0158930E+04
  4.9499996E+04  2.9686611E+04
  4.9699992E+04  2.9222441E+04
  4.9899988E+04  2.8766264E+04
  5.0099996E+04  2.8319404E+04
  5.0299996E+04  2.7881721E+04
  5.0499996E+04  2.7453021E+04
  5.0699996E+04  2.7031674E+04
  5.0899992E+04  2.6608820E+04
  5.1099992E+04  2.6014279E+04
  5.1299996E+04  2.4609354E+04
  5.1499988E+04  2.5290732E+04
  5.1699996E+04  2.5043279E+04
  5.1899992E+04  2.4667424E+04
  5.2099992E+04  2.4299363E+04
  5.2299996E+04  2.3937574E+04
  5.2499996E+04  2.3583320E+04
  5.2699996E+04  2.3235100E+04
  5.2899992E+04  2.2892809E+04
  5.3099988E+04  2.2557682E+04
  5.3299988E+04  2.2226924E+04
  5.3499992E+04  2.1904420E+04
  5.3699992E+04  2.1586098E+04
  5.3899992E+04  2.1274480E+04
  5.4099992E+04  2.0968162E+04
  5.4299984E+04  2.0667053E+04
  5.4499988E+04  2.0371053E+04
  5.4699996E+04  2.0081334E+04
  5.4899992E+04  1.9796549E+04
  5.5099992E+04  1.9516596E+04
  5.5299988E+04  1.9241406E+04
  5.5499988E+04  1.8970891E+04
  5.5699992E+04  1.8703752E+04
  5.5899992E+04  1.8442357E+04
  5.6099988E+04  1.8187803E+04
  5.6299996E+04  1.7935197E+04
  5.6499988E+04  1.7688080E+04
  5.6699988E+04  1.7445160E+04
  5.6899992E+04  1.7205207E+04
  5.7099996E+04  1.6970498E+04
  5.7299988E+04  1.6739795E+04
  5.7499988E+04  1.6511879E+04
  5.7699988E+04  1.6288980E+04
  5.7899996E+04  1.6068756E+04
  5.8099988E+04  1.5853415E+04
  5.8299996E+04  1.5640637E+04
  5.8499992E+04  1.5466727E+04
  5.8699988E+04  1.5251084E+04
  5.8899988E+04  1.4923985E+04
  5.9099992E+04  1.4157653E+04
  5.9299988E+04  1.4577628E+04
  5.9499996E+04  1.4468082E+04
  5.9699988E+04  1.4281462E+04
  5.9899992E+04  1.4094902E+04
  6.0099992E+04  1.3911552E+04
  6.0299992E+04  1.3731354E+04
  6.0499988E+04  1.3554264E+04
  6.0699992E+04  1.3379199E+04
  6.0899992E+04  1.3207157E+04
  6.1099988E+04  1.3038090E+04
  6.1299992E+04  1.2871941E+04
  6.1499988E+04  1.2708675E+04
  6.1699988E+04  1.2547249E+04
  6.1899996E+04  1.2388620E+04
  6.2099996E+04  1.2232753E+04
  6.2299988E+04  1.2078632E+04
  6.2499992E+04  1.1928154E+04
  6.2699988E+04  1.1779350E+04
  6.2899996E+04  1.1632188E+04
  6.3099984E+04  1.1488555E+04
  6.3299996E+04  1.1345552E+04
  6.3499984E+04  1.1205997E+04
  6.3699984E+04  1.1068892E+04
  6.3900000E+04  1.0933275E+04
  6.4199992E+04  1.0733535E+04
  6.4599984E+04  1.0474641E+04
  6.4999992E+04  1.0223065E+04
  6.5399992E+04  9.9794863E+03
  6.5799992E+04  9.7427979E+03
  6.6199984E+04  9.5128047E+03
  6.6599984E+04  9.2901641E+03
  6.6999992E+04  9.0738213E+03
  6.7399992E+04  8.8636055E+03
  6.7799992E+04  8.6593447E+03
  6.8199992E+04  8.4616797E+03
  6.8599992E+04  8.2680254E+03
  6.8999984E+04  8.0814448E+03
  6.9399984E+04  7.8993853E+03
  6.9800000E+04  7.7226543E+03
  7.0199992E+04  7.5508838E+03
  7.0599984E+04  7.3836333E+03
  7.0999977E+04  7.2212314E+03
  7.1399977E+04  7.0625850E+03
  7.1799984E+04  6.9089863E+03
  7.2199984E+04  6.7591455E+03
  7.2600000E+04  6.6135342E+03
  7.2999984E+04  6.4723311E+03
  7.3400000E+04  6.3343584E+03
  7.3799984E+04  6.2000317E+03
  7.4199992E+04  6.0600107E+03
  7.4599992E+04  5.7892021E+03
  7.5000000E+04  5.6498564E+03
  7.5399992E+04  5.6856270E+03
  7.5799992E+04  5.5802744E+03
  7.6199984E+04  5.4658501E+03
  7.6599992E+04  5.3542744E+03
  7.6999992E+04  5.2455425E+03
  7.7399992E+04  5.1394585E+03
  7.7799984E+04  5.0362085E+03
  7.8199984E+04  4.9354731E+03
  7.8599984E+04  4.8371924E+03
  7.8999984E+04  4.7413687E+03
  7.9399984E+04  4.6478833E+03
  7.9800000E+04  4.5566777E+03
  8.0199992E+04  4.4677036E+03
  8.0599984E+04  4.3809043E+03
  8.0999992E+04  4.2962275E+03
  8.1399977E+04  4.2135132E+03
  8.1799984E+04  4.1328247E+03
  8.2199984E+04  4.0540613E+03
  8.2599992E+04  3.9771226E+03
  8.2999984E+04  3.9020237E+03
  8.3400000E+04  3.8286101E+03
  8.3799992E+04  3.7568481E+03
  8.4199992E+04  3.6870168E+03
  8.4599977E+04  3.6187585E+03
  8.4999977E+04  3.5519817E+03
  8.5399984E+04  3.4867068E+03
  8.5799984E+04  3.4230042E+03
  8.6199992E+04  3.3606860E+03
  8.6599992E+04  3.2998228E+03
  8.6999984E+04  3.2402832E+03
  8.7399992E+04  3.1820864E+03
  8.7799992E+04  3.1252048E+03
  8.8199984E+04  3.0696096E+03
  8.8599977E+04  3.0151770E+03
  8.8999992E+04  2.9620229E+03
  8.9399977E+04  2.9099819E+03
  8.9799977E+04  2.8590752E+03
  9.0199984E+04  2.8093245E+03
  9.0599984E+04  2.7606147E+03
  9.0999992E+04  2.7129695E+03
  9.1400000E+04  2.6663210E+03
  9.1799969E+04  2.6206960E+03
  9.2199969E+04  2.5760247E+03
  9.2599984E+04  2.5323325E+03
  9.3000000E+04  2.4895132E+03
  9.3399984E+04  2.4476365E+03
  9.3799984E+04  2.4065952E+03
  9.4199977E+04  2.3664595E+03
  9.4599984E+04  2.3271243E+03
  9.4999969E+04  2.2885762E+03
  9.5399984E+04  2.2508381E+03
  9.5799984E+04  2.2138970E+03
  9.6199992E+04  2.1776936E+03
  9.6599984E+04  2.1422156E+03
  9.7000000E+04  2.1074866E+03
  9.7399977E+04  2.0734551E+03
  9.7799984E+04  2.0400647E+03
  9.8199977E+04  2.0073835E+03
  9.8599977E+04  1.9753193E+03
  9.8999992E+04  1.9439364E+03
  9.9399984E+04  1.9131473E+03
  9.9799977E+04  1.8829396E+03
  1.0019999E+05  1.8533767E+03
  1.9999991E+05  1.1843555E+02
  3.9999994E+05  7.3559504E+00
  5.9999981E+05  1.4395397E+00
  7.9999994E+05  4.5163825E-01
