  5.0599994E+02  1.3666573E-07
  5.1199994E+02  2.7443295E-07
  5.2000000E+02  4.9593893E-07
  5.2999994E+02  1.0218735E-06
  5.3999994E+02  2.0073053E-06
  5.4999988E+02  3.9638553E-06
  5.5999988E+02  7.5415105E-06
  5.6999988E+02  1.3990957E-05
  5.7999994E+02  2.4828098E-05
  5.8999988E+02  4.5074867E-05
  5.9999988E+02  7.8497585E-05
  6.0999988E+02  1.3495977E-04
  6.1999994E+02  2.2695128E-04
  6.2999988E+02  3.7564160E-04
  6.3999994E+02  6.0843863E-04
  6.4999994E+02  9.8307279E-04
  6.5799994E+02  1.4146502E-03
  6.6499988E+02  1.9287101E-03
  6.7499994E+02  2.9877361E-03
  6.8499988E+02  4.5888820E-03
  6.9499994E+02  6.9408896E-03
  7.0499988E+02  1.0271336E-02
  7.1599988E+02  1.5894404E-02
  7.2599994E+02  2.3191832E-02
  7.3499982E+02  3.2277469E-02
  7.4499994E+02  4.6076108E-02
  7.5499982E+02  6.5273762E-02
  7.6499994E+02  9.1726586E-02
  7.7499994E+02  1.2762980E-01
  7.8499982E+02  1.7685324E-01
  7.9499982E+02  2.3947243E-01
  8.0500000E+02  3.2544291E-01
  8.1499976E+02  4.4143397E-01
  8.2500000E+02  5.9054023E-01
  8.3499994E+02  7.7953714E-01
  8.4499994E+02  1.0349772E+00
  8.5499988E+02  1.3556259E+00
  8.6499994E+02  1.7644234E+00
  8.7499982E+02  2.2693789E+00
  8.8499982E+02  2.9330566E+00
  8.9499988E+02  3.7504699E+00
  9.0499994E+02  4.7299490E+00
  9.1499982E+02  7.2878497E+02
  9.2499988E+02  4.4003311E+03
  9.3499982E+02  6.0266099E+03
  9.4500000E+02  9.3931719E+03
  9.5500000E+02  1.6970697E+04
  9.6499988E+02  2.2043068E+04
  9.7499982E+02  1.9620443E+04
  9.8499976E+02  3.1960926E+04
  9.9499988E+02  3.2052326E+04
  1.0049999E+03  4.3688766E+04
  1.0149997E+03  5.2617770E+04
  1.0249998E+03  3.3647719E+04
  1.0349998E+03  5.9803941E+04
  1.0449998E+03  1.0160178E+05
  1.0549999E+03  1.2973477E+05
  1.0649999E+03  1.2430390E+05
  1.0750000E+03  1.5344464E+05
  1.0849996E+03  1.4461936E+05
  1.0949999E+03  1.7299512E+05
  1.1049999E+03  4.3368160E+06
  1.1149999E+03  9.0741990E+06
  1.1249999E+03  9.0990440E+06
  1.1349996E+03  1.2503137E+07
  1.1449999E+03  1.1633963E+07
  1.1549999E+03  1.3906385E+07
  1.1650000E+03  1.5002424E+07
  1.1749995E+03  1.0882119E+07
  1.1849996E+03  5.5052190E+06
  1.1949998E+03  1.8605228E+05
  1.2049996E+03  2.6713350E+05
  1.2149998E+03  5.0782320E+04
  1.2249996E+03  2.8225653E+05
  1.2349996E+03  3.2206558E+06
  1.2449998E+03  1.7777630E+07
  1.2549996E+03  2.6437880E+07
  1.2650000E+03  1.6120963E+07
  1.2749998E+03  5.6965644E+07
  1.2849995E+03  7.4346200E+07
  1.2949998E+03  6.0700980E+07
  1.3049995E+03  3.4686384E+07
  1.3149998E+03  7.1149504E+07
  1.3249998E+03  8.4444016E+07
  1.3349996E+03  5.4158608E+07
  1.3449995E+03  1.0164162E+08
  1.3549996E+03  1.0211670E+08
  1.3649999E+03  8.2408240E+07
  1.3749999E+03  1.0022968E+08
  1.3849996E+03  1.0414528E+08
  1.3949999E+03  1.0933443E+08
  1.4050001E+03  1.0999355E+08
  1.4149998E+03  9.8921792E+07
  1.4249998E+03  1.1304824E+08
  1.4350000E+03  1.0057069E+08
  1.4419998E+03  1.1321214E+08
  1.4469999E+03  1.2820889E+08
  1.4549994E+03  1.2054256E+08
  1.4650000E+03  1.0864606E+08
  1.4749995E+03  1.0258054E+08
  1.4849996E+03  1.1893816E+08
  1.4949998E+03  1.2658091E+08
  1.5049996E+03  1.2734273E+08
  1.5119995E+03  1.0705736E+08
  1.5169994E+03  1.2267914E+08
  1.5250001E+03  1.0401353E+08
  1.5349994E+03  8.7793176E+07
  1.5449994E+03  1.1920715E+08
  1.5549998E+03  1.0112953E+08
  1.5649999E+03  9.3365544E+07
  1.5750001E+03  9.6935696E+07
  1.5850000E+03  1.1273236E+08
  1.5949996E+03  1.2183734E+08
  1.6049999E+03  1.1037470E+08
  1.6150000E+03  1.1112810E+08
  1.6249996E+03  9.9319888E+07
  1.6350000E+03  1.0510714E+08
  1.6449996E+03  1.0967624E+08
  1.6549999E+03  9.5771032E+07
  1.6649993E+03  1.0767420E+08
  1.6720000E+03  5.7134216E+07
  1.6770001E+03  1.0379573E+08
  1.6849998E+03  1.2158930E+08
  1.6950000E+03  1.1533462E+08
  1.7049995E+03  1.0293269E+08
  1.7150000E+03  9.7611344E+07
  1.7249993E+03  9.7322376E+07
  1.7349994E+03  1.0795542E+08
  1.7449993E+03  1.0619834E+08
  1.7550001E+03  1.2454102E+08
  1.7649998E+03  1.0282197E+08
  1.7749995E+03  1.1414785E+08
  1.7849995E+03  1.0989878E+08
  1.7949999E+03  1.3157493E+08
  1.8050001E+03  1.2489446E+08
  1.8150001E+03  1.2243556E+08
  1.8249994E+03  1.1787390E+08
  1.8349993E+03  1.1203906E+08
  1.8449993E+03  1.0147930E+08
  1.8549998E+03  1.0214966E+08
  1.8650002E+03  1.0487292E+08
  1.8750001E+03  1.1861497E+08
  1.8850000E+03  1.1165562E+08
  1.8950002E+03  1.0928430E+08
  1.9049996E+03  1.0854491E+08
  1.9149999E+03  1.1018792E+08
  1.9249993E+03  1.1285860E+08
  1.9350001E+03  1.1397903E+08
  1.9449993E+03  1.1744082E+08
  1.9550002E+03  1.1372883E+08
  1.9670002E+03  1.2456534E+08
  1.9759990E+03  1.2680070E+08
  1.9839996E+03  1.1959733E+08
  1.9950001E+03  1.1352086E+08
  2.0050002E+03  1.1642100E+08
  2.0149996E+03  1.0724238E+08
  2.0249994E+03  1.1492286E+08
  2.0349995E+03  1.1063037E+08
  2.0449998E+03  1.1811800E+08
  2.0550000E+03  1.0957574E+08
  2.0649993E+03  1.0792521E+08
  2.0739993E+03  1.1943602E+08
  2.0780002E+03  1.1743230E+08
  2.0849993E+03  1.1783247E+08
  2.0950005E+03  1.1215227E+08
  2.1050002E+03  1.0870866E+08
  2.1149990E+03  1.0858436E+08
  2.1250000E+03  1.1111878E+08
  2.1350002E+03  9.2930584E+07
  2.1449998E+03  1.0307086E+08
  2.1550005E+03  1.0939310E+08
  2.1649995E+03  1.0194696E+08
  2.1750002E+03  9.9387016E+07
  2.1849998E+03  9.7619288E+07
  2.1950000E+03  1.0714707E+08
  2.2050000E+03  1.0026531E+08
  2.2149998E+03  9.0001760E+07
  2.2249998E+03  8.4674344E+07
  2.2350005E+03  9.7659536E+07
  2.2449990E+03  8.6932280E+07
  2.2549993E+03  8.2028912E+07
  2.2650000E+03  8.6541984E+07
  2.2750000E+03  9.1016432E+07
  2.2850000E+03  9.5286768E+07
  2.2950002E+03  9.0037816E+07
  2.3050000E+03  8.5337104E+07
  2.3149995E+03  7.8443536E+07
  2.3250000E+03  5.0417844E+07
  2.3349995E+03  6.8462144E+07
  2.3449993E+03  6.2910532E+07
  2.3550000E+03  7.7879992E+07
  2.3649988E+03  6.2540752E+07
  2.3750000E+03  6.9180280E+07
  2.3849990E+03  5.7044228E+07
  2.3950000E+03  6.7182448E+07
  2.4050005E+03  6.2260308E+07
  2.4149993E+03  6.6545888E+07
  2.4249990E+03  7.5838352E+07
  2.4349990E+03  7.1747528E+07
  2.4450000E+03  7.9102256E+07
  2.4549990E+03  7.5602632E+07
  2.4649990E+03  7.5145464E+07
  2.4749993E+03  7.1833392E+07
  2.4850005E+03  7.7692608E+07
  2.4950000E+03  7.4202488E+07
  2.5050005E+03  8.4880128E+07
  2.5129988E+03  7.1801136E+07
  2.5179990E+03  7.6358864E+07
  2.5249998E+03  6.8744824E+07
  2.5350007E+03  6.9475632E+07
  2.5449988E+03  6.8355008E+07
  2.5550000E+03  7.4878856E+07
  2.5649990E+03  7.1839712E+07
  2.5749990E+03  7.9924704E+07
  2.5849993E+03  7.6911432E+07
  2.5949990E+03  7.3237264E+07
  2.6049995E+03  6.8923144E+07
  2.6149998E+03  6.8022384E+07
  2.6249990E+03  7.5328880E+07
  2.6350007E+03  7.6347912E+07
  2.6449995E+03  8.9164168E+07
  2.6549998E+03  8.7301936E+07
  2.6649995E+03  7.7402368E+07
  2.6749988E+03  8.2884632E+07
  2.6849988E+03  7.9739144E+07
  2.6949988E+03  7.7514576E+07
  2.7050000E+03  8.0989344E+07
  2.7150000E+03  7.5630512E+07
  2.7249995E+03  7.7192080E+07
  2.7350007E+03  8.3991760E+07
  2.7450002E+03  6.5381828E+07
  2.7549998E+03  6.7101944E+07
  2.7649983E+03  7.0889840E+07
  2.7750005E+03  7.8530200E+07
  2.7850000E+03  7.7481576E+07
  2.7949993E+03  5.3707940E+07
  2.8049995E+03  6.2782268E+07
  2.8150002E+03  8.0507504E+07
  2.8250007E+03  8.3346792E+07
  2.8350000E+03  7.7645976E+07
  2.8450002E+03  7.4843672E+07
  2.8550005E+03  7.3220272E+07
  2.8650000E+03  7.9241192E+07
  2.8749983E+03  7.5728416E+07
  2.8850000E+03  7.7177712E+07
  2.8949988E+03  7.3301184E+07
  2.9099988E+03  8.3135720E+07
  2.9299983E+03  7.9468208E+07
  2.9499990E+03  7.9056632E+07
  2.9700005E+03  8.0267528E+07
  2.9899980E+03  8.1114792E+07
  3.0099995E+03  8.3400136E+07
  3.0299995E+03  8.1469784E+07
  3.0499995E+03  8.0246888E+07
  3.0699995E+03  7.9124792E+07
  3.0899995E+03  8.0668504E+07
  3.1099995E+03  7.7717936E+07
  3.1299998E+03  7.7054752E+07
  3.1499995E+03  7.8270128E+07
  3.1699995E+03  7.7098152E+07
  3.1899995E+03  7.4068648E+07
  3.2099998E+03  7.5799248E+07
  3.2299993E+03  7.4307392E+07
  3.2499993E+03  7.4440696E+07
  3.2699995E+03  7.4290368E+07
  3.2899995E+03  7.4447960E+07
  3.3099998E+03  7.4558496E+07
  3.3299993E+03  7.2778888E+07
  3.3499995E+03  7.1798328E+07
  3.3699995E+03  7.1472776E+07
  3.3899993E+03  7.0477864E+07
  3.4099993E+03  7.1752992E+07
  3.4299995E+03  7.1149200E+07
  3.4499993E+03  7.0573568E+07
  3.4699998E+03  6.9214832E+07
  3.4899993E+03  6.8578480E+07
  3.5099995E+03  6.9312824E+07
  3.5299995E+03  6.9481976E+07
  3.5499995E+03  6.9170624E+07
  3.5699995E+03  6.7992800E+07
  3.5899995E+03  6.7441952E+07
  3.6099995E+03  6.6971372E+07
  3.6299993E+03  6.6384104E+07
  3.6399993E+03  6.6198988E+07
  3.6499995E+03  6.7196912E+07
  3.6699993E+03  6.2234572E+07
  3.6899995E+03  7.7537400E+07
  3.7099995E+03  1.1129202E+08
  3.7299998E+03  1.1590454E+08
  3.7499993E+03  1.3933166E+08
  3.7699993E+03  1.3830522E+08
  3.7899995E+03  1.5006536E+08
  3.8099993E+03  1.6134845E+08
  3.8299998E+03  1.3704918E+08
  3.8499995E+03  1.6163750E+08
  3.8699995E+03  1.6343238E+08
  3.8899995E+03  1.3206733E+08
  3.9099995E+03  1.5893264E+08
  3.9299993E+03  1.5510189E+08
  3.9499993E+03  1.5735989E+08
  3.9699998E+03  1.2316986E+08
  3.9899995E+03  1.5369526E+08
  4.0099995E+03  1.5128037E+08
  4.0299993E+03  1.4848587E+08
  4.0499993E+03  1.4807261E+08
  4.0699993E+03  1.4516310E+08
  4.0899995E+03  1.4025162E+08
  4.1099995E+03  1.1805959E+08
  4.1299995E+03  1.3828133E+08
  4.1499990E+03  1.3923541E+08
  4.1699990E+03  1.3638864E+08
  4.1899995E+03  1.3546090E+08
  4.2099995E+03  1.3396651E+08
  4.2299995E+03  1.3201418E+08
  4.2499995E+03  1.2957740E+08
  4.2699990E+03  1.2765980E+08
  4.2899995E+03  1.2707406E+08
  4.3100000E+03  1.2395455E+08
  4.3299995E+03  1.1661126E+08
  4.3499995E+03  1.0287317E+08
  4.3699995E+03  1.2087203E+08
  4.3899995E+03  1.1780862E+08
  4.4099995E+03  1.1777303E+08
  4.4299995E+03  1.1634154E+08
  4.4499995E+03  1.1517065E+08
  4.4699995E+03  1.1336741E+08
  4.4899995E+03  1.1102172E+08
  4.5099990E+03  1.1047080E+08
  4.5299995E+03  1.0890450E+08
  4.5499990E+03  1.0591838E+08
  4.5699995E+03  1.0701723E+08
  4.5899990E+03  1.0423414E+08
  4.6099990E+03  1.0532950E+08
  4.6299990E+03  1.0181878E+08
  4.6499990E+03  1.0266796E+08
  4.6699990E+03  1.0090083E+08
  4.6899990E+03  1.0026818E+08
  4.7099995E+03  9.7640408E+07
  4.7299990E+03  9.7744280E+07
  4.7499995E+03  9.6538848E+07
  4.7699995E+03  9.5831984E+07
  4.7899990E+03  9.4677112E+07
  4.8099995E+03  9.3147240E+07
  4.8299995E+03  9.1702416E+07
  4.8499990E+03  8.6363952E+07
  4.8700000E+03  7.3882360E+07
  4.8899990E+03  8.8709640E+07
  4.9099990E+03  8.7925920E+07
  4.9299990E+03  8.6000296E+07
  4.9499995E+03  8.5824880E+07
  4.9699995E+03  8.5118744E+07
  4.9899990E+03  8.3756976E+07
  5.0099995E+03  8.1452072E+07
  5.0299995E+03  8.1231480E+07
  5.0499995E+03  7.9742880E+07
  5.0699995E+03  7.9671920E+07
  5.0899995E+03  7.8805656E+07
  5.1099990E+03  7.7601360E+07
  5.1299995E+03  7.7064736E+07
  5.1499985E+03  7.5569648E+07
  5.1700000E+03  7.4429328E+07
  5.1899990E+03  7.4017664E+07
  5.2099990E+03  7.3168728E+07
  5.2299995E+03  7.1814104E+07
  5.2499995E+03  7.1813360E+07
  5.2699995E+03  7.0208552E+07
  5.2899990E+03  7.0534904E+07
  5.3099995E+03  6.8860832E+07
  5.3299990E+03  6.8908632E+07
  5.3499995E+03  6.8447032E+07
  5.3699995E+03  6.7554040E+07
  5.3899995E+03  6.6799484E+07
  5.4099990E+03  6.5858564E+07
  5.4299990E+03  6.5204380E+07
  5.4499990E+03  6.4802796E+07
  5.4699995E+03  6.3991076E+07
  5.4899995E+03  6.3378196E+07
  5.5099995E+03  6.2613676E+07
  5.5299985E+03  6.2071684E+07
  5.5499990E+03  6.1512584E+07
  5.5699990E+03  6.0826356E+07
  5.5899995E+03  6.0249616E+07
  5.6099990E+03  5.9784892E+07
  5.6299995E+03  5.9112464E+07
  5.6499990E+03  5.8215576E+07
  5.6699990E+03  5.7745852E+07
  5.6899995E+03  5.7273120E+07
  5.7099995E+03  5.6688888E+07
  5.7299990E+03  5.6099940E+07
  5.7499990E+03  5.5500696E+07
  5.7699990E+03  5.4944612E+07
  5.7899995E+03  5.4229668E+07
  5.8099985E+03  5.3747596E+07
  5.8300000E+03  5.3191016E+07
  5.8499990E+03  5.2709064E+07
  5.8699985E+03  5.1889116E+07
  5.8899985E+03  5.1418960E+07
  5.9099995E+03  5.1086620E+07
  5.9299985E+03  5.0623700E+07
  5.9499995E+03  4.9807188E+07
  5.9699990E+03  4.9485668E+07
  5.9899990E+03  4.8823976E+07
  6.0099990E+03  4.8580916E+07
  6.0299995E+03  4.8115160E+07
  6.0499990E+03  4.7568056E+07
  6.0699990E+03  4.7102760E+07
  6.0899995E+03  4.6635420E+07
  6.1099985E+03  4.6179260E+07
  6.1299995E+03  4.5713984E+07
  6.1499985E+03  4.4725896E+07
  6.1699985E+03  4.4821364E+07
  6.1900000E+03  4.4413204E+07
  6.2099995E+03  4.3986924E+07
  6.2299985E+03  4.3484632E+07
  6.2499990E+03  4.2593388E+07
  6.2699985E+03  4.2716920E+07
  6.2900000E+03  4.2281900E+07
  6.3099985E+03  4.1728568E+07
  6.3299995E+03  4.1443656E+07
  6.3499985E+03  4.0542088E+07
  6.3699985E+03  4.0267484E+07
  6.3899995E+03  4.0191104E+07
  6.4099990E+03  3.9767400E+07
  6.4299985E+03  3.9459356E+07
  6.4499985E+03  3.8779452E+07
  6.4699990E+03  3.8774060E+07
  6.4899990E+03  3.8228660E+07
  6.5099985E+03  3.7864348E+07
  6.5299990E+03  3.7417184E+07
  6.5499985E+03  3.5624240E+07
  6.5699985E+03  2.9876018E+07
  6.5899995E+03  3.6239268E+07
  6.6099985E+03  3.6194480E+07
  6.6299990E+03  3.5880448E+07
  6.6499985E+03  3.5600212E+07
  6.6699995E+03  3.5210888E+07
  6.6899990E+03  3.4888724E+07
  6.7099995E+03  3.4618300E+07
  6.7299990E+03  3.4253152E+07
  6.7499995E+03  3.3977708E+07
  6.7699985E+03  3.3674512E+07
  6.7899995E+03  3.3348942E+07
  6.8099995E+03  3.3047742E+07
  6.8300000E+03  3.2710728E+07
  6.8499985E+03  3.2422858E+07
  6.8699985E+03  3.2140164E+07
  6.8899985E+03  3.1854646E+07
  6.9099990E+03  3.1556894E+07
  6.9299995E+03  3.1244788E+07
  6.9499990E+03  3.0991130E+07
  6.9699985E+03  3.0717378E+07
  6.9899985E+03  3.0471684E+07
  7.0099985E+03  3.0140122E+07
  7.0299985E+03  2.9922372E+07
  7.0499990E+03  2.9586840E+07
  7.0699980E+03  2.9342064E+07
  7.0899990E+03  2.9137024E+07
  7.1099990E+03  2.8810874E+07
  7.1299995E+03  2.8579806E+07
  7.1499990E+03  2.8345716E+07
  7.1699995E+03  2.8105722E+07
  7.1899985E+03  2.7854120E+07
  7.2099985E+03  2.7628058E+07
  7.2299980E+03  2.7308222E+07
  7.2499990E+03  2.7118334E+07
  7.2699995E+03  2.6902324E+07
  7.2899990E+03  2.6646460E+07
  7.3099980E+03  2.6378892E+07
  7.3299980E+03  2.6200778E+07
  7.3499980E+03  2.6003290E+07
  7.3699985E+03  2.5783278E+07
  7.3899995E+03  2.5554226E+07
  7.4099985E+03  2.5287482E+07
  7.4299995E+03  2.5043020E+07
  7.4500000E+03  2.4849684E+07
  7.4700000E+03  2.4593922E+07
  7.4899990E+03  2.4433888E+07
  7.5099985E+03  2.4191704E+07
  7.5299995E+03  2.4063358E+07
  7.5499980E+03  2.3864672E+07
  7.5699985E+03  2.3663128E+07
  7.5899990E+03  2.3459454E+07
  7.6099980E+03  2.3282318E+07
  7.6299995E+03  2.3076938E+07
  7.6499995E+03  2.2842490E+07
  7.6699980E+03  2.2679338E+07
  7.6899990E+03  2.2491444E+07
  7.7099995E+03  2.2244986E+07
  7.7299985E+03  2.2124356E+07
  7.7499990E+03  2.1940058E+07
  7.7700000E+03  2.1363612E+07
  7.7900000E+03  2.1580600E+07
  7.8099995E+03  2.1420190E+07
  7.8299980E+03  2.1231028E+07
  7.8499980E+03  2.0997654E+07
  7.8699995E+03  2.0776706E+07
  7.8900000E+03  2.0589202E+07
  7.9099995E+03  2.0537604E+07
  7.9300000E+03  2.0390402E+07
  7.9499985E+03  2.0134160E+07
  7.9699990E+03  2.0060514E+07
  7.9900000E+03  1.9688752E+07
  8.0099980E+03  1.9738536E+07
  8.0299985E+03  1.9577230E+07
  8.0500000E+03  1.9421348E+07
  8.0699985E+03  1.9261580E+07
  8.0899990E+03  1.9108318E+07
  8.1099995E+03  1.8946026E+07
  8.1299976E+03  1.8811896E+07
  8.1499976E+03  1.8662966E+07
  8.1699980E+03  1.8519210E+07
  8.1899985E+03  1.8319350E+07
  8.2099990E+03  1.8179902E+07
  8.2300000E+03  1.8010992E+07
  8.2500000E+03  1.7987980E+07
  8.2700000E+03  1.7810192E+07
  8.2899980E+03  1.7336808E+07
  8.3099990E+03  1.6968676E+07
  8.3299980E+03  1.6621261E+07
  8.3500000E+03  1.6717872E+07
  8.3699990E+03  1.6251973E+07
  8.3899990E+03  1.6596850E+07
  8.4099971E+03  1.6632000E+07
  8.4300000E+03  1.7362662E+07
  8.4499990E+03  1.7118596E+07
  8.4699980E+03  1.6143556E+07
  8.4899980E+03  1.8299340E+07
  8.5099990E+03  1.5982264E+07
  8.5299990E+03  1.8439812E+07
  8.5499990E+03  1.5491396E+07
  8.5699990E+03  1.8379902E+07
  8.5900000E+03  1.6950614E+07
  8.6099980E+03  1.6303807E+07
  8.6299990E+03  1.8036192E+07
  8.6499990E+03  1.7623090E+07
  8.6699990E+03  1.4802415E+07
  8.6899990E+03  1.7443264E+07
  8.7099971E+03  1.7541532E+07
  8.7299990E+03  1.7262528E+07
  8.7499980E+03  1.4461634E+07
  8.7699980E+03  1.6841410E+07
  8.7899980E+03  1.7065214E+07
  8.8099990E+03  1.6944134E+07
  8.8299980E+03  1.6687239E+07
  8.8499980E+03  1.6139076E+07
  8.8699980E+03  1.3965725E+07
  8.8899990E+03  1.6330228E+07
  8.9099971E+03  1.6255582E+07
  8.9299980E+03  1.6121433E+07
  8.9499980E+03  1.6085204E+07
  8.9699990E+03  1.5957367E+07
  8.9899990E+03  1.5726095E+07
  9.0099980E+03  1.3581498E+07
  9.0299990E+03  1.4762378E+07
  9.0499990E+03  1.5418447E+07
  9.0699980E+03  1.5171010E+07
  9.0899990E+03  1.5046418E+07
  9.1099980E+03  1.5057143E+07
  9.1299980E+03  1.4965035E+07
  9.1499980E+03  1.4910484E+07
  9.1699980E+03  1.4752328E+07
  9.1899990E+03  1.4546336E+07
  9.2099990E+03  1.4299799E+07
  9.2299980E+03  1.1971119E+07
  9.2499980E+03  1.3962408E+07
  9.2699971E+03  1.3893899E+07
  9.2899990E+03  1.4104775E+07
  9.3099980E+03  1.4040765E+07
  9.3299990E+03  1.3923504E+07
  9.3499980E+03  1.3849785E+07
  9.3699990E+03  1.3747810E+07
  9.3900000E+03  1.3591034E+07
  9.4099980E+03  1.3367825E+07
  9.4299971E+03  1.3436163E+07
  9.4499990E+03  1.3358253E+07
  9.4700000E+03  1.3247274E+07
  9.4899980E+03  1.3158873E+07
  9.5100000E+03  1.3026099E+07
  9.5300000E+03  1.2729649E+07
  9.5500000E+03  1.0777490E+07
  9.5699990E+03  1.2632923E+07
  9.5899980E+03  1.2683517E+07
  9.6099980E+03  1.2585906E+07
  9.6299990E+03  1.2362654E+07
  9.6499990E+03  1.2431615E+07
  9.6699980E+03  1.2288390E+07
  9.6899980E+03  1.2251357E+07
  9.7100000E+03  1.2178161E+07
  9.7299990E+03  1.2087163E+07
  9.7499980E+03  1.1998393E+07
  9.7699961E+03  1.1920909E+07
  9.7899980E+03  1.1832547E+07
  9.8099980E+03  1.1739721E+07
  9.8299990E+03  1.1645212E+07
  9.8499980E+03  1.1565744E+07
  9.8700000E+03  1.1491456E+07
  9.8899980E+03  1.1378784E+07
  9.9099990E+03  1.1340188E+07
  9.9300000E+03  1.1255199E+07
  9.9499980E+03  1.1179179E+07
  9.9699980E+03  1.1108980E+07
  9.9899990E+03  1.1029813E+07
  1.0024998E+04  1.0600569E+07
  1.0074998E+04  1.0096260E+07
  1.0124997E+04  1.0448069E+07
  1.0174997E+04  1.0333628E+07
  1.0224998E+04  1.0178041E+07
  1.0274997E+04  1.0006432E+07
  1.0325000E+04  9.8327080E+06
  1.0374999E+04  9.6720160E+06
  1.0425000E+04  9.5156780E+06
  1.0474998E+04  9.3447150E+06
  1.0524997E+04  9.1779210E+06
  1.0574999E+04  9.0451810E+06
  1.0625000E+04  8.9041860E+06
  1.0674997E+04  8.6936940E+06
  1.0724998E+04  8.5931690E+06
  1.0774999E+04  8.4704450E+06
  1.0824997E+04  8.3235800E+06
  1.0874997E+04  8.1975245E+06
  1.0924999E+04  7.4651820E+06
  1.0974996E+04  7.8514630E+06
  1.1025000E+04  7.8228660E+06
  1.1074998E+04  7.7014055E+06
  1.1124999E+04  7.5805870E+06
  1.1174998E+04  7.4607140E+06
  1.1224999E+04  7.3453615E+06
  1.1274997E+04  7.1689345E+06
  1.1325000E+04  7.0693455E+06
  1.1375000E+04  7.0082075E+06
  1.1425000E+04  6.8993790E+06
  1.1474997E+04  6.7979030E+06
  1.1525000E+04  6.6947975E+06
  1.1574998E+04  6.5923775E+06
  1.1625000E+04  6.4769680E+06
  1.1674998E+04  6.3749015E+06
  1.1724997E+04  6.2973555E+06
  1.1775001E+04  6.1700785E+06
  1.1824999E+04  6.1056185E+06
  1.1875000E+04  6.0083585E+06
  1.1925000E+04  5.9337075E+06
  1.1975001E+04  5.8390725E+06
  1.2024998E+04  5.7590940E+06
  1.2074996E+04  5.6735180E+06
  1.2125000E+04  5.5904310E+06
  1.2175000E+04  5.5110600E+06
  1.2225001E+04  5.4302755E+06
  1.2275001E+04  5.3496230E+06
  1.2324996E+04  5.2743180E+06
  1.2374996E+04  5.1993110E+06
  1.2424998E+04  5.1277765E+06
  1.2475000E+04  5.0410000E+06
  1.2524997E+04  4.9825845E+06
  1.2574997E+04  4.9030160E+06
  1.2624999E+04  4.8403825E+06
  1.2674997E+04  4.7755385E+06
  1.2724999E+04  4.7094650E+06
  1.2774999E+04  4.6274275E+06
  1.2825000E+04  4.2393755E+06
  1.2875001E+04  4.5074150E+06
  1.2924997E+04  4.4543450E+06
  1.2975001E+04  4.3930005E+06
  1.3024998E+04  4.3335810E+06
  1.3074999E+04  4.2742760E+06
  1.3125000E+04  4.2164025E+06
  1.3174998E+04  4.1497358E+06
  1.3224998E+04  4.1033390E+06
  1.3274997E+04  4.0481170E+06
  1.3324997E+04  3.9938180E+06
  1.3374999E+04  3.9406368E+06
  1.3424999E+04  3.8864640E+06
  1.3474999E+04  3.8342298E+06
  1.3525001E+04  3.7820420E+06
  1.3574999E+04  3.7335860E+06
  1.3624997E+04  3.6847238E+06
  1.3674997E+04  3.6332502E+06
  1.3724995E+04  3.5864288E+06
  1.3774998E+04  3.5441582E+06
  1.3824998E+04  3.4982668E+06
  1.3874996E+04  3.4533360E+06
  1.3925000E+04  3.4077900E+06
  1.3974996E+04  3.3647400E+06
  1.4024997E+04  3.3220212E+06
  1.4075001E+04  3.2798228E+06
  1.4124996E+04  3.2373858E+06
  1.4175000E+04  3.1971490E+06
  1.4225000E+04  3.1564675E+06
  1.4274994E+04  3.1170185E+06
  1.4325001E+04  3.0776695E+06
  1.4374998E+04  3.0387962E+06
  1.4424999E+04  2.9924192E+06
  1.4475000E+04  2.9635100E+06
  1.4524997E+04  2.9218942E+06
  1.4569999E+04  2.8946442E+06
  1.4620000E+04  2.9157695E+06
  1.4674998E+04  2.9249190E+06
  1.4725000E+04  2.8442760E+06
  1.4775002E+04  2.7729395E+06
  1.4824998E+04  2.7088435E+06
  1.4874996E+04  2.6555900E+06
  1.4924997E+04  2.6072152E+06
  1.4974999E+04  2.5804252E+06
  1.5024999E+04  2.5304042E+06
  1.5075000E+04  2.5131490E+06
  1.5124999E+04  2.4873388E+06
  1.5175000E+04  2.4750642E+06
  1.5225002E+04  2.5020655E+06
  1.5274998E+04  2.3922265E+06
  1.5324995E+04  2.3905988E+06
  1.5374997E+04  2.4273480E+06
  1.5425001E+04  2.3142582E+06
  1.5474996E+04  2.3864818E+06
  1.5524994E+04  2.3722295E+06
  1.5575001E+04  2.2158512E+06
  1.5624998E+04  2.3439670E+06
  1.5674997E+04  2.2654068E+06
  1.5724994E+04  2.1600692E+06
  1.5774996E+04  2.2662978E+06
  1.5825001E+04  2.2384588E+06
  1.5874995E+04  2.0497800E+06
  1.5925002E+04  2.1722570E+06
  1.5975001E+04  2.1669472E+06
  1.6049998E+04  2.1179330E+06
  1.6150001E+04  2.0023770E+06
  1.6249997E+04  2.0348761E+06
  1.6350000E+04  1.9762374E+06
  1.6449996E+04  1.8729286E+06
  1.6549998E+04  1.9020790E+06
  1.6649994E+04  1.8601394E+06
  1.6749998E+04  1.8063046E+06
  1.6849998E+04  1.7128786E+06
  1.6950000E+04  1.7399328E+06
  1.7049996E+04  1.7029955E+06
  1.7150000E+04  1.6667976E+06
  1.7249992E+04  1.6304380E+06
  1.7349994E+04  1.5282212E+06
  1.7449992E+04  1.5586361E+06
  1.7550000E+04  1.5291811E+06
  1.7649998E+04  1.4975118E+06
  1.7749994E+04  1.4663375E+06
  1.7849994E+04  1.4363566E+06
  1.7949998E+04  1.4077689E+06
  1.8050002E+04  1.3752150E+06
  1.8150002E+04  1.2970896E+06
  1.8249994E+04  1.3162830E+06
  1.8349992E+04  1.2967175E+06
  1.8449992E+04  1.2708569E+06
  1.8549998E+04  1.2443816E+06
  1.8650002E+04  1.2200246E+06
  1.8750002E+04  1.1456432E+06
  1.8850000E+04  1.1715835E+06
  1.8950004E+04  1.1500185E+06
  1.9049996E+04  1.1280116E+06
  1.9149998E+04  1.1061939E+06
  1.9249992E+04  1.0847682E+06
  1.9350000E+04  1.0634220E+06
  1.9449992E+04  1.0011299E+06
  1.9550002E+04  1.0233427E+06
  1.9649992E+04  1.0047587E+06
  1.9749992E+04  9.8572419E+05
  1.9849992E+04  9.6730794E+05
  1.9950002E+04  9.4930419E+05
  2.0050002E+04  9.3174275E+05
  2.0149996E+04  9.1453862E+05
  2.0249994E+04  8.9773788E+05
  2.0349994E+04  8.8126769E+05
  2.0449996E+04  8.6526488E+05
  2.0550000E+04  8.4954888E+05
  2.0649992E+04  8.3418525E+05
  2.0749998E+04  8.1923388E+05
  2.0849992E+04  8.0461806E+05
  2.0950004E+04  7.9025900E+05
  2.1050002E+04  7.7624738E+05
  2.1149992E+04  7.6222119E+05
  2.1250000E+04  7.4890662E+05
  2.1350002E+04  7.3575000E+05
  2.1449996E+04  7.2310912E+05
  2.1550006E+04  7.1045881E+05
  2.1649994E+04  6.7025069E+05
  2.1750002E+04  6.8548369E+05
  2.1849998E+04  6.7467075E+05
  2.1950002E+04  6.6318888E+05
  2.2050000E+04  6.5195706E+05
  2.2149996E+04  6.4081619E+05
  2.2249998E+04  6.3017588E+05
  2.2350004E+04  6.1961662E+05
  2.2449990E+04  6.0929588E+05
  2.2549994E+04  5.9913994E+05
  2.2650000E+04  5.8925656E+05
  2.2750000E+04  5.7954562E+05
  2.2850000E+04  5.7252150E+05
  2.2950004E+04  5.6976019E+05
  2.3050000E+04  5.5767288E+05
  2.3149996E+04  5.4613119E+05
  2.3250000E+04  5.3523356E+05
  2.3349996E+04  5.2445412E+05
  2.3449994E+04  5.1472256E+05
  2.3550002E+04  5.0523831E+05
  2.3649988E+04  4.9685319E+05
  2.3750000E+04  4.8978544E+05
  2.3849990E+04  4.8193200E+05
  2.3950002E+04  4.7434253E+05
  2.4050006E+04  4.6576850E+05
  2.4149992E+04  4.5735281E+05
  2.4249990E+04  4.5798988E+05
  2.4349990E+04  4.4453350E+05
  2.4450002E+04  4.3734366E+05
  2.4549990E+04  4.3724509E+05
  2.4649992E+04  4.2668606E+05
  2.4749992E+04  4.2039138E+05
  2.4850006E+04  4.2146781E+05
  2.4950000E+04  3.9982559E+05
  2.5050006E+04  4.0945747E+05
  2.5149994E+04  4.0297403E+05
  2.5249998E+04  3.8142919E+05
  2.5350004E+04  3.9032053E+05
  2.5449988E+04  3.8549150E+05
  2.5549998E+04  3.7885531E+05
  2.5649990E+04  3.5859159E+05
  2.5749990E+04  3.6815816E+05
  2.5849994E+04  3.6321784E+05
  2.5949990E+04  3.5796244E+05
  2.6049996E+04  3.5102781E+05
  2.6149998E+04  3.3313722E+05
  2.6249988E+04  3.2677150E+05
  2.6350008E+04  3.3682394E+05
  2.6449996E+04  3.3282281E+05
  2.6549994E+04  3.2805969E+05
  2.6649994E+04  3.2289175E+05
  2.6749988E+04  3.0499312E+05
  2.6849986E+04  3.1379881E+05
  2.6949986E+04  3.0986125E+05
  2.7050002E+04  3.0551975E+05
  2.7149998E+04  3.0125459E+05
  2.7249994E+04  2.9705384E+05
  2.7350006E+04  2.9292616E+05
  2.7450004E+04  2.8881591E+05
  2.7549996E+04  2.7406625E+05
  2.7649982E+04  2.7841978E+05
  2.7750004E+04  2.7711591E+05
  2.7850000E+04  2.7332750E+05
  2.7949992E+04  2.6961031E+05
  2.8049994E+04  2.6595322E+05
  2.8150002E+04  2.6234588E+05
  2.8250006E+04  2.5880652E+05
  2.8350000E+04  2.5533878E+05
  2.8450000E+04  2.5190394E+05
  2.8550002E+04  2.4856627E+05
  2.8650002E+04  2.4425011E+05
  2.8749982E+04  2.3211681E+05
  2.8849998E+04  2.3866208E+05
  2.8949986E+04  2.3548800E+05
  2.9049994E+04  2.3257925E+05
  2.9149986E+04  2.2947894E+05
  2.9249984E+04  2.2653872E+05
  2.9349980E+04  2.2358945E+05
  2.9450000E+04  2.2070069E+05
  2.9550004E+04  2.1786334E+05
  2.9649982E+04  2.1505527E+05
  2.9749992E+04  2.1230078E+05
  2.9849994E+04  2.0958689E+05
  2.9949984E+04  2.0691722E+05
  3.0049996E+04  2.0428642E+05
  3.0149994E+04  2.0169436E+05
  3.0249994E+04  1.9913619E+05
  3.0349996E+04  1.9046827E+05
  3.0449996E+04  1.9157997E+05
  3.0549996E+04  1.9169620E+05
  3.0649996E+04  1.8936461E+05
  3.0749994E+04  1.8700745E+05
  3.0849996E+04  1.8457784E+05
  3.0949994E+04  1.8240775E+05
  3.1049996E+04  1.8016400E+05
  3.1149996E+04  1.7794917E+05
  3.1249996E+04  1.7576281E+05
  3.1349996E+04  1.7363519E+05
  3.1449996E+04  1.7150434E+05
  3.1549998E+04  1.6944619E+05
  3.1649996E+04  1.6738805E+05
  3.1749998E+04  1.6537108E+05
  3.1849996E+04  1.6339470E+05
  3.1949994E+04  1.6143242E+05
  3.2099996E+04  1.5855616E+05
  3.2299992E+04  1.5481850E+05
  3.2499994E+04  1.5118189E+05
  3.2699996E+04  1.4765412E+05
  3.2899996E+04  1.4076545E+05
  3.3099996E+04  1.4146961E+05
  3.3299992E+04  1.3834853E+05
  3.3499996E+04  1.3492903E+05
  3.3699996E+04  1.3161062E+05
  3.3899996E+04  1.2847891E+05
  3.4099996E+04  1.2532715E+05
  3.4299996E+04  1.2247691E+05
  3.4499992E+04  1.1973484E+05
  3.4699996E+04  1.1713207E+05
  3.4899996E+04  1.1448509E+05
  3.5099996E+04  1.1211083E+05
  3.5299996E+04  1.0972843E+05
  3.5499996E+04  1.0709353E+05
  3.5699992E+04  1.0464366E+05
  3.5899992E+04  1.0358620E+05
  3.6099996E+04  1.0006824E+05
  3.6299992E+04  9.9314555E+04
  3.6499992E+04  9.5766141E+04
  3.6699992E+04  9.5295820E+04
  3.6899992E+04  9.1612219E+04
  3.7099996E+04  9.1325086E+04
  3.7299996E+04  8.8696594E+04
  3.7499992E+04  8.4956172E+04
  3.7699996E+04  8.5859586E+04
  3.7899996E+04  8.4148000E+04
  3.8099992E+04  8.1356781E+04
  3.8299996E+04  8.0103516E+04
  3.8499996E+04  7.9179391E+04
  3.8699996E+04  7.7595914E+04
  3.8899992E+04  7.5980992E+04
  3.9099996E+04  7.2904086E+04
  3.9299992E+04  7.3112805E+04
  3.9499992E+04  7.1664414E+04
  3.9699992E+04  7.0298797E+04
  3.9900000E+04  6.8933180E+04
  4.0099996E+04  6.7071188E+04
  4.0299992E+04  6.5277469E+04
  4.0499996E+04  6.3639809E+04
  4.0699992E+04  6.3816461E+04
  4.0899992E+04  6.2621828E+04
  4.1099996E+04  6.1451824E+04
  4.1299996E+04  6.0301504E+04
  4.1499992E+04  5.9177020E+04
  4.1699992E+04  5.6702027E+04
  4.1899996E+04  5.6992465E+04
  4.2099996E+04  5.5969754E+04
  4.2299992E+04  5.4951172E+04
  4.2499996E+04  5.3951305E+04
  4.2699992E+04  5.2975996E+04
  4.2899992E+04  5.2022625E+04
  4.3099996E+04  5.1090703E+04
  4.3299996E+04  5.0177766E+04
  4.3499992E+04  4.9287387E+04
  4.3699996E+04  4.7355738E+04
  4.3899996E+04  4.7423711E+04
  4.4099992E+04  4.6729160E+04
  4.4299992E+04  4.5912727E+04
  4.4499996E+04  4.5114746E+04
  4.4699996E+04  4.4512082E+04
  4.4899996E+04  4.3742680E+04
  4.5099992E+04  4.2992562E+04
  4.5299992E+04  4.2252109E+04
  4.5499996E+04  4.1537543E+04
  4.5699992E+04  4.0833844E+04
  4.5899996E+04  4.0144375E+04
  4.6099996E+04  3.9470633E+04
  4.6299992E+04  3.8808773E+04
  4.6499988E+04  3.7377996E+04
  4.6699992E+04  3.6526473E+04
  4.6899992E+04  3.6864734E+04
  4.7099992E+04  3.6300988E+04
  4.7299992E+04  3.5705027E+04
  4.7499996E+04  3.5117785E+04
  4.7699992E+04  3.4550715E+04
  4.7899992E+04  3.3991875E+04
  4.8099996E+04  3.3444359E+04
  4.8299992E+04  3.2906352E+04
  4.8499992E+04  3.2379270E+04
  4.8700000E+04  3.1864469E+04
  4.8899992E+04  3.1358586E+04
  4.9099988E+04  3.0861426E+04
  4.9299988E+04  3.0375934E+04
  4.9499996E+04  2.9898789E+04
  4.9699992E+04  2.9431395E+04
  4.9899988E+04  2.8973537E+04
  5.0099996E+04  2.8525035E+04
  5.0299996E+04  2.8082736E+04
  5.0499996E+04  2.7652449E+04
  5.0699996E+04  2.7228066E+04
  5.0899992E+04  2.6812398E+04
  5.1099992E+04  2.6382180E+04
  5.1299996E+04  2.5370924E+04
  5.1499988E+04  2.5601805E+04
  5.1699996E+04  2.5226510E+04
  5.1899992E+04  2.4847848E+04
  5.2099992E+04  2.4477014E+04
  5.2299996E+04  2.4112492E+04
  5.2499996E+04  2.3755541E+04
  5.2699996E+04  2.3404660E+04
  5.2899992E+04  2.3061088E+04
  5.3099988E+04  2.2722021E+04
  5.3299988E+04  2.2391361E+04
  5.3499992E+04  2.2064996E+04
  5.3699992E+04  2.1745482E+04
  5.3899992E+04  2.1430092E+04
  5.4099992E+04  2.1122625E+04
  5.4299984E+04  2.0819102E+04
  5.4499988E+04  2.0521986E+04
  5.4699996E+04  2.0229908E+04
  5.4899992E+04  1.9942789E+04
  5.5099992E+04  1.9660539E+04
  5.5299988E+04  1.9383078E+04
  5.5499988E+04  1.9111541E+04
  5.5699992E+04  1.8843395E+04
  5.5899992E+04  1.8581006E+04
  5.6099988E+04  1.8321871E+04
  5.6299996E+04  1.8069502E+04
  5.6499988E+04  1.7819076E+04
  5.6699988E+04  1.7574061E+04
  5.6899992E+04  1.7333207E+04
  5.7099996E+04  1.7096445E+04
  5.7299988E+04  1.6863717E+04
  5.7499988E+04  1.6634939E+04
  5.7699988E+04  1.6410057E+04
  5.7899996E+04  1.6189000E+04
  5.8099988E+04  1.5971716E+04
  5.8299996E+04  1.5758126E+04
  5.8499992E+04  1.5581214E+04
  5.8699988E+04  1.5373539E+04
  5.8899988E+04  1.5150944E+04
  5.9099992E+04  1.4600955E+04
  5.9299988E+04  1.4766182E+04
  5.9499996E+04  1.4578751E+04
  5.9699988E+04  1.4388223E+04
  5.9899992E+04  1.4199900E+04
  6.0099992E+04  1.4015852E+04
  6.0299992E+04  1.3833927E+04
  6.0499988E+04  1.3655130E+04
  6.0699992E+04  1.3479403E+04
  6.0899992E+04  1.3305689E+04
  6.1099988E+04  1.3135975E+04
  6.1299992E+04  1.2968188E+04
  6.1499988E+04  1.2803300E+04
  6.1699988E+04  1.2641262E+04
  6.1899996E+04  1.2481044E+04
  6.2099996E+04  1.2324582E+04
  6.2299988E+04  1.2169872E+04
  6.2499992E+04  1.2016882E+04
  6.2699988E+04  1.1867513E+04
  6.2899996E+04  1.1719792E+04
  6.3099984E+04  1.1574658E+04
  6.3299996E+04  1.1431111E+04
  6.3499984E+04  1.1290084E+04
  6.3699984E+04  1.1151523E+04
  6.3900000E+04  1.1015391E+04
  6.4199992E+04  1.0813972E+04
  6.4599984E+04  1.0553181E+04
  6.4999992E+04  1.0299749E+04
  6.5399992E+04  1.0054354E+04
  6.5799992E+04  9.8158877E+03
  6.6199984E+04  9.5841553E+03
  6.6599984E+04  9.3606592E+03
  6.6999992E+04  9.1426387E+03
  6.7399992E+04  8.9307793E+03
  6.7799992E+04  8.7249082E+03
  6.8199992E+04  8.5256680E+03
  6.8599992E+04  8.3312676E+03
  6.8999984E+04  8.1423745E+03
  6.9399984E+04  7.9596138E+03
  6.9800000E+04  7.7812666E+03
  7.0199992E+04  7.6080659E+03
  7.0599984E+04  7.4396406E+03
  7.0999977E+04  7.2759360E+03
  7.1399977E+04  7.1160869E+03
  7.1799984E+04  6.9614565E+03
  7.2199984E+04  6.8108188E+03
  7.2600000E+04  6.6639961E+03
  7.2999984E+04  6.5214639E+03
  7.3400000E+04  6.3824683E+03
  7.3799984E+04  6.2471367E+03
  7.4199992E+04  6.1155728E+03
  7.4599992E+04  5.9719111E+03
  7.5000000E+04  5.7872217E+03
  7.5399992E+04  5.7410913E+03
  7.5799992E+04  5.6227622E+03
  7.6199984E+04  5.5074399E+03
  7.6599992E+04  5.3949165E+03
  7.6999992E+04  5.2853823E+03
  7.7399992E+04  5.1785107E+03
  7.7799984E+04  5.0744238E+03
  7.8199984E+04  4.9729292E+03
  7.8599984E+04  4.8739028E+03
  7.8999984E+04  4.7773457E+03
  7.9399984E+04  4.6831401E+03
  7.9800000E+04  4.5912275E+03
  8.0199992E+04  4.5016157E+03
  8.0599984E+04  4.4141328E+03
  8.0999992E+04  4.3287842E+03
  8.1399977E+04  4.2454663E+03
  8.1799984E+04  4.1641289E+03
  8.2199984E+04  4.0847271E+03
  8.2599992E+04  4.0072710E+03
  8.2999984E+04  3.9315540E+03
  8.3400000E+04  3.8576416E+03
  8.3799992E+04  3.7854419E+03
  8.4199992E+04  3.7149678E+03
  8.4599977E+04  3.6461296E+03
  8.4999977E+04  3.5788354E+03
  8.5399984E+04  3.5131028E+03
  8.5799984E+04  3.4488479E+03
  8.6199992E+04  3.3860874E+03
  8.6599992E+04  3.3246885E+03
  8.6999984E+04  3.2647222E+03
  8.7399992E+04  3.2061045E+03
  8.7799992E+04  3.1487603E+03
  8.8199984E+04  3.0927097E+03
  8.8599977E+04  3.0379248E+03
  8.8999992E+04  2.9843291E+03
  8.9399977E+04  2.9319006E+03
  8.9799977E+04  2.8806118E+03
  9.0199984E+04  2.8304392E+03
  9.0599984E+04  2.7813601E+03
  9.0999992E+04  2.7333052E+03
  9.1400000E+04  2.6863438E+03
  9.1799969E+04  2.6403660E+03
  9.2199969E+04  2.5953472E+03
  9.2599984E+04  2.5512688E+03
  9.3000000E+04  2.5081560E+03
  9.3399984E+04  2.4659470E+03
  9.3799984E+04  2.4245791E+03
  9.4199977E+04  2.3841206E+03
  9.4599984E+04  2.3444683E+03
  9.4999969E+04  2.3056494E+03
  9.5399984E+04  2.2676440E+03
  9.5799984E+04  2.2303984E+03
  9.6199992E+04  2.1939363E+03
  9.6599984E+04  2.1582029E+03
  9.7000000E+04  2.1231821E+03
  9.7399977E+04  2.0888630E+03
  9.7799984E+04  2.0552683E+03
  9.8199977E+04  2.0223071E+03
  9.8599977E+04  1.9900057E+03
  9.8999992E+04  1.9583892E+03
  9.9399984E+04  1.9273696E+03
  9.9799977E+04  1.8969348E+03
  1.0019999E+05  1.8671102E+03
  1.9999991E+05  1.1914191E+02
  3.9999994E+05  7.3844404E+00
  5.9999981E+05  1.4432024E+00
  7.9999994E+05  4.5238575E-01
