  9.2499988E+02  1.0962192E-16
  9.3499982E+02  1.5440791E-16
  9.4500000E+02  2.9971162E-16
  9.5500000E+02  3.4710121E-16
  9.6499988E+02  7.8678148E-16
  9.7499982E+02  1.1500641E-15
  9.8499976E+02  1.9218259E-15
  9.9499988E+02  4.1074288E-15
  1.0049999E+03  5.9693931E-15
  1.0149997E+03  9.0271901E-15
  1.0249998E+03  1.5631581E-14
  1.0349998E+03  4.0113129E-14
  1.0449998E+03  6.4329516E-14
  1.0549999E+03  7.2437417E-14
  1.0649999E+03  2.0310985E-13
  1.0750000E+03  3.1494799E-13
  1.0849996E+03  6.5875712E-13
  1.0949999E+03  1.0267726E-12
  1.1049999E+03  1.5635801E-12
  1.1149999E+03  2.5135337E-12
  1.1249999E+03  6.1610834E-12
  1.1349996E+03  1.2819561E-11
  1.1449999E+03  2.3132867E-11
  1.1549999E+03  3.7576584E-11
  1.1650000E+03  5.4674137E-11
  1.1749995E+03  9.5180336E-11
  1.1849996E+03  1.1887195E-10
  1.1949998E+03  1.4004045E-10
  1.2049996E+03  1.0965551E-10
  1.2149998E+03  1.6782485E-11
  1.2249996E+03  1.9186314E-10
  1.2349996E+03  6.5433237E-10
  1.2449998E+03  1.1359416E-09
  1.2549996E+03  1.8459396E-09
  1.2650000E+03  2.3016564E-09
  1.2749998E+03  3.5781680E-09
  1.2849995E+03  3.5594276E-09
  1.2949998E+03  4.9603579E-09
  1.3049995E+03  6.3477414E-09
  1.3149998E+03  8.6541485E-09
  1.3249998E+03  1.0074614E-08
  1.3349996E+03  1.1642166E-08
  1.3449995E+03  1.6216177E-08
  1.3549996E+03  2.2199462E-08
  1.3649999E+03  2.4414938E-08
  1.3749999E+03  2.5539638E-08
  1.3849996E+03  3.1242799E-08
  1.3949999E+03  3.5963417E-08
  1.4050001E+03  5.3146533E-08
  1.4149998E+03  6.7877721E-08
  1.4249998E+03  7.5332707E-08
  1.4350000E+03  1.1203061E-07
  1.4419998E+03  1.6859617E-07
  1.4469999E+03  1.3620304E-07
  1.4549994E+03  1.6347400E-07
  1.4650000E+03  2.6589717E-07
  1.4749995E+03  3.3089324E-07
  1.4849996E+03  3.4220281E-07
  1.4949998E+03  5.5892411E-07
  1.5049996E+03  8.2456245E-07
  1.5119995E+03  3.9595699E-07
  1.5169994E+03  7.4093037E-07
  1.5250001E+03  1.0705412E-06
  1.5349994E+03  1.3989763E-06
  1.5449994E+03  9.4741057E-07
  1.5549998E+03  1.5383110E-06
  1.5649999E+03  1.4474205E-06
  1.5750001E+03  2.9506855E-06
  1.5850000E+03  3.2857715E-06
  1.5949996E+03  3.1429665E-06
  1.6049999E+03  3.4440909E-06
  1.6150000E+03  3.7547279E-06
  1.6249996E+03  3.7167915E-06
  1.6350000E+03  5.0624258E-06
  1.6449996E+03  6.9914963E-06
  1.6549999E+03  5.9527138E-06
  1.6649993E+03  9.7115117E-06
  1.6720000E+03  8.2842389E-06
  1.6770001E+03  1.2782372E-05
  1.6849998E+03  1.6781141E-05
  1.6950000E+03  2.5133235E-05
  1.7049995E+03  2.5712763E-05
  1.7150000E+03  2.9249974E-05
  1.7249993E+03  4.0898947E-05
  1.7349994E+03  4.7891612E-05
  1.7449993E+03  6.8679969E-05
  1.7550001E+03  6.9224116E-05
  1.7649998E+03  8.9716465E-05
  1.7749995E+03  8.3777217E-05
  1.7849995E+03  1.5892384E-04
  1.7949999E+03  1.3766669E-04
  1.8050001E+03  2.3746250E-04
  1.8150001E+03  1.7344084E-04
  1.8249994E+03  2.9169294E-04
  1.8349993E+03  2.5340248E-04
  1.8449993E+03  3.9603189E-04
  1.8549998E+03  3.1638346E-04
  1.8650002E+03  5.2664464E-04
  1.8750001E+03  5.0690782E-04
  1.8850000E+03  6.4123259E-04
  1.8950002E+03  8.2156784E-04
  1.9049996E+03  8.9978293E-04
  1.9149999E+03  1.2909019E-03
  1.9249993E+03  1.1084563E-03
  1.9350001E+03  7.4751442E-04
  1.9449993E+03  1.6053134E-03
  1.9550002E+03  2.2793077E-03
  1.9670002E+03  2.5412578E-03
  1.9759990E+03  2.9542770E-03
  1.9839996E+03  3.8031687E-03
  1.9950001E+03  3.4689503E-03
  2.0050002E+03  4.1768365E-03
  2.0149996E+03  4.8336079E-03
  2.0249994E+03  4.7037625E-03
  2.0349995E+03  5.9707286E-03
  2.0449998E+03  6.3372222E-03
  2.0550000E+03  7.5504053E-03
  2.0649993E+03  7.4491007E-03
  2.0739993E+03  7.0531801E-03
  2.0780002E+03  1.5932754E-02
  2.0849993E+03  2.3340309E-02
  2.0950005E+03  2.5826955E-02
  2.1050002E+03  2.3024704E-02
  2.1149990E+03  2.3681717E-02
  2.1250000E+03  2.8677803E-02
  2.1350002E+03  3.8502883E-02
  2.1449998E+03  2.7659150E-02
  2.1550005E+03  3.6827791E-02
  2.1649995E+03  3.5241786E-02
  2.1750002E+03  4.0109187E-02
  2.1849998E+03  3.5314497E-02
  2.1950000E+03  6.7323670E-02
  2.2050000E+03  5.3771343E-02
  2.2149998E+03  6.9554210E-02
  2.2249998E+03  5.5981558E-02
  2.2350005E+03  1.0583492E-01
  2.2449990E+03  1.1965709E-01
  2.2549993E+03  1.6450234E-01
  2.2650000E+03  7.3881961E-02
  2.2750000E+03  1.7786202E-01
  2.2850000E+03  1.5964103E-01
  2.2950002E+03  3.0725726E-01
  2.3050000E+03  8.3578594E-02
  2.3149995E+03  4.1206232E-01
  2.3250000E+03  2.9769966E-01
  2.3349995E+03  5.1837367E-01
  2.3449993E+03  2.9793921E-01
  2.3550000E+03  2.3945467E-01
  2.3649988E+03  3.5653859E-01
  2.3750000E+03  3.3433354E-01
  2.3849990E+03  6.6162163E-01
  2.3950000E+03  5.8417660E-01
  2.4050005E+03  1.2333648E+00
  2.4149993E+03  6.8070334E-01
  2.4249990E+03  9.1098261E-01
  2.4349990E+03  1.4877510E+00
  2.4450000E+03  2.1383824E+00
  2.4549990E+03  2.5837412E+00
  2.4649990E+03  1.4766209E+00
  2.4749993E+03  2.8962140E+00
  2.4850005E+03  9.1474110E-01
  2.4950000E+03  1.1744944E+00
  2.5050005E+03  2.5474846E+00
  2.5129988E+03  1.7768930E+00
  2.5179990E+03  2.0661044E+00
  2.5249998E+03  2.5773697E+00
  2.5350007E+03  6.2921433E+00
  2.5449988E+03  7.8911867E+00
  2.5550000E+03  8.3558455E+00
  2.5649990E+03  4.2070837E+00
  2.5749990E+03  7.5663414E+00
  2.5849993E+03  5.1112108E+00
  2.5949990E+03  6.4011974E+00
  2.6049995E+03  9.4271765E+00
  2.6149998E+03  8.2423496E+00
  2.6249990E+03  1.4194285E+01
  2.6350007E+03  2.2044910E+01
  2.6449995E+03  1.6538288E+01
  2.6549998E+03  2.3958729E+01
  2.6649995E+03  2.0326607E+01
  2.6749988E+03  1.8251675E+01
  2.6849988E+03  2.5602333E+01
  2.6949988E+03  1.7794535E+01
  2.7050000E+03  3.2490986E+01
  2.7150000E+03  3.1540140E+01
  2.7249995E+03  2.7191502E+01
  2.7350007E+03  2.7996248E+01
  2.7450002E+03  4.2589931E+01
  2.7549998E+03  3.8531876E+01
  2.7649983E+03  5.7254906E+01
  2.7750005E+03  7.6695610E+01
  2.7850000E+03  5.0966282E+01
  2.7949993E+03  7.3793564E+01
  2.8049995E+03  7.2507011E+01
  2.8150002E+03  7.5268387E+01
  2.8250007E+03  7.8036125E+01
  2.8350000E+03  6.9504051E+01
  2.8450002E+03  5.3293530E+01
  2.8550005E+03  2.5151960E+01
  2.8650000E+03  8.8195702E+01
  2.8749983E+03  9.2232330E+01
  2.8850000E+03  1.5621120E+02
  2.8949988E+03  1.8512065E+02
  2.9099988E+03  2.2892464E+02
  2.9299983E+03  2.4917357E+02
  2.9499990E+03  2.6211807E+02
  2.9700005E+03  2.7255252E+02
  2.9899980E+03  3.5272650E+02
  3.0099995E+03  4.0901703E+02
  3.0299995E+03  5.2794910E+02
  3.0499995E+03  6.4707782E+02
  3.0699995E+03  5.8782983E+02
  3.0899995E+03  5.5487457E+02
  3.1099995E+03  8.0058856E+02
  3.1299998E+03  7.9781171E+02
  3.1499995E+03  1.0807086E+03
  3.1699995E+03  1.4929261E+03
  3.1899995E+03  1.3466892E+03
  3.2099998E+03  1.6692506E+03
  3.2299993E+03  1.9214553E+03
  3.2499993E+03  2.6542705E+03
  3.2699995E+03  3.2322969E+03
  3.2899995E+03  4.3342700E+03
  3.3099998E+03  4.1414126E+03
  3.3299993E+03  4.8351655E+03
  3.3499995E+03  5.3449277E+03
  3.3699995E+03  4.3588247E+03
  3.3899993E+03  5.8322324E+03
  3.4099993E+03  7.2980898E+03
  3.4299995E+03  7.8635903E+03
  3.4499993E+03  9.0463438E+03
  3.4699998E+03  1.0833082E+04
  3.4899993E+03  1.1756885E+04
  3.5099995E+03  1.7326830E+04
  3.5299995E+03  1.3523318E+04
  3.5499995E+03  1.7954945E+04
  3.5699995E+03  1.6756107E+04
  3.5899995E+03  1.7959578E+04
  3.6099995E+03  2.3017199E+04
  3.6299993E+03  2.7485975E+04
  3.6399993E+03  2.9909250E+04
  3.6499995E+03  1.9976396E+04
  3.6699993E+03  2.9072639E+04
  3.6899995E+03  2.1639586E+04
  3.7099995E+03  1.7883473E+04
  3.7299998E+03  8.4878604E+03
  3.7499993E+03  1.1048963E+04
  3.7699993E+03  2.6241361E+04
  3.7899995E+03  2.9319619E+04
  3.8099993E+03  2.5779414E+04
  3.8299998E+03  1.1830100E+04
  3.8499995E+03  2.0173934E+04
  3.8699995E+03  1.8374445E+04
  3.8899995E+03  2.1327652E+04
  3.9099995E+03  3.0100502E+04
  3.9299993E+03  1.1561112E+04
  3.9499993E+03  2.3897475E+04
  3.9699998E+03  1.5177698E+04
  3.9899995E+03  5.4644887E+04
  4.0099995E+03  7.9218891E+04
  4.0299993E+03  6.1508023E+04
  4.0499993E+03  6.8603211E+04
  4.0699993E+03  5.9370230E+04
  4.0899995E+03  9.6693805E+04
  4.1099995E+03  6.5858766E+04
  4.1299995E+03  7.1852922E+04
  4.1499990E+03  7.2964500E+04
  4.1699990E+03  7.0348922E+04
  4.1899995E+03  7.4399852E+04
  4.2099995E+03  5.1954617E+04
  4.2299995E+03  2.0100686E+04
  4.2499995E+03  5.5407141E+04
  4.2699990E+03  6.3121180E+04
  4.2899995E+03  6.5176684E+04
  4.3100000E+03  7.3571656E+04
  4.3299995E+03  1.0884508E+05
  4.3499995E+03  1.1998916E+05
  4.3699995E+03  1.2442889E+05
  4.3899995E+03  1.0186909E+05
  4.4099995E+03  1.0046293E+05
  4.4299995E+03  1.0069622E+05
  4.4499995E+03  1.1553402E+05
  4.4699995E+03  1.1756447E+05
  4.4899995E+03  1.3380125E+05
  4.5099990E+03  1.4886444E+05
  4.5299995E+03  1.2155718E+05
  4.5499990E+03  1.3225558E+05
  4.5699995E+03  1.6211234E+05
  4.5899990E+03  1.2064238E+05
  4.6099990E+03  1.4013089E+05
  4.6299990E+03  1.1425947E+05
  4.6499990E+03  1.2103375E+05
  4.6699990E+03  1.2668961E+05
  4.6899990E+03  1.3089347E+05
  4.7099995E+03  1.2777009E+05
  4.7299990E+03  1.2517809E+05
  4.7499995E+03  1.2683946E+05
  4.7699995E+03  7.2384797E+04
  4.7899990E+03  9.3769117E+04
  4.8099995E+03  8.3755008E+04
  4.8299995E+03  1.0368805E+05
  4.8499990E+03  1.0860357E+05
  4.8700000E+03  1.2736256E+05
  4.8899990E+03  1.4931250E+05
  4.9099990E+03  1.5897173E+05
  4.9299990E+03  1.6896873E+05
  4.9499995E+03  1.2275479E+05
  4.9699995E+03  7.6199492E+04
  4.9899990E+03  9.0473086E+04
  5.0099995E+03  7.3507688E+04
  5.0299995E+03  9.6627852E+04
  5.0499995E+03  1.0262238E+05
  5.0699995E+03  1.0793470E+05
  5.0899995E+03  1.1430491E+05
  5.1099990E+03  1.2863876E+05
  5.1299995E+03  1.2681310E+05
  5.1499985E+03  1.2227762E+05
  5.1700000E+03  7.2708375E+04
  5.1899990E+03  8.3480711E+04
  5.2099990E+03  1.0197462E+05
  5.2299995E+03  1.6361016E+05
  5.2499995E+03  1.7895933E+05
  5.2699995E+03  1.6311639E+05
  5.2899990E+03  2.1767355E+05
  5.3099995E+03  2.2204941E+05
  5.3299990E+03  1.9809425E+05
  5.3499995E+03  2.1971542E+05
  5.3699995E+03  2.1289538E+05
  5.3899995E+03  2.2507691E+05
  5.4099990E+03  2.3431823E+05
  5.4299990E+03  2.3296586E+05
  5.4499990E+03  1.3558716E+05
  5.4699995E+03  1.4347408E+05
  5.4899995E+03  1.5906731E+05
  5.5099995E+03  1.5012194E+05
  5.5299985E+03  1.9261119E+05
  5.5499990E+03  2.0740656E+05
  5.5699990E+03  2.2963491E+05
  5.5899995E+03  2.3452909E+05
  5.6099990E+03  1.4845672E+05
  5.6299995E+03  1.7575069E+05
  5.6499990E+03  2.0159309E+05
  5.6699990E+03  2.0405222E+05
  5.6899995E+03  2.4773358E+05
  5.7099995E+03  2.4392133E+05
  5.7299990E+03  2.9323612E+05
  5.7499990E+03  2.7770856E+05
  5.7699990E+03  2.3391858E+05
  5.7899995E+03  2.6187162E+05
  5.8099985E+03  2.3494975E+05
  5.8300000E+03  2.5698255E+05
  5.8499990E+03  2.4777584E+05
  5.8699985E+03  2.0865417E+05
  5.8899985E+03  1.9185189E+05
  5.9099995E+03  1.9428748E+05
  5.9299985E+03  1.9739309E+05
  5.9499995E+03  1.9967570E+05
  5.9699990E+03  2.1552734E+05
  5.9899990E+03  2.2949366E+05
  6.0099990E+03  2.4064128E+05
  6.0299995E+03  2.7010969E+05
  6.0499990E+03  2.9143359E+05
  6.0699990E+03  3.1021134E+05
  6.0899995E+03  3.1255512E+05
  6.1099985E+03  3.1174353E+05
  6.1299995E+03  3.0377738E+05
  6.1499985E+03  2.9561941E+05
  6.1699985E+03  1.7559620E+05
  6.1900000E+03  1.8099183E+05
  6.2099995E+03  1.5867802E+05
  6.2299985E+03  1.4376138E+05
  6.2499990E+03  1.5539970E+05
  6.2699985E+03  1.7209045E+05
  6.2900000E+03  1.9726919E+05
  6.3099985E+03  2.1858723E+05
  6.3299995E+03  2.1698239E+05
  6.3499985E+03  2.2111150E+05
  6.3699985E+03  2.3040231E+05
  6.3899995E+03  2.2894377E+05
  6.4099990E+03  2.1965959E+05
  6.4299985E+03  2.2584002E+05
  6.4499985E+03  2.2274825E+05
  6.4699990E+03  2.2131922E+05
  6.4899990E+03  2.1664789E+05
  6.5099985E+03  2.4293811E+05
  6.5299990E+03  2.4067473E+05
  6.5499985E+03  2.3533477E+05
  6.5699985E+03  2.3388669E+05
  6.5899995E+03  2.3686730E+05
  6.6099985E+03  2.3210786E+05
  6.6299990E+03  2.2480452E+05
  6.6499985E+03  2.3470802E+05
  6.6699995E+03  2.0380841E+05
  6.6899990E+03  1.6545378E+05
  6.7099995E+03  1.4236236E+05
  6.7299990E+03  1.3523761E+05
  6.7499995E+03  1.3495002E+05
  6.7699985E+03  1.3275655E+05
  6.7899995E+03  1.3128920E+05
  6.8099995E+03  1.4113650E+05
  6.8300000E+03  1.5011528E+05
  6.8499985E+03  1.5376028E+05
  6.8699985E+03  1.6257262E+05
  6.8899985E+03  1.7679567E+05
  6.9099990E+03  1.9740023E+05
  6.9299995E+03  1.9914925E+05
  6.9499990E+03  2.2608275E+05
  6.9699985E+03  2.4559322E+05
  6.9899985E+03  2.6193156E+05
  7.0099985E+03  2.9659434E+05
  7.0299985E+03  3.0485709E+05
  7.0499990E+03  3.2115447E+05
  7.0699980E+03  3.0514059E+05
  7.0899990E+03  1.9824389E+05
  7.1099990E+03  1.4048469E+05
  7.1299995E+03  1.3691866E+05
  7.1499990E+03  1.2650009E+05
  7.1699995E+03  1.3102765E+05
  7.1899985E+03  1.3306898E+05
  7.2099985E+03  1.3596253E+05
  7.2299980E+03  1.5313531E+05
  7.2499990E+03  1.7144986E+05
  7.2699995E+03  1.9343130E+05
  7.2899990E+03  2.0978177E+05
  7.3099980E+03  2.4772862E+05
  7.3299980E+03  2.6754003E+05
  7.3499980E+03  2.9607266E+05
  7.3699985E+03  3.2144134E+05
  7.3899995E+03  3.4633828E+05
  7.4099985E+03  3.7921619E+05
  7.4299995E+03  3.9367841E+05
  7.4500000E+03  3.9991631E+05
  7.4700000E+03  4.3247984E+05
  7.4899990E+03  4.3962862E+05
  7.5099985E+03  4.5572609E+05
  7.5299995E+03  4.7377250E+05
  7.5499980E+03  4.7562794E+05
  7.5699985E+03  4.7474841E+05
  7.5899990E+03  4.7882850E+05
  7.6099980E+03  4.4892791E+05
  7.6299995E+03  3.3268425E+05
  7.6499995E+03  2.7666038E+05
  7.6699980E+03  2.5521381E+05
  7.6899990E+03  2.2439203E+05
  7.7099995E+03  2.2620169E+05
  7.7299985E+03  2.1664102E+05
  7.7499990E+03  2.2342744E+05
  7.7700000E+03  2.1187016E+05
  7.7900000E+03  2.3885667E+05
  7.8099995E+03  2.3516441E+05
  7.8299980E+03  2.2557081E+05
  7.8499980E+03  2.0967695E+05
  7.8699995E+03  2.3659217E+05
  7.8900000E+03  2.2742406E+05
  7.9099995E+03  2.2754595E+05
  7.9300000E+03  2.4241312E+05
  7.9499985E+03  2.5704464E+05
  7.9699990E+03  2.6258850E+05
  7.9900000E+03  2.8675097E+05
  8.0099980E+03  3.2621778E+05
  8.0299985E+03  3.1255912E+05
  8.0500000E+03  3.3713397E+05
  8.0699985E+03  3.6102228E+05
  8.0899990E+03  3.7255931E+05
  8.1099995E+03  4.0569253E+05
  8.1299976E+03  4.3387912E+05
  8.1499976E+03  4.5268106E+05
  8.1699980E+03  4.6896291E+05
  8.1899985E+03  4.7630756E+05
  8.2099990E+03  4.9606700E+05
  8.2300000E+03  5.0914900E+05
  8.2500000E+03  4.9186588E+05
  8.2700000E+03  4.9718491E+05
  8.2899980E+03  4.9121500E+05
  8.3099990E+03  4.6266700E+05
  8.3299980E+03  4.3667862E+05
  8.3500000E+03  4.4573069E+05
  8.3699990E+03  4.4279659E+05
  8.3899990E+03  4.2138903E+05
  8.4099971E+03  4.1196225E+05
  8.4300000E+03  3.0698494E+05
  8.4499990E+03  2.1906738E+05
  8.4699980E+03  2.4132888E+05
  8.4899980E+03  2.3857819E+05
  8.5099990E+03  2.3553330E+05
  8.5299990E+03  2.5165625E+05
  8.5499990E+03  2.6449266E+05
  8.5699990E+03  2.7626788E+05
  8.5900000E+03  2.9503769E+05
  8.6099980E+03  3.2207666E+05
  8.6299990E+03  3.4400584E+05
  8.6499990E+03  3.6187728E+05
  8.6699990E+03  3.5478688E+05
  8.6899990E+03  3.9454256E+05
  8.7099971E+03  4.2035819E+05
  8.7299990E+03  4.4199331E+05
  8.7499980E+03  4.4695747E+05
  8.7699980E+03  4.6304450E+05
  8.7899980E+03  4.8398331E+05
  8.8099990E+03  4.8960294E+05
  8.8299980E+03  4.9598822E+05
  8.8499980E+03  5.1043984E+05
  8.8699980E+03  4.9870750E+05
  8.8899990E+03  5.1181522E+05
  8.9099971E+03  5.2451600E+05
  8.9299980E+03  5.2051556E+05
  8.9499980E+03  5.2548169E+05
  8.9699990E+03  5.3147519E+05
  8.9899990E+03  5.4538131E+05
  9.0099980E+03  5.3456319E+05
  9.0299990E+03  5.4610450E+05
  9.0499990E+03  5.5740081E+05
  9.0699980E+03  5.6437919E+05
  9.0899990E+03  5.4967919E+05
  9.1099980E+03  5.5525769E+05
  9.1299980E+03  5.6715456E+05
  9.1499980E+03  5.5968319E+05
  9.1699980E+03  5.6624962E+05
  9.1899990E+03  5.6459044E+05
  9.2099990E+03  4.7948759E+05
  9.2299980E+03  4.2989191E+05
  9.2499980E+03  4.3913491E+05
  9.2699971E+03  4.2154294E+05
  9.2899990E+03  3.9129925E+05
  9.3099980E+03  4.0442394E+05
  9.3299990E+03  4.1342922E+05
  9.3499980E+03  3.9617041E+05
  9.3699990E+03  3.9870753E+05
  9.3900000E+03  4.2583016E+05
  9.4099980E+03  4.2246075E+05
  9.4299971E+03  4.2187812E+05
  9.4499990E+03  4.3283012E+05
  9.4700000E+03  4.5570456E+05
  9.4899980E+03  4.5872209E+05
  9.5100000E+03  4.6600038E+05
  9.5300000E+03  4.7777666E+05
  9.5500000E+03  4.7813216E+05
  9.5699990E+03  4.8777697E+05
  9.5899980E+03  5.0786497E+05
  9.6099980E+03  5.0616119E+05
  9.6299990E+03  5.2075728E+05
  9.6499990E+03  5.0690928E+05
  9.6699980E+03  5.1476591E+05
  9.6899980E+03  5.3836162E+05
  9.7100000E+03  5.3354869E+05
  9.7299990E+03  5.2972612E+05
  9.7499980E+03  5.3734388E+05
  9.7699961E+03  5.4694725E+05
  9.7899980E+03  5.3822894E+05
  9.8099980E+03  5.6003356E+05
  9.8299990E+03  5.5327331E+05
  9.8499980E+03  5.6745369E+05
  9.8700000E+03  5.6859794E+05
  9.8899980E+03  5.7161606E+05
  9.9099990E+03  5.6835206E+05
  9.9300000E+03  5.6923588E+05
  9.9499980E+03  5.7201106E+05
  9.9699980E+03  5.7563088E+05
  9.9899990E+03  5.7849988E+05
  1.0024998E+04  5.7049419E+05
  1.0074998E+04  5.6848294E+05
  1.0124997E+04  5.6843131E+05
  1.0174997E+04  5.5645412E+05
  1.0224998E+04  5.4493556E+05
  1.0274997E+04  5.4096538E+05
  1.0325000E+04  5.3185106E+05
  1.0374999E+04  5.2838225E+05
  1.0425000E+04  5.3469575E+05
  1.0474998E+04  5.3557781E+05
  1.0524997E+04  5.4026181E+05
  1.0574999E+04  5.3954425E+05
  1.0625000E+04  5.4579094E+05
  1.0674997E+04  5.4102106E+05
  1.0724998E+04  5.4502781E+05
  1.0774999E+04  5.4588688E+05
  1.0824997E+04  5.4214188E+05
  1.0874997E+04  5.4780762E+05
  1.0924999E+04  5.5246319E+05
  1.0974996E+04  5.5166350E+05
  1.1025000E+04  5.5001812E+05
  1.1074998E+04  5.4715175E+05
  1.1124999E+04  5.4726700E+05
  1.1174998E+04  5.4367800E+05
  1.1224999E+04  5.4632006E+05
  1.1274997E+04  5.4003344E+05
  1.1325000E+04  5.4006312E+05
  1.1375000E+04  5.3485988E+05
  1.1425000E+04  5.3033294E+05
  1.1474997E+04  5.3796700E+05
  1.1525000E+04  5.3963400E+05
  1.1574998E+04  5.3425112E+05
  1.1625000E+04  5.2643131E+05
  1.1674998E+04  5.2781919E+05
  1.1724997E+04  5.3341181E+05
  1.1775001E+04  5.2342959E+05
  1.1824999E+04  5.2415853E+05
  1.1875000E+04  5.1849819E+05
  1.1925000E+04  5.2801469E+05
  1.1975001E+04  5.1263303E+05
  1.2024998E+04  5.2442800E+05
  1.2074996E+04  5.2017150E+05
  1.2125000E+04  5.2234756E+05
  1.2175000E+04  5.2218338E+05
  1.2225001E+04  5.2092028E+05
  1.2275001E+04  5.1863544E+05
  1.2324996E+04  5.1585000E+05
  1.2374996E+04  5.1675769E+05
  1.2424998E+04  5.1221638E+05
  1.2475000E+04  5.1189491E+05
  1.2524997E+04  5.0793638E+05
  1.2574997E+04  5.0788381E+05
  1.2624999E+04  5.0665775E+05
  1.2674997E+04  5.0325478E+05
  1.2724999E+04  5.0412356E+05
  1.2774999E+04  5.0664856E+05
  1.2825000E+04  4.9116194E+05
  1.2875001E+04  4.9935425E+05
  1.2924997E+04  4.9155203E+05
  1.2975001E+04  5.0135391E+05
  1.3024998E+04  4.9651306E+05
  1.3074999E+04  5.0001706E+05
  1.3125000E+04  4.8746691E+05
  1.3174998E+04  4.9152231E+05
  1.3224998E+04  4.9617019E+05
  1.3274997E+04  4.9017356E+05
  1.3324997E+04  4.9310059E+05
  1.3374999E+04  4.9274806E+05
  1.3424999E+04  4.9495816E+05
  1.3474999E+04  4.9452850E+05
  1.3525001E+04  4.9355603E+05
  1.3574999E+04  4.9076531E+05
  1.3624997E+04  4.8568872E+05
  1.3674997E+04  4.9173278E+05
  1.3724995E+04  4.9429647E+05
  1.3774998E+04  4.9212400E+05
  1.3824998E+04  4.9420803E+05
  1.3874996E+04  4.8840225E+05
  1.3925000E+04  4.9418784E+05
  1.3974996E+04  4.9499847E+05
  1.4024997E+04  4.8883222E+05
  1.4075001E+04  4.9534897E+05
  1.4124996E+04  4.9196178E+05
  1.4175000E+04  4.9592184E+05
  1.4225000E+04  4.9214378E+05
  1.4274994E+04  4.7858988E+05
  1.4325001E+04  4.9462291E+05
  1.4374998E+04  4.9485269E+05
  1.4424999E+04  4.8744494E+05
  1.4475000E+04  4.9675925E+05
  1.4524997E+04  4.9323819E+05
  1.4569999E+04  4.9481006E+05
  1.4620000E+04  4.9902791E+05
  1.4674998E+04  5.0015766E+05
  1.4725000E+04  4.9402138E+05
  1.4775002E+04  4.9801775E+05
  1.4824998E+04  5.0158947E+05
  1.4874996E+04  4.9303022E+05
  1.4924997E+04  5.0899553E+05
  1.4974999E+04  5.0491328E+05
  1.5024999E+04  4.8820797E+05
  1.5075000E+04  4.9633031E+05
  1.5124999E+04  5.1069162E+05
  1.5175000E+04  5.0963844E+05
  1.5225002E+04  5.1508906E+05
  1.5274998E+04  5.1976356E+05
  1.5324995E+04  5.1894422E+05
  1.5374997E+04  5.2558275E+05
  1.5425001E+04  5.2791244E+05
  1.5474996E+04  5.3097262E+05
  1.5524994E+04  5.2588562E+05
  1.5575001E+04  5.2877288E+05
  1.5624998E+04  5.3601081E+05
  1.5674997E+04  5.2887094E+05
  1.5724994E+04  5.3479156E+05
  1.5774996E+04  5.1840241E+05
  1.5825001E+04  5.3456744E+05
  1.5874995E+04  5.2601856E+05
  1.5925002E+04  5.3473794E+05
  1.5975001E+04  5.4556762E+05
  1.6049998E+04  5.4870000E+05
  1.6150001E+04  5.4615788E+05
  1.6249997E+04  5.4814538E+05
  1.6350000E+04  5.5098731E+05
  1.6449996E+04  5.4215106E+05
  1.6549998E+04  5.3759969E+05
  1.6649994E+04  5.2715275E+05
  1.6749998E+04  5.1116866E+05
  1.6849998E+04  5.0571647E+05
  1.6950000E+04  5.0148459E+05
  1.7049996E+04  4.8501872E+05
  1.7150000E+04  4.7771366E+05
  1.7249992E+04  4.6536734E+05
  1.7349994E+04  4.5943003E+05
  1.7449992E+04  4.5028238E+05
  1.7550000E+04  4.4182597E+05
  1.7649998E+04  4.3580575E+05
  1.7749994E+04  4.2510997E+05
  1.7849994E+04  4.2216919E+05
  1.7949998E+04  4.1167888E+05
  1.8050002E+04  4.0094344E+05
  1.8150002E+04  3.9606859E+05
  1.8249994E+04  3.8723853E+05
  1.8349992E+04  3.7875562E+05
  1.8449992E+04  3.6835262E+05
  1.8549998E+04  3.6761044E+05
  1.8650002E+04  3.5651925E+05
  1.8750002E+04  3.5238356E+05
  1.8850000E+04  3.4703259E+05
  1.8950004E+04  3.3022381E+05
  1.9049996E+04  3.3553834E+05
  1.9149998E+04  3.2834481E+05
  1.9249992E+04  3.2368181E+05
  1.9350000E+04  3.1145012E+05
  1.9449992E+04  3.0465103E+05
  1.9550002E+04  3.0390775E+05
  1.9649992E+04  3.0091050E+05
  1.9749992E+04  2.8923656E+05
  1.9849992E+04  2.8538312E+05
  1.9950002E+04  2.8304012E+05
  2.0050002E+04  2.8407547E+05
  2.0149996E+04  2.7875778E+05
  2.0249994E+04  2.6980094E+05
  2.0349994E+04  2.6731959E+05
  2.0449996E+04  2.6572953E+05
  2.0550000E+04  2.6036622E+05
  2.0649992E+04  2.5475862E+05
  2.0749998E+04  2.5167891E+05
  2.0849992E+04  2.4630688E+05
  2.0950004E+04  2.3990083E+05
  2.1050002E+04  2.3931038E+05
  2.1149992E+04  2.3412209E+05
  2.1250000E+04  2.3074728E+05
  2.1350002E+04  2.2878081E+05
  2.1449996E+04  2.2484322E+05
  2.1550006E+04  2.2039239E+05
  2.1649994E+04  2.1783089E+05
  2.1750002E+04  2.1182655E+05
  2.1849998E+04  2.0992372E+05
  2.1950002E+04  2.0660777E+05
  2.2050000E+04  1.9742352E+05
  2.2149996E+04  2.0139633E+05
  2.2249998E+04  1.9339567E+05
  2.2350004E+04  1.9228725E+05
  2.2449990E+04  1.8961405E+05
  2.2549994E+04  1.8858053E+05
  2.2650000E+04  1.8177122E+05
  2.2750000E+04  1.8307378E+05
  2.2850000E+04  1.7840834E+05
  2.2950004E+04  1.4358269E+05
  2.3050000E+04  1.5584745E+05
  2.3149996E+04  1.5589588E+05
  2.3250000E+04  1.2717539E+05
  2.3349996E+04  1.4050902E+05
  2.3449994E+04  1.4099170E+05
  2.3550002E+04  1.1685734E+05
  2.3649988E+04  1.3167964E+05
  2.3750000E+04  1.3073323E+05
  2.3849990E+04  1.1227375E+05
  2.3950002E+04  1.2308132E+05
  2.4050006E+04  1.2517977E+05
  2.4149992E+04  1.0907531E+05
  2.4249990E+04  1.1739634E+05
  2.4349990E+04  1.1926787E+05
  2.4450002E+04  1.1032846E+05
  2.4549990E+04  1.0928784E+05
  2.4649992E+04  1.1534083E+05
  2.4749992E+04  1.1102810E+05
  2.4850006E+04  1.0446253E+05
  2.4950000E+04  1.0889809E+05
  2.5050006E+04  1.1336161E+05
  2.5149994E+04  1.0190791E+05
  2.5249998E+04  1.0701123E+05
  2.5350004E+04  1.0785696E+05
  2.5449988E+04  1.0450428E+05
  2.5549998E+04  1.0294330E+05
  2.5649990E+04  1.0405477E+05
  2.5749990E+04  1.0439586E+05
  2.5849994E+04  9.8600188E+04
  2.5949990E+04  1.0003480E+05
  2.6049996E+04  1.0103916E+05
  2.6149998E+04  9.9281711E+04
  2.6249988E+04  9.7788695E+04
  2.6350008E+04  9.8089508E+04
  2.6449996E+04  9.7144672E+04
  2.6549994E+04  9.6179117E+04
  2.6649994E+04  9.3819609E+04
  2.6749988E+04  9.6225773E+04
  2.6849986E+04  9.4569727E+04
  2.6949986E+04  9.2505031E+04
  2.7050002E+04  9.2774742E+04
  2.7149998E+04  9.1796172E+04
  2.7249994E+04  9.1280984E+04
  2.7350006E+04  8.9330336E+04
  2.7450004E+04  8.9275656E+04
  2.7549996E+04  8.9130094E+04
  2.7649982E+04  8.7417336E+04
  2.7750004E+04  8.6034891E+04
  2.7850000E+04  8.5767898E+04
  2.7949992E+04  8.5512188E+04
  2.8049994E+04  8.4314609E+04
  2.8150002E+04  8.2870344E+04
  2.8250006E+04  8.2374352E+04
  2.8350000E+04  8.1934914E+04
  2.8450000E+04  8.0847938E+04
  2.8550002E+04  7.9861969E+04
  2.8650002E+04  7.9066773E+04
  2.8749982E+04  7.8390195E+04
  2.8849998E+04  7.7431195E+04
  2.8949986E+04  7.6573602E+04
  2.9049994E+04  7.5408906E+04
  2.9149986E+04  7.4684062E+04
  2.9249984E+04  7.2681555E+04
  2.9349980E+04  7.2961234E+04
  2.9450000E+04  7.2184141E+04
  2.9550004E+04  7.1359875E+04
  2.9649982E+04  7.0720883E+04
  2.9749992E+04  6.9965273E+04
  2.9849994E+04  6.8939156E+04
  2.9949984E+04  6.8084820E+04
  3.0049996E+04  6.7369547E+04
  3.0149994E+04  6.6732750E+04
  3.0249994E+04  6.5674727E+04
  3.0349996E+04  6.5034055E+04
  3.0449996E+04  6.4445078E+04
  3.0549996E+04  6.3539484E+04
  3.0649996E+04  6.2744562E+04
  3.0749994E+04  6.2165828E+04
  3.0849996E+04  6.1011348E+04
  3.0949994E+04  6.0633469E+04
  3.1049996E+04  6.0028621E+04
  3.1149996E+04  5.8832367E+04
  3.1249996E+04  5.8626188E+04
  3.1349996E+04  5.7903953E+04
  3.1449996E+04  5.7208746E+04
  3.1549998E+04  5.6532523E+04
  3.1649996E+04  5.5694473E+04
  3.1749998E+04  5.5340449E+04
  3.1849996E+04  5.4707535E+04
  3.1949994E+04  5.4114664E+04
  3.2099996E+04  5.3153070E+04
  3.2299992E+04  5.1883008E+04
  3.2499994E+04  5.0757770E+04
  3.2699996E+04  4.9575055E+04
  3.2899996E+04  4.8504285E+04
  3.3099996E+04  4.7362859E+04
  3.3299992E+04  4.6269055E+04
  3.3499996E+04  4.5416105E+04
  3.3699996E+04  4.4364473E+04
  3.3899996E+04  4.3324590E+04
  3.4099996E+04  4.2260617E+04
  3.4299996E+04  4.1577086E+04
  3.4499992E+04  4.0726113E+04
  3.4699996E+04  3.9848125E+04
  3.4899996E+04  3.9015371E+04
  3.5099996E+04  3.8235652E+04
  3.5299996E+04  3.7368258E+04
  3.5499996E+04  3.6646465E+04
  3.5699992E+04  3.5855703E+04
  3.5899992E+04  3.5118227E+04
  3.6099996E+04  3.4441094E+04
  3.6299992E+04  3.3736703E+04
  3.6499992E+04  3.2997555E+04
  3.6699992E+04  3.2286457E+04
  3.6899992E+04  3.1541762E+04
  3.7099996E+04  3.0879625E+04
  3.7299996E+04  3.0397729E+04
  3.7499992E+04  2.9734125E+04
  3.7699996E+04  2.9244531E+04
  3.7899996E+04  2.8653441E+04
  3.8099992E+04  2.8130219E+04
  3.8299996E+04  2.7618889E+04
  3.8499996E+04  2.7088689E+04
  3.8699996E+04  2.6386834E+04
  3.8899992E+04  2.6009152E+04
  3.9099996E+04  2.5571256E+04
  3.9299992E+04  2.5079934E+04
  3.9499992E+04  2.4478904E+04
  3.9699992E+04  2.4077518E+04
  3.9900000E+04  2.3476092E+04
  4.0099996E+04  2.3153711E+04
  4.0299992E+04  2.2823105E+04
  4.0499996E+04  2.2312291E+04
  4.0699992E+04  2.1975742E+04
  4.0899992E+04  2.1584555E+04
  4.1099996E+04  2.1188547E+04
  4.1299996E+04  2.0832090E+04
  4.1499992E+04  2.0441041E+04
  4.1699992E+04  2.0071895E+04
  4.1899996E+04  1.9623869E+04
  4.2099996E+04  1.9266969E+04
  4.2299992E+04  1.9046051E+04
  4.2499996E+04  1.8665936E+04
  4.2699992E+04  1.8380744E+04
  4.2899992E+04  1.6692314E+04
  4.3099996E+04  1.4482729E+04
  4.3299996E+04  1.4528483E+04
  4.3499992E+04  1.3434974E+04
  4.3699996E+04  1.2702897E+04
  4.3899996E+04  1.2271129E+04
  4.4099992E+04  1.1662821E+04
  4.4299992E+04  1.1325087E+04
  4.4499996E+04  1.1100618E+04
  4.4699996E+04  1.0610271E+04
  4.4899996E+04  1.0590707E+04
  4.5099992E+04  1.0231569E+04
  4.5299992E+04  1.0013648E+04
  4.5499996E+04  9.9727588E+03
  4.5699992E+04  9.8519287E+03
  4.5899996E+04  9.5373740E+03
  4.6099996E+04  9.6256865E+03
  4.6299992E+04  9.4283018E+03
  4.6499988E+04  9.4175889E+03
  4.6699992E+04  9.5034473E+03
  4.6899992E+04  9.2007686E+03
  4.7099992E+04  9.0867949E+03
  4.7299992E+04  9.2536035E+03
  4.7499996E+04  8.9223750E+03
  4.7699992E+04  8.8475469E+03
  4.7899992E+04  8.9288193E+03
  4.8099996E+04  8.5319834E+03
  4.8299992E+04  8.7243760E+03
  4.8499992E+04  8.5596777E+03
  4.8700000E+04  8.3425811E+03
  4.8899992E+04  8.1730200E+03
  4.9099988E+04  8.1758018E+03
  4.9299988E+04  8.0012529E+03
  4.9499996E+04  7.8332490E+03
  4.9699992E+04  7.8841123E+03
  4.9899988E+04  7.8022788E+03
  5.0099996E+04  7.6435986E+03
  5.0299996E+04  7.5631304E+03
  5.0499996E+04  7.3878232E+03
  5.0699996E+04  7.4303389E+03
  5.0899992E+04  7.3016841E+03
  5.1099992E+04  7.1836113E+03
  5.1299996E+04  7.2682832E+03
  5.1499988E+04  7.0728823E+03
  5.1699996E+04  7.0740781E+03
  5.1899992E+04  6.9490332E+03
  5.2099992E+04  6.9592104E+03
  5.2299996E+04  6.7722129E+03
  5.2499996E+04  6.7700562E+03
  5.2699996E+04  6.7963579E+03
  5.2899992E+04  6.6143457E+03
  5.3099988E+04  6.5441719E+03
  5.3299988E+04  6.5409033E+03
  5.3499992E+04  6.4723472E+03
  5.3699992E+04  6.4529663E+03
  5.3899992E+04  6.3776763E+03
  5.4099992E+04  6.3385894E+03
  5.4299984E+04  6.1881060E+03
  5.4499988E+04  6.2291455E+03
  5.4699996E+04  6.1057378E+03
  5.4899992E+04  6.0763325E+03
  5.5099992E+04  6.0054980E+03
  5.5299988E+04  6.1529629E+03
  5.5499988E+04  5.8769277E+03
  5.5699992E+04  5.9489419E+03
  5.5899992E+04  5.8461680E+03
  5.6099988E+04  5.8445410E+03
  5.6299996E+04  5.7020620E+03
  5.6499988E+04  5.7292710E+03
  5.6699988E+04  5.6851738E+03
  5.6899992E+04  5.5641738E+03
  5.7099996E+04  5.6063774E+03
  5.7299988E+04  5.5280679E+03
  5.7499988E+04  5.4801069E+03
  5.7699988E+04  5.4069902E+03
  5.7899996E+04  5.4152129E+03
  5.8099988E+04  5.3052300E+03
  5.8299996E+04  5.2694458E+03
  5.8499992E+04  5.2233506E+03
  5.8699988E+04  5.1322759E+03
  5.8899988E+04  5.0940059E+03
  5.9099992E+04  5.0506343E+03
  5.9299988E+04  5.0063384E+03
  5.9499996E+04  4.9386855E+03
  5.9699988E+04  4.9138970E+03
  5.9899992E+04  4.8627627E+03
  6.0099992E+04  4.8098003E+03
  6.0299992E+04  4.7596084E+03
  6.0499988E+04  4.6767300E+03
  6.0699992E+04  4.6321582E+03
  6.0899992E+04  4.5901021E+03
  6.1099988E+04  4.5240752E+03
  6.1299992E+04  4.4934995E+03
  6.1499988E+04  4.4517715E+03
  6.1699988E+04  4.4118740E+03
  6.1899996E+04  4.3629580E+03
  6.2099996E+04  4.3214189E+03
  6.2299988E+04  4.2679971E+03
  6.2499992E+04  4.2043657E+03
  6.2699988E+04  4.1531499E+03
  6.2899996E+04  4.1176392E+03
  6.3099984E+04  4.0666001E+03
  6.3299996E+04  4.0437625E+03
  6.3499984E+04  3.9846033E+03
  6.3699984E+04  3.9613857E+03
  6.3900000E+04  3.9016572E+03
  6.4199992E+04  3.8398691E+03
  6.4599984E+04  3.7516602E+03
  6.4999992E+04  3.6718328E+03
  6.5399992E+04  3.5899729E+03
  6.5799992E+04  3.5146985E+03
  6.6199984E+04  3.4346160E+03
  6.6599984E+04  3.3593396E+03
  6.6999992E+04  3.2879592E+03
  6.7399992E+04  3.2134717E+03
  6.7799992E+04  3.1423931E+03
  6.8199992E+04  3.0721885E+03
  6.8599992E+04  3.0079663E+03
  6.8999984E+04  2.9420166E+03
  6.9399984E+04  2.8785552E+03
  6.9800000E+04  2.8167366E+03
  7.0199992E+04  2.7549148E+03
  7.0599984E+04  2.6964258E+03
  7.0999977E+04  2.6388516E+03
  7.1399977E+04  2.5830593E+03
  7.1799984E+04  2.5276121E+03
  7.2199984E+04  2.4748940E+03
  7.2600000E+04  2.4226802E+03
  7.2999984E+04  2.3720261E+03
  7.3400000E+04  2.3210691E+03
  7.3799984E+04  2.2739812E+03
  7.4199992E+04  2.2231851E+03
  7.4599992E+04  2.1786934E+03
  7.5000000E+04  2.1342178E+03
  7.5399992E+04  2.0895010E+03
  7.5799992E+04  2.0513110E+03
  7.6199984E+04  2.0099781E+03
  7.6599992E+04  1.9697144E+03
  7.6999992E+04  1.9299866E+03
  7.7399992E+04  1.8919789E+03
  7.7799984E+04  1.8547114E+03
  7.8199984E+04  1.8182284E+03
  7.8599984E+04  1.7826337E+03
  7.8999984E+04  1.7476650E+03
  7.9399984E+04  1.7140858E+03
  7.9800000E+04  1.6811488E+03
  8.0199992E+04  1.6470841E+03
  8.0599984E+04  1.6167429E+03
  8.0999992E+04  1.5860570E+03
  8.1399977E+04  1.5562939E+03
  8.1799984E+04  1.5272601E+03
  8.2199984E+04  1.4985492E+03
  8.2599992E+04  1.4705973E+03
  8.2999984E+04  1.4432233E+03
  8.3400000E+04  1.4152755E+03
  8.3799992E+04  1.3889216E+03
  8.4199992E+04  1.3645977E+03
  8.4599977E+04  1.3390389E+03
  8.4999977E+04  1.3152552E+03
  8.5399984E+04  1.2918053E+03
  8.5799984E+04  1.2688369E+03
  8.6199992E+04  1.2461368E+03
  8.6599992E+04  1.2240023E+03
  8.6999984E+04  1.2020719E+03
  8.7399992E+04  1.1810331E+03
  8.7799992E+04  1.1601313E+03
  8.8199984E+04  1.1397533E+03
  8.8599977E+04  1.1198871E+03
  8.8999992E+04  1.1003308E+03
  8.9399977E+04  1.0814564E+03
  8.9799977E+04  1.0617526E+03
  9.0199984E+04  1.0446235E+03
  9.0599984E+04  1.0267914E+03
  9.0999992E+04  1.0075938E+03
  9.1400000E+04  9.9171362E+02
  9.1799969E+04  9.7477570E+02
  9.2199969E+04  9.5924536E+02
  9.2599984E+04  9.4319922E+02
  9.3000000E+04  9.2752380E+02
  9.3399984E+04  9.1208228E+02
  9.3799984E+04  8.9708356E+02
  9.4199977E+04  8.8234882E+02
  9.4599984E+04  8.6783044E+02
  9.4999969E+04  8.5373395E+02
  9.5399984E+04  8.3984229E+02
  9.5799984E+04  8.2631683E+02
  9.6199992E+04  8.1298663E+02
  9.6599984E+04  7.9992950E+02
  9.7000000E+04  7.8717932E+02
  9.7399977E+04  7.7393689E+02
  9.7799984E+04  7.6230170E+02
  9.8199977E+04  7.5028314E+02
  9.8599977E+04  7.3851166E+02
  9.8999992E+04  7.2694379E+02
  9.9399984E+04  7.1561438E+02
  9.9799977E+04  7.0448065E+02
  1.0019999E+05  6.9357635E+02
  1.9999991E+05  4.5654434E+01
  3.9999994E+05  2.8843629E+00
  5.9999981E+05  5.6791490E-01
  7.9999994E+05  1.7878929E-01
