  9.2499988E+02  1.1021192E-14
  9.3499982E+02  1.5679529E-14
  9.4500000E+02  2.7596081E-14
  9.5500000E+02  3.1084164E-14
  9.6499988E+02  6.7755121E-14
  9.7499982E+02  9.2433121E-14
  9.8499976E+02  1.5809417E-13
  9.9499988E+02  3.2793980E-13
  1.0049999E+03  4.3785743E-13
  1.0149997E+03  6.4999720E-13
  1.0249998E+03  1.3200766E-12
  1.0349998E+03  2.5689847E-12
  1.0449998E+03  3.8869559E-12
  1.0549999E+03  4.4709397E-12
  1.0649999E+03  1.1226678E-11
  1.0750000E+03  1.6849275E-11
  1.0849996E+03  3.5694815E-11
  1.0949999E+03  5.6266852E-11
  1.1049999E+03  8.1049951E-11
  1.1149999E+03  1.3793874E-10
  1.1249999E+03  3.0349989E-10
  1.1349996E+03  6.0471506E-10
  1.1449999E+03  1.0736544E-09
  1.1549999E+03  1.7505617E-09
  1.1650000E+03  2.5069271E-09
  1.1749995E+03  4.6789288E-09
  1.1849996E+03  6.2121517E-09
  1.1949998E+03  8.4958707E-09
  1.2049996E+03  8.6955900E-09
  1.2149998E+03  2.5716542E-09
  1.2249996E+03  1.6956729E-08
  1.2349996E+03  4.5344574E-08
  1.2449998E+03  6.8622661E-08
  1.2549996E+03  1.0660543E-07
  1.2650000E+03  1.4690991E-07
  1.2749998E+03  2.0570296E-07
  1.2849995E+03  2.4483185E-07
  1.2949998E+03  3.1382729E-07
  1.3049995E+03  4.8687031E-07
  1.3149998E+03  6.1866393E-07
  1.3249998E+03  7.7965660E-07
  1.3349996E+03  9.2317589E-07
  1.3449995E+03  1.3200685E-06
  1.3549996E+03  1.8339845E-06
  1.3649999E+03  2.1161636E-06
  1.3749999E+03  2.3020943E-06
  1.3849996E+03  2.8512882E-06
  1.3949999E+03  3.3421568E-06
  1.4050001E+03  4.6886817E-06
  1.4149998E+03  6.1401352E-06
  1.4249998E+03  6.7369947E-06
  1.4350000E+03  9.5018186E-06
  1.4419998E+03  1.4054272E-05
  1.4469999E+03  1.1429513E-05
  1.4549994E+03  1.3951425E-05
  1.4650000E+03  2.0337238E-05
  1.4749995E+03  2.5317860E-05
  1.4849996E+03  2.6295173E-05
  1.4949998E+03  3.9955175E-05
  1.5049996E+03  5.4895991E-05
  1.5119995E+03  3.2150492E-05
  1.5169994E+03  5.1378924E-05
  1.5250001E+03  7.0891001E-05
  1.5349994E+03  9.0344998E-05
  1.5449994E+03  6.7590328E-05
  1.5549998E+03  1.0510404E-04
  1.5649999E+03  1.0392664E-04
  1.5750001E+03  1.7298013E-04
  1.5850000E+03  2.0036142E-04
  1.5949996E+03  2.0831187E-04
  1.6049999E+03  2.3263335E-04
  1.6150000E+03  2.6676693E-04
  1.6249996E+03  2.7681908E-04
  1.6350000E+03  3.6584982E-04
  1.6449996E+03  4.7798452E-04
  1.6549999E+03  4.4841695E-04
  1.6649993E+03  6.5545196E-04
  1.6720000E+03  6.0841464E-04
  1.6770001E+03  8.4629073E-04
  1.6849998E+03  1.0652913E-03
  1.6950000E+03  1.4742682E-03
  1.7049995E+03  1.5638117E-03
  1.7150000E+03  1.7875837E-03
  1.7249993E+03  2.3946343E-03
  1.7349994E+03  2.7926238E-03
  1.7449993E+03  3.8513090E-03
  1.7550001E+03  4.0418957E-03
  1.7649998E+03  4.8979023E-03
  1.7749995E+03  5.0225919E-03
  1.7849995E+03  8.1182281E-03
  1.7949999E+03  7.6743271E-03
  1.8050001E+03  1.1474887E-02
  1.8150001E+03  9.6547529E-03
  1.8249994E+03  1.4339194E-02
  1.8349993E+03  1.3666439E-02
  1.8449993E+03  1.9066727E-02
  1.8549998E+03  1.7189898E-02
  1.8650002E+03  2.4825070E-02
  1.8750001E+03  2.5212510E-02
  1.8850000E+03  3.0783489E-02
  1.8950002E+03  3.8624555E-02
  1.9049996E+03  4.2040393E-02
  1.9149999E+03  5.6027774E-02
  1.9249993E+03  5.2185792E-02
  1.9350001E+03  3.8582619E-02
  1.9449993E+03  7.1062006E-02
  1.9550002E+03  9.3296483E-02
  1.9670002E+03  1.0594821E-01
  1.9759990E+03  1.1978624E-01
  1.9839996E+03  1.4609903E-01
  1.9950001E+03  1.4067763E-01
  2.0050002E+03  1.6448693E-01
  2.0149996E+03  1.8951596E-01
  2.0249994E+03  1.8653721E-01
  2.0349995E+03  2.3117661E-01
  2.0449998E+03  2.5157729E-01
  2.0550000E+03  2.8871691E-01
  2.0649993E+03  2.9531008E-01
  2.0739993E+03  2.9043177E-01
  2.0780002E+03  4.5524645E-01
  2.0849993E+03  5.9332204E-01
  2.0950005E+03  6.5105993E-01
  2.1050002E+03  6.3599575E-01
  2.1149990E+03  6.9204956E-01
  2.1250000E+03  7.8931952E-01
  2.1350002E+03  9.5277816E-01
  2.1449998E+03  8.1745148E-01
  2.1550005E+03  9.6137750E-01
  2.1649995E+03  9.6071589E-01
  2.1750002E+03  1.0563850E+00
  2.1849998E+03  1.0276421E+00
  2.1950000E+03  1.5163856E+00
  2.2050000E+03  1.3817089E+00
  2.2149998E+03  1.5875660E+00
  2.2249998E+03  1.4797273E+00
  2.2350005E+03  2.1977732E+00
  2.2449990E+03  2.4752154E+00
  2.2549993E+03  2.8617511E+00
  2.2650000E+03  1.9377033E+00
  2.2750000E+03  3.1982410E+00
  2.2850000E+03  3.3239970E+00
  2.2950002E+03  4.8799810E+00
  2.3050000E+03  2.3985152E+00
  2.3149995E+03  5.9735613E+00
  2.3250000E+03  5.3632078E+00
  2.3349995E+03  7.5771923E+00
  2.3449993E+03  5.2168994E+00
  2.3550000E+03  5.0515008E+00
  2.3649988E+03  6.2672095E+00
  2.3750000E+03  6.3722939E+00
  2.3849990E+03  9.5623417E+00
  2.3950000E+03  9.2941523E+00
  2.4050005E+03  1.4881013E+01
  2.4149993E+03  1.0379789E+01
  2.4249990E+03  1.2362330E+01
  2.4349990E+03  1.7460344E+01
  2.4450000E+03  2.2248453E+01
  2.4549990E+03  2.5451740E+01
  2.4649990E+03  1.8940128E+01
  2.4749993E+03  2.8591902E+01
  2.4850005E+03  1.5372581E+01
  2.4950000E+03  1.6932037E+01
  2.5050005E+03  2.7972979E+01
  2.5129988E+03  2.2784750E+01
  2.5179990E+03  2.5504255E+01
  2.5249998E+03  2.8958036E+01
  2.5350007E+03  5.0474918E+01
  2.5449988E+03  5.9263874E+01
  2.5550000E+03  6.5847229E+01
  2.5649990E+03  4.3284767E+01
  2.5749990E+03  5.9459164E+01
  2.5849993E+03  5.1878284E+01
  2.5949990E+03  5.7936375E+01
  2.6049995E+03  7.4830055E+01
  2.6149998E+03  7.0964310E+01
  2.6249990E+03  1.0004123E+02
  2.6350007E+03  1.3872955E+02
  2.6449995E+03  1.1773137E+02
  2.6549998E+03  1.4954900E+02
  2.6649995E+03  1.4081693E+02
  2.6749988E+03  1.2709363E+02
  2.6849988E+03  1.6336099E+02
  2.6949988E+03  1.3080066E+02
  2.7050000E+03  1.9368965E+02
  2.7150000E+03  1.9118706E+02
  2.7249995E+03  1.7528665E+02
  2.7350007E+03  1.8164221E+02
  2.7450002E+03  2.4474309E+02
  2.7549998E+03  2.3652208E+02
  2.7649983E+03  3.0960223E+02
  2.7750005E+03  3.9094363E+02
  2.7850000E+03  2.8463498E+02
  2.7949993E+03  3.8326163E+02
  2.8049995E+03  3.7097659E+02
  2.8150002E+03  3.4137955E+02
  2.8250007E+03  3.6079492E+02
  2.8350000E+03  3.2995206E+02
  2.8450002E+03  2.8002612E+02
  2.8550005E+03  1.8494102E+02
  2.8650000E+03  3.9391110E+02
  2.8749983E+03  4.2294876E+02
  2.8850000E+03  5.9267194E+02
  2.8949988E+03  6.9489355E+02
  2.9099988E+03  1.1173293E+03
  2.9299983E+03  1.2557635E+03
  2.9499990E+03  1.2962396E+03
  2.9700005E+03  1.2872957E+03
  2.9899980E+03  1.6391096E+03
  3.0099995E+03  1.8934580E+03
  3.0299995E+03  2.4406057E+03
  3.0499995E+03  3.0655811E+03
  3.0699995E+03  2.2550664E+03
  3.0899995E+03  1.7597531E+03
  3.1099995E+03  3.0021877E+03
  3.1299998E+03  2.8727681E+03
  3.1499995E+03  3.8609216E+03
  3.1699995E+03  5.5995044E+03
  3.1899995E+03  4.9168076E+03
  3.2099998E+03  6.0129004E+03
  3.2299993E+03  7.0938311E+03
  3.2499993E+03  1.0179375E+04
  3.2699995E+03  1.2596173E+04
  3.2899995E+03  1.5717256E+04
  3.3099998E+03  1.4396602E+04
  3.3299993E+03  1.6723311E+04
  3.3499995E+03  1.6370812E+04
  3.3699995E+03  1.2767308E+04
  3.3899993E+03  1.8093656E+04
  3.4099993E+03  2.0278230E+04
  3.4299995E+03  2.4293967E+04
  3.4499993E+03  2.5326979E+04
  3.4699998E+03  2.7985043E+04
  3.4899993E+03  3.1406545E+04
  3.5099995E+03  3.7229613E+04
  3.5299995E+03  3.2945137E+04
  3.5499995E+03  4.2105023E+04
  3.5699995E+03  3.7913035E+04
  3.5899995E+03  3.9336270E+04
  3.6099995E+03  4.4764176E+04
  3.6299993E+03  4.7217086E+04
  3.6399993E+03  4.8726570E+04
  3.6499995E+03  3.2290604E+04
  3.6699993E+03  4.5136148E+04
  3.6899995E+03  3.2723191E+04
  3.7099995E+03  2.3071861E+04
  3.7299998E+03  1.1805994E+04
  3.7499993E+03  1.5181039E+04
  3.7699993E+03  3.6480793E+04
  3.7899995E+03  4.1418324E+04
  3.8099993E+03  3.8846121E+04
  3.8299998E+03  1.8179311E+04
  3.8499995E+03  2.9724363E+04
  3.8699995E+03  2.6605682E+04
  3.8899995E+03  2.7704588E+04
  3.9099995E+03  4.3592133E+04
  3.9299993E+03  2.1232084E+04
  3.9499993E+03  4.3464660E+04
  3.9699998E+03  3.3923160E+04
  3.9899995E+03  8.2402758E+04
  4.0099995E+03  1.0286999E+05
  4.0299993E+03  7.3892664E+04
  4.0499993E+03  9.0471078E+04
  4.0699993E+03  8.1408062E+04
  4.0899995E+03  1.2034308E+05
  4.1099995E+03  9.3839258E+04
  4.1299995E+03  1.0401800E+05
  4.1499990E+03  9.7339242E+04
  4.1699990E+03  1.0130409E+05
  4.1899995E+03  9.0657055E+04
  4.2099995E+03  5.1916352E+04
  4.2299995E+03  2.5124805E+04
  4.2499995E+03  5.2391191E+04
  4.2699990E+03  7.4692055E+04
  4.2899995E+03  7.9073812E+04
  4.3100000E+03  9.0860797E+04
  4.3299995E+03  1.3335728E+05
  4.3499995E+03  1.5019550E+05
  4.3699995E+03  1.5924983E+05
  4.3899995E+03  1.3216280E+05
  4.4099995E+03  1.3511995E+05
  4.4299995E+03  1.3021114E+05
  4.4499995E+03  1.4519516E+05
  4.4699995E+03  1.6733889E+05
  4.4899995E+03  1.7762242E+05
  4.5099990E+03  2.0046031E+05
  4.5299995E+03  1.6394330E+05
  4.5499990E+03  1.8535945E+05
  4.5699995E+03  2.0930117E+05
  4.5899990E+03  1.7987188E+05
  4.6099990E+03  1.9439284E+05
  4.6299990E+03  1.8603892E+05
  4.6499990E+03  1.7850072E+05
  4.6699990E+03  1.9210734E+05
  4.6899990E+03  1.8709831E+05
  4.7099995E+03  1.8208231E+05
  4.7299990E+03  1.7325458E+05
  4.7499995E+03  1.6619000E+05
  4.7699995E+03  1.2240029E+05
  4.7899990E+03  1.3754706E+05
  4.8099995E+03  1.5444100E+05
  4.8299995E+03  1.6613856E+05
  4.8499990E+03  1.8773797E+05
  4.8700000E+03  2.0063812E+05
  4.8899990E+03  2.1379423E+05
  4.9099990E+03  2.1980700E+05
  4.9299990E+03  2.1554716E+05
  4.9499995E+03  1.7716948E+05
  4.9699995E+03  1.4397389E+05
  4.9899990E+03  1.4581633E+05
  5.0099995E+03  1.3077088E+05
  5.0299995E+03  1.4495964E+05
  5.0499995E+03  1.4171458E+05
  5.0699995E+03  1.3869633E+05
  5.0899995E+03  1.3949452E+05
  5.1099990E+03  1.4264789E+05
  5.1299995E+03  1.3876920E+05
  5.1499985E+03  1.2957862E+05
  5.1700000E+03  1.1468912E+05
  5.1899990E+03  1.3512188E+05
  5.2099990E+03  1.5548652E+05
  5.2299995E+03  2.4456820E+05
  5.2499995E+03  2.6803578E+05
  5.2699995E+03  2.2234020E+05
  5.2899990E+03  2.9712866E+05
  5.3099995E+03  3.1098141E+05
  5.3299990E+03  2.7556556E+05
  5.3499995E+03  2.9771425E+05
  5.3699995E+03  2.9311000E+05
  5.3899995E+03  3.0236319E+05
  5.4099990E+03  3.0202394E+05
  5.4299990E+03  2.9752884E+05
  5.4499990E+03  2.3241338E+05
  5.4699995E+03  2.5367023E+05
  5.4899995E+03  2.6809959E+05
  5.5099995E+03  2.5805389E+05
  5.5299985E+03  3.0102044E+05
  5.5499990E+03  3.1548841E+05
  5.5699990E+03  3.2917053E+05
  5.5899995E+03  3.1267731E+05
  5.6099990E+03  2.7311628E+05
  5.6299995E+03  3.0942672E+05
  5.6499990E+03  3.4491044E+05
  5.6699990E+03  3.4453219E+05
  5.6899995E+03  3.6787678E+05
  5.7099995E+03  3.7280331E+05
  5.7299990E+03  4.0819669E+05
  5.7499990E+03  4.0768650E+05
  5.7699990E+03  3.7769612E+05
  5.7899995E+03  3.9604953E+05
  5.8099985E+03  3.7886375E+05
  5.8300000E+03  3.9597594E+05
  5.8499990E+03  3.8828641E+05
  5.8699985E+03  3.6695978E+05
  5.8899985E+03  3.2877725E+05
  5.9099995E+03  3.6191206E+05
  5.9299985E+03  3.6485316E+05
  5.9499995E+03  3.6853384E+05
  5.9699990E+03  3.8129000E+05
  5.9899990E+03  3.9572619E+05
  6.0099990E+03  4.0501828E+05
  6.0299995E+03  4.2545122E+05
  6.0499990E+03  4.3764956E+05
  6.0699990E+03  4.4789903E+05
  6.0899995E+03  4.5023381E+05
  6.1099985E+03  4.4588856E+05
  6.1299995E+03  4.3261703E+05
  6.1499985E+03  4.4166109E+05
  6.1699985E+03  3.2959912E+05
  6.1900000E+03  3.6101028E+05
  6.2099995E+03  3.3579019E+05
  6.2299985E+03  3.1665162E+05
  6.2499990E+03  3.2804353E+05
  6.2699985E+03  3.5022772E+05
  6.2900000E+03  3.7776044E+05
  6.3099985E+03  3.9775644E+05
  6.3299995E+03  3.9832131E+05
  6.3499985E+03  4.0372978E+05
  6.3699985E+03  4.1129078E+05
  6.3899995E+03  4.0952275E+05
  6.4099990E+03  3.9839838E+05
  6.4299985E+03  4.0182841E+05
  6.4499985E+03  3.8929778E+05
  6.4699990E+03  3.8954950E+05
  6.4899990E+03  3.8754584E+05
  6.5099985E+03  4.1274322E+05
  6.5299990E+03  4.2089138E+05
  6.5499985E+03  4.1513750E+05
  6.5699985E+03  4.1339944E+05
  6.5899995E+03  4.2149453E+05
  6.6099985E+03  4.1974975E+05
  6.6299990E+03  4.1571266E+05
  6.6499985E+03  4.2532153E+05
  6.6699995E+03  3.8731047E+05
  6.6899990E+03  3.3632003E+05
  6.7099995E+03  3.0038006E+05
  6.7299990E+03  2.9065397E+05
  6.7499995E+03  2.8710678E+05
  6.7699985E+03  2.8355534E+05
  6.7899995E+03  2.7850438E+05
  6.8099995E+03  2.9432006E+05
  6.8300000E+03  3.0948562E+05
  6.8499985E+03  3.1617566E+05
  6.8699985E+03  3.2739625E+05
  6.8899985E+03  3.4915516E+05
  6.9099990E+03  3.7326859E+05
  6.9299995E+03  3.7853809E+05
  6.9499990E+03  4.0554816E+05
  6.9699985E+03  4.2956712E+05
  6.9899985E+03  4.4490041E+05
  7.0099985E+03  4.7474875E+05
  7.0299985E+03  4.8531525E+05
  7.0499990E+03  5.0243206E+05
  7.0699980E+03  4.7584478E+05
  7.0899990E+03  3.4969225E+05
  7.1099990E+03  2.7426969E+05
  7.1299995E+03  2.6275844E+05
  7.1499990E+03  2.5338336E+05
  7.1699995E+03  2.6541159E+05
  7.1899985E+03  2.6944647E+05
  7.2099985E+03  2.7354844E+05
  7.2299980E+03  3.0553553E+05
  7.2499990E+03  3.3394053E+05
  7.2699995E+03  3.6542884E+05
  7.2899990E+03  3.8937194E+05
  7.3099980E+03  4.3081431E+05
  7.3299980E+03  4.5059562E+05
  7.3499980E+03  4.7657822E+05
  7.3699985E+03  5.0250831E+05
  7.3899995E+03  5.2292900E+05
  7.4099985E+03  5.4422706E+05
  7.4299995E+03  5.5603456E+05
  7.4500000E+03  5.5920950E+05
  7.4700000E+03  5.8092238E+05
  7.4899990E+03  5.8615806E+05
  7.5099985E+03  5.9519062E+05
  7.5299995E+03  6.0540112E+05
  7.5499980E+03  6.0601812E+05
  7.5699985E+03  6.0805975E+05
  7.5899990E+03  6.1059456E+05
  7.6099980E+03  5.8629294E+05
  7.6299995E+03  5.1380012E+05
  7.6499995E+03  4.6158772E+05
  7.6699980E+03  4.2624222E+05
  7.6899990E+03  4.0518362E+05
  7.7099995E+03  3.9931966E+05
  7.7299985E+03  3.9726241E+05
  7.7499990E+03  4.0370738E+05
  7.7700000E+03  3.9200316E+05
  7.7900000E+03  4.1989731E+05
  7.8099995E+03  4.1784222E+05
  7.8299980E+03  4.1032150E+05
  7.8499980E+03  3.9476516E+05
  7.8699995E+03  4.2690238E+05
  7.8900000E+03  4.1903397E+05
  7.9099995E+03  4.2059666E+05
  7.9300000E+03  4.3757653E+05
  7.9499985E+03  4.5233612E+05
  7.9699990E+03  4.6081544E+05
  7.9900000E+03  4.8479516E+05
  8.0099980E+03  5.1005697E+05
  8.0299985E+03  5.0782897E+05
  8.0500000E+03  5.2568500E+05
  8.0699985E+03  5.4535425E+05
  8.0899990E+03  5.5401238E+05
  8.1099995E+03  5.7416025E+05
  8.1299976E+03  5.9174400E+05
  8.1499976E+03  6.0245550E+05
  8.1699980E+03  6.0978162E+05
  8.1899985E+03  5.7479300E+05
  8.2099990E+03  6.2268962E+05
  8.2300000E+03  6.2889962E+05
  8.2500000E+03  6.2103856E+05
  8.2700000E+03  6.2475862E+05
  8.2899980E+03  6.2278962E+05
  8.3099990E+03  6.0899350E+05
  8.3299980E+03  5.8614725E+05
  8.3500000E+03  5.9744506E+05
  8.3699990E+03  5.9351806E+05
  8.3899990E+03  5.6767850E+05
  8.4099971E+03  5.7371744E+05
  8.4300000E+03  4.8958128E+05
  8.4499990E+03  4.0867253E+05
  8.4699980E+03  4.2681016E+05
  8.4899980E+03  4.3099516E+05
  8.5099990E+03  4.2200084E+05
  8.5299990E+03  4.4392441E+05
  8.5499990E+03  4.5574388E+05
  8.5699990E+03  4.7136200E+05
  8.5900000E+03  4.8926516E+05
  8.6099980E+03  5.1078350E+05
  8.6299990E+03  5.2865225E+05
  8.6499990E+03  5.4197006E+05
  8.6699990E+03  5.2513862E+05
  8.6899990E+03  5.5280656E+05
  8.7099971E+03  5.7783175E+05
  8.7299990E+03  5.8952219E+05
  8.7499980E+03  5.9081606E+05
  8.7699980E+03  5.9953719E+05
  8.7899980E+03  6.1139100E+05
  8.8099990E+03  6.0910350E+05
  8.8299980E+03  6.0997138E+05
  8.8499980E+03  6.2044506E+05
  8.8699980E+03  6.1736300E+05
  8.8899990E+03  6.2426488E+05
  8.9099971E+03  6.2844162E+05
  8.9299980E+03  6.2761388E+05
  8.9499980E+03  6.2777500E+05
  8.9699990E+03  6.3153356E+05
  8.9899990E+03  6.3795631E+05
  9.0099980E+03  6.2607794E+05
  9.0299990E+03  6.3670612E+05
  9.0499990E+03  6.4217456E+05
  9.0699980E+03  6.4484125E+05
  9.0899990E+03  6.3361731E+05
  9.1099980E+03  6.3551400E+05
  9.1299980E+03  6.4308250E+05
  9.1499980E+03  6.4126419E+05
  9.1699980E+03  6.4424944E+05
  9.1899990E+03  6.4247425E+05
  9.2099990E+03  6.0717631E+05
  9.2299980E+03  5.8283538E+05
  9.2499980E+03  5.8546925E+05
  9.2699971E+03  5.7606275E+05
  9.2899990E+03  5.5564400E+05
  9.3099980E+03  5.6464706E+05
  9.3299990E+03  5.6885038E+05
  9.3499980E+03  5.5797319E+05
  9.3699990E+03  5.5722419E+05
  9.3900000E+03  5.7343912E+05
  9.4099980E+03  5.7181275E+05
  9.4299971E+03  5.7044906E+05
  9.4499990E+03  5.7373200E+05
  9.4700000E+03  5.8639200E+05
  9.4899980E+03  5.8814819E+05
  9.5100000E+03  5.9142519E+05
  9.5300000E+03  5.9483562E+05
  9.5500000E+03  5.9135544E+05
  9.5699990E+03  5.9826525E+05
  9.5899980E+03  6.0765194E+05
  9.6099980E+03  6.0157638E+05
  9.6299990E+03  6.1277031E+05
  9.6499990E+03  5.9546669E+05
  9.6699980E+03  6.0118469E+05
  9.6899980E+03  6.1495512E+05
  9.7100000E+03  6.1010669E+05
  9.7299990E+03  6.0569125E+05
  9.7499980E+03  6.1149162E+05
  9.7699961E+03  6.1684506E+05
  9.7899980E+03  6.0422519E+05
  9.8099980E+03  6.2403850E+05
  9.8299990E+03  6.1924038E+05
  9.8499980E+03  6.2558144E+05
  9.8700000E+03  6.2583294E+05
  9.8899980E+03  6.2634731E+05
  9.9099990E+03  6.2466550E+05
  9.9300000E+03  6.2410019E+05
  9.9499980E+03  6.2501881E+05
  9.9699980E+03  6.2372650E+05
  9.9899990E+03  6.2583681E+05
  1.0024998E+04  6.2136225E+05
  1.0074998E+04  6.1962675E+05
  1.0124997E+04  6.1818931E+05
  1.0174997E+04  6.1234700E+05
  1.0224998E+04  6.0547194E+05
  1.0274997E+04  6.0259119E+05
  1.0325000E+04  5.9415362E+05
  1.0374999E+04  5.9281562E+05
  1.0425000E+04  5.9521944E+05
  1.0474998E+04  5.9178269E+05
  1.0524997E+04  5.9331538E+05
  1.0574999E+04  5.9071606E+05
  1.0625000E+04  5.9201050E+05
  1.0674997E+04  5.8697394E+05
  1.0724998E+04  5.8636094E+05
  1.0774999E+04  5.8651281E+05
  1.0824997E+04  5.8072162E+05
  1.0874997E+04  5.8396288E+05
  1.0924999E+04  5.8308019E+05
  1.0974996E+04  5.8175200E+05
  1.1025000E+04  5.7772662E+05
  1.1074998E+04  5.7599288E+05
  1.1124999E+04  5.7390138E+05
  1.1174998E+04  5.7058731E+05
  1.1224999E+04  5.6988069E+05
  1.1274997E+04  5.6335600E+05
  1.1325000E+04  5.6300394E+05
  1.1375000E+04  5.5230031E+05
  1.1425000E+04  5.4548531E+05
  1.1474997E+04  5.5679281E+05
  1.1525000E+04  5.5599950E+05
  1.1574998E+04  5.5143150E+05
  1.1625000E+04  5.4282306E+05
  1.1674998E+04  5.4172150E+05
  1.1724997E+04  5.4590781E+05
  1.1775001E+04  5.3315694E+05
  1.1824999E+04  5.3765656E+05
  1.1875000E+04  5.3019956E+05
  1.1925000E+04  5.3673050E+05
  1.1975001E+04  5.2508562E+05
  1.2024998E+04  5.3200950E+05
  1.2074996E+04  5.2792294E+05
  1.2125000E+04  5.2742138E+05
  1.2175000E+04  5.2533488E+05
  1.2225001E+04  5.2293684E+05
  1.2275001E+04  5.2026059E+05
  1.2324996E+04  5.1671797E+05
  1.2374996E+04  5.1550297E+05
  1.2424998E+04  5.1002016E+05
  1.2475000E+04  5.1022453E+05
  1.2524997E+04  5.0411797E+05
  1.2574997E+04  5.0502491E+05
  1.2624999E+04  5.0242691E+05
  1.2674997E+04  4.9816612E+05
  1.2724999E+04  4.9791156E+05
  1.2774999E+04  4.9658400E+05
  1.2825000E+04  4.8603138E+05
  1.2875001E+04  4.8951350E+05
  1.2924997E+04  4.8514738E+05
  1.2975001E+04  4.8752444E+05
  1.3024998E+04  4.8389988E+05
  1.3074999E+04  4.8300459E+05
  1.3125000E+04  4.7325181E+05
  1.3174998E+04  4.7426788E+05
  1.3224998E+04  4.7652581E+05
  1.3274997E+04  4.7240856E+05
  1.3324997E+04  4.6959138E+05
  1.3374999E+04  4.7034084E+05
  1.3424999E+04  4.6857884E+05
  1.3474999E+04  4.6674691E+05
  1.3525001E+04  4.6447612E+05
  1.3574999E+04  4.6230803E+05
  1.3624997E+04  4.5703403E+05
  1.3674997E+04  4.5863366E+05
  1.3724995E+04  4.5741819E+05
  1.3774998E+04  4.5515566E+05
  1.3824998E+04  4.5376156E+05
  1.3874996E+04  4.4902956E+05
  1.3925000E+04  4.5016250E+05
  1.3974996E+04  4.4847122E+05
  1.4024997E+04  4.4495362E+05
  1.4075001E+04  4.4508759E+05
  1.4124996E+04  4.4282981E+05
  1.4175000E+04  4.4166100E+05
  1.4225000E+04  4.3958569E+05
  1.4274994E+04  4.3103962E+05
  1.4325001E+04  4.3633369E+05
  1.4374998E+04  4.3452522E+05
  1.4424999E+04  4.3173544E+05
  1.4475000E+04  4.3194031E+05
  1.4524997E+04  4.2988253E+05
  1.4569999E+04  4.2820719E+05
  1.4620000E+04  4.2769794E+05
  1.4674998E+04  4.2645741E+05
  1.4725000E+04  4.2391356E+05
  1.4775002E+04  4.2085934E+05
  1.4824998E+04  4.2237938E+05
  1.4874996E+04  4.1802941E+05
  1.4924997E+04  4.2045912E+05
  1.4974999E+04  4.1863031E+05
  1.5024999E+04  4.1024159E+05
  1.5075000E+04  4.1271344E+05
  1.5124999E+04  4.1492972E+05
  1.5175000E+04  4.1025306E+05
  1.5225002E+04  4.1362494E+05
  1.5274998E+04  4.1222962E+05
  1.5324995E+04  4.1090772E+05
  1.5374997E+04  4.1155428E+05
  1.5425001E+04  4.1080619E+05
  1.5474996E+04  4.1045288E+05
  1.5524994E+04  4.0818856E+05
  1.5575001E+04  4.0836703E+05
  1.5624998E+04  4.0731638E+05
  1.5674997E+04  4.0671528E+05
  1.5724994E+04  4.0393509E+05
  1.5774996E+04  4.0199916E+05
  1.5825001E+04  4.0406591E+05
  1.5874995E+04  4.0333369E+05
  1.5925002E+04  4.0359741E+05
  1.5975001E+04  4.0339262E+05
  1.6049998E+04  4.0271738E+05
  1.6150001E+04  3.9687878E+05
  1.6249997E+04  3.9596125E+05
  1.6350000E+04  3.9476831E+05
  1.6449996E+04  3.8991384E+05
  1.6549998E+04  3.8476216E+05
  1.6649994E+04  3.7787141E+05
  1.6749998E+04  3.6841794E+05
  1.6849998E+04  3.6594219E+05
  1.6950000E+04  3.5997162E+05
  1.7049996E+04  3.5358444E+05
  1.7150000E+04  3.4675744E+05
  1.7249992E+04  3.4192603E+05
  1.7349994E+04  3.3673178E+05
  1.7449992E+04  3.3090400E+05
  1.7550000E+04  3.2582250E+05
  1.7649998E+04  3.2073812E+05
  1.7749994E+04  3.1559200E+05
  1.7849994E+04  3.1126184E+05
  1.7949998E+04  3.0587403E+05
  1.8050002E+04  3.0004272E+05
  1.8150002E+04  2.9539609E+05
  1.8249994E+04  2.9091247E+05
  1.8349992E+04  2.8647500E+05
  1.8449992E+04  2.7922772E+05
  1.8549998E+04  2.7802066E+05
  1.8650002E+04  2.7323828E+05
  1.8750002E+04  2.6952781E+05
  1.8850000E+04  2.6495812E+05
  1.8950004E+04  2.5873844E+05
  1.9049996E+04  2.5649652E+05
  1.9149998E+04  2.5239669E+05
  1.9249992E+04  2.4885620E+05
  1.9350000E+04  2.4111881E+05
  1.9449992E+04  2.3687334E+05
  1.9550002E+04  2.3436736E+05
  1.9649992E+04  2.3442744E+05
  1.9749992E+04  2.2586856E+05
  1.9849992E+04  2.2229822E+05
  1.9950002E+04  2.2058617E+05
  2.0050002E+04  2.2093094E+05
  2.0149996E+04  2.1746320E+05
  2.0249994E+04  2.1352006E+05
  2.0349994E+04  2.1111742E+05
  2.0449996E+04  2.0797672E+05
  2.0550000E+04  2.0484233E+05
  2.0649992E+04  2.0182967E+05
  2.0749998E+04  1.9890017E+05
  2.0849992E+04  1.9573170E+05
  2.0950004E+04  1.9200477E+05
  2.1050002E+04  1.8995531E+05
  2.1149992E+04  1.8705177E+05
  2.1250000E+04  1.8477802E+05
  2.1350002E+04  1.8224941E+05
  2.1449996E+04  1.7963711E+05
  2.1550006E+04  1.7690284E+05
  2.1649994E+04  1.7468586E+05
  2.1750002E+04  1.7153817E+05
  2.1849998E+04  1.6968759E+05
  2.1950002E+04  1.6688605E+05
  2.2050000E+04  1.6006034E+05
  2.2149996E+04  1.6264203E+05
  2.2249998E+04  1.5867212E+05
  2.2350004E+04  1.5739861E+05
  2.2449990E+04  1.5540175E+05
  2.2549994E+04  1.5377455E+05
  2.2650000E+04  1.5006241E+05
  2.2750000E+04  1.4955403E+05
  2.2850000E+04  1.4716561E+05
  2.2950004E+04  1.3396234E+05
  2.3050000E+04  1.3788661E+05
  2.3149996E+04  1.3716194E+05
  2.3250000E+04  1.2536337E+05
  2.3349996E+04  1.2854830E+05
  2.3449994E+04  1.3002341E+05
  2.3550002E+04  1.1992092E+05
  2.3649988E+04  1.2412910E+05
  2.3750000E+04  1.2431479E+05
  2.3849990E+04  1.1565150E+05
  2.3950002E+04  1.1868743E+05
  2.4050006E+04  1.1892695E+05
  2.4149992E+04  1.1235674E+05
  2.4249990E+04  1.1423159E+05
  2.4349990E+04  1.1450250E+05
  2.4450002E+04  1.1023395E+05
  2.4549990E+04  1.0921908E+05
  2.4649992E+04  1.1047373E+05
  2.4749992E+04  1.0781159E+05
  2.4850006E+04  1.0563387E+05
  2.4950000E+04  1.0573295E+05
  2.5050006E+04  1.0606712E+05
  2.5149994E+04  1.0235462E+05
  2.5249998E+04  1.0259725E+05
  2.5350004E+04  1.0203558E+05
  2.5449988E+04  1.0024081E+05
  2.5549998E+04  9.9220992E+04
  2.5649990E+04  9.8414562E+04
  2.5749990E+04  9.7765289E+04
  2.5849994E+04  9.5848922E+04
  2.5949990E+04  9.5089273E+04
  2.6049996E+04  9.4438305E+04
  2.6149998E+04  9.3458461E+04
  2.6249988E+04  9.2272164E+04
  2.6350008E+04  9.1355969E+04
  2.6449996E+04  9.0343469E+04
  2.6549994E+04  8.9541281E+04
  2.6649994E+04  8.8048375E+04
  2.6749988E+04  8.7801992E+04
  2.6849986E+04  8.6678891E+04
  2.6949986E+04  8.5647812E+04
  2.7050002E+04  8.4603727E+04
  2.7149998E+04  8.3802789E+04
  2.7249994E+04  8.2788078E+04
  2.7350006E+04  8.1881531E+04
  2.7450004E+04  8.1011062E+04
  2.7549996E+04  8.0200711E+04
  2.7649982E+04  7.9173305E+04
  2.7750004E+04  7.8236672E+04
  2.7850000E+04  7.7398992E+04
  2.7949992E+04  7.6580961E+04
  2.8049994E+04  7.5652836E+04
  2.8150002E+04  7.4678867E+04
  2.8250006E+04  7.3896164E+04
  2.8350000E+04  7.3122688E+04
  2.8450000E+04  7.2265117E+04
  2.8550002E+04  7.1413117E+04
  2.8650002E+04  7.0612539E+04
  2.8749982E+04  6.9826023E+04
  2.8849998E+04  6.9016828E+04
  2.8949986E+04  6.8235242E+04
  2.9049994E+04  6.7368922E+04
  2.9149986E+04  6.6614906E+04
  2.9249984E+04  6.5235508E+04
  2.9349980E+04  6.5027906E+04
  2.9450000E+04  6.4434926E+04
  2.9550004E+04  6.3710477E+04
  2.9649982E+04  6.2998707E+04
  2.9749992E+04  6.2303441E+04
  2.9849994E+04  6.1539984E+04
  2.9949984E+04  6.0818965E+04
  3.0049996E+04  6.0214551E+04
  3.0149994E+04  5.9538113E+04
  3.0249994E+04  5.8799293E+04
  3.0349996E+04  5.8216137E+04
  3.0449996E+04  5.7598727E+04
  3.0549996E+04  5.6939711E+04
  3.0649996E+04  5.6259977E+04
  3.0749994E+04  5.5703418E+04
  3.0849996E+04  5.4919316E+04
  3.0949994E+04  5.4482418E+04
  3.1049996E+04  5.3870234E+04
  3.1149996E+04  5.3125008E+04
  3.1249996E+04  5.2716113E+04
  3.1349996E+04  5.2062191E+04
  3.1449996E+04  5.1552621E+04
  3.1549998E+04  5.1014391E+04
  3.1649996E+04  5.0391668E+04
  3.1749998E+04  4.9932723E+04
  3.1849996E+04  4.9396844E+04
  3.1949994E+04  4.8866688E+04
  3.2099996E+04  4.8085656E+04
  3.2299992E+04  4.7058699E+04
  3.2499994E+04  4.6081820E+04
  3.2699996E+04  4.5100586E+04
  3.2899996E+04  4.4174539E+04
  3.3099996E+04  4.3243449E+04
  3.3299992E+04  4.2341672E+04
  3.3499996E+04  4.1501906E+04
  3.3699996E+04  4.0635918E+04
  3.3899996E+04  3.9807086E+04
  3.4099996E+04  3.8845816E+04
  3.4299996E+04  3.8221203E+04
  3.4499992E+04  3.7466000E+04
  3.4699996E+04  3.6722469E+04
  3.4899996E+04  3.5987305E+04
  3.5099996E+04  3.5284805E+04
  3.5299996E+04  3.4586801E+04
  3.5499996E+04  3.3914199E+04
  3.5699992E+04  3.3239688E+04
  3.5899992E+04  3.2604354E+04
  3.6099996E+04  3.1975232E+04
  3.6299992E+04  3.1357979E+04
  3.6499992E+04  3.0760770E+04
  3.6699992E+04  3.0157895E+04
  3.6899992E+04  2.9563482E+04
  3.7099996E+04  2.8988311E+04
  3.7299996E+04  2.8464363E+04
  3.7499992E+04  2.7960631E+04
  3.7699996E+04  2.7444748E+04
  3.7899996E+04  2.6932922E+04
  3.8099992E+04  2.6438098E+04
  3.8299996E+04  2.5954670E+04
  3.8499996E+04  2.5474756E+04
  3.8699996E+04  2.4952537E+04
  3.8899992E+04  2.4548988E+04
  3.9099996E+04  2.4117115E+04
  3.9299992E+04  2.3682268E+04
  3.9499992E+04  2.3206908E+04
  3.9699992E+04  2.2830014E+04
  3.9900000E+04  2.2344482E+04
  4.0099996E+04  2.2000559E+04
  4.0299992E+04  2.1653301E+04
  4.0499996E+04  2.1202477E+04
  4.0699992E+04  2.0899549E+04
  4.0899992E+04  2.0535754E+04
  4.1099996E+04  2.0175797E+04
  4.1299996E+04  1.9834869E+04
  4.1499992E+04  1.9493002E+04
  4.1699992E+04  1.9159359E+04
  4.1899996E+04  1.8786119E+04
  4.2099996E+04  1.8490936E+04
  4.2299992E+04  1.8201959E+04
  4.2499996E+04  1.7890674E+04
  4.2699992E+04  1.7595785E+04
  4.2899992E+04  1.6726092E+04
  4.3099996E+04  1.5862820E+04
  4.3299996E+04  1.5731889E+04
  4.3499992E+04  1.4950067E+04
  4.3699996E+04  1.4412084E+04
  4.3899996E+04  1.4046684E+04
  4.4099992E+04  1.3478484E+04
  4.4299992E+04  1.3128424E+04
  4.4499996E+04  1.2875797E+04
  4.4699996E+04  1.2392603E+04
  4.4899996E+04  1.2344487E+04
  4.5099992E+04  1.1922971E+04
  4.5299992E+04  1.1689781E+04
  4.5499996E+04  1.1604344E+04
  4.5699992E+04  1.1510935E+04
  4.5899996E+04  1.1156739E+04
  4.6099996E+04  1.1197882E+04
  4.6299992E+04  1.1011196E+04
  4.6499988E+04  1.1006411E+04
  4.6699992E+04  1.0987309E+04
  4.6899992E+04  1.0737427E+04
  4.7099992E+04  1.0584958E+04
  4.7299992E+04  1.0658466E+04
  4.7499996E+04  1.0343483E+04
  4.7699992E+04  1.0238550E+04
  4.7899992E+04  1.0198384E+04
  4.8099996E+04  9.8748701E+03
  4.8299992E+04  9.9641162E+03
  4.8499992E+04  9.8031494E+03
  4.8700000E+04  9.5488564E+03
  4.8899992E+04  9.3976494E+03
  4.9099988E+04  9.3706289E+03
  4.9299988E+04  9.1645518E+03
  4.9499996E+04  9.0131494E+03
  4.9699992E+04  8.9804111E+03
  4.9899988E+04  8.8624238E+03
  5.0099996E+04  8.7223115E+03
  5.0299996E+04  8.6496621E+03
  5.0499996E+04  8.4407998E+03
  5.0699996E+04  8.4027705E+03
  5.0899992E+04  8.3358506E+03
  5.1099992E+04  8.1607886E+03
  5.1299996E+04  8.1771592E+03
  5.1499988E+04  7.9933203E+03
  5.1699996E+04  7.9834609E+03
  5.1899992E+04  7.8118408E+03
  5.2099992E+04  7.7709941E+03
  5.2299996E+04  7.6295850E+03
  5.2499996E+04  7.5889253E+03
  5.2699996E+04  7.5422842E+03
  5.2899992E+04  7.3594893E+03
  5.3099988E+04  7.2994800E+03
  5.3299988E+04  7.2331318E+03
  5.3499992E+04  7.1684917E+03
  5.3699992E+04  7.1038281E+03
  5.3899992E+04  7.0226797E+03
  5.4099992E+04  6.9456235E+03
  5.4299984E+04  6.7853091E+03
  5.4499988E+04  6.7864604E+03
  5.4699996E+04  6.7088442E+03
  5.4899992E+04  6.6153066E+03
  5.5099992E+04  6.5517349E+03
  5.5299988E+04  6.5534609E+03
  5.5499988E+04  6.3749580E+03
  5.5699992E+04  6.3807441E+03
  5.5899992E+04  6.2765747E+03
  5.6099988E+04  6.2095181E+03
  5.6299996E+04  6.1168657E+03
  5.6499988E+04  6.0875645E+03
  5.6699988E+04  6.0175068E+03
  5.6899992E+04  5.9167490E+03
  5.7099996E+04  5.8881982E+03
  5.7299988E+04  5.8096465E+03
  5.7499988E+04  5.7425239E+03
  5.7699988E+04  5.6725708E+03
  5.7899996E+04  5.6295151E+03
  5.8099988E+04  5.5429478E+03
  5.8299996E+04  5.4855840E+03
  5.8499992E+04  5.4300869E+03
  5.8699988E+04  5.3478838E+03
  5.8899988E+04  5.2883877E+03
  5.9099992E+04  5.2407905E+03
  5.9299988E+04  5.1764658E+03
  5.9499996E+04  5.1142690E+03
  5.9699988E+04  5.0673774E+03
  5.9899992E+04  5.0042998E+03
  6.0099992E+04  4.9503975E+03
  6.0299992E+04  4.8897422E+03
  6.0499988E+04  4.8227812E+03
  6.0699992E+04  4.7687617E+03
  6.0899992E+04  4.7189028E+03
  6.1099988E+04  4.6581899E+03
  6.1299992E+04  4.6100977E+03
  6.1499988E+04  4.5572539E+03
  6.1699988E+04  4.5036104E+03
  6.1899996E+04  4.4549873E+03
  6.2099996E+04  4.4035762E+03
  6.2299988E+04  4.3539956E+03
  6.2499992E+04  4.2980122E+03
  6.2699988E+04  4.2461045E+03
  6.2899996E+04  4.2023853E+03
  6.3099984E+04  4.1504321E+03
  6.3299996E+04  4.1101416E+03
  6.3499984E+04  4.0585066E+03
  6.3699984E+04  4.0178352E+03
  6.3900000E+04  3.9669802E+03
  6.4199992E+04  3.9001045E+03
  6.4599984E+04  3.8109712E+03
  6.4999992E+04  3.7256006E+03
  6.5399992E+04  3.6418521E+03
  6.5799992E+04  3.5603806E+03
  6.6199984E+04  3.4803489E+03
  6.6599984E+04  3.4027410E+03
  6.6999992E+04  3.3276553E+03
  6.7399992E+04  3.2538589E+03
  6.7799992E+04  3.1818132E+03
  6.8199992E+04  3.1110667E+03
  6.8599992E+04  3.0445515E+03
  6.8999984E+04  2.9785737E+03
  6.9399984E+04  2.9142234E+03
  6.9800000E+04  2.8517651E+03
  7.0199992E+04  2.7905391E+03
  7.0599984E+04  2.7312693E+03
  7.0999977E+04  2.6735281E+03
  7.1399977E+04  2.6172747E+03
  7.1799984E+04  2.5622510E+03
  7.2199984E+04  2.5089333E+03
  7.2600000E+04  2.4568455E+03
  7.2999984E+04  2.4061011E+03
  7.3400000E+04  2.3551931E+03
  7.3799984E+04  2.3081514E+03
  7.4199992E+04  2.2590410E+03
  7.4599992E+04  2.2149780E+03
  7.5000000E+04  2.1690447E+03
  7.5399992E+04  2.1246882E+03
  7.5799992E+04  2.0852100E+03
  7.6199984E+04  2.0438464E+03
  7.6599992E+04  2.0034867E+03
  7.6999992E+04  1.9639810E+03
  7.7399992E+04  1.9255599E+03
  7.7799984E+04  1.8881348E+03
  7.8199984E+04  1.8515570E+03
  7.8599984E+04  1.8158070E+03
  7.8999984E+04  1.7808052E+03
  7.9399984E+04  1.7469524E+03
  7.9800000E+04  1.7137458E+03
  8.0199992E+04  1.6802939E+03
  8.0599984E+04  1.6493921E+03
  8.0999992E+04  1.6183846E+03
  8.1399977E+04  1.5884183E+03
  8.1799984E+04  1.5589021E+03
  8.2199984E+04  1.5300510E+03
  8.2599992E+04  1.5018501E+03
  8.2999984E+04  1.4742849E+03
  8.3400000E+04  1.4465817E+03
  8.3799992E+04  1.4203586E+03
  8.4199992E+04  1.3947803E+03
  8.4599977E+04  1.3696213E+03
  8.4999977E+04  1.3451332E+03
  8.5399984E+04  1.3215073E+03
  8.5799984E+04  1.2981093E+03
  8.6199992E+04  1.2751382E+03
  8.6599992E+04  1.2526859E+03
  8.6999984E+04  1.2304923E+03
  8.7399992E+04  1.2091938E+03
  8.7799992E+04  1.1880852E+03
  8.8199984E+04  1.1675509E+03
  8.8599977E+04  1.1473865E+03
  8.8999992E+04  1.1276785E+03
  8.9399977E+04  1.1083716E+03
  8.9799977E+04  1.0888956E+03
  9.0199984E+04  1.0710171E+03
  9.0599984E+04  1.0529065E+03
  9.0999992E+04  1.0334342E+03
  9.1400000E+04  1.0171931E+03
  9.1799969E+04  9.9985474E+02
  9.2199969E+04  9.8424023E+02
  9.2599984E+04  9.6793481E+02
  9.3000000E+04  9.5200336E+02
  9.3399984E+04  9.3630939E+02
  9.3799984E+04  9.2101886E+02
  9.4199977E+04  9.0603882E+02
  9.4599984E+04  8.9132062E+02
  9.4999969E+04  8.7690143E+02
  9.5399984E+04  8.6277448E+02
  9.5799984E+04  8.4897589E+02
  9.6199992E+04  8.3541687E+02
  9.6599984E+04  8.2213403E+02
  9.7000000E+04  8.0912109E+02
  9.7399977E+04  7.9617529E+02
  9.7799984E+04  7.8384650E+02
  9.8199977E+04  7.7157477E+02
  9.8599977E+04  7.5951459E+02
  9.8999992E+04  7.4773883E+02
  9.9399984E+04  7.3616614E+02
  9.9799977E+04  7.2483020E+02
  1.0019999E+05  7.1368866E+02
  1.9999991E+05  4.7268730E+01
  3.9999994E+05  2.9615934E+00
  5.9999981E+05  5.8119476E-01
  7.9999994E+05  1.8302752E-01
