  9.2499988E+02  7.0188492E-15
  9.3499982E+02  9.9170804E-15
  9.4500000E+02  1.7537212E-14
  9.5500000E+02  1.9120740E-14
  9.6499988E+02  4.2822303E-14
  9.7499982E+02  5.7007825E-14
  9.8499976E+02  9.6863984E-14
  9.9499988E+02  2.0167269E-13
  1.0049999E+03  2.6876445E-13
  1.0149997E+03  3.9493503E-13
  1.0249998E+03  8.0221528E-13
  1.0349998E+03  1.6201750E-12
  1.0449998E+03  2.4419481E-12
  1.0549999E+03  2.7136360E-12
  1.0649999E+03  7.1797598E-12
  1.0750000E+03  1.0798076E-11
  1.0849996E+03  2.3269473E-11
  1.0949999E+03  3.6277478E-11
  1.1049999E+03  5.2291088E-11
  1.1149999E+03  8.8287468E-11
  1.1249999E+03  2.0113267E-10
  1.1349996E+03  4.0421566E-10
  1.1449999E+03  7.2641149E-10
  1.1549999E+03  1.1789207E-09
  1.1650000E+03  1.6872175E-09
  1.1749995E+03  3.1284726E-09
  1.1849996E+03  4.1227439E-09
  1.1949998E+03  5.4754623E-09
  1.2049996E+03  5.3590155E-09
  1.2149998E+03  1.2807231E-09
  1.2249996E+03  1.0139193E-08
  1.2349996E+03  2.8639853E-08
  1.2449998E+03  4.4050331E-08
  1.2549996E+03  6.8748527E-08
  1.2650000E+03  9.2331341E-08
  1.2749998E+03  1.3163674E-07
  1.2849995E+03  1.5032143E-07
  1.2949998E+03  1.9473916E-07
  1.3049995E+03  2.9193637E-07
  1.3149998E+03  3.7115043E-07
  1.3249998E+03  4.6093149E-07
  1.3349996E+03  5.4126895E-07
  1.3449995E+03  7.7086605E-07
  1.3549996E+03  1.0679502E-06
  1.3649999E+03  1.2146404E-06
  1.3749999E+03  1.2993195E-06
  1.3849996E+03  1.6076253E-06
  1.3949999E+03  1.8643209E-06
  1.4050001E+03  2.6365246E-06
  1.4149998E+03  3.4321761E-06
  1.4249998E+03  3.7643165E-06
  1.4350000E+03  5.3635135E-06
  1.4419998E+03  8.0111085E-06
  1.4469999E+03  6.4703604E-06
  1.4549994E+03  7.8290923E-06
  1.4650000E+03  1.1732968E-05
  1.4749995E+03  1.4577900E-05
  1.4849996E+03  1.5083166E-05
  1.4949998E+03  2.3343708E-05
  1.5049996E+03  3.2540072E-05
  1.5119995E+03  1.8009880E-05
  1.5169994E+03  2.9863128E-05
  1.5250001E+03  4.1782630E-05
  1.5349994E+03  5.3465119E-05
  1.5449994E+03  3.8634094E-05
  1.5549998E+03  6.0882747E-05
  1.5649999E+03  5.9085829E-05
  1.5750001E+03  1.0284496E-04
  1.5850000E+03  1.1769602E-04
  1.5949996E+03  1.1992111E-04
  1.6049999E+03  1.3251341E-04
  1.6150000E+03  1.4987134E-04
  1.6249996E+03  1.5318285E-04
  1.6350000E+03  2.0340177E-04
  1.6449996E+03  2.6941882E-04
  1.6549999E+03  2.4485364E-04
  1.6649993E+03  3.6833162E-04
  1.6720000E+03  3.3419143E-04
  1.6770001E+03  4.7759915E-04
  1.6849998E+03  6.0710398E-04
  1.6950000E+03  8.5699779E-04
  1.7049995E+03  8.9793152E-04
  1.7150000E+03  1.0246200E-03
  1.7249993E+03  1.3854543E-03
  1.7349994E+03  1.6142001E-03
  1.7449993E+03  2.2520921E-03
  1.7550001E+03  2.3412295E-03
  1.7649998E+03  2.8652626E-03
  1.7749995E+03  2.8733660E-03
  1.7849995E+03  4.8414958E-03
  1.7949999E+03  4.4683795E-03
  1.8050001E+03  6.9038272E-03
  1.8150001E+03  5.5961721E-03
  1.8249994E+03  8.5820258E-03
  1.8349993E+03  7.9907551E-03
  1.8449993E+03  1.1376067E-02
  1.8549998E+03  9.9709295E-03
  1.8650002E+03  1.4905875E-02
  1.8750001E+03  1.4923044E-02
  1.8850000E+03  1.8385908E-02
  1.8950002E+03  2.3165083E-02
  1.9049996E+03  2.5181463E-02
  1.9149999E+03  3.4174073E-02
  1.9249993E+03  3.1137018E-02
  1.9350001E+03  2.2210212E-02
  1.9449993E+03  4.2965036E-02
  1.9550002E+03  5.7509061E-02
  1.9670002E+03  6.4915560E-02
  1.9759990E+03  7.3805310E-02
  1.9839996E+03  9.1112576E-02
  1.9950001E+03  8.6446419E-02
  2.0050002E+03  1.0158605E-01
  2.0149996E+03  1.1715195E-01
  2.0249994E+03  1.1470237E-01
  2.0349995E+03  1.4315265E-01
  2.0449998E+03  1.5486322E-01
  2.0550000E+03  1.7903410E-01
  2.0649993E+03  1.8124475E-01
  2.0739993E+03  1.7629446E-01
  2.0780002E+03  2.9540417E-01
  2.0849993E+03  3.9843956E-01
  2.0950005E+03  4.3637756E-01
  2.1050002E+03  4.1791525E-01
  2.1149990E+03  4.5033923E-01
  2.1250000E+03  5.1713318E-01
  2.1350002E+03  6.3641411E-01
  2.1449998E+03  5.3042030E-01
  2.1550005E+03  6.3443124E-01
  2.1649995E+03  6.2880158E-01
  2.1750002E+03  6.9399697E-01
  2.1849998E+03  6.6337878E-01
  2.1950000E+03  1.0261190E+00
  2.2050000E+03  9.0912908E-01
  2.2149998E+03  1.0628054E+00
  2.2249998E+03  9.6743488E-01
  2.2350005E+03  1.4958525E+00
  2.2449990E+03  1.6958897E+00
  2.2549993E+03  2.0030107E+00
  2.2650000E+03  1.2712162E+00
  2.2750000E+03  2.2350852E+00
  2.2850000E+03  2.2727833E+00
  2.2950002E+03  3.4925776E+00
  2.3050000E+03  1.5498948E+00
  2.3149995E+03  4.3247628E+00
  2.3250000E+03  3.7571378E+00
  2.3349995E+03  5.4666896E+00
  2.3449993E+03  3.6174176E+00
  2.3550000E+03  3.4210820E+00
  2.3649988E+03  4.3625364E+00
  2.3750000E+03  4.3892546E+00
  2.3849990E+03  6.8753762E+00
  2.3950000E+03  6.5849180E+00
  2.4050005E+03  1.1021863E+01
  2.4149993E+03  7.3864517E+00
  2.4249990E+03  8.9823399E+00
  2.4349990E+03  1.2983431E+01
  2.4450000E+03  1.6884851E+01
  2.4549990E+03  1.9411032E+01
  2.4649990E+03  1.3884553E+01
  2.4749993E+03  2.2059862E+01
  2.4850005E+03  1.0872084E+01
  2.4950000E+03  1.2170394E+01
  2.5050005E+03  2.1110765E+01
  2.5129988E+03  1.6665905E+01
  2.5179990E+03  1.8871355E+01
  2.5249998E+03  2.1798151E+01
  2.5350007E+03  4.0016346E+01
  2.5449988E+03  4.8088722E+01
  2.5550000E+03  5.2259388E+01
  2.5649990E+03  3.2836346E+01
  2.5749990E+03  4.7474716E+01
  2.5849993E+03  3.9310410E+01
  2.5949990E+03  4.4703766E+01
  2.6049995E+03  5.8963566E+01
  2.6149998E+03  5.5015652E+01
  2.6249990E+03  7.9921448E+01
  2.6350007E+03  1.1330374E+02
  2.6449995E+03  9.4511436E+01
  2.6549998E+03  1.2353211E+02
  2.6649995E+03  1.1380672E+02
  2.6749988E+03  1.0337544E+02
  2.6849988E+03  1.3284805E+02
  2.6949988E+03  1.0382825E+02
  2.7050000E+03  1.6009941E+02
  2.7150000E+03  1.5791025E+02
  2.7249995E+03  1.4444534E+02
  2.7350007E+03  1.4901147E+02
  2.7450002E+03  2.0663995E+02
  2.7549998E+03  1.9665004E+02
  2.7649983E+03  2.6010846E+02
  2.7750005E+03  3.3521127E+02
  2.7850000E+03  2.3784103E+02
  2.7949993E+03  3.3241342E+02
  2.8049995E+03  3.2189801E+02
  2.8150002E+03  3.0113531E+02
  2.8250007E+03  3.1919705E+02
  2.8350000E+03  2.8972522E+02
  2.8450002E+03  2.4489426E+02
  2.8550005E+03  1.5377087E+02
  2.8650000E+03  3.5569266E+02
  2.8749983E+03  3.7209247E+02
  2.8850000E+03  5.4532703E+02
  2.8949988E+03  6.3978394E+02
  2.9099988E+03  9.2260315E+02
  2.9299983E+03  1.0172579E+03
  2.9499990E+03  1.0507839E+03
  2.9700005E+03  1.0563246E+03
  2.9899980E+03  1.3477554E+03
  3.0099995E+03  1.5681656E+03
  3.0299995E+03  2.0150784E+03
  3.0499995E+03  2.5203962E+03
  3.0699995E+03  1.9275750E+03
  3.0899995E+03  1.6059127E+03
  3.1099995E+03  2.5536338E+03
  3.1299998E+03  2.4489246E+03
  3.1499995E+03  3.2887500E+03
  3.1699995E+03  4.7353599E+03
  3.1899995E+03  4.2215464E+03
  3.2099998E+03  5.1423716E+03
  3.2299993E+03  6.0661382E+03
  3.2499993E+03  8.6346357E+03
  3.2699995E+03  1.0482249E+04
  3.2899995E+03  1.3347729E+04
  3.3099998E+03  1.2368877E+04
  3.3299993E+03  1.4491906E+04
  3.3499995E+03  1.4377121E+04
  3.3699995E+03  1.1436440E+04
  3.3899993E+03  1.6133298E+04
  3.4099993E+03  1.8535838E+04
  3.4299995E+03  2.1433143E+04
  3.4499993E+03  2.2891387E+04
  3.4699998E+03  2.5323393E+04
  3.4899993E+03  2.8222279E+04
  3.5099995E+03  3.4722152E+04
  3.5299995E+03  3.0231705E+04
  3.5499995E+03  3.8789832E+04
  3.5699995E+03  3.5314754E+04
  3.5899995E+03  3.6427781E+04
  3.6099995E+03  4.2090180E+04
  3.6299993E+03  4.5430188E+04
  3.6399993E+03  4.7120078E+04
  3.6499995E+03  3.3650770E+04
  3.6699993E+03  4.5880164E+04
  3.6899995E+03  3.4491191E+04
  3.7099995E+03  2.6076344E+04
  3.7299998E+03  1.3173431E+04
  3.7499993E+03  1.7119021E+04
  3.7699993E+03  3.9470719E+04
  3.7899995E+03  4.3841734E+04
  3.8099993E+03  4.1342781E+04
  3.8299998E+03  1.9511973E+04
  3.8499995E+03  3.2502363E+04
  3.8699995E+03  2.9344982E+04
  3.8899995E+03  3.1389242E+04
  3.9099995E+03  4.6815336E+04
  3.9299993E+03  2.2085316E+04
  3.9499993E+03  4.4203520E+04
  3.9699998E+03  3.3246707E+04
  3.9899995E+03  8.2211070E+04
  4.0099995E+03  1.0295901E+05
  4.0299993E+03  7.7685305E+04
  4.0499993E+03  9.2260289E+04
  4.0699993E+03  8.3486750E+04
  4.0899995E+03  1.2013813E+05
  4.1099995E+03  9.4042211E+04
  4.1299995E+03  1.0373088E+05
  4.1499990E+03  1.0001230E+05
  4.1699990E+03  1.0497850E+05
  4.1899995E+03  9.8721273E+04
  4.2099995E+03  6.1528051E+04
  4.2299995E+03  2.7687184E+04
  4.2499995E+03  6.2179477E+04
  4.2699990E+03  8.3167719E+04
  4.2899995E+03  8.5745000E+04
  4.3100000E+03  9.5332648E+04
  4.3299995E+03  1.3662652E+05
  4.3499995E+03  1.5195748E+05
  4.3699995E+03  1.6097597E+05
  4.3899995E+03  1.3573034E+05
  4.4099995E+03  1.3701253E+05
  4.4299995E+03  1.3168928E+05
  4.4499995E+03  1.4609500E+05
  4.4699995E+03  1.6464078E+05
  4.4899995E+03  1.7635356E+05
  4.5099990E+03  1.9701528E+05
  4.5299995E+03  1.6331177E+05
  4.5499990E+03  1.8232045E+05
  4.5699995E+03  2.0610833E+05
  4.5899990E+03  1.7497947E+05
  4.6099990E+03  1.9184016E+05
  4.6299990E+03  1.7849964E+05
  4.6499990E+03  1.7477212E+05
  4.6699990E+03  1.8673502E+05
  4.6899990E+03  1.8408392E+05
  4.7099995E+03  1.8097847E+05
  4.7299990E+03  1.7401234E+05
  4.7499995E+03  1.6931073E+05
  4.7699995E+03  1.2155751E+05
  4.7899990E+03  1.3921531E+05
  4.8099995E+03  1.4836244E+05
  4.8299995E+03  1.6321564E+05
  4.8499990E+03  1.8054683E+05
  4.8700000E+03  1.9437959E+05
  4.8899990E+03  2.1015484E+05
  4.9099990E+03  2.1847870E+05
  4.9299990E+03  2.1703516E+05
  4.9499995E+03  1.7566270E+05
  4.9699995E+03  1.3783962E+05
  4.9899990E+03  1.4374205E+05
  5.0099995E+03  1.2814277E+05
  5.0299995E+03  1.4537508E+05
  5.0499995E+03  1.4438689E+05
  5.0699995E+03  1.4342147E+05
  5.0899995E+03  1.4549856E+05
  5.1099990E+03  1.5066672E+05
  5.1299995E+03  1.4696039E+05
  5.1499985E+03  1.3834692E+05
  5.1700000E+03  1.1395620E+05
  5.1899990E+03  1.3201555E+05
  5.2099990E+03  1.5429292E+05
  5.2299995E+03  2.3799844E+05
  5.2499995E+03  2.6098291E+05
  5.2699995E+03  2.2183828E+05
  5.2899990E+03  2.9251103E+05
  5.3099995E+03  3.0589081E+05
  5.3299990E+03  2.7412009E+05
  5.3499995E+03  2.9521344E+05
  5.3699995E+03  2.9120259E+05
  5.3899995E+03  3.0111831E+05
  5.4099990E+03  3.0338834E+05
  5.4299990E+03  3.0003316E+05
  5.4499990E+03  2.2410564E+05
  5.4699995E+03  2.4133106E+05
  5.4899995E+03  2.5711261E+05
  5.5099995E+03  2.4692317E+05
  5.5299985E+03  2.9152231E+05
  5.5499990E+03  3.0717159E+05
  5.5699990E+03  3.2298972E+05
  5.5899995E+03  3.1020581E+05
  5.6099990E+03  2.5781814E+05
  5.6299995E+03  2.9301291E+05
  5.6499990E+03  3.2711378E+05
  5.6699990E+03  3.2770462E+05
  5.6899995E+03  3.5789300E+05
  5.7099995E+03  3.5991975E+05
  5.7299990E+03  3.9925825E+05
  5.7499990E+03  3.9599569E+05
  5.7699990E+03  3.6223881E+05
  5.7899995E+03  3.8251934E+05
  5.8099985E+03  3.6308284E+05
  5.8300000E+03  3.8157784E+05
  5.8499990E+03  3.7374438E+05
  5.8699985E+03  3.4784806E+05
  5.8899985E+03  3.1386738E+05
  5.9099995E+03  3.4058822E+05
  5.9299985E+03  3.4371578E+05
  5.9499995E+03  3.4710197E+05
  5.9699990E+03  3.6139675E+05
  5.9899990E+03  3.7637509E+05
  6.0099990E+03  3.8642156E+05
  6.0299995E+03  4.0912238E+05
  6.0499990E+03  4.2384728E+05
  6.0699990E+03  4.3575191E+05
  6.0899995E+03  4.3819681E+05
  6.1099985E+03  4.3499988E+05
  6.1299995E+03  4.2212019E+05
  6.1499985E+03  4.2766653E+05
  6.1699985E+03  3.1056894E+05
  6.1900000E+03  3.3548581E+05
  6.2099995E+03  3.0899378E+05
  6.2299985E+03  2.8909516E+05
  6.2499990E+03  3.0220628E+05
  6.2699985E+03  3.2403756E+05
  6.2900000E+03  3.5304109E+05
  6.3099985E+03  3.7439519E+05
  6.3299995E+03  3.7429888E+05
  6.3499985E+03  3.7969028E+05
  6.3699985E+03  3.8786616E+05
  6.3899995E+03  3.8553412E+05
  6.4099990E+03  3.7436662E+05
  6.4299985E+03  3.7862938E+05
  6.4499985E+03  3.6847003E+05
  6.4699990E+03  3.6791434E+05
  6.4899990E+03  3.6472003E+05
  6.5099985E+03  3.9083978E+05
  6.5299990E+03  3.9698388E+05
  6.5499985E+03  3.9074350E+05
  6.5699985E+03  3.9005266E+05
  6.5899995E+03  3.9677984E+05
  6.6099985E+03  3.9426175E+05
  6.6299990E+03  3.8907550E+05
  6.6499985E+03  3.9915956E+05
  6.6699995E+03  3.6029750E+05
  6.6899990E+03  3.0844134E+05
  6.7099995E+03  2.7327816E+05
  6.7299990E+03  2.6310575E+05
  6.7499995E+03  2.6015978E+05
  6.7699985E+03  2.5638920E+05
  6.7899995E+03  2.5193111E+05
  6.8099995E+03  2.6706594E+05
  6.8300000E+03  2.8147022E+05
  6.8499985E+03  2.8780978E+05
  6.8699985E+03  2.9922722E+05
  6.8899985E+03  3.2057012E+05
  6.9099990E+03  3.4539319E+05
  6.9299995E+03  3.4996831E+05
  6.9499990E+03  3.7945897E+05
  6.9699985E+03  4.0356544E+05
  6.9899985E+03  4.2008056E+05
  7.0099985E+03  4.5196384E+05
  7.0299985E+03  4.6369656E+05
  7.0499990E+03  4.8115569E+05
  7.0699980E+03  4.5606781E+05
  7.0899990E+03  3.2627203E+05
  7.1099990E+03  2.5224791E+05
  7.1299995E+03  2.4245334E+05
  7.1499990E+03  2.3242528E+05
  7.1699995E+03  2.4242314E+05
  7.1899985E+03  2.4552175E+05
  7.2099985E+03  2.4972005E+05
  7.2299980E+03  2.7909288E+05
  7.2499990E+03  3.0664012E+05
  7.2699995E+03  3.3738747E+05
  7.2899990E+03  3.6059806E+05
  7.3099980E+03  4.0395319E+05
  7.3299980E+03  4.2537438E+05
  7.3499980E+03  4.5393484E+05
  7.3699985E+03  4.8105575E+05
  7.3899995E+03  5.0364812E+05
  7.4099985E+03  5.2742406E+05
  7.4299995E+03  5.4113719E+05
  7.4500000E+03  5.4473819E+05
  7.4700000E+03  5.6864838E+05
  7.4899990E+03  5.7442631E+05
  7.5099985E+03  5.8490394E+05
  7.5299995E+03  5.9657756E+05
  7.5499980E+03  5.9767094E+05
  7.5699985E+03  5.9914519E+05
  7.5899990E+03  6.0151762E+05
  7.6099980E+03  5.7518194E+05
  7.6299995E+03  4.9164272E+05
  7.6499995E+03  4.3599906E+05
  7.6699980E+03  4.0323309E+05
  7.6899990E+03  3.7750972E+05
  7.7099995E+03  3.7399459E+05
  7.7299985E+03  3.6826009E+05
  7.7499990E+03  3.7537516E+05
  7.7700000E+03  3.6275581E+05
  7.7900000E+03  3.9198569E+05
  7.8099995E+03  3.8964097E+05
  7.8299980E+03  3.8066650E+05
  7.8499980E+03  3.6424016E+05
  7.8699995E+03  3.9715881E+05
  7.8900000E+03  3.8859381E+05
  7.9099995E+03  3.9035834E+05
  7.9300000E+03  4.0763434E+05
  7.9499985E+03  4.2349806E+05
  7.9699990E+03  4.3162966E+05
  7.9900000E+03  4.5731912E+05
  8.0099980E+03  4.8578309E+05
  8.0299985E+03  4.8225612E+05
  8.0500000E+03  5.0237272E+05
  8.0699985E+03  5.2370178E+05
  8.0899990E+03  5.3338781E+05
  8.1099995E+03  5.5673600E+05
  8.1299976E+03  5.7681075E+05
  8.1499976E+03  5.8929706E+05
  8.1699980E+03  5.9826781E+05
  8.1899985E+03  5.7277106E+05
  8.2099990E+03  6.1385875E+05
  8.2300000E+03  6.2111281E+05
  8.2500000E+03  6.1190569E+05
  8.2700000E+03  6.1605538E+05
  8.2899980E+03  6.1330612E+05
  8.3099990E+03  5.9693700E+05
  8.3299980E+03  5.7311700E+05
  8.3500000E+03  5.8372062E+05
  8.3699990E+03  5.7996662E+05
  8.3899990E+03  5.5424519E+05
  8.4099971E+03  5.5731175E+05
  8.4300000E+03  4.6611797E+05
  8.4499990E+03  3.7804422E+05
  8.4699980E+03  3.9819581E+05
  8.4899980E+03  4.0110425E+05
  8.5099990E+03  3.9299425E+05
  8.5299990E+03  4.1449972E+05
  8.5499990E+03  4.2782228E+05
  8.5699990E+03  4.4328328E+05
  8.5900000E+03  4.6239434E+05
  8.6099980E+03  4.8617178E+05
  8.6299990E+03  5.0574781E+05
  8.6499990E+03  5.2077259E+05
  8.6699990E+03  5.0509144E+05
  8.6899990E+03  5.3649325E+05
  8.7099971E+03  5.6154362E+05
  8.7299990E+03  5.7543412E+05
  8.7499980E+03  5.7743200E+05
  8.7699980E+03  5.8734069E+05
  8.7899980E+03  6.0110275E+05
  8.8099990E+03  5.9983275E+05
  8.8299980E+03  6.0195050E+05
  8.8499980E+03  6.1289344E+05
  8.8699980E+03  6.0855244E+05
  8.8899990E+03  6.1687631E+05
  8.9099971E+03  6.2246231E+05
  8.9299980E+03  6.2090544E+05
  8.9499980E+03  6.2170788E+05
  8.9699990E+03  6.2600856E+05
  8.9899990E+03  6.3376106E+05
  9.0099980E+03  6.2115888E+05
  9.0299990E+03  6.3250175E+05
  9.0499990E+03  6.3913875E+05
  9.0699980E+03  6.4250569E+05
  9.0899990E+03  6.3019781E+05
  9.1099980E+03  6.3288119E+05
  9.1299980E+03  6.4113906E+05
  9.1499980E+03  6.3905931E+05
  9.1699980E+03  6.4232306E+05
  9.1899990E+03  6.4042231E+05
  9.2099990E+03  5.9771619E+05
  9.2299980E+03  5.6899406E+05
  9.2499980E+03  5.7226019E+05
  9.2699971E+03  5.6128856E+05
  9.2899990E+03  5.3848881E+05
  9.3099980E+03  5.4839138E+05
  9.3299990E+03  5.5340000E+05
  9.3499980E+03  5.4095131E+05
  9.3699990E+03  5.4070406E+05
  9.3900000E+03  5.5908288E+05
  9.4099980E+03  5.5730475E+05
  9.4299971E+03  5.5604488E+05
  9.4499990E+03  5.6044338E+05
  9.4700000E+03  5.7525981E+05
  9.4899980E+03  5.7723019E+05
  9.5100000E+03  5.8113619E+05
  9.5300000E+03  5.8579288E+05
  9.5500000E+03  5.8272219E+05
  9.5699990E+03  5.9012050E+05
  9.5899980E+03  6.0158931E+05
  9.6099980E+03  5.9586531E+05
  9.6299990E+03  6.0769231E+05
  9.6499990E+03  5.9077381E+05
  9.6699980E+03  5.9663212E+05
  9.6899980E+03  6.1194594E+05
  9.7100000E+03  6.0710988E+05
  9.7299990E+03  6.0214962E+05
  9.7499980E+03  6.0875719E+05
  9.7699961E+03  6.1483219E+05
  9.7899980E+03  6.0229912E+05
  9.8099980E+03  6.2302069E+05
  9.8299990E+03  6.1771988E+05
  9.8499980E+03  6.2534850E+05
  9.8700000E+03  6.2575556E+05
  9.8899980E+03  6.2653994E+05
  9.9099990E+03  6.2470388E+05
  9.9300000E+03  6.2421481E+05
  9.9499980E+03  6.2547538E+05
  9.9699980E+03  6.2493931E+05
  9.9899990E+03  6.2700700E+05
  1.0024998E+04  6.2177450E+05
  1.0074998E+04  6.2010925E+05
  1.0124997E+04  6.1885075E+05
  1.0174997E+04  6.1223781E+05
  1.0224998E+04  6.0457112E+05
  1.0274997E+04  6.0155638E+05
  1.0325000E+04  5.9263406E+05
  1.0374999E+04  5.9106569E+05
  1.0425000E+04  5.9397162E+05
  1.0474998E+04  5.9075269E+05
  1.0524997E+04  5.9283919E+05
  1.0574999E+04  5.9031175E+05
  1.0625000E+04  5.9237762E+05
  1.0674997E+04  5.8713931E+05
  1.0724998E+04  5.8698325E+05
  1.0774999E+04  5.8751875E+05
  1.0824997E+04  5.8191112E+05
  1.0874997E+04  5.8539631E+05
  1.0924999E+04  5.8503719E+05
  1.0974996E+04  5.8384756E+05
  1.1025000E+04  5.8008219E+05
  1.1074998E+04  5.7805075E+05
  1.1124999E+04  5.7612338E+05
  1.1174998E+04  5.7257844E+05
  1.1224999E+04  5.7239219E+05
  1.1274997E+04  5.6543044E+05
  1.1325000E+04  5.6535375E+05
  1.1375000E+04  5.5564869E+05
  1.1425000E+04  5.4906419E+05
  1.1474997E+04  5.5936788E+05
  1.1525000E+04  5.5894919E+05
  1.1574998E+04  5.5418712E+05
  1.1625000E+04  5.4527625E+05
  1.1674998E+04  5.4478944E+05
  1.1724997E+04  5.4900444E+05
  1.1775001E+04  5.3677069E+05
  1.1824999E+04  5.4016219E+05
  1.1875000E+04  5.3287119E+05
  1.1925000E+04  5.3985656E+05
  1.1975001E+04  5.2758138E+05
  1.2024998E+04  5.3516200E+05
  1.2074996E+04  5.3089431E+05
  1.2125000E+04  5.3080394E+05
  1.2175000E+04  5.2886756E+05
  1.2225001E+04  5.2659200E+05
  1.2275001E+04  5.2391103E+05
  1.2324996E+04  5.2061162E+05
  1.2374996E+04  5.1934066E+05
  1.2424998E+04  5.1419300E+05
  1.2475000E+04  5.1390409E+05
  1.2524997E+04  5.0829659E+05
  1.2574997E+04  5.0859853E+05
  1.2624999E+04  5.0601962E+05
  1.2674997E+04  5.0184778E+05
  1.2724999E+04  5.0161084E+05
  1.2774999E+04  5.0064675E+05
  1.2825000E+04  4.8905478E+05
  1.2875001E+04  4.9319525E+05
  1.2924997E+04  4.8834972E+05
  1.2975001E+04  4.9166431E+05
  1.3024998E+04  4.8789700E+05
  1.3074999E+04  4.8743400E+05
  1.3125000E+04  4.7651034E+05
  1.3174998E+04  4.7813116E+05
  1.3224998E+04  4.8094150E+05
  1.3274997E+04  4.7642759E+05
  1.3324997E+04  4.7408950E+05
  1.3374999E+04  4.7493175E+05
  1.3424999E+04  4.7330288E+05
  1.3474999E+04  4.7168500E+05
  1.3525001E+04  4.6935709E+05
  1.3574999E+04  4.6715316E+05
  1.3624997E+04  4.6149862E+05
  1.3674997E+04  4.6371031E+05
  1.3724995E+04  4.6275794E+05
  1.3774998E+04  4.6041694E+05
  1.3824998E+04  4.5930025E+05
  1.3874996E+04  4.5405875E+05
  1.3925000E+04  4.5585509E+05
  1.3974996E+04  4.5429672E+05
  1.4024997E+04  4.5031634E+05
  1.4075001E+04  4.5107781E+05
  1.4124996E+04  4.4874003E+05
  1.4175000E+04  4.4779206E+05
  1.4225000E+04  4.4558056E+05
  1.4274994E+04  4.3625312E+05
  1.4325001E+04  4.4255734E+05
  1.4374998E+04  4.4088797E+05
  1.4424999E+04  4.3763766E+05
  1.4475000E+04  4.3857506E+05
  1.4524997E+04  4.3625741E+05
  1.4569999E+04  4.3468469E+05
  1.4620000E+04  4.3465997E+05
  1.4674998E+04  4.3354228E+05
  1.4725000E+04  4.3068978E+05
  1.4775002E+04  4.2817650E+05
  1.4824998E+04  4.2964734E+05
  1.4874996E+04  4.2468669E+05
  1.4924997E+04  4.2823884E+05
  1.4974999E+04  4.2619019E+05
  1.5024999E+04  4.1628262E+05
  1.5075000E+04  4.1965944E+05
  1.5124999E+04  4.2298259E+05
  1.5175000E+04  4.1872741E+05
  1.5225002E+04  4.2196247E+05
  1.5274998E+04  4.2094856E+05
  1.5324995E+04  4.1942553E+05
  1.5374997E+04  4.2057456E+05
  1.5425001E+04  4.2006888E+05
  1.5474996E+04  4.1998622E+05
  1.5524994E+04  4.1734800E+05
  1.5575001E+04  4.1802684E+05
  1.5624998E+04  4.1705328E+05
  1.5674997E+04  4.1635953E+05
  1.5724994E+04  4.1347238E+05
  1.5774996E+04  4.1094622E+05
  1.5825001E+04  4.1397950E+05
  1.5874995E+04  4.1305041E+05
  1.5925002E+04  4.1396622E+05
  1.5975001E+04  4.1422812E+05
  1.6049998E+04  4.1386128E+05
  1.6150001E+04  4.0802959E+05
  1.6249997E+04  4.0734616E+05
  1.6350000E+04  4.0660628E+05
  1.6449996E+04  4.0128812E+05
  1.6549998E+04  3.9638453E+05
  1.6649994E+04  3.8912356E+05
  1.6749998E+04  3.7874391E+05
  1.6849998E+04  3.7665019E+05
  1.6950000E+04  3.7060606E+05
  1.7049996E+04  3.6360206E+05
  1.7150000E+04  3.5647922E+05
  1.7249992E+04  3.5142153E+05
  1.7349994E+04  3.4623078E+05
  1.7449992E+04  3.4000984E+05
  1.7550000E+04  3.3471475E+05
  1.7649998E+04  3.2963881E+05
  1.7749994E+04  3.2406981E+05
  1.7849994E+04  3.1982228E+05
  1.7949998E+04  3.1409378E+05
  1.8050002E+04  3.0791728E+05
  1.8150002E+04  3.0314981E+05
  1.8249994E+04  2.9840047E+05
  1.8349992E+04  2.9374734E+05
  1.8449992E+04  2.8643253E+05
  1.8549998E+04  2.8510419E+05
  1.8650002E+04  2.7994278E+05
  1.8750002E+04  2.7628959E+05
  1.8850000E+04  2.7145750E+05
  1.8950004E+04  2.6451897E+05
  1.9049996E+04  2.6278747E+05
  1.9149998E+04  2.5843720E+05
  1.9249992E+04  2.5491548E+05
  1.9350000E+04  2.4673323E+05
  1.9449992E+04  2.4232069E+05
  1.9550002E+04  2.3984778E+05
  1.9649992E+04  2.3983272E+05
  1.9749992E+04  2.3103573E+05
  1.9849992E+04  2.2728917E+05
  1.9950002E+04  2.2551773E+05
  2.0050002E+04  2.2602897E+05
  2.0149996E+04  2.2239016E+05
  2.0249994E+04  2.1810448E+05
  2.0349994E+04  2.1579334E+05
  2.0449996E+04  2.1265209E+05
  2.0550000E+04  2.0936525E+05
  2.0649992E+04  2.0619406E+05
  2.0749998E+04  2.0322259E+05
  2.0849992E+04  1.9988275E+05
  2.0950004E+04  1.9597895E+05
  2.1050002E+04  1.9395983E+05
  2.1149992E+04  1.9087533E+05
  2.1250000E+04  1.8858236E+05
  2.1350002E+04  1.8607606E+05
  2.1449996E+04  1.8340359E+05
  2.1550006E+04  1.8051278E+05
  2.1649994E+04  1.7830272E+05
  2.1750002E+04  1.7486700E+05
  2.1849998E+04  1.7308862E+05
  2.1950002E+04  1.7019358E+05
  2.2050000E+04  1.6328370E+05
  2.2149996E+04  1.6589780E+05
  2.2249998E+04  1.6144969E+05
  2.2350004E+04  1.6033241E+05
  2.2449990E+04  1.5827955E+05
  2.2549994E+04  1.5673803E+05
  2.2650000E+04  1.5275011E+05
  2.2750000E+04  1.5241469E+05
  2.2850000E+04  1.4985694E+05
  2.2950004E+04  1.3436289E+05
  2.3050000E+04  1.3932605E+05
  2.3149996E+04  1.3879984E+05
  2.3250000E+04  1.2511945E+05
  2.3349996E+04  1.2953640E+05
  2.3449994E+04  1.3107159E+05
  2.3550002E+04  1.1932994E+05
  2.3649988E+04  1.2468141E+05
  2.3750000E+04  1.2502275E+05
  2.3849990E+04  1.1503555E+05
  2.3950002E+04  1.1897642E+05
  2.4050006E+04  1.1958481E+05
  2.4149992E+04  1.1183353E+05
  2.4249990E+04  1.1444302E+05
  2.4349990E+04  1.1508705E+05
  2.4450002E+04  1.1017091E+05
  2.4549990E+04  1.0915656E+05
  2.4649992E+04  1.1105034E+05
  2.4749992E+04  1.0808220E+05
  2.4850006E+04  1.0551795E+05
  2.4950000E+04  1.0607790E+05
  2.5050006E+04  1.0682960E+05
  2.5149994E+04  1.0234866E+05
  2.5249998E+04  1.0305224E+05
  2.5350004E+04  1.0266285E+05
  2.5449988E+04  1.0071195E+05
  2.5549998E+04  9.9723078E+04
  2.5649990E+04  9.9027250E+04
  2.5749990E+04  9.8509594E+04
  2.5849994E+04  9.6260484E+04
  2.5949990E+04  9.5704672E+04
  2.6049996E+04  9.5148914E+04
  2.6149998E+04  9.4169148E+04
  2.6249988E+04  9.2966523E+04
  2.6350008E+04  9.2115586E+04
  2.6449996E+04  9.1140438E+04
  2.6549994E+04  9.0342953E+04
  2.6649994E+04  8.8743266E+04
  2.6749988E+04  8.8739148E+04
  2.6849986E+04  8.7567258E+04
  2.6949986E+04  8.6498477E+04
  2.7050002E+04  8.5556250E+04
  2.7149998E+04  8.4717641E+04
  2.7249994E+04  8.3741875E+04
  2.7350006E+04  8.2788078E+04
  2.7450004E+04  8.1956008E+04
  2.7549996E+04  8.1178523E+04
  2.7649982E+04  8.0099695E+04
  2.7750004E+04  7.9146625E+04
  2.7850000E+04  7.8341281E+04
  2.7949992E+04  7.7545461E+04
  2.8049994E+04  7.6596102E+04
  2.8150002E+04  7.5567898E+04
  2.8250006E+04  7.4826125E+04
  2.8350000E+04  7.4060156E+04
  2.8450000E+04  7.3186703E+04
  2.8550002E+04  7.2314383E+04
  2.8650002E+04  7.1516711E+04
  2.8749982E+04  7.0728469E+04
  2.8849998E+04  6.9908508E+04
  2.8949986E+04  6.9111773E+04
  2.9049994E+04  6.8203727E+04
  2.9149986E+04  6.7448422E+04
  2.9249984E+04  6.6028102E+04
  2.9349980E+04  6.5850109E+04
  2.9450000E+04  6.5247199E+04
  2.9550004E+04  6.4508637E+04
  2.9649982E+04  6.3800066E+04
  2.9749992E+04  6.3090914E+04
  2.9849994E+04  6.2313730E+04
  2.9949984E+04  6.1583352E+04
  3.0049996E+04  6.0961340E+04
  3.0149994E+04  6.0279953E+04
  3.0249994E+04  5.9519773E+04
  3.0349996E+04  5.8931871E+04
  3.0449996E+04  5.8305707E+04
  3.0549996E+04  5.7633996E+04
  3.0649996E+04  5.6937711E+04
  3.0749994E+04  5.6376758E+04
  3.0849996E+04  5.5560586E+04
  3.0949994E+04  5.5135281E+04
  3.1049996E+04  5.4514984E+04
  3.1149996E+04  5.3753988E+04
  3.1249996E+04  5.3341070E+04
  3.1349996E+04  5.2690828E+04
  3.1449996E+04  5.2150609E+04
  3.1549998E+04  5.1608586E+04
  3.1649996E+04  5.0967078E+04
  3.1749998E+04  5.0511984E+04
  3.1849996E+04  4.9968762E+04
  3.1949994E+04  4.9427648E+04
  3.2099996E+04  4.8634078E+04
  3.2299992E+04  4.7585906E+04
  3.2499994E+04  4.6595426E+04
  3.2699996E+04  4.5597359E+04
  3.2899996E+04  4.4654848E+04
  3.3099996E+04  4.3707656E+04
  3.3299992E+04  4.2783332E+04
  3.3499996E+04  4.1941664E+04
  3.3699996E+04  4.1060523E+04
  3.3899996E+04  4.0213582E+04
  3.4099996E+04  3.9250797E+04
  3.4299996E+04  3.8611867E+04
  3.4499992E+04  3.7842652E+04
  3.4699996E+04  3.7088543E+04
  3.4899996E+04  3.6343000E+04
  3.5099996E+04  3.5630348E+04
  3.5299996E+04  3.4919363E+04
  3.5499996E+04  3.4240039E+04
  3.5699992E+04  3.3558926E+04
  3.5899992E+04  3.2911277E+04
  3.6099996E+04  3.2275879E+04
  3.6299992E+04  3.1649602E+04
  3.6499992E+04  3.1040719E+04
  3.6699992E+04  3.0426414E+04
  3.6899992E+04  2.9820801E+04
  3.7099996E+04  2.9242859E+04
  3.7299996E+04  2.8718895E+04
  3.7499992E+04  2.8199064E+04
  3.7699996E+04  2.7680656E+04
  3.7899996E+04  2.7163725E+04
  3.8099992E+04  2.6663891E+04
  3.8299996E+04  2.6172967E+04
  3.8499996E+04  2.5688252E+04
  3.8699996E+04  2.5146479E+04
  3.8899992E+04  2.4747162E+04
  3.9099996E+04  2.4313762E+04
  3.9299992E+04  2.3873744E+04
  3.9499992E+04  2.3387035E+04
  3.9699992E+04  2.3008094E+04
  3.9900000E+04  2.2516756E+04
  4.0099996E+04  2.2169010E+04
  4.0299992E+04  2.1820549E+04
  4.0499996E+04  2.1367844E+04
  4.0699992E+04  2.1057383E+04
  4.0899992E+04  2.0690697E+04
  4.1099996E+04  2.0325668E+04
  4.1299996E+04  1.9981746E+04
  4.1499992E+04  1.9636062E+04
  4.1699992E+04  1.9298234E+04
  4.1899996E+04  1.8911652E+04
  4.2099996E+04  1.8614854E+04
  4.2299992E+04  1.8331654E+04
  4.2499996E+04  1.8014568E+04
  4.2699992E+04  1.7718934E+04
  4.2899992E+04  1.6748201E+04
  4.3099996E+04  1.5750668E+04
  4.3299996E+04  1.5641269E+04
  4.3499992E+04  1.4798162E+04
  4.3699996E+04  1.4215401E+04
  4.3899996E+04  1.3824617E+04
  4.4099992E+04  1.3237312E+04
  4.4299992E+04  1.2870037E+04
  4.4499996E+04  1.2628097E+04
  4.4699996E+04  1.2125810E+04
  4.4899996E+04  1.2084178E+04
  4.5099992E+04  1.1662741E+04
  4.5299992E+04  1.1433863E+04
  4.5499996E+04  1.1363955E+04
  4.5699992E+04  1.1268136E+04
  4.5899996E+04  1.0921238E+04
  4.6099996E+04  1.0979133E+04
  4.6299992E+04  1.0790466E+04
  4.6499988E+04  1.0787924E+04
  4.6699992E+04  1.0800745E+04
  4.6899992E+04  1.0539094E+04
  4.7099992E+04  1.0384569E+04
  4.7299992E+04  1.0487047E+04
  4.7499996E+04  1.0162484E+04
  4.7699992E+04  1.0060721E+04
  4.7899992E+04  1.0043381E+04
  4.8099996E+04  9.7029189E+03
  4.8299992E+04  9.8181309E+03
  4.8499992E+04  9.6545225E+03
  4.8700000E+04  9.3995410E+03
  4.8899992E+04  9.2402578E+03
  4.9099988E+04  9.2265498E+03
  4.9299988E+04  9.0203984E+03
  4.9499996E+04  8.8640088E+03
  4.9699992E+04  8.8510752E+03
  4.9899988E+04  8.7369980E+03
  5.0099996E+04  8.5894795E+03
  5.0299996E+04  8.5187783E+03
  5.0499996E+04  8.3124277E+03
  5.0699996E+04  8.2902119E+03
  5.0899992E+04  8.2135596E+03
  5.1099992E+04  8.0427710E+03
  5.1299996E+04  8.0793857E+03
  5.1499988E+04  7.8890601E+03
  5.1699996E+04  7.8821211E+03
  5.1899992E+04  7.7161748E+03
  5.2099992E+04  7.6860547E+03
  5.2299996E+04  7.5362036E+03
  5.2499996E+04  7.5025405E+03
  5.2699996E+04  7.4682217E+03
  5.2899992E+04  7.2784453E+03
  5.3099988E+04  7.2223857E+03
  5.3299988E+04  7.1657666E+03
  5.3499992E+04  7.1009697E+03
  5.3699992E+04  7.0432104E+03
  5.3899992E+04  6.9638071E+03
  5.4099992E+04  6.8911763E+03
  5.4299984E+04  6.7322852E+03
  5.4499988E+04  6.7381372E+03
  5.4699996E+04  6.6575991E+03
  5.4899992E+04  6.5703096E+03
  5.5099992E+04  6.5065664E+03
  5.5299988E+04  6.5277148E+03
  5.5499988E+04  6.3354526E+03
  5.5699992E+04  6.3530586E+03
  5.5899992E+04  6.2471572E+03
  5.6099988E+04  6.1866543E+03
  5.6299996E+04  6.0881025E+03
  5.6499988E+04  6.0665576E+03
  5.6699988E+04  5.9987578E+03
  5.6899992E+04  5.8952217E+03
  5.7099996E+04  5.8759497E+03
  5.7299988E+04  5.7978276E+03
  5.7499988E+04  5.7324976E+03
  5.7699988E+04  5.6610288E+03
  5.7899996E+04  5.6247954E+03
  5.8099988E+04  5.5342422E+03
  5.8299996E+04  5.4798208E+03
  5.8499992E+04  5.4255737E+03
  5.8699988E+04  5.3416509E+03
  5.8899988E+04  5.2844780E+03
  5.9099992E+04  5.2378779E+03
  5.9299988E+04  5.1752876E+03
  5.9499996E+04  5.1129922E+03
  5.9699988E+04  5.0685396E+03
  5.9899992E+04  5.0063994E+03
  6.0099992E+04  4.9529004E+03
  6.0299992E+04  4.8928506E+03
  6.0499988E+04  4.8229873E+03
  6.0699992E+04  4.7698867E+03
  6.0899992E+04  4.7218481E+03
  6.1099988E+04  4.6601074E+03
  6.1299992E+04  4.6135068E+03
  6.1499988E+04  4.5615366E+03
  6.1699988E+04  4.5086577E+03
  6.1899996E+04  4.4605918E+03
  6.2099996E+04  4.4098286E+03
  6.2299988E+04  4.3597222E+03
  6.2499992E+04  4.3034131E+03
  6.2699988E+04  4.2509917E+03
  6.2899996E+04  4.2079082E+03
  6.3099984E+04  4.1563931E+03
  6.3299996E+04  4.1178511E+03
  6.3499984E+04  4.0650464E+03
  6.3699984E+04  4.0259124E+03
  6.3900000E+04  3.9739919E+03
  6.4199992E+04  3.9075991E+03
  6.4599984E+04  3.8184641E+03
  6.4999992E+04  3.7331799E+03
  6.5399992E+04  3.6496909E+03
  6.5799992E+04  3.5684722E+03
  6.6199984E+04  3.4881719E+03
  6.6599984E+04  3.4104700E+03
  6.6999992E+04  3.3352083E+03
  6.7399992E+04  3.2611567E+03
  6.7799992E+04  3.1890249E+03
  6.8199992E+04  3.1180325E+03
  6.8599992E+04  3.0515161E+03
  6.8999984E+04  2.9852998E+03
  6.9399984E+04  2.9207156E+03
  6.9800000E+04  2.8580286E+03
  7.0199992E+04  2.7965784E+03
  7.0599984E+04  2.7370137E+03
  7.0999977E+04  2.6792825E+03
  7.1399977E+04  2.6227432E+03
  7.1799984E+04  2.5675122E+03
  7.2199984E+04  2.5141370E+03
  7.2600000E+04  2.4618489E+03
  7.2999984E+04  2.4109084E+03
  7.3400000E+04  2.3599485E+03
  7.3799984E+04  2.3125784E+03
  7.4199992E+04  2.2631465E+03
  7.4599992E+04  2.2187688E+03
  7.5000000E+04  2.1728621E+03
  7.5399992E+04  2.1283330E+03
  7.5799992E+04  2.0888816E+03
  7.6199984E+04  2.0473501E+03
  7.6599992E+04  2.0068254E+03
  7.6999992E+04  1.9671580E+03
  7.7399992E+04  1.9287041E+03
  7.7799984E+04  1.8911224E+03
  7.8199984E+04  1.8544526E+03
  7.8599984E+04  1.8186121E+03
  7.8999984E+04  1.7834613E+03
  7.9399984E+04  1.7495221E+03
  7.9800000E+04  1.7162306E+03
  8.0199992E+04  1.6825785E+03
  8.0599984E+04  1.6517117E+03
  8.0999992E+04  1.6205665E+03
  8.1399977E+04  1.5905220E+03
  8.1799984E+04  1.5609852E+03
  8.2199984E+04  1.5320583E+03
  8.2599992E+04  1.5037827E+03
  8.2999984E+04  1.4761443E+03
  8.3400000E+04  1.4482606E+03
  8.3799992E+04  1.4219147E+03
  8.4199992E+04  1.3964806E+03
  8.4599977E+04  1.3711478E+03
  8.4999977E+04  1.3466975E+03
  8.5399984E+04  1.3229537E+03
  8.5799984E+04  1.2994911E+03
  8.6199992E+04  1.2765071E+03
  8.6599992E+04  1.2539921E+03
  8.6999984E+04  1.2317367E+03
  8.7399992E+04  1.2103776E+03
  8.7799992E+04  1.1892581E+03
  8.8199984E+04  1.1686165E+03
  8.8599977E+04  1.1484421E+03
  8.8999992E+04  1.1286772E+03
  8.9399977E+04  1.1093615E+03
  8.9799977E+04  1.0897366E+03
  9.0199984E+04  1.0718969E+03
  9.0599984E+04  1.0537784E+03
  9.0999992E+04  1.0343441E+03
  9.1400000E+04  1.0180499E+03
  9.1799969E+04  1.0007042E+03
  9.2199969E+04  9.8494934E+02
  9.2599984E+04  9.6863776E+02
  9.3000000E+04  9.5265674E+02
  9.3399984E+04  9.3695721E+02
  9.3799984E+04  9.2166119E+02
  9.4199977E+04  9.0663324E+02
  9.4599984E+04  8.9186786E+02
  9.4999969E+04  8.7744403E+02
  9.5399984E+04  8.6327118E+02
  9.5799984E+04  8.4946851E+02
  9.6199992E+04  8.3590546E+02
  9.6599984E+04  8.2257812E+02
  9.7000000E+04  8.0956152E+02
  9.7399977E+04  7.9649298E+02
  9.7799984E+04  7.8420099E+02
  9.8199977E+04  7.7192639E+02
  9.8599977E+04  7.5986328E+02
  9.8999992E+04  7.4804626E+02
  9.9399984E+04  7.3647119E+02
  9.9799977E+04  7.2509497E+02
  1.0019999E+05  7.1395129E+02
  1.9999991E+05  4.7234825E+01
  3.9999994E+05  2.9618287E+00
  5.9999981E+05  5.8135176E-01
  7.9999994E+05  1.8300399E-01
