  9.2499988E+02  8.9654228E-15
  9.3499982E+02  1.2124324E-14
  9.4500000E+02  2.1358436E-14
  9.5500000E+02  2.5140043E-14
  9.6499988E+02  5.6184807E-14
  9.7499982E+02  7.4781903E-14
  9.8499976E+02  1.2336121E-13
  9.9499988E+02  2.3942496E-13
  1.0049999E+03  3.4537737E-13
  1.0149997E+03  5.2215524E-13
  1.0249998E+03  7.7847733E-13
  1.0349998E+03  2.0940699E-12
  1.0449998E+03  3.2069540E-12
  1.0549999E+03  3.5262511E-12
  1.0649999E+03  9.3028632E-12
  1.0750000E+03  1.4093605E-11
  1.0849996E+03  2.7862691E-11
  1.0949999E+03  4.1398929E-11
  1.1049999E+03  5.8356951E-11
  1.1149999E+03  8.5675363E-11
  1.1249999E+03  2.0852671E-10
  1.1349996E+03  4.0480058E-10
  1.1449999E+03  6.8914113E-10
  1.1549999E+03  1.0490153E-09
  1.1650000E+03  1.4407580E-09
  1.1749995E+03  2.3501610E-09
  1.1849996E+03  2.8446314E-09
  1.1949998E+03  3.2317229E-09
  1.2049996E+03  2.5253926E-09
  1.2149998E+03  3.9096698E-10
  1.2249996E+03  4.2023407E-09
  1.2349996E+03  1.3402807E-08
  1.2449998E+03  2.2121414E-08
  1.2549996E+03  3.3666261E-08
  1.2650000E+03  4.1863281E-08
  1.2749998E+03  6.1841597E-08
  1.2849995E+03  6.1193134E-08
  1.2949998E+03  8.1947789E-08
  1.3049995E+03  1.0241775E-07
  1.3149998E+03  1.3508560E-07
  1.3249998E+03  1.5301723E-07
  1.3349996E+03  1.7349525E-07
  1.3449995E+03  2.3753238E-07
  1.3549996E+03  3.1896721E-07
  1.3649999E+03  3.5001821E-07
  1.3749999E+03  3.6877748E-07
  1.3849996E+03  4.4234449E-07
  1.3949999E+03  5.0627938E-07
  1.4050001E+03  7.3364669E-07
  1.4149998E+03  9.2673082E-07
  1.4249998E+03  1.0502796E-06
  1.4350000E+03  1.5151464E-06
  1.4419998E+03  2.2598219E-06
  1.4469999E+03  1.8323780E-06
  1.4549994E+03  2.2062754E-06
  1.4650000E+03  3.5241733E-06
  1.4749995E+03  4.3380278E-06
  1.4849996E+03  4.5184574E-06
  1.4949998E+03  7.1918980E-06
  1.5049996E+03  1.0427161E-05
  1.5119995E+03  5.2360319E-06
  1.5169994E+03  9.2868395E-06
  1.5250001E+03  1.4488253E-05
  1.5349994E+03  1.9362496E-05
  1.5449994E+03  1.3006080E-05
  1.5549998E+03  2.1494443E-05
  1.5649999E+03  2.0042389E-05
  1.5750001E+03  4.2306474E-05
  1.5850000E+03  4.5449848E-05
  1.5949996E+03  4.3091401E-05
  1.6049999E+03  4.6194691E-05
  1.6150000E+03  4.8825183E-05
  1.6249996E+03  4.7641188E-05
  1.6350000E+03  6.4522603E-05
  1.6449996E+03  8.7934226E-05
  1.6549999E+03  7.3065465E-05
  1.6649993E+03  1.1879591E-04
  1.6720000E+03  9.9300640E-05
  1.6770001E+03  1.5545783E-04
  1.6849998E+03  2.0442024E-04
  1.6950000E+03  3.0315400E-04
  1.7049995E+03  3.1120723E-04
  1.7150000E+03  3.4705203E-04
  1.7249993E+03  4.7921808E-04
  1.7349994E+03  5.5858737E-04
  1.7449993E+03  7.9107168E-04
  1.7550001E+03  8.0006185E-04
  1.7649998E+03  1.0506406E-03
  1.7749995E+03  9.4621396E-04
  1.7849995E+03  1.8225221E-03
  1.7949999E+03  1.5396592E-03
  1.8050001E+03  2.7249912E-03
  1.8150001E+03  1.9117835E-03
  1.8249994E+03  3.2327378E-03
  1.8349993E+03  2.7743487E-03
  1.8449993E+03  4.2519420E-03
  1.8549998E+03  3.3634221E-03
  1.8650002E+03  5.7218969E-03
  1.8750001E+03  5.3779110E-03
  1.8850000E+03  6.8397149E-03
  1.8950002E+03  8.6821057E-03
  1.9049996E+03  9.3646972E-03
  1.9149999E+03  1.3673329E-02
  1.9249993E+03  1.1516639E-02
  1.9350001E+03  8.2919542E-03
  1.9449993E+03  1.6543094E-02
  1.9550002E+03  2.3806369E-02
  1.9670002E+03  2.5922794E-02
  1.9759990E+03  3.0417891E-02
  1.9839996E+03  3.9145734E-02
  1.9950001E+03  3.4965903E-02
  2.0050002E+03  4.1787103E-02
  2.0149996E+03  4.8046589E-02
  2.0249994E+03  4.5854308E-02
  2.0349995E+03  5.8180779E-02
  2.0449998E+03  6.1417397E-02
  2.0550000E+03  7.3518261E-02
  2.0649993E+03  7.0733592E-02
  2.0739993E+03  6.7337677E-02
  2.0780002E+03  1.3360758E-01
  2.0849993E+03  1.8275860E-01
  2.0950005E+03  1.9922350E-01
  2.1050002E+03  1.7583321E-01
  2.1149990E+03  1.7921938E-01
  2.1250000E+03  2.1069933E-01
  2.1350002E+03  2.8113073E-01
  2.1449998E+03  2.0894204E-01
  2.1550005E+03  2.6689154E-01
  2.1649995E+03  2.5676423E-01
  2.1750002E+03  2.8667736E-01
  2.1849998E+03  2.5711176E-01
  2.1950000E+03  4.7437775E-01
  2.2050000E+03  3.7697127E-01
  2.2149998E+03  4.8027810E-01
  2.2249998E+03  4.0078580E-01
  2.2350005E+03  7.3548967E-01
  2.2449990E+03  8.2021326E-01
  2.2549993E+03  1.0852976E+00
  2.2650000E+03  5.0437415E-01
  2.2750000E+03  1.1681316E+00
  2.2850000E+03  1.0588620E+00
  2.2950002E+03  1.9658399E+00
  2.3050000E+03  5.7965410E-01
  2.3149995E+03  2.5645461E+00
  2.3250000E+03  1.8856776E+00
  2.3349995E+03  3.1862769E+00
  2.3449993E+03  1.8520751E+00
  2.3550000E+03  1.5190165E+00
  2.3649988E+03  2.2021146E+00
  2.3750000E+03  2.0840912E+00
  2.3849990E+03  3.9767370E+00
  2.3950000E+03  3.5233183E+00
  2.4050005E+03  7.0148606E+00
  2.4149993E+03  4.0182681E+00
  2.4249990E+03  5.3478913E+00
  2.4349990E+03  8.3247976E+00
  2.4450000E+03  1.1855256E+01
  2.4549990E+03  1.4034149E+01
  2.4649990E+03  8.3490829E+00
  2.4749993E+03  1.6017984E+01
  2.4850005E+03  5.2848053E+00
  2.4950000E+03  6.5893216E+00
  2.5050005E+03  1.3987390E+01
  2.5129988E+03  9.6271744E+00
  2.5179990E+03  1.1094645E+01
  2.5249998E+03  1.3719420E+01
  2.5350007E+03  3.1582069E+01
  2.5449988E+03  3.9373924E+01
  2.5550000E+03  4.1869835E+01
  2.5649990E+03  2.1924110E+01
  2.5749990E+03  3.7128311E+01
  2.5849993E+03  2.6230619E+01
  2.5949990E+03  3.2337738E+01
  2.6049995E+03  4.5963383E+01
  2.6149998E+03  4.1687744E+01
  2.6249990E+03  6.6881866E+01
  2.6350007E+03  1.0088927E+02
  2.6449995E+03  7.9675865E+01
  2.6549998E+03  1.0727957E+02
  2.6649995E+03  9.7256882E+01
  2.6749988E+03  8.4600975E+01
  2.6849988E+03  1.1736427E+02
  2.6949988E+03  8.4558533E+01
  2.7050000E+03  1.3882489E+02
  2.7150000E+03  1.3929138E+02
  2.7249995E+03  1.2254845E+02
  2.7350007E+03  1.2703270E+02
  2.7450002E+03  1.8303111E+02
  2.7549998E+03  1.6947969E+02
  2.7649983E+03  2.3276958E+02
  2.7750005E+03  3.0683136E+02
  2.7850000E+03  2.1399232E+02
  2.7949993E+03  2.8567877E+02
  2.8049995E+03  2.9167517E+02
  2.8150002E+03  3.1109061E+02
  2.8250007E+03  3.2789709E+02
  2.8350000E+03  3.0407318E+02
  2.8450002E+03  2.4443814E+02
  2.8550005E+03  1.2151459E+02
  2.8650000E+03  3.7724133E+02
  2.8749983E+03  3.9106671E+02
  2.8850000E+03  5.8701404E+02
  2.8949988E+03  6.7439606E+02
  2.9099988E+03  7.7921661E+02
  2.9299983E+03  8.5282745E+02
  2.9499990E+03  9.0424640E+02
  2.9700005E+03  9.4968005E+02
  2.9899980E+03  1.1524376E+03
  3.0099995E+03  1.2944342E+03
  3.0299995E+03  1.6140898E+03
  3.0499995E+03  1.9453239E+03
  3.0699995E+03  1.8186111E+03
  3.0899995E+03  1.7825983E+03
  3.1099995E+03  2.3585308E+03
  3.1299998E+03  2.4028948E+03
  3.1499995E+03  3.1666465E+03
  3.1699995E+03  4.4170703E+03
  3.1899995E+03  3.8083877E+03
  3.2099998E+03  4.6919336E+03
  3.2299993E+03  5.2926592E+03
  3.2499993E+03  7.5931572E+03
  3.2699995E+03  9.4453691E+03
  3.2899995E+03  1.2583062E+04
  3.3099998E+03  1.1032648E+04
  3.3299993E+03  1.2888678E+04
  3.3499995E+03  1.4011551E+04
  3.3699995E+03  1.0277404E+04
  3.3899993E+03  1.3477305E+04
  3.4099993E+03  1.6704352E+04
  3.4299995E+03  1.9460279E+04
  3.4499993E+03  2.2971781E+04
  3.4699998E+03  2.7850820E+04
  3.4899993E+03  3.1041568E+04
  3.5099995E+03  4.4709176E+04
  3.5299995E+03  3.4904250E+04
  3.5499995E+03  4.4941922E+04
  3.5699995E+03  3.9216613E+04
  3.5899995E+03  4.2922922E+04
  3.6099995E+03  5.7090586E+04
  3.6299993E+03  6.4783039E+04
  3.6399993E+03  6.6892766E+04
  3.6499995E+03  4.8250684E+04
  3.6699993E+03  6.7383953E+04
  3.6899995E+03  4.7763633E+04
  3.7099995E+03  3.8100023E+04
  3.7299998E+03  1.8371590E+04
  3.7499993E+03  2.3269984E+04
  3.7699993E+03  5.5517711E+04
  3.7899995E+03  6.2001594E+04
  3.8099993E+03  5.3153895E+04
  3.8299998E+03  2.3545654E+04
  3.8499995E+03  4.0165379E+04
  3.8699995E+03  3.6536590E+04
  3.8899995E+03  4.2642363E+04
  3.9099995E+03  6.2884547E+04
  3.9299993E+03  2.4640875E+04
  3.9499993E+03  5.1365129E+04
  3.9699998E+03  3.3418809E+04
  3.9899995E+03  1.1654752E+05
  4.0099995E+03  1.6163811E+05
  4.0299993E+03  1.2870848E+05
  4.0499993E+03  1.3704794E+05
  4.0699993E+03  1.1722806E+05
  4.0899995E+03  1.9584464E+05
  4.1099995E+03  1.2974600E+05
  4.1299995E+03  1.4115481E+05
  4.1499990E+03  1.3966197E+05
  4.1699990E+03  1.3571269E+05
  4.1899995E+03  1.4621392E+05
  4.2099995E+03  1.1376961E+05
  4.2299995E+03  5.6376586E+04
  4.2499995E+03  1.2181019E+05
  4.2699990E+03  1.2574439E+05
  4.2899995E+03  1.2984161E+05
  4.3100000E+03  1.4359827E+05
  4.3299995E+03  2.1922130E+05
  4.3499995E+03  2.4498353E+05
  4.3699995E+03  2.5708811E+05
  4.3899995E+03  2.0730769E+05
  4.4099995E+03  2.0903462E+05
  4.4299995E+03  2.2379498E+05
  4.4499995E+03  2.5125684E+05
  4.4699995E+03  2.7810625E+05
  4.4899995E+03  3.0011425E+05
  4.5099990E+03  3.6537750E+05
  4.5299995E+03  2.7939812E+05
  4.5499990E+03  3.1607188E+05
  4.5699995E+03  3.6796816E+05
  4.5899990E+03  3.2721697E+05
  4.6099990E+03  3.5235697E+05
  4.6299990E+03  3.2805481E+05
  4.6499990E+03  3.2591844E+05
  4.6699990E+03  3.5723222E+05
  4.6899990E+03  3.4316203E+05
  4.7099995E+03  3.2434153E+05
  4.7299990E+03  3.1362297E+05
  4.7499995E+03  3.0579456E+05
  4.7699995E+03  2.2604417E+05
  4.7899990E+03  2.5875662E+05
  4.8099995E+03  2.9070653E+05
  4.8299995E+03  3.1578922E+05
  4.8499990E+03  3.4011291E+05
  4.8700000E+03  3.4485422E+05
  4.8899990E+03  3.7622744E+05
  4.9099990E+03  3.7809112E+05
  4.9299990E+03  3.6394697E+05
  4.9499995E+03  3.1886816E+05
  4.9699995E+03  2.5737405E+05
  4.9899990E+03  2.5451323E+05
  5.0099995E+03  2.1794897E+05
  5.0299995E+03  2.5068981E+05
  5.0499995E+03  2.4736378E+05
  5.0699995E+03  2.3970019E+05
  5.0899995E+03  2.3798016E+05
  5.1099990E+03  2.5636283E+05
  5.1299995E+03  2.4424686E+05
  5.1499985E+03  2.3171455E+05
  5.1700000E+03  1.9454770E+05
  5.1899990E+03  2.2191873E+05
  5.2099990E+03  2.6590788E+05
  5.2299995E+03  3.9605806E+05
  5.2499995E+03  4.3614244E+05
  5.2699995E+03  3.6765959E+05
  5.2899990E+03  4.8242512E+05
  5.3099995E+03  5.2617656E+05
  5.3299990E+03  4.4044078E+05
  5.3499995E+03  4.9613338E+05
  5.3699995E+03  4.8425334E+05
  5.3899995E+03  4.7977156E+05
  5.4099990E+03  4.8672141E+05
  5.4299990E+03  4.7970553E+05
  5.4499990E+03  3.9561259E+05
  5.4699995E+03  4.1560266E+05
  5.4899995E+03  4.3925381E+05
  5.5099995E+03  4.2073353E+05
  5.5299985E+03  4.9323741E+05
  5.5499990E+03  5.0930675E+05
  5.5699990E+03  5.2305662E+05
  5.5899995E+03  5.0631184E+05
  5.6099990E+03  4.5576041E+05
  5.6299995E+03  4.9331900E+05
  5.6499990E+03  5.4125188E+05
  5.6699990E+03  5.3179200E+05
  5.6899995E+03  5.8279644E+05
  5.7099995E+03  5.5491812E+05
  5.7299990E+03  6.3209388E+05
  5.7499990E+03  6.1480575E+05
  5.7699990E+03  5.8884744E+05
  5.7899995E+03  5.8104419E+05
  5.8099985E+03  5.8862438E+05
  5.8300000E+03  6.2410688E+05
  5.8499990E+03  6.0102269E+05
  5.8699985E+03  5.7548275E+05
  5.8899985E+03  5.0923769E+05
  5.9099995E+03  5.6239069E+05
  5.9299985E+03  5.6833144E+05
  5.9499995E+03  5.6799669E+05
  5.9699990E+03  5.9511556E+05
  5.9899990E+03  5.9656594E+05
  6.0099990E+03  6.0148844E+05
  6.0299995E+03  6.4288594E+05
  6.0499990E+03  6.6581488E+05
  6.0699990E+03  6.7561644E+05
  6.0899995E+03  6.5995144E+05
  6.1099985E+03  6.6416556E+05
  6.1299995E+03  6.2324488E+05
  6.1499985E+03  6.4488638E+05
  6.1699985E+03  5.0713500E+05
  6.1900000E+03  5.5055619E+05
  6.2099995E+03  5.1101697E+05
  6.2299985E+03  4.7661294E+05
  6.2499990E+03  4.8499603E+05
  6.2699985E+03  5.1801544E+05
  6.2900000E+03  5.6177488E+05
  6.3099985E+03  5.7272456E+05
  6.3299995E+03  5.8069444E+05
  6.3499985E+03  5.8595569E+05
  6.3699985E+03  5.9217925E+05
  6.3899995E+03  6.0453181E+05
  6.4099990E+03  5.8195075E+05
  6.4299985E+03  5.9052806E+05
  6.4499985E+03  5.7903856E+05
  6.4699990E+03  5.7615712E+05
  6.4899990E+03  5.6203938E+05
  6.5099985E+03  6.0518962E+05
  6.5299990E+03  6.1051738E+05
  6.5499985E+03  5.9819812E+05
  6.5699985E+03  6.0143912E+05
  6.5899995E+03  6.0770931E+05
  6.6099985E+03  6.0401162E+05
  6.6299990E+03  5.9776744E+05
  6.6499985E+03  6.0991206E+05
  6.6699995E+03  5.5784800E+05
  6.6899990E+03  4.9582259E+05
  6.7099995E+03  4.3884319E+05
  6.7299990E+03  4.3020847E+05
  6.7499995E+03  4.1898919E+05
  6.7699985E+03  4.1322128E+05
  6.7899995E+03  4.0438412E+05
  6.8099995E+03  4.2644762E+05
  6.8300000E+03  4.4976441E+05
  6.8499985E+03  4.5214406E+05
  6.8699985E+03  4.7022103E+05
  6.8899985E+03  5.0091309E+05
  6.9099990E+03  5.3223662E+05
  6.9299995E+03  5.3582894E+05
  6.9499990E+03  5.7208212E+05
  6.9699985E+03  6.0562344E+05
  6.9899985E+03  6.1396738E+05
  7.0099985E+03  6.4568894E+05
  7.0299985E+03  6.6504162E+05
  7.0499990E+03  6.8641569E+05
  7.0699980E+03  6.4578012E+05
  7.0899990E+03  4.9469541E+05
  7.1099990E+03  3.8788856E+05
  7.1299995E+03  3.6687028E+05
  7.1499990E+03  3.5604403E+05
  7.1699995E+03  3.7291584E+05
  7.1899985E+03  3.7377369E+05
  7.2099985E+03  3.8258081E+05
  7.2299980E+03  4.2916522E+05
  7.2499990E+03  4.6591272E+05
  7.2699995E+03  5.0818041E+05
  7.2899990E+03  5.3677844E+05
  7.3099980E+03  5.8670744E+05
  7.3299980E+03  6.1105231E+05
  7.3499980E+03  6.3856881E+05
  7.3699985E+03  6.7657006E+05
  7.3899995E+03  6.9224881E+05
  7.4099985E+03  7.1109038E+05
  7.4299995E+03  7.2951425E+05
  7.4500000E+03  7.3327262E+05
  7.4700000E+03  7.5682950E+05
  7.4899990E+03  7.6145619E+05
  7.5099985E+03  7.7684381E+05
  7.5299995E+03  7.9039600E+05
  7.5499980E+03  7.9414519E+05
  7.5699985E+03  7.9238688E+05
  7.5899990E+03  7.8795462E+05
  7.6099980E+03  7.6456306E+05
  7.6299995E+03  6.8976494E+05
  7.6499995E+03  6.2861269E+05
  7.6699980E+03  5.8518650E+05
  7.6899990E+03  5.5919312E+05
  7.7099995E+03  5.5350081E+05
  7.7299985E+03  5.4133456E+05
  7.7499990E+03  5.4647856E+05
  7.7700000E+03  5.3503250E+05
  7.7900000E+03  5.6941325E+05
  7.8099995E+03  5.6752600E+05
  7.8299980E+03  5.5379119E+05
  7.8499980E+03  5.3209419E+05
  7.8699995E+03  5.7807150E+05
  7.8900000E+03  5.6385806E+05
  7.9099995E+03  5.6238912E+05
  7.9300000E+03  5.8359112E+05
  7.9499985E+03  5.9411212E+05
  7.9699990E+03  6.1402119E+05
  7.9900000E+03  6.3821450E+05
  8.0099980E+03  6.6550619E+05
  8.0299985E+03  6.6219506E+05
  8.0500000E+03  6.8291850E+05
  8.0699985E+03  6.9747081E+05
  8.0899990E+03  7.0507831E+05
  8.1099995E+03  7.2932775E+05
  8.1299976E+03  7.5321688E+05
  8.1499976E+03  7.6381744E+05
  8.1699980E+03  7.7170906E+05
  8.1899985E+03  7.4873612E+05
  8.2099990E+03  7.7152931E+05
  8.2300000E+03  7.8853019E+05
  8.2500000E+03  7.7635362E+05
  8.2700000E+03  7.9155188E+05
  8.2899980E+03  7.8565462E+05
  8.3099990E+03  7.5770950E+05
  8.3299980E+03  7.4006794E+05
  8.3500000E+03  7.4619850E+05
  8.3699990E+03  7.4500306E+05
  8.3899990E+03  7.0682850E+05
  8.4099971E+03  7.2546944E+05
  8.4300000E+03  6.2777431E+05
  8.4499990E+03  5.3880444E+05
  8.4699980E+03  5.6398994E+05
  8.4899980E+03  5.6645794E+05
  8.5099990E+03  5.4959675E+05
  8.5299990E+03  5.8150594E+05
  8.5499990E+03  5.8064388E+05
  8.5699990E+03  6.1497169E+05
  8.5900000E+03  6.3151244E+05
  8.6099980E+03  6.5282306E+05
  8.6299990E+03  6.7418200E+05
  8.6499990E+03  6.9392706E+05
  8.6699990E+03  6.5369188E+05
  8.6899990E+03  6.8964875E+05
  8.7099971E+03  7.2333244E+05
  8.7299990E+03  7.3499956E+05
  8.7499980E+03  7.3838469E+05
  8.7699980E+03  7.4388644E+05
  8.7899980E+03  7.5815606E+05
  8.8099990E+03  7.4496144E+05
  8.8299980E+03  7.5342869E+05
  8.8499980E+03  7.6864200E+05
  8.8699980E+03  7.6019975E+05
  8.8899990E+03  7.7480162E+05
  8.9099971E+03  7.8086588E+05
  8.9299980E+03  7.6754550E+05
  8.9499980E+03  7.6830481E+05
  8.9699990E+03  7.7274844E+05
  8.9899990E+03  7.8110725E+05
  9.0099980E+03  7.5490406E+05
  9.0299990E+03  7.7327844E+05
  9.0499990E+03  7.9028738E+05
  9.0699980E+03  7.9362956E+05
  9.0899990E+03  7.6711606E+05
  9.1099980E+03  7.7332975E+05
  9.1299980E+03  7.8779756E+05
  9.1499980E+03  7.8282744E+05
  9.1699980E+03  7.8483744E+05
  9.1899990E+03  7.9128306E+05
  9.2099990E+03  7.4854425E+05
  9.2299980E+03  7.3009194E+05
  9.2499980E+03  7.2482475E+05
  9.2699971E+03  7.1516844E+05
  9.2899990E+03  6.9537344E+05
  9.3099980E+03  7.0960106E+05
  9.3299990E+03  7.1192850E+05
  9.3499980E+03  6.9901781E+05
  9.3699990E+03  6.9058731E+05
  9.3900000E+03  7.1379738E+05
  9.4099980E+03  7.0374669E+05
  9.4299971E+03  7.1182219E+05
  9.4499990E+03  7.0484662E+05
  9.4700000E+03  7.2653125E+05
  9.4899980E+03  7.2920331E+05
  9.5100000E+03  7.2855512E+05
  9.5300000E+03  7.3242769E+05
  9.5500000E+03  7.2072994E+05
  9.5699990E+03  7.2812794E+05
  9.5899980E+03  7.4733738E+05
  9.6099980E+03  7.3574500E+05
  9.6299990E+03  7.4808838E+05
  9.6499990E+03  7.2002956E+05
  9.6699980E+03  7.2466894E+05
  9.6899980E+03  7.4792062E+05
  9.7100000E+03  7.3904862E+05
  9.7299990E+03  7.3215381E+05
  9.7499980E+03  7.3696038E+05
  9.7699961E+03  7.4412931E+05
  9.7899980E+03  7.2725569E+05
  9.8099980E+03  7.5698094E+05
  9.8299990E+03  7.4606706E+05
  9.8499980E+03  7.6070800E+05
  9.8700000E+03  7.5712512E+05
  9.8899980E+03  7.5753288E+05
  9.9099990E+03  7.5509194E+05
  9.9300000E+03  7.5384888E+05
  9.9499980E+03  7.5451275E+05
  9.9699980E+03  7.5668100E+05
  9.9899990E+03  7.5758006E+05
  1.0024998E+04  7.4847606E+05
  1.0074998E+04  7.4306962E+05
  1.0124997E+04  7.4614888E+05
  1.0174997E+04  7.3756000E+05
  1.0224998E+04  7.3303081E+05
  1.0274997E+04  7.3198044E+05
  1.0325000E+04  7.1981894E+05
  1.0374999E+04  7.1587262E+05
  1.0425000E+04  7.2025338E+05
  1.0474998E+04  7.1590050E+05
  1.0524997E+04  7.1856925E+05
  1.0574999E+04  7.1141956E+05
  1.0625000E+04  7.1418356E+05
  1.0674997E+04  7.0436875E+05
  1.0724998E+04  7.0489088E+05
  1.0774999E+04  7.0258231E+05
  1.0824997E+04  6.9324588E+05
  1.0874997E+04  6.9867212E+05
  1.0924999E+04  7.0286531E+05
  1.0974996E+04  6.9860281E+05
  1.1025000E+04  6.9813806E+05
  1.1074998E+04  6.9707025E+05
  1.1124999E+04  6.9425800E+05
  1.1174998E+04  6.8781812E+05
  1.1224999E+04  6.8950781E+05
  1.1274997E+04  6.7934625E+05
  1.1325000E+04  6.7926469E+05
  1.1375000E+04  6.7182131E+05
  1.1425000E+04  6.6520350E+05
  1.1474997E+04  6.7498362E+05
  1.1525000E+04  6.7651375E+05
  1.1574998E+04  6.6893869E+05
  1.1625000E+04  6.5837375E+05
  1.1674998E+04  6.6018169E+05
  1.1724997E+04  6.6634681E+05
  1.1775001E+04  6.5309144E+05
  1.1824999E+04  6.5186412E+05
  1.1875000E+04  6.4459625E+05
  1.1925000E+04  6.5673988E+05
  1.1975001E+04  6.3495244E+05
  1.2024998E+04  6.4977069E+05
  1.2074996E+04  6.4305725E+05
  1.2125000E+04  6.4604125E+05
  1.2175000E+04  6.4593056E+05
  1.2225001E+04  6.4345569E+05
  1.2275001E+04  6.3989956E+05
  1.2324996E+04  6.3633069E+05
  1.2374996E+04  6.3661119E+05
  1.2424998E+04  6.3135119E+05
  1.2475000E+04  6.3194056E+05
  1.2524997E+04  6.2553669E+05
  1.2574997E+04  6.2643288E+05
  1.2624999E+04  6.2405694E+05
  1.2674997E+04  6.1879156E+05
  1.2724999E+04  6.2010356E+05
  1.2774999E+04  6.2241512E+05
  1.2825000E+04  6.0250019E+05
  1.2875001E+04  6.1203388E+05
  1.2924997E+04  6.0209881E+05
  1.2975001E+04  6.1326562E+05
  1.3024998E+04  6.0685675E+05
  1.3074999E+04  6.1101694E+05
  1.3125000E+04  5.9392669E+05
  1.3174998E+04  5.9843444E+05
  1.3224998E+04  6.0421400E+05
  1.3274997E+04  5.9601550E+05
  1.3324997E+04  5.9938038E+05
  1.3374999E+04  5.9850844E+05
  1.3424999E+04  6.0099825E+05
  1.3474999E+04  5.9986612E+05
  1.3525001E+04  5.9828100E+05
  1.3574999E+04  5.9341194E+05
  1.3624997E+04  5.8800938E+05
  1.3674997E+04  5.9435425E+05
  1.3724995E+04  5.9723150E+05
  1.3774998E+04  5.9383662E+05
  1.3824998E+04  5.9579731E+05
  1.3874996E+04  5.8877156E+05
  1.3925000E+04  5.9510038E+05
  1.3974996E+04  5.9542175E+05
  1.4024997E+04  5.8725750E+05
  1.4075001E+04  5.9465444E+05
  1.4124996E+04  5.8956488E+05
  1.4175000E+04  5.9471250E+05
  1.4225000E+04  5.8860275E+05
  1.4274994E+04  5.7208200E+05
  1.4325001E+04  5.9104331E+05
  1.4374998E+04  5.9200738E+05
  1.4424999E+04  5.8077694E+05
  1.4475000E+04  5.9214469E+05
  1.4524997E+04  5.8653956E+05
  1.4569999E+04  5.8829906E+05
  1.4620000E+04  5.9277738E+05
  1.4674998E+04  5.9327575E+05
  1.4725000E+04  5.8490969E+05
  1.4775002E+04  5.8872331E+05
  1.4824998E+04  5.9182144E+05
  1.4874996E+04  5.7901300E+05
  1.4924997E+04  5.9927388E+05
  1.4974999E+04  5.9306106E+05
  1.5024999E+04  5.6719238E+05
  1.5075000E+04  5.7906862E+05
  1.5124999E+04  5.9683612E+05
  1.5175000E+04  5.9534712E+05
  1.5225002E+04  5.9878919E+05
  1.5274998E+04  6.0382088E+05
  1.5324995E+04  6.0166800E+05
  1.5374997E+04  6.0786488E+05
  1.5425001E+04  6.1004200E+05
  1.5474996E+04  6.1132956E+05
  1.5524994E+04  6.0405344E+05
  1.5575001E+04  6.0556969E+05
  1.5624998E+04  6.1319662E+05
  1.5674997E+04  6.0272850E+05
  1.5724994E+04  6.0840881E+05
  1.5774996E+04  5.8584625E+05
  1.5825001E+04  6.0482012E+05
  1.5874995E+04  5.9215206E+05
  1.5925002E+04  6.0268506E+05
  1.5975001E+04  6.1263250E+05
  1.6049998E+04  6.1424750E+05
  1.6150001E+04  6.0852725E+05
  1.6249997E+04  6.0900769E+05
  1.6350000E+04  6.0907800E+05
  1.6449996E+04  5.9866056E+05
  1.6549998E+04  5.9342831E+05
  1.6649994E+04  5.8191869E+05
  1.6749998E+04  5.6376525E+05
  1.6849998E+04  5.5735888E+05
  1.6950000E+04  5.5331931E+05
  1.7049996E+04  5.3473106E+05
  1.7150000E+04  5.2606656E+05
  1.7249992E+04  5.1307269E+05
  1.7349994E+04  5.0567334E+05
  1.7449992E+04  4.9610859E+05
  1.7550000E+04  4.8704581E+05
  1.7649998E+04  4.8012766E+05
  1.7749994E+04  4.6820447E+05
  1.7849994E+04  4.6440381E+05
  1.7949998E+04  4.5331556E+05
  1.8050002E+04  4.4183103E+05
  1.8150002E+04  4.3570634E+05
  1.8249994E+04  4.2622816E+05
  1.8349992E+04  4.1704175E+05
  1.8449992E+04  4.0508497E+05
  1.8549998E+04  4.0409012E+05
  1.8650002E+04  3.9179644E+05
  1.8750002E+04  3.8619244E+05
  1.8850000E+04  3.8121525E+05
  1.8950004E+04  3.6294509E+05
  1.9049996E+04  3.6849838E+05
  1.9149998E+04  3.6050950E+05
  1.9249992E+04  3.5517772E+05
  1.9350000E+04  3.4209809E+05
  1.9449992E+04  3.3465606E+05
  1.9550002E+04  3.3365581E+05
  1.9649992E+04  3.2987856E+05
  1.9749992E+04  3.1761253E+05
  1.9849992E+04  3.1332097E+05
  1.9950002E+04  3.1046197E+05
  2.0050002E+04  3.1115884E+05
  2.0149996E+04  3.0574931E+05
  2.0249994E+04  2.9607638E+05
  2.0349994E+04  2.9260056E+05
  2.0449996E+04  2.9087191E+05
  2.0550000E+04  2.8506828E+05
  2.0649992E+04  2.7869197E+05
  2.0749998E+04  2.7531206E+05
  2.0849992E+04  2.6982656E+05
  2.0950004E+04  2.6256131E+05
  2.1050002E+04  2.6173055E+05
  2.1149992E+04  2.5608656E+05
  2.1250000E+04  2.5246378E+05
  2.1350002E+04  2.5002161E+05
  2.1449996E+04  2.4572269E+05
  2.1550006E+04  2.4116772E+05
  2.1649994E+04  2.3771553E+05
  2.1750002E+04  2.3167209E+05
  2.1849998E+04  2.2931975E+05
  2.1950002E+04  2.2574145E+05
  2.2050000E+04  2.1613608E+05
  2.2149996E+04  2.1980978E+05
  2.2249998E+04  2.1156791E+05
  2.2350004E+04  2.1013128E+05
  2.2449990E+04  2.0718738E+05
  2.2549994E+04  2.0570939E+05
  2.2650000E+04  1.9881525E+05
  2.2750000E+04  1.9965531E+05
  2.2850000E+04  1.9457086E+05
  2.2950004E+04  1.6162886E+05
  2.3050000E+04  1.7373742E+05
  2.3149996E+04  1.7335745E+05
  2.3250000E+04  1.4510733E+05
  2.3349996E+04  1.5752073E+05
  2.3449994E+04  1.5947547E+05
  2.3550002E+04  1.3444403E+05
  2.3649988E+04  1.4874745E+05
  2.3750000E+04  1.4866616E+05
  2.3849990E+04  1.2885784E+05
  2.3950002E+04  1.3933672E+05
  2.4050006E+04  1.4194509E+05
  2.4149992E+04  1.2507552E+05
  2.4249990E+04  1.3282283E+05
  2.4349990E+04  1.3527319E+05
  2.4450002E+04  1.2537127E+05
  2.4549990E+04  1.2404581E+05
  2.4649992E+04  1.3033273E+05
  2.4749992E+04  1.2519798E+05
  2.4850006E+04  1.1813422E+05
  2.4950000E+04  1.2284776E+05
  2.5050006E+04  1.2689994E+05
  2.5149994E+04  1.1512438E+05
  2.5249998E+04  1.1999913E+05
  2.5350004E+04  1.2068396E+05
  2.5449988E+04  1.1681190E+05
  2.5549998E+04  1.1529902E+05
  2.5649990E+04  1.1602233E+05
  2.5749990E+04  1.1633312E+05
  2.5849994E+04  1.1011828E+05
  2.5949990E+04  1.1152585E+05
  2.6049996E+04  1.1213682E+05
  2.6149998E+04  1.1029464E+05
  2.6249988E+04  1.0850467E+05
  2.6350008E+04  1.0846927E+05
  2.6449996E+04  1.0737071E+05
  2.6549994E+04  1.0624276E+05
  2.6649994E+04  1.0355855E+05
  2.6749988E+04  1.0587098E+05
  2.6849986E+04  1.0412755E+05
  2.6949986E+04  1.0202836E+05
  2.7050002E+04  1.0191888E+05
  2.7149998E+04  1.0086284E+05
  2.7249994E+04  1.0007322E+05
  2.7350006E+04  9.8214523E+04
  2.7450004E+04  9.7910227E+04
  2.7549996E+04  9.7483703E+04
  2.7649982E+04  9.5686016E+04
  2.7750004E+04  9.4253852E+04
  2.7850000E+04  9.3738523E+04
  2.7949992E+04  9.3295672E+04
  2.8049994E+04  9.1985227E+04
  2.8150002E+04  9.0496062E+04
  2.8250006E+04  8.9814008E+04
  2.8350000E+04  8.9223742E+04
  2.8450000E+04  8.7964602E+04
  2.8550002E+04  8.6905766E+04
  2.8650002E+04  8.5978875E+04
  2.8749982E+04  8.5167688E+04
  2.8849998E+04  8.4093883E+04
  2.8949986E+04  8.3127430E+04
  2.9049994E+04  8.1899828E+04
  2.9149986E+04  8.1055164E+04
  2.9249984E+04  7.8973938E+04
  2.9349980E+04  7.9118969E+04
  2.9450000E+04  7.8204555E+04
  2.9550004E+04  7.7330977E+04
  2.9649982E+04  7.6591797E+04
  2.9749992E+04  7.5741438E+04
  2.9849994E+04  7.4647094E+04
  2.9949984E+04  7.3687508E+04
  3.0049996E+04  7.2889102E+04
  3.0149994E+04  7.2178461E+04
  3.0249994E+04  7.1059789E+04
  3.0349996E+04  7.0305984E+04
  3.0449996E+04  6.9666188E+04
  3.0549996E+04  6.8686094E+04
  3.0649996E+04  6.7813539E+04
  3.0749994E+04  6.7177977E+04
  3.0849996E+04  6.5959398E+04
  3.0949994E+04  6.5502398E+04
  3.1049996E+04  6.4846695E+04
  3.1149996E+04  6.3522496E+04
  3.1249996E+04  6.3313344E+04
  3.1349996E+04  6.2545918E+04
  3.1449996E+04  6.1794582E+04
  3.1549998E+04  6.1006078E+04
  3.1649996E+04  6.0139805E+04
  3.1749998E+04  5.9724188E+04
  3.1849996E+04  5.9034066E+04
  3.1949994E+04  5.8392016E+04
  3.2099996E+04  5.7335711E+04
  3.2299992E+04  5.5967062E+04
  3.2499994E+04  5.4734645E+04
  3.2699996E+04  5.3454113E+04
  3.2899996E+04  5.2280629E+04
  3.3099996E+04  5.1049004E+04
  3.3299992E+04  4.9849906E+04
  3.3499996E+04  4.8924109E+04
  3.3699996E+04  4.7787840E+04
  3.3899996E+04  4.6648672E+04
  3.4099996E+04  4.5513422E+04
  3.4299996E+04  4.4763250E+04
  3.4499992E+04  4.3843797E+04
  3.4699996E+04  4.2886168E+04
  3.4899996E+04  4.1984672E+04
  3.5099996E+04  4.1140637E+04
  3.5299996E+04  4.0198086E+04
  3.5499996E+04  3.9414605E+04
  3.5699992E+04  3.8557441E+04
  3.5899992E+04  3.7754871E+04
  3.6099996E+04  3.7028371E+04
  3.6299992E+04  3.6266953E+04
  3.6499992E+04  3.5460566E+04
  3.6699992E+04  3.4686336E+04
  3.6899992E+04  3.3879727E+04
  3.7099996E+04  3.3165082E+04
  3.7299996E+04  3.2650615E+04
  3.7499992E+04  3.1909463E+04
  3.7699996E+04  3.1391553E+04
  3.7899996E+04  3.0751633E+04
  3.8099992E+04  3.0190871E+04
  3.8299996E+04  2.9640098E+04
  3.8499996E+04  2.9071164E+04
  3.8699996E+04  2.8318684E+04
  3.8899992E+04  2.7906256E+04
  3.9099996E+04  2.7429281E+04
  3.9299992E+04  2.6902020E+04
  3.9499992E+04  2.6256029E+04
  3.9699992E+04  2.5822434E+04
  3.9900000E+04  2.5178480E+04
  4.0099996E+04  2.4827211E+04
  4.0299992E+04  2.4460781E+04
  4.0499996E+04  2.3918902E+04
  4.0699992E+04  2.3543404E+04
  4.0899992E+04  2.3124539E+04
  4.1099996E+04  2.2699303E+04
  4.1299996E+04  2.2314338E+04
  4.1499992E+04  2.1889785E+04
  4.1699992E+04  2.1493781E+04
  4.1899996E+04  2.1011611E+04
  4.2099996E+04  2.0612436E+04
  4.2299992E+04  2.0389561E+04
  4.2499996E+04  1.9974518E+04
  4.2699992E+04  1.9671930E+04
  4.2899992E+04  1.8007518E+04
  4.3099996E+04  1.5967873E+04
  4.3299996E+04  1.6040527E+04
  4.3499992E+04  1.4873021E+04
  4.3699996E+04  1.4089146E+04
  4.3899996E+04  1.3625812E+04
  4.4099992E+04  1.2940934E+04
  4.4299992E+04  1.2565386E+04
  4.4499996E+04  1.2344062E+04
  4.4699996E+04  1.1790386E+04
  4.4899996E+04  1.1765562E+04
  4.5099992E+04  1.1371765E+04
  4.5299992E+04  1.1122688E+04
  4.5499996E+04  1.1100093E+04
  4.5699992E+04  1.0970319E+04
  4.5899996E+04  1.0620825E+04
  4.6099996E+04  1.0716952E+04
  4.6299992E+04  1.0497507E+04
  4.6499988E+04  1.0469951E+04
  4.6699992E+04  1.0567716E+04
  4.6899992E+04  1.0264373E+04
  4.7099992E+04  1.0107081E+04
  4.7299992E+04  1.0291884E+04
  4.7499996E+04  9.9437500E+03
  4.7699992E+04  9.8368633E+03
  4.7899992E+04  9.9038154E+03
  4.8099996E+04  9.4904209E+03
  4.8299992E+04  9.6918477E+03
  4.8499992E+04  9.5033320E+03
  4.8700000E+04  9.2654756E+03
  4.8899992E+04  9.0743584E+03
  4.9099988E+04  9.0660625E+03
  4.9299988E+04  8.8757812E+03
  4.9499996E+04  8.6899609E+03
  4.9699992E+04  8.7322637E+03
  4.9899988E+04  8.6348711E+03
  5.0099996E+04  8.4610010E+03
  5.0299996E+04  8.3694297E+03
  5.0499996E+04  8.1781465E+03
  5.0699996E+04  8.2116543E+03
  5.0899992E+04  8.0642222E+03
  5.1099992E+04  7.9227339E+03
  5.1299996E+04  8.0111021E+03
  5.1499988E+04  7.7967329E+03
  5.1699996E+04  7.7876875E+03
  5.1899992E+04  7.6550552E+03
  5.2099992E+04  7.6513564E+03
  5.2299996E+04  7.4497095E+03
  5.2499996E+04  7.4377529E+03
  5.2699996E+04  7.4564204E+03
  5.2899992E+04  7.2500405E+03
  5.3099988E+04  7.1792285E+03
  5.3299988E+04  7.1631133E+03
  5.3499992E+04  7.0820171E+03
  5.3699992E+04  7.0519634E+03
  5.3899992E+04  6.9687349E+03
  5.4099992E+04  6.9148594E+03
  5.4299984E+04  6.7543887E+03
  5.4499988E+04  6.7837974E+03
  5.4699996E+04  6.6592358E+03
  5.4899992E+04  6.6130571E+03
  5.5099992E+04  6.5352314E+03
  5.5299988E+04  6.6619932E+03
  5.5499988E+04  6.3860879E+03
  5.5699992E+04  6.4487446E+03
  5.5899992E+04  6.3342031E+03
  5.6099988E+04  6.3154551E+03
  5.6299996E+04  6.1711821E+03
  5.6499988E+04  6.1872871E+03
  5.6699988E+04  6.1334023E+03
  5.6899992E+04  6.0052993E+03
  5.7099996E+04  6.0352905E+03
  5.7299988E+04  5.9508940E+03
  5.7499988E+04  5.8966929E+03
  5.7699988E+04  5.8114146E+03
  5.7899996E+04  5.8115654E+03
  5.8099988E+04  5.6949531E+03
  5.8299996E+04  5.6526196E+03
  5.8499992E+04  5.6000562E+03
  5.8699988E+04  5.5022642E+03
  5.8899988E+04  5.4574678E+03
  5.9099992E+04  5.4101304E+03
  5.9299988E+04  5.3592358E+03
  5.9499996E+04  5.2855962E+03
  5.9699988E+04  5.2546821E+03
  5.9899992E+04  5.1961309E+03
  6.0099992E+04  5.1381372E+03
  6.0299992E+04  5.0814194E+03
  6.0499988E+04  4.9959023E+03
  6.0699992E+04  4.9456514E+03
  6.0899992E+04  4.8970703E+03
  6.1099988E+04  4.8274229E+03
  6.1299992E+04  4.7901587E+03
  6.1499988E+04  4.7430181E+03
  6.1699988E+04  4.6979697E+03
  6.1899996E+04  4.6453394E+03
  6.2099996E+04  4.5992495E+03
  6.2299988E+04  4.5407461E+03
  6.2499992E+04  4.4740225E+03
  6.2699988E+04  4.4186934E+03
  6.2899996E+04  4.3804487E+03
  6.3099984E+04  4.3258545E+03
  6.3299996E+04  4.2978081E+03
  6.3499984E+04  4.2354629E+03
  6.3699984E+04  4.2072373E+03
  6.3900000E+04  4.1448643E+03
  6.4199992E+04  4.0787065E+03
  6.4599984E+04  3.9836680E+03
  6.4999992E+04  3.8973374E+03
  6.5399992E+04  3.8099089E+03
  6.5799992E+04  3.7286624E+03
  6.6199984E+04  3.6429932E+03
  6.6599984E+04  3.5625032E+03
  6.6999992E+04  3.4854316E+03
  6.7399992E+04  3.4059531E+03
  6.7799992E+04  3.3303152E+03
  6.8199992E+04  3.2555642E+03
  6.8599992E+04  3.1865679E+03
  6.8999984E+04  3.1161794E+03
  6.9399984E+04  3.0483696E+03
  6.9800000E+04  2.9825225E+03
  7.0199992E+04  2.9163704E+03
  7.0599984E+04  2.8543186E+03
  7.0999977E+04  2.7931023E+03
  7.1399977E+04  2.7335913E+03
  7.1799984E+04  2.6747175E+03
  7.2199984E+04  2.6186396E+03
  7.2600000E+04  2.5631304E+03
  7.2999984E+04  2.5092451E+03
  7.3400000E+04  2.4552578E+03
  7.3799984E+04  2.4050596E+03
  7.4199992E+04  2.3514854E+03
  7.4599992E+04  2.3038613E+03
  7.5000000E+04  2.2569155E+03
  7.5399992E+04  2.2093101E+03
  7.5799992E+04  2.1685474E+03
  7.6199984E+04  2.1246245E+03
  7.6599992E+04  2.0818826E+03
  7.6999992E+04  2.0397214E+03
  7.7399992E+04  1.9993877E+03
  7.7799984E+04  1.9598361E+03
  7.8199984E+04  1.9211097E+03
  7.8599984E+04  1.8833730E+03
  7.8999984E+04  1.8463608E+03
  7.9399984E+04  1.8106542E+03
  7.9800000E+04  1.7756863E+03
  8.0199992E+04  1.7396853E+03
  8.0599984E+04  1.7073256E+03
  8.0999992E+04  1.6749432E+03
  8.1399977E+04  1.6431719E+03
  8.1799984E+04  1.6125583E+03
  8.2199984E+04  1.5821272E+03
  8.2599992E+04  1.5524288E+03
  8.2999984E+04  1.5234479E+03
  8.3400000E+04  1.4940282E+03
  8.3799992E+04  1.4660125E+03
  8.4199992E+04  1.4402136E+03
  8.4599977E+04  1.4133102E+03
  8.4999977E+04  1.3879426E+03
  8.5399984E+04  1.3630901E+03
  8.5799984E+04  1.3386912E+03
  8.6199992E+04  1.3146345E+03
  8.6599992E+04  1.2912153E+03
  8.6999984E+04  1.2679716E+03
  8.7399992E+04  1.2456897E+03
  8.7799992E+04  1.2236138E+03
  8.8199984E+04  1.2019348E+03
  8.8599977E+04  1.1809326E+03
  8.8999992E+04  1.1602104E+03
  8.9399977E+04  1.1403302E+03
  8.9799977E+04  1.1195891E+03
  9.0199984E+04  1.1013463E+03
  9.0599984E+04  1.0825095E+03
  9.0999992E+04  1.0623682E+03
  9.1400000E+04  1.0454684E+03
  9.1799969E+04  1.0275714E+03
  9.2199969E+04  1.0110521E+03
  9.2599984E+04  9.9403223E+02
  9.3000000E+04  9.7748468E+02
  9.3399984E+04  9.6114117E+02
  9.3799984E+04  9.4529688E+02
  9.4199977E+04  9.2968652E+02
  9.4599984E+04  9.1434766E+02
  9.4999969E+04  8.9940112E+02
  9.5399984E+04  8.8475470E+02
  9.5799984E+04  8.7044452E+02
  9.6199992E+04  8.5638165E+02
  9.6599984E+04  8.4256226E+02
  9.7000000E+04  8.2910089E+02
  9.7399977E+04  8.1507788E+02
  9.7799984E+04  8.0279175E+02
  9.8199977E+04  7.9013165E+02
  9.8599977E+04  7.7768866E+02
  9.8999992E+04  7.6545886E+02
  9.9399984E+04  7.5347699E+02
  9.9799977E+04  7.4173779E+02
  1.0019999E+05  7.3019879E+02
  1.9999991E+05  4.7841366E+01
  3.9999994E+05  3.0268152E+00
  5.9999981E+05  5.9737337E-01
  7.9999994E+05  1.8846661E-01
