  9.2499988E+02  3.9166592E-13
  9.3499982E+02  5.5172463E-13
  9.4500000E+02  9.4518100E-13
  9.5500000E+02  9.1322197E-13
  9.6499988E+02  2.1064446E-12
  9.7499982E+02  2.4271423E-12
  9.8499976E+02  4.0937908E-12
  9.9499988E+02  8.0866199E-12
  1.0049999E+03  1.0172660E-11
  1.0149997E+03  1.4614423E-11
  1.0249998E+03  2.7843745E-11
  1.0349998E+03  5.8344447E-11
  1.0449998E+03  8.2838000E-11
  1.0549999E+03  8.7909187E-11
  1.0649999E+03  2.3138250E-10
  1.0750000E+03  3.3965877E-10
  1.0849996E+03  7.2324080E-10
  1.0949999E+03  1.1151255E-09
  1.1049999E+03  1.4827121E-09
  1.1149999E+03  2.3888675E-09
  1.1249999E+03  5.7220273E-09
  1.1349996E+03  1.1472273E-08
  1.1449999E+03  1.9950956E-08
  1.1549999E+03  3.1519033E-08
  1.1650000E+03  4.2777227E-08
  1.1749995E+03  7.7711093E-08
  1.1849996E+03  9.4734304E-08
  1.1949998E+03  1.1224500E-07
  1.2049996E+03  9.2093082E-08
  1.2149998E+03  1.8612274E-08
  1.2249996E+03  1.6473707E-07
  1.2349996E+03  5.2806502E-07
  1.2449998E+03  8.3465710E-07
  1.2549996E+03  1.2994100E-06
  1.2650000E+03  1.7507147E-06
  1.2749998E+03  2.4822384E-06
  1.2849995E+03  2.7613457E-06
  1.2949998E+03  3.4893910E-06
  1.3049995E+03  5.0427980E-06
  1.3149998E+03  6.2031963E-06
  1.3249998E+03  7.4446439E-06
  1.3349996E+03  8.4612648E-06
  1.3449995E+03  1.1900359E-05
  1.3549996E+03  1.5891112E-05
  1.3649999E+03  1.7765176E-05
  1.3749999E+03  1.8213308E-05
  1.3849996E+03  2.2251756E-05
  1.3949999E+03  2.5308162E-05
  1.4050001E+03  3.5333054E-05
  1.4149998E+03  4.5210425E-05
  1.4249998E+03  4.8663391E-05
  1.4350000E+03  6.9968817E-05
  1.4419998E+03  1.0475478E-04
  1.4469999E+03  8.1701321E-05
  1.4549994E+03  9.9834040E-05
  1.4650000E+03  1.4985241E-04
  1.4749995E+03  1.8564584E-04
  1.4849996E+03  1.8713443E-04
  1.4949998E+03  2.9025823E-04
  1.5049996E+03  4.0423943E-04
  1.5119995E+03  2.1648438E-04
  1.5169994E+03  3.5262131E-04
  1.5250001E+03  5.0700299E-04
  1.5349994E+03  6.5616646E-04
  1.5449994E+03  4.5651017E-04
  1.5549998E+03  7.3194224E-04
  1.5649999E+03  6.8963965E-04
  1.5750001E+03  1.2478868E-03
  1.5850000E+03  1.3787313E-03
  1.5949996E+03  1.3752551E-03
  1.6049999E+03  1.4887833E-03
  1.6150000E+03  1.6240876E-03
  1.6249996E+03  1.6094400E-03
  1.6350000E+03  2.1346407E-03
  1.6449996E+03  2.8194864E-03
  1.6549999E+03  2.4748070E-03
  1.6649993E+03  3.7363155E-03
  1.6720000E+03  3.3028338E-03
  1.6770001E+03  4.7900570E-03
  1.6849998E+03  6.1844881E-03
  1.6950000E+03  8.6257085E-03
  1.7049995E+03  8.9309756E-03
  1.7150000E+03  9.9184252E-03
  1.7249993E+03  1.3407623E-02
  1.7349994E+03  1.5447413E-02
  1.7449993E+03  2.1328250E-02
  1.7550001E+03  2.2008119E-02
  1.7649998E+03  2.6837425E-02
  1.7749995E+03  2.6153253E-02
  1.7849995E+03  4.4662077E-02
  1.7949999E+03  4.0336553E-02
  1.8050001E+03  6.2590614E-02
  1.8150001E+03  4.9763322E-02
  1.8249994E+03  7.5398117E-02
  1.8349993E+03  6.9551714E-02
  1.8449993E+03  9.6421547E-02
  1.8549998E+03  8.3707273E-02
  1.8650002E+03  1.2637824E-01
  1.8750001E+03  1.2421941E-01
  1.8850000E+03  1.5207259E-01
  1.8950002E+03  1.9048432E-01
  1.9049996E+03  2.0363593E-01
  1.9149999E+03  2.7749357E-01
  1.9249993E+03  2.4936455E-01
  1.9350001E+03  1.8112080E-01
  1.9449993E+03  3.3823115E-01
  1.9550002E+03  4.5227364E-01
  1.9670002E+03  5.0383097E-01
  1.9759990E+03  5.6962866E-01
  1.9839996E+03  6.9849020E-01
  1.9950001E+03  6.5634423E-01
  2.0050002E+03  7.6108950E-01
  2.0149996E+03  8.7274772E-01
  2.0249994E+03  8.3896726E-01
  2.0349995E+03  1.0449890E+00
  2.0449998E+03  1.1246974E+00
  2.0550000E+03  1.2963892E+00
  2.0649993E+03  1.2912858E+00
  2.0739993E+03  1.2596966E+00
  2.0780002E+03  2.0258379E+00
  2.0849993E+03  2.6130781E+00
  2.0950005E+03  2.8390851E+00
  2.1050002E+03  2.7155907E+00
  2.1149990E+03  2.8821640E+00
  2.1250000E+03  3.2510521E+00
  2.1350002E+03  3.9710386E+00
  2.1449998E+03  3.3467734E+00
  2.1550005E+03  3.9027824E+00
  2.1649995E+03  3.8754153E+00
  2.1750002E+03  4.2255402E+00
  2.1849998E+03  4.0407333E+00
  2.1950000E+03  6.1043253E+00
  2.2050000E+03  5.4136305E+00
  2.2149998E+03  6.2365432E+00
  2.2249998E+03  5.7409921E+00
  2.2350005E+03  8.7002897E+00
  2.2449990E+03  9.8353825E+00
  2.2549993E+03  1.1426409E+01
  2.2650000E+03  7.2715092E+00
  2.2750000E+03  1.2404847E+01
  2.2850000E+03  1.2813133E+01
  2.2950002E+03  1.9032541E+01
  2.3050000E+03  8.8265581E+00
  2.3149995E+03  2.3093008E+01
  2.3250000E+03  2.0228329E+01
  2.3349995E+03  2.8794853E+01
  2.3449993E+03  1.9253111E+01
  2.3550000E+03  1.8330498E+01
  2.3649988E+03  2.3088053E+01
  2.3750000E+03  2.3133120E+01
  2.3849990E+03  3.5169659E+01
  2.3950000E+03  3.3875610E+01
  2.4050005E+03  5.4348560E+01
  2.4149993E+03  3.7374733E+01
  2.4249990E+03  4.5116703E+01
  2.4349990E+03  6.2991314E+01
  2.4450000E+03  8.0583221E+01
  2.4549990E+03  9.1560753E+01
  2.4649990E+03  6.7413918E+01
  2.4749993E+03  1.0393086E+02
  2.4850005E+03  5.2949318E+01
  2.4950000E+03  5.7995468E+01
  2.5050005E+03  9.8904732E+01
  2.5129988E+03  7.8178276E+01
  2.5179990E+03  8.6650169E+01
  2.5249998E+03  9.9778687E+01
  2.5350007E+03  1.7267194E+02
  2.5449988E+03  2.0419254E+02
  2.5550000E+03  2.2460771E+02
  2.5649990E+03  1.4831183E+02
  2.5749990E+03  2.0254181E+02
  2.5849993E+03  1.7531995E+02
  2.5949990E+03  1.9429050E+02
  2.6049995E+03  2.4973883E+02
  2.6149998E+03  2.3955756E+02
  2.6249990E+03  3.2920441E+02
  2.6350007E+03  4.5058887E+02
  2.6449995E+03  3.9020499E+02
  2.6549998E+03  4.8634683E+02
  2.6649995E+03  4.6605859E+02
  2.6749988E+03  4.1432312E+02
  2.6849988E+03  5.2936462E+02
  2.6949988E+03  4.2771512E+02
  2.7050000E+03  6.0492291E+02
  2.7150000E+03  6.0681244E+02
  2.7249995E+03  5.6249005E+02
  2.7350007E+03  5.8341461E+02
  2.7450002E+03  7.6951257E+02
  2.7549998E+03  7.4676294E+02
  2.7649983E+03  9.3552319E+02
  2.7750005E+03  1.1744795E+03
  2.7850000E+03  8.7448486E+02
  2.7949993E+03  1.1439401E+03
  2.8049995E+03  1.1322068E+03
  2.8150002E+03  1.0843363E+03
  2.8250007E+03  1.1527688E+03
  2.8350000E+03  1.0694662E+03
  2.8450002E+03  9.2428210E+02
  2.8550005E+03  5.9285217E+02
  2.8650000E+03  1.2718064E+03
  2.8749983E+03  1.3396385E+03
  2.8850000E+03  1.8153125E+03
  2.8949988E+03  2.0801858E+03
  2.9099988E+03  2.8861934E+03
  2.9299983E+03  3.1894358E+03
  2.9499990E+03  3.2944299E+03
  2.9700005E+03  3.3085476E+03
  2.9899980E+03  4.0698567E+03
  3.0099995E+03  4.6263647E+03
  3.0299995E+03  5.7998081E+03
  3.0499995E+03  7.1535762E+03
  3.0699995E+03  5.5645176E+03
  3.0899995E+03  4.6234946E+03
  3.1099995E+03  7.1123608E+03
  3.1299998E+03  6.7548853E+03
  3.1499995E+03  8.8263193E+03
  3.1699995E+03  1.2340204E+04
  3.1899995E+03  1.1011265E+04
  3.2099998E+03  1.3015885E+04
  3.2299993E+03  1.4929003E+04
  3.2499993E+03  2.1331746E+04
  3.2699995E+03  2.6026994E+04
  3.2899995E+03  3.1836857E+04
  3.3099998E+03  2.8780482E+04
  3.3299993E+03  3.2804859E+04
  3.3499995E+03  3.2008133E+04
  3.3699995E+03  2.4561676E+04
  3.3899993E+03  3.4227609E+04
  3.4099993E+03  3.8709746E+04
  3.4299995E+03  4.6780625E+04
  3.4499993E+03  4.9705672E+04
  3.4699998E+03  5.5751695E+04
  3.4899993E+03  6.2590395E+04
  3.5099995E+03  7.5474438E+04
  3.5299995E+03  6.6098883E+04
  3.5499995E+03  8.3746695E+04
  3.5699995E+03  7.4495898E+04
  3.5899995E+03  7.6658523E+04
  3.6099995E+03  8.7750508E+04
  3.6299993E+03  9.2592953E+04
  3.6399993E+03  9.4834422E+04
  3.6499995E+03  6.9176375E+04
  3.6699993E+03  9.4369992E+04
  3.6899995E+03  7.0587141E+04
  3.7099995E+03  5.4415699E+04
  3.7299998E+03  2.8981551E+04
  3.7499993E+03  3.6035113E+04
  3.7699993E+03  7.8310578E+04
  3.7899995E+03  8.7203508E+04
  3.8099993E+03  8.1107625E+04
  3.8299998E+03  3.9142598E+04
  3.8499995E+03  6.4758191E+04
  3.8699995E+03  5.9615641E+04
  3.8899995E+03  6.3732012E+04
  3.9099995E+03  9.1030922E+04
  3.9299993E+03  4.3949637E+04
  3.9499993E+03  8.4256391E+04
  3.9699998E+03  6.3304750E+04
  3.9899995E+03  1.5561203E+05
  4.0099995E+03  1.9359462E+05
  4.0299993E+03  1.5237361E+05
  4.0499993E+03  1.7313992E+05
  4.0699993E+03  1.5451723E+05
  4.0899995E+03  2.2669612E+05
  4.1099995E+03  1.7497067E+05
  4.1299995E+03  1.9157909E+05
  4.1499990E+03  1.8468184E+05
  4.1699990E+03  1.9650728E+05
  4.1899995E+03  1.9056070E+05
  4.2099995E+03  1.2928817E+05
  4.2299995E+03  6.5596516E+04
  4.2499995E+03  1.2935424E+05
  4.2699990E+03  1.5932472E+05
  4.2899995E+03  1.6346573E+05
  4.3100000E+03  1.7646691E+05
  4.3299995E+03  2.5217481E+05
  4.3499995E+03  2.8414506E+05
  4.3699995E+03  3.0015309E+05
  4.3899995E+03  2.5029398E+05
  4.4099995E+03  2.5432450E+05
  4.4299995E+03  2.5664052E+05
  4.4499995E+03  2.7787216E+05
  4.4699995E+03  3.2237700E+05
  4.4899995E+03  3.3776872E+05
  4.5099990E+03  3.9073372E+05
  4.5299995E+03  3.1150716E+05
  4.5499990E+03  3.5656128E+05
  4.5699995E+03  3.9937325E+05
  4.5899990E+03  3.6553744E+05
  4.6099990E+03  3.8488575E+05
  4.6299990E+03  3.8227078E+05
  4.6499990E+03  3.6191475E+05
  4.6699990E+03  3.9692853E+05
  4.6899990E+03  3.7820444E+05
  4.7099995E+03  3.6489484E+05
  4.7299990E+03  3.5103884E+05
  4.7499995E+03  3.3680144E+05
  4.7699995E+03  2.7478969E+05
  4.7899990E+03  3.0154612E+05
  4.8099995E+03  3.5478150E+05
  4.8299995E+03  3.6281444E+05
  4.8499990E+03  4.0074900E+05
  4.8700000E+03  4.0453262E+05
  4.8899990E+03  4.1971103E+05
  4.9099990E+03  4.2315888E+05
  4.9299990E+03  4.0192269E+05
  4.9499995E+03  3.6457891E+05
  4.9699995E+03  3.2449719E+05
  4.9899990E+03  3.0734647E+05
  5.0099995E+03  2.7749056E+05
  5.0299995E+03  2.9949956E+05
  5.0499995E+03  2.8689475E+05
  5.0699995E+03  2.7717581E+05
  5.0899995E+03  2.7537991E+05
  5.1099990E+03  2.8071650E+05
  5.1299995E+03  2.7151741E+05
  5.1499985E+03  2.5459767E+05
  5.1700000E+03  2.4411836E+05
  5.1899990E+03  2.8122012E+05
  5.2099990E+03  3.1552531E+05
  5.2299995E+03  4.6844925E+05
  5.2499995E+03  5.1138653E+05
  5.2699995E+03  4.1548903E+05
  5.2899990E+03  5.4031338E+05
  5.3099995E+03  5.7907338E+05
  5.3299990E+03  5.0397469E+05
  5.3499995E+03  5.4543869E+05
  5.3699995E+03  5.3840475E+05
  5.3899995E+03  5.4307881E+05
  5.4099990E+03  5.3715306E+05
  5.4299990E+03  5.3022644E+05
  5.4499990E+03  4.7568381E+05
  5.4699995E+03  5.1451734E+05
  5.4899995E+03  5.3487425E+05
  5.5099995E+03  5.1567344E+05
  5.5299985E+03  5.8049456E+05
  5.5499990E+03  5.9559362E+05
  5.5699990E+03  6.0100212E+05
  5.5899995E+03  5.6503756E+05
  5.6099990E+03  5.5331900E+05
  5.6299995E+03  6.0287938E+05
  5.6499990E+03  6.5029762E+05
  5.6699990E+03  6.3875738E+05
  5.6899995E+03  6.6298119E+05
  5.7099995E+03  6.5360744E+05
  5.7299990E+03  7.0673394E+05
  5.7499990E+03  7.0988206E+05
  5.7699990E+03  6.9048525E+05
  5.7899995E+03  6.9102738E+05
  5.8099985E+03  6.9155712E+05
  5.8300000E+03  7.1507331E+05
  5.8499990E+03  6.9878788E+05
  5.8699985E+03  6.8491575E+05
  5.8899985E+03  6.0514744E+05
  5.9099995E+03  6.8504862E+05
  5.9299985E+03  6.8754938E+05
  5.9499995E+03  6.9044756E+05
  5.9699990E+03  7.0738212E+05
  5.9899990E+03  7.1667300E+05
  6.0099990E+03  7.2189256E+05
  6.0299995E+03  7.4553169E+05
  6.0499990E+03  7.5776850E+05
  6.0699990E+03  7.6269106E+05
  6.0899995E+03  7.5705988E+05
  6.1099985E+03  7.5447350E+05
  6.1299995E+03  7.1970169E+05
  6.1499985E+03  7.5155400E+05
  6.1699985E+03  6.2444319E+05
  6.1900000E+03  6.9611262E+05
  6.2099995E+03  6.6595344E+05
  6.2299985E+03  6.4276700E+05
  6.2499990E+03  6.4281644E+05
  6.2699985E+03  6.7199419E+05
  6.2900000E+03  7.0532044E+05
  6.3099985E+03  7.1539012E+05
  6.3299995E+03  7.2288288E+05
  6.3499985E+03  7.3080962E+05
  6.3699985E+03  7.3644062E+05
  6.3899995E+03  7.4334294E+05
  6.4099990E+03  7.2541669E+05
  6.4299985E+03  7.2985912E+05
  6.4499985E+03  7.0597006E+05
  6.4699990E+03  7.0581494E+05
  6.4899990E+03  7.0322450E+05
  6.5099985E+03  7.3715262E+05
  6.5299990E+03  7.5504950E+05
  6.5499985E+03  7.4285875E+05
  6.5699985E+03  7.4349231E+05
  6.5899995E+03  7.5148650E+05
  6.6099985E+03  7.5236956E+05
  6.6299990E+03  7.5220806E+05
  6.6499985E+03  7.6039231E+05
  6.6699995E+03  7.1860506E+05
  6.6899990E+03  6.6795144E+05
  6.7099995E+03  6.1755331E+05
  6.7299990E+03  6.1250769E+05
  6.7499995E+03  6.0141688E+05
  6.7699985E+03  5.9734281E+05
  6.7899995E+03  5.8782294E+05
  6.8099995E+03  6.0809575E+05
  6.8300000E+03  6.3009975E+05
  6.8499985E+03  6.3603656E+05
  6.8699985E+03  6.4888575E+05
  6.8899985E+03  6.7520900E+05
  6.9099990E+03  7.0113806E+05
  6.9299995E+03  7.0562388E+05
  6.9499990E+03  7.3129231E+05
  6.9699985E+03  7.5943125E+05
  6.9899985E+03  7.6660344E+05
  7.0099985E+03  7.9417400E+05
  7.0299985E+03  8.0635594E+05
  7.0499990E+03  8.2346525E+05
  7.0699980E+03  7.8542462E+05
  7.0899990E+03  6.5345844E+05
  7.1099990E+03  5.5179600E+05
  7.1299995E+03  5.2253778E+05
  7.1499990E+03  5.1177778E+05
  7.1699995E+03  5.4190338E+05
  7.1899985E+03  5.4907356E+05
  7.2099985E+03  5.5373519E+05
  7.2299980E+03  6.0734500E+05
  7.2499990E+03  6.4053056E+05
  7.2699995E+03  6.8292938E+05
  7.2899990E+03  7.1122919E+05
  7.3099980E+03  7.5084231E+05
  7.3299980E+03  7.6477075E+05
  7.3499980E+03  7.8662600E+05
  7.3699985E+03  8.1655600E+05
  7.3899995E+03  8.3111256E+05
  7.4099985E+03  8.4330500E+05
  7.4299995E+03  8.5637744E+05
  7.4500000E+03  8.5592600E+05
  7.4700000E+03  8.7423600E+05
  7.4899990E+03  8.7810225E+05
  7.5099985E+03  8.8665738E+05
  7.5299995E+03  8.9550756E+05
  7.5499980E+03  8.9665175E+05
  7.5699985E+03  8.9803406E+05
  7.5899990E+03  8.9553094E+05
  7.6099980E+03  8.7873025E+05
  7.6299995E+03  8.3090175E+05
  7.6499995E+03  7.8484850E+05
  7.6699980E+03  7.3484512E+05
  7.6899990E+03  7.2746012E+05
  7.7099995E+03  7.1114231E+05
  7.7299985E+03  7.1572675E+05
  7.7499990E+03  7.1793338E+05
  7.7700000E+03  7.1012356E+05
  7.7900000E+03  7.3565994E+05
  7.8099995E+03  7.3393525E+05
  7.8299980E+03  7.2502931E+05
  7.8499980E+03  7.1094662E+05
  7.8699995E+03  7.4656975E+05
  7.8900000E+03  7.3819019E+05
  7.9099995E+03  7.3831562E+05
  7.9300000E+03  7.5334744E+05
  7.9499985E+03  7.6166238E+05
  7.9699990E+03  7.7735688E+05
  7.9900000E+03  7.9506825E+05
  8.0099980E+03  8.1188931E+05
  8.0299985E+03  8.1141388E+05
  8.0500000E+03  8.2337406E+05
  8.0699985E+03  8.3711538E+05
  8.0899990E+03  8.4368794E+05
  8.1099995E+03  8.5900644E+05
  8.1299976E+03  8.7319575E+05
  8.1499976E+03  8.8014544E+05
  8.1699980E+03  8.8295294E+05
  8.1899985E+03  8.3163575E+05
  8.2099990E+03  8.8370406E+05
  8.2300000E+03  8.9103862E+05
  8.2500000E+03  8.8517375E+05
  8.2700000E+03  8.9307112E+05
  8.2899980E+03  8.9024762E+05
  8.3099990E+03  8.7631125E+05
  8.3299980E+03  8.5326894E+05
  8.3500000E+03  8.6631431E+05
  8.3699990E+03  8.6142656E+05
  8.3899990E+03  8.2280462E+05
  8.4099971E+03  8.4638100E+05
  8.4300000E+03  7.7207438E+05
  8.4499990E+03  7.1766731E+05
  8.4699980E+03  7.2961606E+05
  8.4899980E+03  7.3606088E+05
  8.5099990E+03  7.1413769E+05
  8.5299990E+03  7.4584575E+05
  8.5499990E+03  7.3612469E+05
  8.5699990E+03  7.7003544E+05
  8.5900000E+03  7.8100462E+05
  8.6099980E+03  7.9430356E+05
  8.6299990E+03  8.0873525E+05
  8.6499990E+03  8.2131319E+05
  8.6699990E+03  7.7928812E+05
  8.6899990E+03  8.0773312E+05
  8.7099971E+03  8.4027931E+05
  8.7299990E+03  8.4612188E+05
  8.7499980E+03  8.4526012E+05
  8.7699980E+03  8.4831569E+05
  8.7899980E+03  8.5903875E+05
  8.8099990E+03  8.4548356E+05
  8.8299980E+03  8.4798781E+05
  8.8499980E+03  8.5950344E+05
  8.8699980E+03  8.5783444E+05
  8.8899990E+03  8.6613425E+05
  8.9099971E+03  8.6737569E+05
  8.9299980E+03  8.6264425E+05
  8.9499980E+03  8.5954562E+05
  8.9699990E+03  8.6288050E+05
  8.9899990E+03  8.6771575E+05
  9.0099980E+03  8.4535144E+05
  9.0299990E+03  8.6120038E+05
  9.0499990E+03  8.7018550E+05
  9.0699980E+03  8.7129812E+05
  9.0899990E+03  8.5169262E+05
  9.1099980E+03  8.5485719E+05
  9.1299980E+03  8.6399669E+05
  9.1499980E+03  8.6368850E+05
  9.1699980E+03  8.6445025E+05
  9.1899990E+03  8.6510750E+05
  9.2099990E+03  8.4212344E+05
  9.2299980E+03  8.3003181E+05
  9.2499980E+03  8.2662250E+05
  9.2699971E+03  8.2016612E+05
  9.2899990E+03  8.0441575E+05
  9.3099980E+03  8.1378544E+05
  9.3299990E+03  8.1471450E+05
  9.3499980E+03  8.0558781E+05
  9.3699990E+03  7.9927731E+05
  9.3900000E+03  8.1326581E+05
  9.4099980E+03  8.0845138E+05
  9.4299971E+03  8.0989794E+05
  9.4499990E+03  8.0440600E+05
  9.4700000E+03  8.1689075E+05
  9.4899980E+03  8.1784394E+05
  9.5100000E+03  8.1782294E+05
  9.5300000E+03  8.1729756E+05
  9.5500000E+03  8.0735138E+05
  9.5699990E+03  8.1414100E+05
  9.5899980E+03  8.2418481E+05
  9.6099980E+03  8.1231369E+05
  9.6299990E+03  8.2409569E+05
  9.6499990E+03  7.9677400E+05
  9.6699980E+03  8.0218388E+05
  9.6899980E+03  8.1781369E+05
  9.7100000E+03  8.1029238E+05
  9.7299990E+03  8.0282638E+05
  9.7499980E+03  8.0861150E+05
  9.7699961E+03  8.1402706E+05
  9.7899980E+03  7.9549244E+05
  9.8099980E+03  8.2184706E+05
  9.8299990E+03  8.1425644E+05
  9.8499980E+03  8.2182556E+05
  9.8700000E+03  8.1977419E+05
  9.8899980E+03  8.1896575E+05
  9.9099990E+03  8.1727456E+05
  9.9300000E+03  8.1532275E+05
  9.9499980E+03  8.1535931E+05
  9.9699980E+03  8.1364525E+05
  9.9899990E+03  8.1469388E+05
  1.0024998E+04  8.0789081E+05
  1.0074998E+04  8.0412300E+05
  1.0124997E+04  8.0285231E+05
  1.0174997E+04  7.9650962E+05
  1.0224998E+04  7.9007188E+05
  1.0274997E+04  7.8746856E+05
  1.0325000E+04  7.7586644E+05
  1.0374999E+04  7.7337625E+05
  1.0425000E+04  7.7495356E+05
  1.0474998E+04  7.6801962E+05
  1.0524997E+04  7.6890206E+05
  1.0574999E+04  7.6259138E+05
  1.0625000E+04  7.6253881E+05
  1.0674997E+04  7.5405738E+05
  1.0724998E+04  7.5156256E+05
  1.0774999E+04  7.5018481E+05
  1.0824997E+04  7.4102044E+05
  1.0874997E+04  7.4371488E+05
  1.0924999E+04  7.4222544E+05
  1.0974996E+04  7.3901269E+05
  1.1025000E+04  7.3483475E+05
  1.1074998E+04  7.3245362E+05
  1.1124999E+04  7.2847175E+05
  1.1174998E+04  7.2305375E+05
  1.1224999E+04  7.2173925E+05
  1.1274997E+04  7.1155919E+05
  1.1325000E+04  7.1128188E+05
  1.1375000E+04  6.9933588E+05
  1.1425000E+04  6.9045744E+05
  1.1474997E+04  7.0167744E+05
  1.1525000E+04  7.0067894E+05
  1.1574998E+04  6.9396412E+05
  1.1625000E+04  6.8243169E+05
  1.1674998E+04  6.8171231E+05
  1.1724997E+04  6.8569381E+05
  1.1775001E+04  6.7102456E+05
  1.1824999E+04  6.7252869E+05
  1.1875000E+04  6.6337731E+05
  1.1925000E+04  6.7152250E+05
  1.1975001E+04  6.5497125E+05
  1.2024998E+04  6.6368319E+05
  1.2074996E+04  6.5719069E+05
  1.2125000E+04  6.5698325E+05
  1.2175000E+04  6.5401262E+05
  1.2225001E+04  6.5053906E+05
  1.2275001E+04  6.4655031E+05
  1.2324996E+04  6.4220838E+05
  1.2374996E+04  6.3995681E+05
  1.2424998E+04  6.3425519E+05
  1.2475000E+04  6.3322356E+05
  1.2524997E+04  6.2632919E+05
  1.2574997E+04  6.2609938E+05
  1.2624999E+04  6.2233150E+05
  1.2674997E+04  6.1689219E+05
  1.2724999E+04  6.1603212E+05
  1.2774999E+04  6.1424331E+05
  1.2825000E+04  6.0002656E+05
  1.2875001E+04  6.0430681E+05
  1.2924997E+04  5.9799444E+05
  1.2975001E+04  6.0127112E+05
  1.3024998E+04  5.9637531E+05
  1.3074999E+04  5.9526050E+05
  1.3125000E+04  5.8157050E+05
  1.3174998E+04  5.8298144E+05
  1.3224998E+04  5.8609900E+05
  1.3274997E+04  5.8017450E+05
  1.3324997E+04  5.7699562E+05
  1.3374999E+04  5.7749112E+05
  1.3424999E+04  5.7537144E+05
  1.3474999E+04  5.7281075E+05
  1.3525001E+04  5.6973650E+05
  1.3574999E+04  5.6620162E+05
  1.3624997E+04  5.5972006E+05
  1.3674997E+04  5.6171838E+05
  1.3724995E+04  5.6019325E+05
  1.3774998E+04  5.5694769E+05
  1.3824998E+04  5.5529175E+05
  1.3874996E+04  5.4896831E+05
  1.3925000E+04  5.5053106E+05
  1.3974996E+04  5.4829650E+05
  1.4024997E+04  5.4322562E+05
  1.4075001E+04  5.4372756E+05
  1.4124996E+04  5.4033850E+05
  1.4175000E+04  5.3925175E+05
  1.4225000E+04  5.3587706E+05
  1.4274994E+04  5.2438381E+05
  1.4325001E+04  5.3181781E+05
  1.4374998E+04  5.2980212E+05
  1.4424999E+04  5.2503119E+05
  1.4475000E+04  5.2619294E+05
  1.4524997E+04  5.2286250E+05
  1.4569999E+04  5.2072012E+05
  1.4620000E+04  5.2051322E+05
  1.4674998E+04  5.1870081E+05
  1.4725000E+04  5.1476700E+05
  1.4775002E+04  5.1199631E+05
  1.4824998E+04  5.1293697E+05
  1.4874996E+04  5.0586803E+05
  1.4924997E+04  5.1066981E+05
  1.4974999E+04  5.0761800E+05
  1.5024999E+04  4.9386525E+05
  1.5075000E+04  4.9866775E+05
  1.5124999E+04  5.0285281E+05
  1.5175000E+04  4.9826847E+05
  1.5225002E+04  5.0047806E+05
  1.5274998E+04  4.9935462E+05
  1.5324995E+04  4.9706422E+05
  1.5374997E+04  4.9777284E+05
  1.5425001E+04  4.9698912E+05
  1.5474996E+04  4.9614278E+05
  1.5524994E+04  4.9267100E+05
  1.5575001E+04  4.9249422E+05
  1.5624998E+04  4.9133806E+05
  1.5674997E+04  4.8922059E+05
  1.5724994E+04  4.8599275E+05
  1.5774996E+04  4.8069125E+05
  1.5825001E+04  4.8487909E+05
  1.5874995E+04  4.8221853E+05
  1.5925002E+04  4.8357712E+05
  1.5975001E+04  4.8316772E+05
  1.6049998E+04  4.8195341E+05
  1.6150001E+04  4.7432772E+05
  1.6249997E+04  4.7240284E+05
  1.6350000E+04  4.7013675E+05
  1.6449996E+04  4.6347778E+05
  1.6549998E+04  4.5734350E+05
  1.6649994E+04  4.4879534E+05
  1.6749998E+04  4.3668475E+05
  1.6849998E+04  4.3371959E+05
  1.6950000E+04  4.2674188E+05
  1.7049996E+04  4.1810931E+05
  1.7150000E+04  4.0989156E+05
  1.7249992E+04  4.0365934E+05
  1.7349994E+04  3.9758031E+05
  1.7449992E+04  3.9021584E+05
  1.7550000E+04  3.8392206E+05
  1.7649998E+04  3.7798778E+05
  1.7749994E+04  3.7118200E+05
  1.7849994E+04  3.6615981E+05
  1.7949998E+04  3.5949553E+05
  1.8050002E+04  3.5241259E+05
  1.8150002E+04  3.4701891E+05
  1.8249994E+04  3.4113409E+05
  1.8349992E+04  3.3534522E+05
  1.8449992E+04  3.2714906E+05
  1.8549998E+04  3.2519681E+05
  1.8650002E+04  3.1896753E+05
  1.8750002E+04  3.1456700E+05
  1.8850000E+04  3.0910719E+05
  1.8950004E+04  3.0099600E+05
  1.9049996E+04  2.9906950E+05
  1.9149998E+04  2.9390978E+05
  1.9249992E+04  2.8975612E+05
  1.9350000E+04  2.8073175E+05
  1.9449992E+04  2.7559209E+05
  1.9550002E+04  2.7277966E+05
  1.9649992E+04  2.7198147E+05
  1.9749992E+04  2.6223197E+05
  1.9849992E+04  2.5827706E+05
  1.9950002E+04  2.5614839E+05
  2.0050002E+04  2.5597061E+05
  2.0149996E+04  2.5187761E+05
  2.0249994E+04  2.4694312E+05
  2.0349994E+04  2.4396722E+05
  2.0449996E+04  2.4045198E+05
  2.0550000E+04  2.3663652E+05
  2.0649992E+04  2.3284847E+05
  2.0749998E+04  2.2943697E+05
  2.0849992E+04  2.2578559E+05
  2.0950004E+04  2.2117158E+05
  2.1050002E+04  2.1881166E+05
  2.1149992E+04  2.1524006E+05
  2.1250000E+04  2.1255147E+05
  2.1350002E+04  2.0963931E+05
  2.1449996E+04  2.0654297E+05
  2.1550006E+04  2.0332430E+05
  2.1649994E+04  2.0064681E+05
  2.1750002E+04  1.9691053E+05
  2.1849998E+04  1.9463100E+05
  2.1950002E+04  1.9143064E+05
  2.2050000E+04  1.8454553E+05
  2.2149996E+04  1.8634611E+05
  2.2249998E+04  1.8163091E+05
  2.2350004E+04  1.8005436E+05
  2.2449990E+04  1.7772158E+05
  2.2549994E+04  1.7582278E+05
  2.2650000E+04  1.7152717E+05
  2.2750000E+04  1.7085238E+05
  2.2850000E+04  1.6788827E+05
  2.2950004E+04  1.5429022E+05
  2.3050000E+04  1.5814488E+05
  2.3149996E+04  1.5704170E+05
  2.3250000E+04  1.4452888E+05
  2.3349996E+04  1.4775041E+05
  2.3449994E+04  1.4900727E+05
  2.3550002E+04  1.3789478E+05
  2.3649988E+04  1.4233525E+05
  2.3750000E+04  1.4230781E+05
  2.3849990E+04  1.3265283E+05
  2.3950002E+04  1.3588203E+05
  2.4050006E+04  1.3597888E+05
  2.4149992E+04  1.2864118E+05
  2.4249990E+04  1.3043325E+05
  2.4349990E+04  1.3062854E+05
  2.4450002E+04  1.2577459E+05
  2.4549990E+04  1.2453338E+05
  2.4649992E+04  1.2583763E+05
  2.4749992E+04  1.2272563E+05
  2.4850006E+04  1.1994613E+05
  2.4950000E+04  1.2028778E+05
  2.5050006E+04  1.2045198E+05
  2.5149994E+04  1.1618455E+05
  2.5249998E+04  1.1647148E+05
  2.5350004E+04  1.1570676E+05
  2.5449988E+04  1.1354887E+05
  2.5549998E+04  1.1237891E+05
  2.5649990E+04  1.1135555E+05
  2.5749990E+04  1.1063438E+05
  2.5849994E+04  1.0825218E+05
  2.5949990E+04  1.0748104E+05
  2.6049996E+04  1.0670734E+05
  2.6149998E+04  1.0549059E+05
  2.6249988E+04  1.0402145E+05
  2.6350008E+04  1.0297827E+05
  2.6449996E+04  1.0175959E+05
  2.6549994E+04  1.0081277E+05
  2.6649994E+04  9.8986125E+04
  2.6749988E+04  9.8842406E+04
  2.6849986E+04  9.7564062E+04
  2.6949986E+04  9.6296727E+04
  2.7050002E+04  9.5215242E+04
  2.7149998E+04  9.4208508E+04
  2.7249994E+04  9.3066820E+04
  2.7350006E+04  9.1974445E+04
  2.7450004E+04  9.0980570E+04
  2.7549996E+04  9.0038422E+04
  2.7649982E+04  8.8831586E+04
  2.7750004E+04  8.7747180E+04
  2.7850000E+04  8.6797617E+04
  2.7949992E+04  8.5869047E+04
  2.8049994E+04  8.4798211E+04
  2.8150002E+04  8.3669047E+04
  2.8250006E+04  8.2789758E+04
  2.8350000E+04  8.1911469E+04
  2.8450000E+04  8.0913102E+04
  2.8550002E+04  7.9945156E+04
  2.8650002E+04  7.9030062E+04
  2.8749982E+04  7.8134945E+04
  2.8849998E+04  7.7209406E+04
  2.8949986E+04  7.6308398E+04
  2.9049994E+04  7.5319625E+04
  2.9149986E+04  7.4462383E+04
  2.9249984E+04  7.2954570E+04
  2.9349980E+04  7.2663844E+04
  2.9450000E+04  7.1958266E+04
  2.9550004E+04  7.1135523E+04
  2.9649982E+04  7.0339492E+04
  2.9749992E+04  6.9543875E+04
  2.9849994E+04  6.8685469E+04
  2.9949984E+04  6.7862227E+04
  3.0049996E+04  6.7156766E+04
  3.0149994E+04  6.6401203E+04
  3.0249994E+04  6.5555328E+04
  3.0349996E+04  6.4886824E+04
  3.0449996E+04  6.4189102E+04
  3.0549996E+04  6.3434535E+04
  3.0649996E+04  6.2668375E+04
  3.0749994E+04  6.2030367E+04
  3.0849996E+04  6.1145941E+04
  3.0949994E+04  6.0641336E+04
  3.1049996E+04  5.9958277E+04
  3.1149996E+04  5.9108027E+04
  3.1249996E+04  5.8641613E+04
  3.1349996E+04  5.7942277E+04
  3.1449996E+04  5.7330629E+04
  3.1549998E+04  5.6706625E+04
  3.1649996E+04  5.5999102E+04
  3.1749998E+04  5.5486195E+04
  3.1849996E+04  5.4878363E+04
  3.1949994E+04  5.4280738E+04
  3.2099996E+04  5.3394379E+04
  3.2299992E+04  5.2226055E+04
  3.2499994E+04  5.1121574E+04
  3.2699996E+04  5.0011938E+04
  3.2899996E+04  4.8963715E+04
  3.3099996E+04  4.7913027E+04
  3.3299992E+04  4.6877188E+04
  3.3499996E+04  4.5949855E+04
  3.3699996E+04  4.4971520E+04
  3.3899996E+04  4.4026117E+04
  3.4099996E+04  4.2989578E+04
  3.4299996E+04  4.2255945E+04
  3.4499992E+04  4.1403457E+04
  3.4699996E+04  4.0564617E+04
  3.4899996E+04  3.9742234E+04
  3.5099996E+04  3.8954254E+04
  3.5299996E+04  3.8163391E+04
  3.5499996E+04  3.7414730E+04
  3.5699992E+04  3.6659723E+04
  3.5899992E+04  3.5942547E+04
  3.6099996E+04  3.5241852E+04
  3.6299992E+04  3.4554387E+04
  3.6499992E+04  3.3874172E+04
  3.6699992E+04  3.3192711E+04
  3.6899992E+04  3.2526752E+04
  3.7099996E+04  3.1892344E+04
  3.7299996E+04  3.1318381E+04
  3.7499992E+04  3.0733389E+04
  3.7699996E+04  3.0164305E+04
  3.7899996E+04  2.9595002E+04
  3.8099992E+04  2.9043760E+04
  3.8299996E+04  2.8507502E+04
  3.8499996E+04  2.7975721E+04
  3.8699996E+04  2.7380432E+04
  3.8899992E+04  2.6937789E+04
  3.9099996E+04  2.6460840E+04
  3.9299992E+04  2.5977559E+04
  3.9499992E+04  2.5442314E+04
  3.9699992E+04  2.5026465E+04
  3.9900000E+04  2.4494592E+04
  4.0099996E+04  2.4105611E+04
  4.0299992E+04  2.3718492E+04
  4.0499996E+04  2.3232160E+04
  4.0699992E+04  2.2879314E+04
  4.0899992E+04  2.2477514E+04
  4.1099996E+04  2.2077291E+04
  4.1299996E+04  2.1700764E+04
  4.1499992E+04  2.1320613E+04
  4.1699992E+04  2.0950201E+04
  4.1899996E+04  2.0525354E+04
  4.2099996E+04  2.0193918E+04
  4.2299992E+04  1.9891191E+04
  4.2499996E+04  1.9541939E+04
  4.2699992E+04  1.9219633E+04
  4.2899992E+04  1.8284066E+04
  4.3099996E+04  1.7398057E+04
  4.3299996E+04  1.7285125E+04
  4.3499992E+04  1.6442865E+04
  4.3699996E+04  1.5902888E+04
  4.3899996E+04  1.5543679E+04
  4.4099992E+04  1.4892389E+04
  4.4299992E+04  1.4566833E+04
  4.4499996E+04  1.4298640E+04
  4.4699996E+04  1.3745801E+04
  4.4899996E+04  1.3724527E+04
  4.5099992E+04  1.3278573E+04
  4.5299992E+04  1.2979649E+04
  4.5499996E+04  1.2900185E+04
  4.5699992E+04  1.2800871E+04
  4.5899996E+04  1.2377343E+04
  4.6099996E+04  1.2418377E+04
  4.6299992E+04  1.2206057E+04
  4.6499988E+04  1.2181955E+04
  4.6699992E+04  1.2122229E+04
  4.6899992E+04  1.1878789E+04
  4.7099992E+04  1.1695590E+04
  4.7299992E+04  1.1752987E+04
  4.7499996E+04  1.1427305E+04
  4.7699992E+04  1.1305023E+04
  4.7899992E+04  1.1230684E+04
  4.8099996E+04  1.0897953E+04
  4.8299992E+04  1.0974545E+04
  4.8499992E+04  1.0798374E+04
  4.8700000E+04  1.0525123E+04
  4.8899992E+04  1.0374927E+04
  4.9099988E+04  1.0309802E+04
  4.9299988E+04  1.0100459E+04
  4.9499996E+04  9.9309004E+03
  4.9699992E+04  9.8709629E+03
  4.9899988E+04  9.7369248E+03
  5.0099996E+04  9.6012510E+03
  5.0299996E+04  9.5076299E+03
  5.0499996E+04  9.2783945E+03
  5.0699996E+04  9.2229248E+03
  5.0899992E+04  9.1436104E+03
  5.1099992E+04  8.9479551E+03
  5.1299996E+04  8.9470332E+03
  5.1499988E+04  8.7545273E+03
  5.1699996E+04  8.7380859E+03
  5.1899992E+04  8.5501709E+03
  5.2099992E+04  8.4911748E+03
  5.2299996E+04  8.3391729E+03
  5.2499996E+04  8.2888789E+03
  5.2699996E+04  8.2317822E+03
  5.2899992E+04  8.0324756E+03
  5.3099988E+04  7.9597896E+03
  5.3299988E+04  7.8835889E+03
  5.3499992E+04  7.8052754E+03
  5.3699992E+04  7.7266030E+03
  5.3899992E+04  7.6399321E+03
  5.4099992E+04  7.5485386E+03
  5.4299984E+04  7.3831538E+03
  5.4499988E+04  7.3711729E+03
  5.4699996E+04  7.2832451E+03
  5.4899992E+04  7.1792793E+03
  5.5099992E+04  7.1056636E+03
  5.5299988E+04  7.1021602E+03
  5.5499988E+04  6.9124932E+03
  5.5699992E+04  6.9107827E+03
  5.5899992E+04  6.7967988E+03
  5.6099988E+04  6.7210127E+03
  5.6299996E+04  6.6205723E+03
  5.6499988E+04  6.5824014E+03
  5.6699988E+04  6.5054604E+03
  5.6899992E+04  6.3949946E+03
  5.7099996E+04  6.3615972E+03
  5.7299988E+04  6.2753862E+03
  5.7499988E+04  6.2030928E+03
  5.7699988E+04  6.1237280E+03
  5.7899996E+04  6.0754263E+03
  5.8099988E+04  5.9812178E+03
  5.8299996E+04  5.9175273E+03
  5.8499992E+04  5.8559995E+03
  5.8699988E+04  5.7671821E+03
  5.8899988E+04  5.7007168E+03
  5.9099992E+04  5.6488237E+03
  5.9299988E+04  5.5793945E+03
  5.9499996E+04  5.5110874E+03
  5.9699988E+04  5.4592158E+03
  5.9899992E+04  5.3911118E+03
  6.0099992E+04  5.3316143E+03
  6.0299992E+04  5.2652222E+03
  6.0499988E+04  5.1926963E+03
  6.0699992E+04  5.1338911E+03
  6.0899992E+04  5.0787930E+03
  6.1099988E+04  5.0127017E+03
  6.1299992E+04  4.9606953E+03
  6.1499988E+04  4.9033828E+03
  6.1699988E+04  4.8453223E+03
  6.1899996E+04  4.7923315E+03
  6.2099996E+04  4.7377739E+03
  6.2299988E+04  4.6816836E+03
  6.2499992E+04  4.6216772E+03
  6.2699988E+04  4.5642583E+03
  6.2899996E+04  4.5183286E+03
  6.3099984E+04  4.4621050E+03
  6.3299996E+04  4.4187197E+03
  6.3499984E+04  4.3624346E+03
  6.3699984E+04  4.3182788E+03
  6.3900000E+04  4.2631470E+03
  6.4199992E+04  4.1911333E+03
  6.4599984E+04  4.0946162E+03
  6.4999992E+04  4.0020203E+03
  6.5399992E+04  3.9117292E+03
  6.5799992E+04  3.8237673E+03
  6.6199984E+04  3.7371243E+03
  6.6599984E+04  3.6532136E+03
  6.6999992E+04  3.5718730E+03
  6.7399992E+04  3.4919524E+03
  6.7799992E+04  3.4143191E+03
  6.8199992E+04  3.3379375E+03
  6.8599992E+04  3.2661423E+03
  6.8999984E+04  3.1948335E+03
  6.9399984E+04  3.1252595E+03
  6.9800000E+04  3.0577603E+03
  7.0199992E+04  2.9915940E+03
  7.0599984E+04  2.9275588E+03
  7.0999977E+04  2.8654446E+03
  7.1399977E+04  2.8046821E+03
  7.1799984E+04  2.7453105E+03
  7.2199984E+04  2.6878745E+03
  7.2600000E+04  2.6316760E+03
  7.2999984E+04  2.5769707E+03
  7.3400000E+04  2.5223875E+03
  7.3799984E+04  2.4713247E+03
  7.4199992E+04  2.4183384E+03
  7.4599992E+04  2.3705408E+03
  7.5000000E+04  2.3213450E+03
  7.5399992E+04  2.2735217E+03
  7.5799992E+04  2.2310342E+03
  7.6199984E+04  2.1864570E+03
  7.6599992E+04  2.1429424E+03
  7.6999992E+04  2.1003394E+03
  7.7399992E+04  2.0591292E+03
  7.7799984E+04  2.0188403E+03
  7.8199984E+04  1.9794503E+03
  7.8599984E+04  1.9409996E+03
  7.8999984E+04  1.9033446E+03
  7.9399984E+04  1.8669457E+03
  7.9800000E+04  1.8311785E+03
  8.0199992E+04  1.7950939E+03
  8.0599984E+04  1.7620115E+03
  8.0999992E+04  1.7286311E+03
  8.1399977E+04  1.6963899E+03
  8.1799984E+04  1.6647507E+03
  8.2199984E+04  1.6337572E+03
  8.2599992E+04  1.6035049E+03
  8.2999984E+04  1.5738685E+03
  8.3400000E+04  1.5441831E+03
  8.3799992E+04  1.5157969E+03
  8.4199992E+04  1.4886760E+03
  8.4599977E+04  1.4614733E+03
  8.4999977E+04  1.4353405E+03
  8.5399984E+04  1.4098385E+03
  8.5799984E+04  1.3847488E+03
  8.6199992E+04  1.3601136E+03
  8.6599992E+04  1.3360242E+03
  8.6999984E+04  1.3122200E+03
  8.7399992E+04  1.2893860E+03
  8.7799992E+04  1.2667662E+03
  8.8199984E+04  1.2446483E+03
  8.8599977E+04  1.2230693E+03
  8.8999992E+04  1.2019218E+03
  8.9399977E+04  1.1812919E+03
  8.9799977E+04  1.1603268E+03
  9.0199984E+04  1.1412605E+03
  9.0599984E+04  1.1218884E+03
  9.0999992E+04  1.1015382E+03
  9.1400000E+04  1.0838905E+03
  9.1799969E+04  1.0653466E+03
  9.2199969E+04  1.0483230E+03
  9.2599984E+04  1.0308497E+03
  9.3000000E+04  1.0137686E+03
  9.3399984E+04  9.9702844E+02
  9.3799984E+04  9.8066461E+02
  9.4199977E+04  9.6458478E+02
  9.4599984E+04  9.4882513E+02
  9.4999969E+04  9.3342188E+02
  9.5399984E+04  9.1828375E+02
  9.5799984E+04  9.0357104E+02
  9.6199992E+04  8.8907050E+02
  9.6599984E+04  8.7481946E+02
  9.7000000E+04  8.6093231E+02
  9.7399977E+04  8.4692651E+02
  9.7799984E+04  8.3386841E+02
  9.8199977E+04  8.2076013E+02
  9.8599977E+04  8.0787549E+02
  9.8999992E+04  7.9528693E+02
  9.9399984E+04  7.8291284E+02
  9.9799977E+04  7.7078699E+02
  1.0019999E+05  7.5886646E+02
  1.9999991E+05  4.9860661E+01
  3.9999994E+05  3.1266494E+00
  5.9999981E+05  6.1528915E-01
  7.9999994E+05  1.9411762E-01
