  9.2499988E+02  1.8773144E-13
  9.3499982E+02  2.6530443E-13
  9.4500000E+02  4.4595000E-13
  9.5500000E+02  4.6173319E-13
  9.6499988E+02  1.0444838E-12
  9.7499982E+02  1.2377653E-12
  9.8499976E+02  2.0912775E-12
  9.9499988E+02  4.0838361E-12
  1.0049999E+03  5.2498886E-12
  1.0149997E+03  7.6101781E-12
  1.0249998E+03  1.4012591E-11
  1.0349998E+03  3.0219896E-11
  1.0449998E+03  4.3178430E-11
  1.0549999E+03  4.6019303E-11
  1.0649999E+03  1.2103554E-10
  1.0750000E+03  1.7798259E-10
  1.0849996E+03  3.7416509E-10
  1.0949999E+03  5.6590477E-10
  1.1049999E+03  7.6076306E-10
  1.1149999E+03  1.1879642E-09
  1.1249999E+03  2.8778318E-09
  1.1349996E+03  5.7397922E-09
  1.1449999E+03  9.9718847E-09
  1.1549999E+03  1.5689482E-08
  1.1650000E+03  2.1296458E-08
  1.1749995E+03  3.8103785E-08
  1.1849996E+03  4.6292666E-08
  1.1949998E+03  5.3981651E-08
  1.2049996E+03  4.4402899E-08
  1.2149998E+03  8.3208080E-09
  1.2249996E+03  7.7730377E-08
  1.2349996E+03  2.4771805E-07
  1.2449998E+03  3.9381351E-07
  1.2549996E+03  6.1127884E-07
  1.2650000E+03  8.0317602E-07
  1.2749998E+03  1.1566244E-06
  1.2849995E+03  1.2460849E-06
  1.2949998E+03  1.5825927E-06
  1.3049995E+03  2.2082043E-06
  1.3149998E+03  2.7248054E-06
  1.3249998E+03  3.2305975E-06
  1.3349996E+03  3.6529207E-06
  1.3449995E+03  5.0878075E-06
  1.3549996E+03  6.8055233E-06
  1.3649999E+03  7.5167673E-06
  1.3749999E+03  7.7142968E-06
  1.3849996E+03  9.3946401E-06
  1.3949999E+03  1.0618664E-05
  1.4050001E+03  1.4924656E-05
  1.4149998E+03  1.9022698E-05
  1.4249998E+03  2.0736208E-05
  1.4350000E+03  2.9822506E-05
  1.4419998E+03  4.4661967E-05
  1.4469999E+03  3.5132576E-05
  1.4549994E+03  4.2607553E-05
  1.4650000E+03  6.5154287E-05
  1.4749995E+03  8.0500788E-05
  1.4849996E+03  8.1702608E-05
  1.4949998E+03  1.2792603E-04
  1.5049996E+03  1.7989850E-04
  1.5119995E+03  9.4368537E-05
  1.5169994E+03  1.5656123E-04
  1.5250001E+03  2.3091979E-04
  1.5349994E+03  3.0078224E-04
  1.5449994E+03  2.0623053E-04
  1.5549998E+03  3.3405508E-04
  1.5649999E+03  3.1201830E-04
  1.5750001E+03  5.9066864E-04
  1.5850000E+03  6.4626720E-04
  1.5949996E+03  6.3380587E-04
  1.6049999E+03  6.8122800E-04
  1.6150000E+03  7.3365599E-04
  1.6249996E+03  7.2064553E-04
  1.6350000E+03  9.6020085E-04
  1.6449996E+03  1.2801152E-03
  1.6549999E+03  1.1003972E-03
  1.6649993E+03  1.6969290E-03
  1.6720000E+03  1.4780482E-03
  1.6770001E+03  2.1844471E-03
  1.6849998E+03  2.8472345E-03
  1.6950000E+03  4.0395185E-03
  1.7049995E+03  4.1642464E-03
  1.7150000E+03  4.6017859E-03
  1.7249993E+03  6.2803137E-03
  1.7349994E+03  7.2463797E-03
  1.7449993E+03  1.0096370E-02
  1.7550001E+03  1.0338422E-02
  1.7649998E+03  1.2832186E-02
  1.7749995E+03  1.2220475E-02
  1.7849995E+03  2.1717977E-02
  1.7949999E+03  1.9184941E-02
  1.8050001E+03  3.0914297E-02
  1.8150001E+03  2.3685437E-02
  1.8249994E+03  3.7033964E-02
  1.8349993E+03  3.3430468E-02
  1.8449993E+03  4.7475353E-02
  1.8549998E+03  3.9986413E-02
  1.8650002E+03  6.2698461E-02
  1.8750001E+03  6.0701627E-02
  1.8850000E+03  7.5041778E-02
  1.8950002E+03  9.4188869E-02
  1.9049996E+03  1.0080682E-01
  1.9149999E+03  1.4022610E-01
  1.9249993E+03  1.2305563E-01
  1.9350001E+03  8.7086089E-02
  1.9449993E+03  1.6977285E-01
  1.9550002E+03  2.3225795E-01
  1.9670002E+03  2.5642371E-01
  1.9759990E+03  2.9301560E-01
  1.9839996E+03  3.6437184E-01
  1.9950001E+03  3.3666274E-01
  2.0050002E+03  3.9285874E-01
  2.0149996E+03  4.5067221E-01
  2.0249994E+03  4.3093550E-01
  2.0349995E+03  5.4003376E-01
  2.0449998E+03  5.7731164E-01
  2.0550000E+03  6.7287886E-01
  2.0649993E+03  6.6173983E-01
  2.0739993E+03  6.3850141E-01
  2.0780002E+03  1.1017348E+00
  2.0849993E+03  1.4654312E+00
  2.0950005E+03  1.5904405E+00
  2.1050002E+03  1.4898340E+00
  2.1149990E+03  1.5603369E+00
  2.1250000E+03  1.7739458E+00
  2.1350002E+03  2.2187135E+00
  2.1449998E+03  1.8097174E+00
  2.1550005E+03  2.1535470E+00
  2.1649995E+03  2.1228502E+00
  2.1750002E+03  2.3296220E+00
  2.1849998E+03  2.1814611E+00
  2.1950000E+03  3.4791718E+00
  2.2050000E+03  2.9919207E+00
  2.2149998E+03  3.5356455E+00
  2.2249998E+03  3.1715400E+00
  2.2350005E+03  5.0501046E+00
  2.2449990E+03  5.7201147E+00
  2.2549993E+03  6.8574748E+00
  2.2650000E+03  4.0131688E+00
  2.2750000E+03  7.3954496E+00
  2.2850000E+03  7.4297123E+00
  2.2950002E+03  1.1668866E+01
  2.3050000E+03  4.8124881E+00
  2.3149995E+03  1.4377683E+01
  2.3250000E+03  1.2058244E+01
  2.3349995E+03  1.7865757E+01
  2.3449993E+03  1.1455406E+01
  2.3550000E+03  1.0526875E+01
  2.3649988E+03  1.3762711E+01
  2.3750000E+03  1.3575579E+01
  2.3849990E+03  2.1828871E+01
  2.3950000E+03  2.0623022E+01
  2.4050005E+03  3.4914722E+01
  2.4149993E+03  2.2941601E+01
  2.4249990E+03  2.8335915E+01
  2.4349990E+03  4.0668377E+01
  2.4450000E+03  5.3488556E+01
  2.4549990E+03  6.1302204E+01
  2.4649990E+03  4.2849659E+01
  2.4749993E+03  7.0197456E+01
  2.4850005E+03  3.2007401E+01
  2.4950000E+03  3.5896305E+01
  2.5050005E+03  6.5206039E+01
  2.5129988E+03  4.9627254E+01
  2.5179990E+03  5.5544529E+01
  2.5249998E+03  6.5406265E+01
  2.5350007E+03  1.2057256E+02
  2.5449988E+03  1.4537653E+02
  2.5550000E+03  1.5765823E+02
  2.5649990E+03  9.8368744E+01
  2.5749990E+03  1.4152588E+02
  2.5849993E+03  1.1657928E+02
  2.5949990E+03  1.3200720E+02
  2.6049995E+03  1.7418709E+02
  2.6149998E+03  1.6478639E+02
  2.6249990E+03  2.3433527E+02
  2.6350007E+03  3.2759445E+02
  2.6449995E+03  2.7884940E+02
  2.6549998E+03  3.5311456E+02
  2.6649995E+03  3.3495935E+02
  2.6749988E+03  2.9621130E+02
  2.6849988E+03  3.8478488E+02
  2.6949988E+03  3.0284317E+02
  2.7050000E+03  4.4241910E+02
  2.7150000E+03  4.4620364E+02
  2.7249995E+03  4.1142899E+02
  2.7350007E+03  4.2540317E+02
  2.7450002E+03  5.7372211E+02
  2.7549998E+03  5.4961157E+02
  2.7649983E+03  6.9697333E+02
  2.7750005E+03  8.8789221E+02
  2.7850000E+03  6.5226929E+02
  2.7949993E+03  8.6187335E+02
  2.8049995E+03  8.6517151E+02
  2.8150002E+03  8.4752997E+02
  2.8250007E+03  9.0361603E+02
  2.8350000E+03  8.3969214E+02
  2.8450002E+03  7.2297687E+02
  2.8550005E+03  4.3807370E+02
  2.8650000E+03  1.0205200E+03
  2.8749983E+03  1.0569617E+03
  2.8850000E+03  1.4658379E+03
  2.8949988E+03  1.6729318E+03
  2.9099988E+03  2.1515989E+03
  2.9299983E+03  2.3548640E+03
  2.9499990E+03  2.4403572E+03
  2.9700005E+03  2.4922053E+03
  2.9899980E+03  3.0430791E+03
  3.0099995E+03  3.4696072E+03
  3.0299995E+03  4.3660649E+03
  3.0499995E+03  5.3473628E+03
  3.0699995E+03  4.3605576E+03
  3.0899995E+03  3.8459280E+03
  3.1099995E+03  5.5831646E+03
  3.1299998E+03  5.3978325E+03
  3.1499995E+03  7.0714580E+03
  3.1699995E+03  9.8842344E+03
  3.1899995E+03  8.7996084E+03
  3.2099998E+03  1.0461700E+04
  3.2299993E+03  1.1965809E+04
  3.2499993E+03  1.7077025E+04
  3.2699995E+03  2.0682287E+04
  3.2899995E+03  2.5883803E+04
  3.3099998E+03  2.3380551E+04
  3.3299993E+03  2.6846176E+04
  3.3499995E+03  2.6591367E+04
  3.3699995E+03  2.0459273E+04
  3.3899993E+03  2.8367186E+04
  3.4099993E+03  3.2835895E+04
  3.4299995E+03  3.8989723E+04
  3.4499993E+03  4.2479613E+04
  3.4699998E+03  4.8217605E+04
  3.4899993E+03  5.4288723E+04
  3.5099995E+03  6.8248688E+04
  3.5299995E+03  5.8377320E+04
  3.5499995E+03  7.4614234E+04
  3.5699995E+03  6.6482312E+04
  3.5899995E+03  6.8418273E+04
  3.6099995E+03  8.0228625E+04
  3.6299993E+03  8.6091477E+04
  3.6399993E+03  8.8180961E+04
  3.6499995E+03  6.5545484E+04
  3.6699993E+03  8.8689172E+04
  3.6899995E+03  6.6179586E+04
  3.7099995E+03  5.2570914E+04
  3.7299998E+03  2.7559955E+04
  3.7499993E+03  3.4534875E+04
  3.7699993E+03  7.5249086E+04
  3.7899995E+03  8.2978266E+04
  3.8099993E+03  7.6768328E+04
  3.8299998E+03  3.6366324E+04
  3.8499995E+03  6.1326992E+04
  3.8699995E+03  5.6421047E+04
  3.8899995E+03  6.1292172E+04
  3.9099995E+03  8.6920586E+04
  3.9299993E+03  4.0415227E+04
  3.9499993E+03  7.8408305E+04
  3.9699998E+03  5.7400703E+04
  3.9899995E+03  1.4745742E+05
  4.0099995E+03  1.8594053E+05
  4.0299993E+03  1.4804514E+05
  4.0499993E+03  1.6559952E+05
  4.0699993E+03  1.4759433E+05
  4.0899995E+03  2.1907727E+05
  4.1099995E+03  1.6283372E+05
  4.1299995E+03  1.7957708E+05
  4.1499990E+03  1.7478364E+05
  4.1699990E+03  1.8437695E+05
  4.1899995E+03  1.8420891E+05
  4.2099995E+03  1.3149873E+05
  4.2299995E+03  6.6520828E+04
  4.2499995E+03  1.3236186E+05
  4.2699990E+03  1.5535550E+05
  4.2899995E+03  1.5848741E+05
  4.3100000E+03  1.7102970E+05
  4.3299995E+03  2.4570466E+05
  4.3499995E+03  2.7620125E+05
  4.3699995E+03  2.9176894E+05
  4.3899995E+03  2.4272888E+05
  4.4099995E+03  2.4502633E+05
  4.4299995E+03  2.4892345E+05
  4.4499995E+03  2.7102331E+05
  4.4699995E+03  3.1113962E+05
  4.4899995E+03  3.2801406E+05
  4.5099990E+03  3.8347319E+05
  4.5299995E+03  3.0348447E+05
  4.5499990E+03  3.4631609E+05
  4.5699995E+03  3.9001125E+05
  4.5899990E+03  3.5468325E+05
  4.6099990E+03  3.7680234E+05
  4.6299990E+03  3.6822909E+05
  4.6499990E+03  3.5219262E+05
  4.6699990E+03  3.8646034E+05
  4.6899990E+03  3.6875016E+05
  4.7099995E+03  3.5518106E+05
  4.7299990E+03  3.4211425E+05
  4.7499995E+03  3.2950475E+05
  4.7699995E+03  2.6313316E+05
  4.7899990E+03  2.9195706E+05
  4.8099995E+03  3.3903550E+05
  4.8299995E+03  3.5138112E+05
  4.8499990E+03  3.8609447E+05
  4.8700000E+03  3.8945812E+05
  4.8899990E+03  4.0813116E+05
  4.9099990E+03  4.1236078E+05
  4.9299990E+03  3.9256053E+05
  4.9499995E+03  3.5321656E+05
  4.9699995E+03  3.0718641E+05
  4.9899990E+03  2.9451638E+05
  5.0099995E+03  2.6372712E+05
  5.0299995E+03  2.8818312E+05
  5.0499995E+03  2.7813472E+05
  5.0699995E+03  2.6899766E+05
  5.0899995E+03  2.6764406E+05
  5.1099990E+03  2.7576784E+05
  5.1299995E+03  2.6634962E+05
  5.1499985E+03  2.5035058E+05
  5.1700000E+03  2.3219436E+05
  5.1899990E+03  2.6530384E+05
  5.2099990E+03  3.0431109E+05
  5.2299995E+03  4.4982809E+05
  5.2499995E+03  4.9376803E+05
  5.2699995E+03  4.0436588E+05
  5.2899990E+03  5.2660869E+05
  5.3099995E+03  5.6742250E+05
  5.3299990E+03  4.9059419E+05
  5.3499995E+03  5.3429038E+05
  5.3699995E+03  5.2663388E+05
  5.3899995E+03  5.2911281E+05
  5.4099990E+03  5.2655962E+05
  5.4299990E+03  5.2008134E+05
  5.4499990E+03  4.5658238E+05
  5.4699995E+03  4.9002788E+05
  5.4899995E+03  5.1193778E+05
  5.5099995E+03  4.9312656E+05
  5.5299985E+03  5.6043881E+05
  5.5499990E+03  5.7666062E+05
  5.5699990E+03  5.8344344E+05
  5.5899995E+03  5.5151050E+05
  5.6099990E+03  5.2900719E+05
  5.6299995E+03  5.7661250E+05
  5.6499990E+03  6.2474738E+05
  5.6699990E+03  6.1337538E+05
  5.6899995E+03  6.4528256E+05
  5.7099995E+03  6.3053256E+05
  5.7299990E+03  6.9053225E+05
  5.7499990E+03  6.8979344E+05
  5.7699990E+03  6.6754825E+05
  5.7899995E+03  6.6612462E+05
  5.8099985E+03  6.6789700E+05
  5.8300000E+03  6.9455675E+05
  5.8499990E+03  6.7685925E+05
  5.8699985E+03  6.5910188E+05
  5.8899985E+03  5.8434094E+05
  5.9099995E+03  6.5604519E+05
  5.9299985E+03  6.5941612E+05
  5.9499995E+03  6.6153488E+05
  5.9699990E+03  6.8147438E+05
  5.9899990E+03  6.8922650E+05
  6.0099990E+03  6.9450331E+05
  6.0299995E+03  7.2242681E+05
  6.0499990E+03  7.3748194E+05
  6.0699990E+03  7.4363200E+05
  6.0899995E+03  7.3623644E+05
  6.1099985E+03  7.3544106E+05
  6.1299995E+03  6.9884831E+05
  6.1499985E+03  7.2797731E+05
  6.1699985E+03  5.9672425E+05
  6.1900000E+03  6.6103119E+05
  6.2099995E+03  6.2810831E+05
  6.2299985E+03  6.0105856E+05
  6.2499990E+03  6.0391106E+05
  6.2699985E+03  6.3410325E+05
  6.2900000E+03  6.7117419E+05
  6.3099985E+03  6.8153569E+05
  6.3299995E+03  6.8919512E+05
  6.3499985E+03  6.9715612E+05
  6.3699985E+03  7.0343450E+05
  6.3899995E+03  7.1075538E+05
  6.4099990E+03  6.9138169E+05
  6.4299985E+03  6.9697406E+05
  6.4499985E+03  6.7649431E+05
  6.4699990E+03  6.7509019E+05
  6.4899990E+03  6.6946888E+05
  6.5099985E+03  7.0595081E+05
  6.5299990E+03  7.2108762E+05
  6.5499985E+03  7.0818194E+05
  6.5699985E+03  7.1044894E+05
  6.5899995E+03  7.1753312E+05
  6.6099985E+03  7.1709512E+05
  6.6299990E+03  7.1547481E+05
  6.6499985E+03  7.2464644E+05
  6.6699995E+03  6.7921175E+05
  6.6899990E+03  6.2306106E+05
  6.7099995E+03  5.6993469E+05
  6.7299990E+03  5.6268462E+05
  6.7499995E+03  5.5165712E+05
  6.7699985E+03  5.4656962E+05
  6.7899995E+03  5.3693988E+05
  6.8099995E+03  5.5834781E+05
  6.8300000E+03  5.8115162E+05
  6.8499985E+03  5.8656288E+05
  6.8699985E+03  6.0127206E+05
  6.8899985E+03  6.2957756E+05
  6.9099990E+03  6.5788506E+05
  6.9299995E+03  6.6229062E+05
  6.9499990E+03  6.9208450E+05
  6.9699985E+03  7.2233256E+05
  6.9899985E+03  7.3018694E+05
  7.0099985E+03  7.5995838E+05
  7.0299985E+03  7.7479688E+05
  7.0499990E+03  7.9261569E+05
  7.0699980E+03  7.5369400E+05
  7.0899990E+03  6.1076231E+05
  7.1099990E+03  5.0565094E+05
  7.1299995E+03  4.7817038E+05
  7.1499990E+03  4.6754031E+05
  7.1699995E+03  4.9397716E+05
  7.1899985E+03  4.9922003E+05
  7.2099985E+03  5.0533191E+05
  7.2299980E+03  5.5815694E+05
  7.2499990E+03  5.9349850E+05
  7.2699995E+03  6.3696112E+05
  7.2899990E+03  6.6666838E+05
  7.3099980E+03  7.1030394E+05
  7.3299980E+03  7.2774875E+05
  7.3499980E+03  7.5231575E+05
  7.3699985E+03  7.8499800E+05
  7.3899995E+03  8.0089775E+05
  7.4099985E+03  8.1462525E+05
  7.4299995E+03  8.3017225E+05
  7.4500000E+03  8.3026862E+05
  7.4700000E+03  8.5047112E+05
  7.4899990E+03  8.5446412E+05
  7.5099985E+03  8.6481488E+05
  7.5299995E+03  8.7497694E+05
  7.5499980E+03  8.7695675E+05
  7.5699985E+03  8.7752262E+05
  7.5899990E+03  8.7440800E+05
  7.6099980E+03  8.5537656E+05
  7.6299995E+03  7.9873988E+05
  7.6499995E+03  7.4725400E+05
  7.6699980E+03  6.9859925E+05
  7.6899990E+03  6.8503188E+05
  7.7099995E+03  6.7191256E+05
  7.7299985E+03  6.7096231E+05
  7.7499990E+03  6.7408956E+05
  7.7700000E+03  6.6475800E+05
  7.7900000E+03  6.9332069E+05
  7.8099995E+03  6.9193612E+05
  7.8299980E+03  6.8109375E+05
  7.8499980E+03  6.6491144E+05
  7.8699995E+03  7.0447862E+05
  7.8900000E+03  6.9455719E+05
  7.9099995E+03  6.9460194E+05
  7.9300000E+03  7.1159125E+05
  7.9499985E+03  7.2118894E+05
  7.9699990E+03  7.3815388E+05
  7.9900000E+03  7.5812681E+05
  8.0099980E+03  7.7824412E+05
  8.0299985E+03  7.7694288E+05
  8.0500000E+03  7.9180644E+05
  8.0699985E+03  8.0628244E+05
  8.0899990E+03  8.1369800E+05
  8.1099995E+03  8.3202825E+05
  8.1299976E+03  8.4885794E+05
  8.1499976E+03  8.5717481E+05
  8.1699980E+03  8.6094131E+05
  8.1899985E+03  8.1703275E+05
  8.2099990E+03  8.6173856E+05
  8.2300000E+03  8.7129331E+05
  8.2500000E+03  8.6397438E+05
  8.2700000E+03  8.7379175E+05
  8.2899980E+03  8.7012944E+05
  8.3099990E+03  8.5301644E+05
  8.3299980E+03  8.3030300E+05
  8.3500000E+03  8.4194525E+05
  8.3699990E+03  8.3781925E+05
  8.3899990E+03  7.9834638E+05
  8.4099971E+03  8.2108012E+05
  8.4300000E+03  7.3872956E+05
  8.4499990E+03  6.7287244E+05
  8.4699980E+03  6.8865581E+05
  8.4899980E+03  6.9424806E+05
  8.5099990E+03  6.7319750E+05
  8.5299990E+03  7.0577038E+05
  8.5499990E+03  6.9922575E+05
  8.5699990E+03  7.3330850E+05
  8.5900000E+03  7.4598012E+05
  8.6099980E+03  7.6183019E+05
  8.6299990E+03  7.7833425E+05
  8.6499990E+03  7.9336881E+05
  8.6699990E+03  7.5107156E+05
  8.6899990E+03  7.8214075E+05
  8.7099971E+03  8.1549950E+05
  8.7299990E+03  8.2288906E+05
  8.7499980E+03  8.2301894E+05
  8.7699980E+03  8.2651875E+05
  8.7899980E+03  8.3885244E+05
  8.8099990E+03  8.2480638E+05
  8.8299980E+03  8.2914356E+05
  8.8499980E+03  8.4141769E+05
  8.8699980E+03  8.3829788E+05
  8.8899990E+03  8.4863988E+05
  8.9099971E+03  8.5090881E+05
  8.9299980E+03  8.4431419E+05
  8.9499980E+03  8.4181488E+05
  8.9699990E+03  8.4565006E+05
  8.9899990E+03  8.5163394E+05
  9.0099980E+03  8.2706706E+05
  9.0299990E+03  8.4433669E+05
  9.0499990E+03  8.5555819E+05
  9.0699980E+03  8.5733062E+05
  9.0899990E+03  8.3541562E+05
  9.1099980E+03  8.3983181E+05
  9.1299980E+03  8.4994088E+05
  9.1499980E+03  8.4910925E+05
  9.1699980E+03  8.5020325E+05
  9.1899990E+03  8.5185931E+05
  9.2099990E+03  8.2382512E+05
  9.2299980E+03  8.0986694E+05
  9.2499980E+03  8.0601638E+05
  9.2699971E+03  7.9837744E+05
  9.2899990E+03  7.8132394E+05
  9.3099980E+03  7.9205319E+05
  9.3299990E+03  7.9342156E+05
  9.3499980E+03  7.8300688E+05
  9.3699990E+03  7.7602038E+05
  9.3900000E+03  7.9279962E+05
  9.4099980E+03  7.8675312E+05
  9.4299971E+03  7.8952019E+05
  9.4499990E+03  7.8386131E+05
  9.4700000E+03  7.9870125E+05
  9.4899980E+03  8.0002375E+05
  9.5100000E+03  8.0003600E+05
  9.5300000E+03  8.0041494E+05
  9.5500000E+03  7.8991962E+05
  9.5699990E+03  7.9715219E+05
  9.5899980E+03  8.0956081E+05
  9.6099980E+03  7.9742419E+05
  9.6299990E+03  8.0975544E+05
  9.6499990E+03  7.8156262E+05
  9.6699980E+03  7.8683412E+05
  9.6899980E+03  8.0477400E+05
  9.7100000E+03  7.9690669E+05
  9.7299990E+03  7.8866000E+05
  9.7499980E+03  7.9509769E+05
  9.7699961E+03  8.0123944E+05
  9.7899980E+03  7.8236394E+05
  9.8099980E+03  8.1037706E+05
  9.8299990E+03  8.0174144E+05
  9.8499980E+03  8.1118631E+05
  9.8700000E+03  8.0882994E+05
  9.8899980E+03  8.0821988E+05
  9.9099990E+03  8.0653362E+05
  9.9300000E+03  8.0458681E+05
  9.9499980E+03  8.0493288E+05
  9.9699980E+03  8.0401856E+05
  9.9899990E+03  8.0510575E+05
  1.0024998E+04  7.9743231E+05
  1.0074998E+04  7.9354531E+05
  1.0124997E+04  7.9318738E+05
  1.0174997E+04  7.8635719E+05
  1.0224998E+04  7.8001856E+05
  1.0274997E+04  7.7783400E+05
  1.0325000E+04  7.6558288E+05
  1.0374999E+04  7.6301650E+05
  1.0425000E+04  7.6535150E+05
  1.0474998E+04  7.5854344E+05
  1.0524997E+04  7.6016200E+05
  1.0574999E+04  7.5352925E+05
  1.0625000E+04  7.5429619E+05
  1.0674997E+04  7.4539575E+05
  1.0724998E+04  7.4340725E+05
  1.0774999E+04  7.4213750E+05
  1.0824997E+04  7.3298300E+05
  1.0874997E+04  7.3638825E+05
  1.0924999E+04  7.3594425E+05
  1.0974996E+04  7.3263219E+05
  1.1025000E+04  7.2910094E+05
  1.1074998E+04  7.2692494E+05
  1.1124999E+04  7.2311444E+05
  1.1174998E+04  7.1738219E+05
  1.1224999E+04  7.1680594E+05
  1.1274997E+04  7.0610638E+05
  1.1325000E+04  7.0625894E+05
  1.1375000E+04  6.9525962E+05
  1.1425000E+04  6.8667656E+05
  1.1474997E+04  6.9767194E+05
  1.1525000E+04  6.9733212E+05
  1.1574998E+04  6.9030862E+05
  1.1625000E+04  6.7841738E+05
  1.1674998E+04  6.7869969E+05
  1.1724997E+04  6.8314525E+05
  1.1775001E+04  6.6847044E+05
  1.1824999E+04  6.6934950E+05
  1.1875000E+04  6.6051875E+05
  1.1925000E+04  6.6993300E+05
  1.1975001E+04  6.5181862E+05
  1.2024998E+04  6.6214600E+05
  1.2074996E+04  6.5558869E+05
  1.2125000E+04  6.5606075E+05
  1.2175000E+04  6.5355519E+05
  1.2225001E+04  6.5028700E+05
  1.2275001E+04  6.4637531E+05
  1.2324996E+04  6.4228281E+05
  1.2374996E+04  6.4035038E+05
  1.2424998E+04  6.3484081E+05
  1.2475000E+04  6.3404662E+05
  1.2524997E+04  6.2700162E+05
  1.2574997E+04  6.2707619E+05
  1.2624999E+04  6.2344238E+05
  1.2674997E+04  6.1806462E+05
  1.2724999E+04  6.1766075E+05
  1.2774999E+04  6.1662100E+05
  1.2825000E+04  6.0087406E+05
  1.2875001E+04  6.0630675E+05
  1.2924997E+04  5.9925731E+05
  1.2975001E+04  6.0431456E+05
  1.3024998E+04  5.9919556E+05
  1.3074999E+04  5.9900681E+05
  1.3125000E+04  5.8349506E+05
  1.3174998E+04  5.8606331E+05
  1.3224998E+04  5.9038544E+05
  1.3274997E+04  5.8374462E+05
  1.3324997E+04  5.8172712E+05
  1.3374999E+04  5.8241900E+05
  1.3424999E+04  5.8091069E+05
  1.3474999E+04  5.7872388E+05
  1.3525001E+04  5.7585319E+05
  1.3574999E+04  5.7213025E+05
  1.3624997E+04  5.6536169E+05
  1.3674997E+04  5.6852762E+05
  1.3724995E+04  5.6787294E+05
  1.3774998E+04  5.6461144E+05
  1.3824998E+04  5.6353081E+05
  1.3874996E+04  5.5671762E+05
  1.3925000E+04  5.5950706E+05
  1.3974996E+04  5.5771000E+05
  1.4024997E+04  5.5203588E+05
  1.4075001E+04  5.5386350E+05
  1.4124996E+04  5.5032731E+05
  1.4175000E+04  5.5018262E+05
  1.4225000E+04  5.4647062E+05
  1.4274994E+04  5.3375706E+05
  1.4325001E+04  5.4343894E+05
  1.4374998E+04  5.4201712E+05
  1.4424999E+04  5.3623825E+05
  1.4475000E+04  5.3924662E+05
  1.4524997E+04  5.3552288E+05
  1.4569999E+04  5.3390588E+05
  1.4620000E+04  5.3478981E+05
  1.4674998E+04  5.3343031E+05
  1.4725000E+04  5.2887550E+05
  1.4775002E+04  5.2726925E+05
  1.4824998E+04  5.2868994E+05
  1.4874996E+04  5.2028931E+05
  1.4924997E+04  5.2814038E+05
  1.4974999E+04  5.2468650E+05
  1.5024999E+04  5.0674838E+05
  1.5075000E+04  5.1423406E+05
  1.5124999E+04  5.2170875E+05
  1.5175000E+04  5.1758931E+05
  1.5225002E+04  5.2028981E+05
  1.5274998E+04  5.2021566E+05
  1.5324995E+04  5.1804597E+05
  1.5374997E+04  5.2002072E+05
  1.5425001E+04  5.2004306E+05
  1.5474996E+04  5.1978741E+05
  1.5524994E+04  5.1572588E+05
  1.5575001E+04  5.1637966E+05
  1.5624998E+04  5.1639803E+05
  1.5674997E+04  5.1347694E+05
  1.5724994E+04  5.1111581E+05
  1.5774996E+04  5.0299094E+05
  1.5825001E+04  5.1045284E+05
  1.5874995E+04  5.0660009E+05
  1.5925002E+04  5.1003400E+05
  1.5975001E+04  5.1121591E+05
  1.6049998E+04  5.1101244E+05
  1.6150001E+04  5.0372131E+05
  1.6249997E+04  5.0256294E+05
  1.6350000E+04  5.0108456E+05
  1.6449996E+04  4.9373034E+05
  1.6549998E+04  4.8768544E+05
  1.6649994E+04  4.7814878E+05
  1.6749998E+04  4.6405059E+05
  1.6849998E+04  4.6141175E+05
  1.6950000E+04  4.5434419E+05
  1.7049996E+04  4.4384666E+05
  1.7150000E+04  4.3497103E+05
  1.7249992E+04  4.2787916E+05
  1.7349994E+04  4.2172194E+05
  1.7449992E+04  4.1343825E+05
  1.7550000E+04  4.0653809E+05
  1.7649998E+04  4.0036038E+05
  1.7749994E+04  3.9245422E+05
  1.7849994E+04  3.8757275E+05
  1.7949998E+04  3.7999234E+05
  1.8050002E+04  3.7195444E+05
  1.8150002E+04  3.6642612E+05
  1.8249994E+04  3.5972972E+05
  1.8349992E+04  3.5319047E+05
  1.8449992E+04  3.4417062E+05
  1.8549998E+04  3.4240747E+05
  1.8650002E+04  3.3505184E+05
  1.8750002E+04  3.3054447E+05
  1.8850000E+04  3.2472478E+05
  1.8950004E+04  3.1481259E+05
  1.9049996E+04  3.1408059E+05
  1.9149998E+04  3.0829197E+05
  1.9249992E+04  3.0392825E+05
  1.9350000E+04  2.9385222E+05
  1.9449992E+04  2.8839875E+05
  1.9550002E+04  2.8564291E+05
  1.9649992E+04  2.8458731E+05
  1.9749992E+04  2.7412134E+05
  1.9849992E+04  2.6979834E+05
  1.9950002E+04  2.6759228E+05
  2.0050002E+04  2.6778797E+05
  2.0149996E+04  2.6336456E+05
  2.0249994E+04  2.5757273E+05
  2.0349994E+04  2.5459269E+05
  2.0449996E+04  2.5114494E+05
  2.0550000E+04  2.4698483E+05
  2.0649992E+04  2.4269922E+05
  2.0749998E+04  2.3919297E+05
  2.0849992E+04  2.3520564E+05
  2.0950004E+04  2.3002117E+05
  2.1050002E+04  2.2784094E+05
  2.1149992E+04  2.2383889E+05
  2.1250000E+04  2.2106955E+05
  2.1350002E+04  2.1816042E+05
  2.1449996E+04  2.1483744E+05
  2.1550006E+04  2.1133103E+05
  2.1649994E+04  2.0859586E+05
  2.1750002E+04  2.0426102E+05
  2.1849998E+04  2.0202484E+05
  2.1950002E+04  1.9859306E+05
  2.2050000E+04  1.9103877E+05
  2.2149996E+04  1.9336442E+05
  2.2249998E+04  1.8781769E+05
  2.2350004E+04  1.8639706E+05
  2.2449990E+04  1.8394812E+05
  2.2549994E+04  1.8213498E+05
  2.2650000E+04  1.7730642E+05
  2.2750000E+04  1.7690119E+05
  2.2850000E+04  1.7354512E+05
  2.2950004E+04  1.5602117E+05
  2.3050000E+04  1.6176823E+05
  2.3149996E+04  1.6090800E+05
  2.3250000E+04  1.4504459E+05
  2.3349996E+04  1.5020336E+05
  2.3449994E+04  1.5191891E+05
  2.3550002E+04  1.3777252E+05
  2.3649988E+04  1.4420772E+05
  2.3750000E+04  1.4450517E+05
  2.3849990E+04  1.3239453E+05
  2.3950002E+04  1.3716277E+05
  2.4050006E+04  1.3792634E+05
  2.4149992E+04  1.2849905E+05
  2.4249990E+04  1.3151594E+05
  2.4349990E+04  1.3235678E+05
  2.4450002E+04  1.2629765E+05
  2.4549990E+04  1.2506468E+05
  2.4649992E+04  1.2746827E+05
  2.4749992E+04  1.2377729E+05
  2.4850006E+04  1.2027558E+05
  2.4950000E+04  1.2144370E+05
  2.5050006E+04  1.2230710E+05
  2.5149994E+04  1.1669678E+05
  2.5249998E+04  1.1775964E+05
  2.5350004E+04  1.1727789E+05
  2.5449988E+04  1.1479360E+05
  2.5549998E+04  1.1365429E+05
  2.5649990E+04  1.1282717E+05
  2.5749990E+04  1.1232184E+05
  2.5849994E+04  1.0930080E+05
  2.5949990E+04  1.0888526E+05
  2.6049996E+04  1.0828955E+05
  2.6149998E+04  1.0703870E+05
  2.6249988E+04  1.0549218E+05
  2.6350008E+04  1.0456261E+05
  2.6449996E+04  1.0338584E+05
  2.6549994E+04  1.0242681E+05
  2.6649994E+04  1.0037589E+05
  2.6749988E+04  1.0067458E+05
  2.6849986E+04  9.9304211E+04
  2.6949986E+04  9.7956570E+04
  2.7050002E+04  9.6970953E+04
  2.7149998E+04  9.5961523E+04
  2.7249994E+04  9.4837445E+04
  2.7350006E+04  9.3671695E+04
  2.7450004E+04  9.2740484E+04
  2.7549996E+04  9.1855070E+04
  2.7649982E+04  9.0541492E+04
  2.7750004E+04  8.9410539E+04
  2.7850000E+04  8.8497625E+04
  2.7949992E+04  8.7624438E+04
  2.8049994E+04  8.6493219E+04
  2.8150002E+04  8.5285469E+04
  2.8250006E+04  8.4437250E+04
  2.8350000E+04  8.3580164E+04
  2.8450000E+04  8.2537508E+04
  2.8550002E+04  8.1535102E+04
  2.8650002E+04  8.0604320E+04
  2.8749982E+04  7.9721078E+04
  2.8849998E+04  7.8761930E+04
  2.8949986E+04  7.7836719E+04
  2.9049994E+04  7.6774945E+04
  2.9149986E+04  7.5912180E+04
  2.9249984E+04  7.4288773E+04
  2.9349980E+04  7.4072078E+04
  2.9450000E+04  7.3343922E+04
  2.9550004E+04  7.2498875E+04
  2.9649982E+04  7.1689375E+04
  2.9749992E+04  7.0884688E+04
  2.9849994E+04  6.9987727E+04
  2.9949984E+04  6.9126406E+04
  3.0049996E+04  6.8404195E+04
  3.0149994E+04  6.7644516E+04
  3.0249994E+04  6.6749266E+04
  3.0349996E+04  6.6072898E+04
  3.0449996E+04  6.5363344E+04
  3.0549996E+04  6.4568805E+04
  3.0649996E+04  6.3779215E+04
  3.0749994E+04  6.3133992E+04
  3.0849996E+04  6.2183047E+04
  3.0949994E+04  6.1695352E+04
  3.1049996E+04  6.1001605E+04
  3.1149996E+04  6.0070902E+04
  3.1249996E+04  5.9648488E+04
  3.1349996E+04  5.8935070E+04
  3.1449996E+04  5.8290453E+04
  3.1549998E+04  5.7637672E+04
  3.1649996E+04  5.6897941E+04
  3.1749998E+04  5.6401816E+04
  3.1849996E+04  5.5773383E+04
  3.1949994E+04  5.5159094E+04
  3.2099996E+04  5.4242602E+04
  3.2299992E+04  5.3038531E+04
  3.2499994E+04  5.1906246E+04
  3.2699996E+04  5.0758855E+04
  3.2899996E+04  4.9684180E+04
  3.3099996E+04  4.8597297E+04
  3.3299992E+04  4.7526094E+04
  3.3499996E+04  4.6597750E+04
  3.3699996E+04  4.5591840E+04
  3.3899996E+04  4.4603078E+04
  3.4099996E+04  4.3550074E+04
  3.4299996E+04  4.2806719E+04
  3.4499992E+04  4.1938371E+04
  3.4699996E+04  4.1080863E+04
  3.4899996E+04  4.0237113E+04
  3.5099996E+04  3.9437395E+04
  3.5299996E+04  3.8619910E+04
  3.5499996E+04  3.7857156E+04
  3.5699992E+04  3.7082426E+04
  3.5899992E+04  3.6351777E+04
  3.6099996E+04  3.5637891E+04
  3.6299992E+04  3.4934641E+04
  3.6499992E+04  3.4236133E+04
  3.6699992E+04  3.3533949E+04
  3.6899992E+04  3.2842172E+04
  3.7099996E+04  3.2196156E+04
  3.7299996E+04  3.1629775E+04
  3.7499992E+04  3.1017361E+04
  3.7699996E+04  3.0450578E+04
  3.7899996E+04  2.9867771E+04
  3.8099992E+04  2.9311072E+04
  3.8299996E+04  2.8766898E+04
  3.8499996E+04  2.8227338E+04
  3.8699996E+04  2.7599271E+04
  3.8899992E+04  2.7164342E+04
  3.9099996E+04  2.6685086E+04
  3.9299992E+04  2.6192213E+04
  3.9499992E+04  2.5637896E+04
  3.9699992E+04  2.5217689E+04
  3.9900000E+04  2.4667338E+04
  4.0099996E+04  2.4281326E+04
  4.0299992E+04  2.3894785E+04
  4.0499996E+04  2.3399828E+04
  4.0699992E+04  2.3040787E+04
  4.0899992E+04  2.2635834E+04
  4.1099996E+04  2.2228502E+04
  4.1299996E+04  2.1848746E+04
  4.1499992E+04  2.1460609E+04
  4.1699992E+04  2.1084525E+04
  4.1899996E+04  2.0643807E+04
  4.2099996E+04  2.0304871E+04
  4.2299992E+04  2.0013730E+04
  4.2499996E+04  1.9653107E+04
  4.2699992E+04  1.9332654E+04
  4.2899992E+04  1.8249475E+04
  4.3099996E+04  1.7172941E+04
  4.3299996E+04  1.7097654E+04
  4.3499992E+04  1.6165330E+04
  4.3699996E+04  1.5557855E+04
  4.3899996E+04  1.5160729E+04
  4.4099992E+04  1.4475715E+04
  4.4299992E+04  1.4122812E+04
  4.4499996E+04  1.3866973E+04
  4.4699996E+04  1.3288010E+04
  4.4899996E+04  1.3277159E+04
  4.5099992E+04  1.2827755E+04
  4.5299992E+04  1.2533721E+04
  4.5499996E+04  1.2479460E+04
  4.5699992E+04  1.2382015E+04
  4.5899996E+04  1.1963383E+04
  4.6099996E+04  1.2035655E+04
  4.6299992E+04  1.1821009E+04
  4.6499988E+04  1.1804917E+04
  4.6699992E+04  1.1794882E+04
  4.6899992E+04  1.1535216E+04
  4.7099992E+04  1.1348645E+04
  4.7299992E+04  1.1450899E+04
  4.7499996E+04  1.1113730E+04
  4.7699992E+04  1.0995562E+04
  4.7899992E+04  1.0951879E+04
  4.8099996E+04  1.0597525E+04
  4.8299992E+04  1.0716487E+04
  4.8499992E+04  1.0534272E+04
  4.8700000E+04  1.0259691E+04
  4.8899992E+04  1.0099374E+04
  4.9099988E+04  1.0054928E+04
  4.9299988E+04  9.8436191E+03
  4.9499996E+04  9.6693662E+03
  4.9699992E+04  9.6389834E+03
  4.9899988E+04  9.5089189E+03
  5.0099996E+04  9.3650059E+03
  5.0299996E+04  9.2771318E+03
  5.0499996E+04  9.0480928E+03
  5.0699996E+04  9.0149551E+03
  5.0899992E+04  8.9260742E+03
  5.1099992E+04  8.7337061E+03
  5.1299996E+04  8.7630820E+03
  5.1499988E+04  8.5599287E+03
  5.1699996E+04  8.5510498E+03
  5.1899992E+04  8.3708682E+03
  5.2099992E+04  8.3265703E+03
  5.2299996E+04  8.1642554E+03
  5.2499996E+04  8.1249961E+03
  5.2699996E+04  8.0852822E+03
  5.2899992E+04  7.8753687E+03
  5.3099988E+04  7.8100107E+03
  5.3299988E+04  7.7475303E+03
  5.3499992E+04  7.6691792E+03
  5.3699992E+04  7.6013164E+03
  5.3899992E+04  7.5170005E+03
  5.4099992E+04  7.4321768E+03
  5.4299984E+04  7.2670093E+03
  5.4499988E+04  7.2648838E+03
  5.4699996E+04  7.1726963E+03
  5.4899992E+04  7.0785342E+03
  5.5099992E+04  7.0039121E+03
  5.5299988E+04  7.0266431E+03
  5.5499988E+04  6.8194180E+03
  5.5699992E+04  6.8344038E+03
  5.5899992E+04  6.7184341E+03
  5.6099988E+04  6.6520630E+03
  5.6299996E+04  6.5433159E+03
  5.6499988E+04  6.5169023E+03
  5.6699988E+04  6.4434702E+03
  5.6899992E+04  6.3294834E+03
  5.7099996E+04  6.3085610E+03
  5.7299988E+04  6.2224897E+03
  5.7499988E+04  6.1539824E+03
  5.7699988E+04  6.0721289E+03
  5.7899996E+04  6.0338467E+03
  5.8099988E+04  5.9343447E+03
  5.8299996E+04  5.8749644E+03
  5.8499992E+04  5.8154888E+03
  5.8699988E+04  5.7244321E+03
  5.8899988E+04  5.6619492E+03
  5.9099992E+04  5.6113965E+03
  5.9299988E+04  5.5445767E+03
  5.9499996E+04  5.4754385E+03
  5.9699988E+04  5.4280332E+03
  5.9899992E+04  5.3606626E+03
  6.0099992E+04  5.3023062E+03
  6.0299992E+04  5.2367305E+03
  6.0499988E+04  5.1614067E+03
  6.0699992E+04  5.1042388E+03
  6.0899992E+04  5.0506562E+03
  6.1099988E+04  4.9836377E+03
  6.1299992E+04  4.9340269E+03
  6.1499988E+04  4.8782827E+03
  6.1699988E+04  4.8223633E+03
  6.1899996E+04  4.7703071E+03
  6.2099996E+04  4.7166729E+03
  6.2299988E+04  4.6605234E+03
  6.2499992E+04  4.5996880E+03
  6.2699988E+04  4.5416426E+03
  6.2899996E+04  4.4975703E+03
  6.3099984E+04  4.4418564E+03
  6.3299996E+04  4.4012319E+03
  6.3499984E+04  4.3432812E+03
  6.3699984E+04  4.3023101E+03
  6.3900000E+04  4.2457095E+03
  6.4199992E+04  4.1747720E+03
  6.4599984E+04  4.0787275E+03
  6.4999992E+04  3.9866833E+03
  6.5399992E+04  3.8969321E+03
  6.5799992E+04  3.8101064E+03
  6.6199984E+04  3.7235417E+03
  6.6599984E+04  3.6400486E+03
  6.6999992E+04  3.5591165E+03
  6.7399992E+04  3.4792637E+03
  6.7799992E+04  3.4017800E+03
  6.8199992E+04  3.3255449E+03
  6.8599992E+04  3.2538938E+03
  6.8999984E+04  3.1826472E+03
  6.9399984E+04  3.1134480E+03
  6.9800000E+04  3.0460840E+03
  7.0199992E+04  2.9798215E+03
  7.0599984E+04  2.9159944E+03
  7.0999977E+04  2.8538608E+03
  7.1399977E+04  2.7933015E+03
  7.1799984E+04  2.7338376E+03
  7.2199984E+04  2.6766003E+03
  7.2600000E+04  2.6204541E+03
  7.2999984E+04  2.5659424E+03
  7.3400000E+04  2.5114089E+03
  7.3799984E+04  2.4603267E+03
  7.4199992E+04  2.4072532E+03
  7.4599992E+04  2.3593035E+03
  7.5000000E+04  2.3105623E+03
  7.5399992E+04  2.2627205E+03
  7.5799992E+04  2.2205432E+03
  7.6199984E+04  2.1760110E+03
  7.6599992E+04  2.1326052E+03
  7.6999992E+04  2.0900459E+03
  7.7399992E+04  2.0489417E+03
  7.7799984E+04  2.0087572E+03
  7.8199984E+04  1.9694703E+03
  7.8599984E+04  1.9311206E+03
  7.8999984E+04  1.8935052E+03
  7.9399984E+04  1.8572051E+03
  7.9800000E+04  1.8215945E+03
  8.0199992E+04  1.7854880E+03
  8.0599984E+04  1.7525007E+03
  8.0999992E+04  1.7193292E+03
  8.1399977E+04  1.6871223E+03
  8.1799984E+04  1.6556295E+03
  8.2199984E+04  1.6247246E+03
  8.2599992E+04  1.5945596E+03
  8.2999984E+04  1.5650094E+03
  8.3400000E+04  1.5353004E+03
  8.3799992E+04  1.5069988E+03
  8.4199992E+04  1.4801207E+03
  8.4599977E+04  1.4529460E+03
  8.4999977E+04  1.4269456E+03
  8.5399984E+04  1.4015219E+03
  8.5799984E+04  1.3765608E+03
  8.6199992E+04  1.3520013E+03
  8.6599992E+04  1.3279867E+03
  8.6999984E+04  1.3043060E+03
  8.7399992E+04  1.2814950E+03
  8.7799992E+04  1.2589958E+03
  8.8199984E+04  1.2369482E+03
  8.8599977E+04  1.2154867E+03
  8.8999992E+04  1.1943595E+03
  8.9399977E+04  1.1738444E+03
  8.9799977E+04  1.1528988E+03
  9.0199984E+04  1.1339908E+03
  9.0599984E+04  1.1146827E+03
  9.0999992E+04  1.0943958E+03
  9.1400000E+04  1.0768553E+03
  9.1799969E+04  1.0584174E+03
  9.2199969E+04  1.0414537E+03
  9.2599984E+04  1.0240837E+03
  9.3000000E+04  1.0071041E+03
  9.3399984E+04  9.9042102E+02
  9.3799984E+04  9.7411340E+02
  9.4199977E+04  9.5813147E+02
  9.4599984E+04  9.4242639E+02
  9.4999969E+04  9.2711865E+02
  9.5399984E+04  9.1207471E+02
  9.5799984E+04  8.9741376E+02
  9.6199992E+04  8.8296423E+02
  9.6599984E+04  8.6880408E+02
  9.7000000E+04  8.5496649E+02
  9.7399977E+04  8.4096979E+02
  9.7799984E+04  8.2803900E+02
  9.8199977E+04  8.1501733E+02
  9.8599977E+04  8.0221790E+02
  9.8999992E+04  7.8967487E+02
  9.9399984E+04  7.7738416E+02
  9.9799977E+04  7.6530237E+02
  1.0019999E+05  7.5346313E+02
  1.9999991E+05  4.9417995E+01
  3.9999994E+05  3.1042809E+00
  5.9999981E+05  6.1147994E-01
  7.9999994E+05  1.9291089E-01
