  9.2499988E+02  5.8731842E-14
  9.3499982E+02  8.0291595E-14
  9.4500000E+02  1.4017619E-13
  9.5500000E+02  1.4408816E-13
  9.6499988E+02  3.3016661E-13
  9.7499982E+02  4.0351319E-13
  9.8499976E+02  6.7446786E-13
  9.9499988E+02  1.3160211E-12
  1.0049999E+03  1.7867150E-12
  1.0149997E+03  2.6083994E-12
  1.0249998E+03  4.5195432E-12
  1.0349998E+03  1.0469998E-11
  1.0449998E+03  1.5448122E-11
  1.0549999E+03  1.6568774E-11
  1.0649999E+03  4.4561275E-11
  1.0750000E+03  6.6236551E-11
  1.0849996E+03  1.3808459E-10
  1.0949999E+03  2.1017121E-10
  1.1049999E+03  2.8590708E-10
  1.1149999E+03  4.4475545E-10
  1.1249999E+03  1.1057683E-09
  1.1349996E+03  2.2248239E-09
  1.1449999E+03  3.9112251E-09
  1.1549999E+03  6.1490502E-09
  1.1650000E+03  8.4524654E-09
  1.1749995E+03  1.4801099E-08
  1.1849996E+03  1.7788404E-08
  1.1949998E+03  2.0385711E-08
  1.2049996E+03  1.6037351E-08
  1.2149998E+03  2.7173734E-09
  1.2249996E+03  2.7427308E-08
  1.2349996E+03  9.0407575E-08
  1.2449998E+03  1.4738777E-07
  1.2549996E+03  2.3010021E-07
  1.2650000E+03  2.9218603E-07
  1.2749998E+03  4.3132690E-07
  1.2849995E+03  4.4446645E-07
  1.2949998E+03  5.7636845E-07
  1.3049995E+03  7.6708233E-07
  1.3149998E+03  9.6380154E-07
  1.3249998E+03  1.1237671E-06
  1.3349996E+03  1.2703100E-06
  1.3449995E+03  1.7513796E-06
  1.3549996E+03  2.3461378E-06
  1.3649999E+03  2.5771658E-06
  1.3749999E+03  2.6304810E-06
  1.3849996E+03  3.1936077E-06
  1.3949999E+03  3.6058273E-06
  1.4050001E+03  5.1388852E-06
  1.4149998E+03  6.5251052E-06
  1.4249998E+03  7.1679715E-06
  1.4350000E+03  1.0372106E-05
  1.4419998E+03  1.5554959E-05
  1.4469999E+03  1.2340484E-05
  1.4549994E+03  1.4831052E-05
  1.4650000E+03  2.3252836E-05
  1.4749995E+03  2.8734326E-05
  1.4849996E+03  2.9271145E-05
  1.4949998E+03  4.6419405E-05
  1.5049996E+03  6.6204513E-05
  1.5119995E+03  3.3689630E-05
  1.5169994E+03  5.7581714E-05
  1.5250001E+03  8.5941683E-05
  1.5349994E+03  1.1295483E-04
  1.5449994E+03  7.6428558E-05
  1.5549998E+03  1.2475379E-04
  1.5649999E+03  1.1600745E-04
  1.5750001E+03  2.3017444E-04
  1.5850000E+03  2.4990816E-04
  1.5949996E+03  2.4013544E-04
  1.6049999E+03  2.5696866E-04
  1.6150000E+03  2.7500003E-04
  1.6249996E+03  2.6850152E-04
  1.6350000E+03  3.5976170E-04
  1.6449996E+03  4.8598967E-04
  1.6549999E+03  4.0972617E-04
  1.6649993E+03  6.4915995E-04
  1.6720000E+03  5.5639725E-04
  1.6770001E+03  8.4433495E-04
  1.6849998E+03  1.1041824E-03
  1.6950000E+03  1.6011996E-03
  1.7049995E+03  1.6485665E-03
  1.7150000E+03  1.8189650E-03
  1.7249993E+03  2.5033895E-03
  1.7349994E+03  2.8987518E-03
  1.7449993E+03  4.0827910E-03
  1.7550001E+03  4.1538142E-03
  1.7649998E+03  5.2517522E-03
  1.7749995E+03  4.8910598E-03
  1.7849995E+03  9.0206219E-03
  1.7949999E+03  7.8267967E-03
  1.8050001E+03  1.3093047E-02
  1.8150001E+03  9.6661886E-03
  1.8249994E+03  1.5617358E-02
  1.8349993E+03  1.3780559E-02
  1.8449993E+03  2.0224366E-02
  1.8549998E+03  1.6533000E-02
  1.8650002E+03  2.6879746E-02
  1.8750001E+03  2.5708659E-02
  1.8850000E+03  3.2130014E-02
  1.8950002E+03  4.0510833E-02
  1.9049996E+03  4.3412775E-02
  1.9149999E+03  6.1613187E-02
  1.9249993E+03  5.3139411E-02
  1.9350001E+03  3.7310824E-02
  1.9449993E+03  7.4431971E-02
  1.9550002E+03  1.0373394E-01
  1.9670002E+03  1.1402992E-01
  1.9759990E+03  1.3149951E-01
  1.9839996E+03  1.6575755E-01
  1.9950001E+03  1.5126017E-01
  2.0050002E+03  1.7803799E-01
  2.0149996E+03  2.0429681E-01
  2.0249994E+03  1.9529264E-01
  2.0349995E+03  2.4572293E-01
  2.0449998E+03  2.6145050E-01
  2.0550000E+03  3.0726349E-01
  2.0649993E+03  3.0043426E-01
  2.0739993E+03  2.8808457E-01
  2.0780002E+03  5.3119355E-01
  2.0849993E+03  7.2092980E-01
  2.0950005E+03  7.8152090E-01
  2.1050002E+03  7.1789706E-01
  2.1149990E+03  7.4540269E-01
  2.1250000E+03  8.5714704E-01
  2.1350002E+03  1.0966702E+00
  2.1449998E+03  8.6653876E-01
  2.1550005E+03  1.0566148E+00
  2.1649995E+03  1.0315259E+00
  2.1750002E+03  1.1388891E+00
  2.1849998E+03  1.0469750E+00
  2.1950000E+03  1.7626915E+00
  2.2050000E+03  1.4724436E+00
  2.2149998E+03  1.7812222E+00
  2.2249998E+03  1.5588692E+00
  2.2350005E+03  2.6023188E+00
  2.2449990E+03  2.9520347E+00
  2.2549993E+03  3.6413667E+00
  2.2650000E+03  1.9780921E+00
  2.2750000E+03  3.9267943E+00
  2.2850000E+03  3.8275607E+00
  2.2950002E+03  6.3462782E+00
  2.3050000E+03  2.3386691E+00
  2.3149995E+03  7.9645610E+00
  2.3250000E+03  6.4173112E+00
  2.3349995E+03  9.8940210E+00
  2.3449993E+03  6.1139579E+00
  2.3550000E+03  5.4452820E+00
  2.3649988E+03  7.3538527E+00
  2.3750000E+03  7.1598053E+00
  2.3849990E+03  1.2147313E+01
  2.3950000E+03  1.1273700E+01
  2.4050005E+03  2.0057159E+01
  2.4149993E+03  1.2636096E+01
  2.4249990E+03  1.5936431E+01
  2.4349990E+03  2.3537155E+01
  2.4450000E+03  3.1724089E+01
  2.4549990E+03  3.6752441E+01
  2.4649990E+03  2.4435297E+01
  2.4749993E+03  4.2139999E+01
  2.4850005E+03  1.7458414E+01
  2.4950000E+03  2.0126842E+01
  2.5050005E+03  3.8436806E+01
  2.5129988E+03  2.8391155E+01
  2.5179990E+03  3.2167458E+01
  2.5249998E+03  3.8395233E+01
  2.5350007E+03  7.5437721E+01
  2.5449988E+03  9.2155945E+01
  2.5550000E+03  9.9024773E+01
  2.5649990E+03  5.8641037E+01
  2.5749990E+03  8.8538177E+01
  2.5849993E+03  6.9864128E+01
  2.5949990E+03  8.0812180E+01
  2.6049995E+03  1.0918337E+02
  2.6149998E+03  1.0201979E+02
  2.6249990E+03  1.5003450E+02
  2.6350007E+03  2.1397598E+02
  2.6449995E+03  1.7866220E+02
  2.6549998E+03  2.3005809E+02
  2.6649995E+03  2.1575272E+02
  2.6749988E+03  1.8986649E+02
  2.6849988E+03  2.5141425E+02
  2.6949988E+03  1.9333517E+02
  2.7050000E+03  2.9188599E+02
  2.7150000E+03  2.9480463E+02
  2.7249995E+03  2.6924640E+02
  2.7350007E+03  2.7813931E+02
  2.7450002E+03  3.8282141E+02
  2.7549998E+03  3.6262549E+02
  2.7649983E+03  4.6875208E+02
  2.7750005E+03  6.0228339E+02
  2.7850000E+03  4.3796613E+02
  2.7949993E+03  5.8028876E+02
  2.8049995E+03  5.8961322E+02
  2.8150002E+03  5.9089862E+02
  2.8250007E+03  6.2939667E+02
  2.8350000E+03  5.8699707E+02
  2.8450002E+03  5.0007492E+02
  2.8550005E+03  2.8714523E+02
  2.8650000E+03  7.2466797E+02
  2.8749983E+03  7.4338275E+02
  2.8850000E+03  1.0545343E+03
  2.8949988E+03  1.2018031E+03
  2.9099988E+03  1.4675876E+03
  2.9299983E+03  1.6008176E+03
  2.9499990E+03  1.6702673E+03
  2.9700005E+03  1.7246370E+03
  2.9899980E+03  2.0940503E+03
  3.0099995E+03  2.3847029E+03
  3.0299995E+03  3.0135288E+03
  3.0499995E+03  3.6612666E+03
  3.0699995E+03  3.1276975E+03
  3.0899995E+03  2.8902559E+03
  3.1099995E+03  4.0259238E+03
  3.1299998E+03  3.9727153E+03
  3.1499995E+03  5.2167427E+03
  3.1699995E+03  7.3637827E+03
  3.1899995E+03  6.4509736E+03
  3.2099998E+03  7.7813784E+03
  3.2299993E+03  8.9036699E+03
  3.2499993E+03  1.2723862E+04
  3.2699995E+03  1.5534177E+04
  3.2899995E+03  1.9997576E+04
  3.3099998E+03  1.7815914E+04
  3.3299993E+03  2.0670740E+04
  3.3499995E+03  2.0994668E+04
  3.3699995E+03  1.5915678E+04
  3.3899993E+03  2.1863250E+04
  3.4099993E+03  2.5949266E+04
  3.4299995E+03  3.0515799E+04
  3.4499993E+03  3.4424277E+04
  3.4699998E+03  3.9998297E+04
  3.4899993E+03  4.5090074E+04
  3.5099995E+03  6.0130027E+04
  3.5299995E+03  4.9721551E+04
  3.5499995E+03  6.3996055E+04
  3.5699995E+03  5.6934586E+04
  3.5899995E+03  5.9157863E+04
  3.6099995E+03  7.2446562E+04
  3.6299993E+03  7.8978188E+04
  3.6399993E+03  8.0717156E+04
  3.6499995E+03  5.8993477E+04
  3.6699993E+03  8.0770688E+04
  3.6899995E+03  5.8460160E+04
  3.7099995E+03  4.6579465E+04
  3.7299998E+03  2.3759293E+04
  3.7499993E+03  2.9964514E+04
  3.7699993E+03  6.7975727E+04
  3.7899995E+03  7.4866133E+04
  3.8099993E+03  6.7874305E+04
  3.8299998E+03  3.1132248E+04
  3.8499995E+03  5.3257316E+04
  3.8699995E+03  4.8665980E+04
  3.8899995E+03  5.3626598E+04
  3.9099995E+03  7.7280539E+04
  3.9299993E+03  3.4014750E+04
  3.9499993E+03  6.7745570E+04
  3.9699998E+03  4.7882523E+04
  3.9899995E+03  1.3564200E+05
  4.0099995E+03  1.7738677E+05
  4.0299993E+03  1.4004000E+05
  4.0499993E+03  1.5454272E+05
  4.0699993E+03  1.3562703E+05
  4.0899995E+03  2.1197417E+05
  4.1099995E+03  1.4769938E+05
  4.1299995E+03  1.6463092E+05
  4.1499990E+03  1.6094366E+05
  4.1699990E+03  1.6602441E+05
  4.1899995E+03  1.6973922E+05
  4.2099995E+03  1.2282228E+05
  4.2299995E+03  6.0713891E+04
  4.2499995E+03  1.2521616E+05
  4.2699990E+03  1.4212959E+05
  4.2899995E+03  1.4512047E+05
  4.3100000E+03  1.5883300E+05
  4.3299995E+03  2.3451253E+05
  4.3499995E+03  2.6405659E+05
  4.3699995E+03  2.7866994E+05
  4.3899995E+03  2.2830236E+05
  4.4099995E+03  2.2958750E+05
  4.4299995E+03  2.3629205E+05
  4.4499995E+03  2.6071206E+05
  4.4699995E+03  2.9669694E+05
  4.4899995E+03  3.1543762E+05
  4.5099990E+03  3.7478653E+05
  4.5299995E+03  2.9140459E+05
  4.5499990E+03  3.3239503E+05
  4.5699995E+03  3.7931438E+05
  4.5899990E+03  3.3896525E+05
  4.6099990E+03  3.6441125E+05
  4.6299990E+03  3.4784319E+05
  4.6499990E+03  3.3649431E+05
  4.6699990E+03  3.6887512E+05
  4.6899990E+03  3.5182841E+05
  4.7099995E+03  3.3521009E+05
  4.7299990E+03  3.2209288E+05
  4.7499995E+03  3.1023603E+05
  4.7699995E+03  2.3659133E+05
  4.7899990E+03  2.6791878E+05
  4.8099995E+03  3.0812969E+05
  4.8299995E+03  3.2602756E+05
  4.8499990E+03  3.5832294E+05
  4.8700000E+03  3.6337566E+05
  4.8899990E+03  3.8653116E+05
  4.9099990E+03  3.9003000E+05
  4.9299990E+03  3.7289062E+05
  4.9499995E+03  3.2829322E+05
  4.9699995E+03  2.7404425E+05
  4.9899990E+03  2.6741897E+05
  5.0099995E+03  2.3550977E+05
  5.0299995E+03  2.6245300E+05
  5.0499995E+03  2.5585791E+05
  5.0699995E+03  2.4718944E+05
  5.0899995E+03  2.4666119E+05
  5.1099990E+03  2.5842594E+05
  5.1299995E+03  2.4891361E+05
  5.1499985E+03  2.3428555E+05
  5.1700000E+03  2.0809259E+05
  5.1899990E+03  2.3737344E+05
  5.2099990E+03  2.8006447E+05
  5.2299995E+03  4.1872853E+05
  5.2499995E+03  4.6283666E+05
  5.2699995E+03  3.8047834E+05
  5.2899990E+03  5.0158206E+05
  5.3099995E+03  5.4247719E+05
  5.3299990E+03  4.6305097E+05
  5.3499995E+03  5.1008525E+05
  5.3699995E+03  5.0012638E+05
  5.3899995E+03  5.0121981E+05
  5.4099990E+03  5.0242494E+05
  5.4299990E+03  4.9570247E+05
  5.4499990E+03  4.1812591E+05
  5.4699995E+03  4.4631203E+05
  5.4899995E+03  4.6968984E+05
  5.5099995E+03  4.5135850E+05
  5.5299985E+03  5.2165784E+05
  5.5499990E+03  5.3878250E+05
  5.5699990E+03  5.4932175E+05
  5.5899995E+03  5.2306997E+05
  5.6099990E+03  4.8373522E+05
  5.6299995E+03  5.2985500E+05
  5.6499990E+03  5.7991356E+05
  5.6699990E+03  5.6987675E+05
  5.6899995E+03  6.1073488E+05
  5.7099995E+03  5.9207825E+05
  5.7299990E+03  6.5981569E+05
  5.7499990E+03  6.5350169E+05
  5.7699990E+03  6.2540856E+05
  5.7899995E+03  6.2451156E+05
  5.8099985E+03  6.2509662E+05
  5.8300000E+03  6.5538594E+05
  5.8499990E+03  6.3626044E+05
  5.8699985E+03  6.1236131E+05
  5.8899985E+03  5.4424825E+05
  5.9099995E+03  6.0483344E+05
  5.9299985E+03  6.0890281E+05
  5.9499995E+03  6.1044531E+05
  5.9699990E+03  6.3310494E+05
  5.9899990E+03  6.4018206E+05
  6.0099990E+03  6.4625406E+05
  6.0299995E+03  6.7973975E+05
  6.0499990E+03  6.9845256E+05
  6.0699990E+03  7.0702706E+05
  6.0899995E+03  6.9816506E+05
  6.1099985E+03  6.9865794E+05
  6.1299995E+03  6.6130225E+05
  6.1499985E+03  6.8594381E+05
  6.1699985E+03  5.4584844E+05
  6.1900000E+03  6.0013031E+05
  6.2099995E+03  5.6337881E+05
  6.2299985E+03  5.3188112E+05
  6.2499990E+03  5.3913950E+05
  6.2699985E+03  5.7056831E+05
  6.2900000E+03  6.1143256E+05
  6.3099985E+03  6.2397938E+05
  6.3299995E+03  6.3069500E+05
  6.3499985E+03  6.3794956E+05
  6.3699985E+03  6.4514681E+05
  6.3899995E+03  6.5292431E+05
  6.4099990E+03  6.3209550E+05
  6.4299985E+03  6.3871219E+05
  6.4499985E+03  6.2209762E+05
  6.4699990E+03  6.1949938E+05
  6.4899990E+03  6.1067825E+05
  6.5099985E+03  6.4993881E+05
  6.5299990E+03  6.6117738E+05
  6.5499985E+03  6.4818919E+05
  6.5699985E+03  6.5093431E+05
  6.5899995E+03  6.5759850E+05
  6.6099985E+03  6.5552212E+05
  6.6299990E+03  6.5146169E+05
  6.6499985E+03  6.6233825E+05
  6.6699995E+03  6.1213650E+05
  6.6899990E+03  5.4946712E+05
  6.7099995E+03  4.9465353E+05
  6.7299990E+03  4.8463956E+05
  6.7499995E+03  4.7432194E+05
  6.7699985E+03  4.6835088E+05
  6.7899995E+03  4.5906684E+05
  6.8099995E+03  4.8117525E+05
  6.8300000E+03  5.0407497E+05
  6.8499985E+03  5.0898819E+05
  6.8699985E+03  5.2532981E+05
  6.8899985E+03  5.5509138E+05
  6.9099990E+03  5.8601488E+05
  6.9299995E+03  5.9045825E+05
  6.9499990E+03  6.2482981E+05
  6.9699985E+03  6.5729338E+05
  6.9899985E+03  6.6735456E+05
  7.0099985E+03  7.0038181E+05
  7.0299985E+03  7.1738838E+05
  7.0499990E+03  7.3727588E+05
  7.0699980E+03  6.9819200E+05
  7.0899990E+03  5.4443631E+05
  7.1099990E+03  4.3752134E+05
  7.1299995E+03  4.1436497E+05
  7.1499990E+03  4.0304491E+05
  7.1699995E+03  4.2364878E+05
  7.1899985E+03  4.2648391E+05
  7.2099985E+03  4.3355681E+05
  7.2299980E+03  4.8305953E+05
  7.2499990E+03  5.1990428E+05
  7.2699995E+03  5.6347188E+05
  7.2899990E+03  5.9388662E+05
  7.3099980E+03  6.4272812E+05
  7.3299980E+03  6.6470612E+05
  7.3499980E+03  6.9231456E+05
  7.3699985E+03  7.2812406E+05
  7.3899995E+03  7.4619394E+05
  7.4099985E+03  7.6364694E+05
  7.4299995E+03  7.8144700E+05
  7.4500000E+03  7.8275481E+05
  7.4700000E+03  8.0618212E+05
  7.4899990E+03  8.1067981E+05
  7.5099985E+03  8.2326738E+05
  7.5299995E+03  8.3524450E+05
  7.5499980E+03  8.3809550E+05
  7.5699985E+03  8.3781444E+05
  7.5899990E+03  8.3464731E+05
  7.6099980E+03  8.1192138E+05
  7.6299995E+03  7.4172869E+05
  7.6499995E+03  6.8262244E+05
  7.6699980E+03  6.3600131E+05
  7.6899990E+03  6.1384662E+05
  7.7099995E+03  6.0466425E+05
  7.7299985E+03  5.9784494E+05
  7.7499990E+03  6.0248438E+05
  7.7700000E+03  5.9093131E+05
  7.7900000E+03  6.2341750E+05
  7.8099995E+03  6.2164931E+05
  7.8299980E+03  6.0927900E+05
  7.8499980E+03  5.9013025E+05
  7.8699995E+03  6.3349550E+05
  7.8900000E+03  6.2181544E+05
  7.9099995E+03  6.2180606E+05
  7.9300000E+03  6.4119900E+05
  7.9499985E+03  6.5311738E+05
  7.9699990E+03  6.7060150E+05
  7.9900000E+03  6.9409881E+05
  8.0099980E+03  7.1917412E+05
  8.0299985E+03  7.1670606E+05
  8.0500000E+03  7.3553119E+05
  8.0699985E+03  7.5196338E+05
  8.0899990E+03  7.6039556E+05
  8.1099995E+03  7.8288325E+05
  8.1299976E+03  8.0343131E+05
  8.1499976E+03  8.1378575E+05
  8.1699980E+03  8.1951400E+05
  8.1899985E+03  7.8378306E+05
  8.2099990E+03  8.2194362E+05
  8.2300000E+03  8.3402762E+05
  8.2500000E+03  8.2461969E+05
  8.2700000E+03  8.3622481E+05
  8.2899980E+03  8.3170181E+05
  8.3099990E+03  8.1051838E+05
  8.3299980E+03  7.8795444E+05
  8.3500000E+03  7.9796231E+05
  8.3699990E+03  7.9469150E+05
  8.3899990E+03  7.5537044E+05
  8.4099971E+03  7.7500588E+05
  8.4300000E+03  6.8190012E+05
  8.4499990E+03  5.9979725E+05
  8.4699980E+03  6.2054650E+05
  8.4899980E+03  6.2457762E+05
  8.5099990E+03  6.0624712E+05
  8.5299990E+03  6.3820162E+05
  8.5499990E+03  6.3728075E+05
  8.5699990E+03  6.6970312E+05
  8.5900000E+03  6.8522338E+05
  8.6099980E+03  7.0511600E+05
  8.6299990E+03  7.2456362E+05
  8.6499990E+03  7.4226331E+05
  8.6699990E+03  7.0255706E+05
  8.6899990E+03  7.3669294E+05
  8.7099971E+03  7.7045881E+05
  8.7299990E+03  7.8052612E+05
  8.7499980E+03  7.8203050E+05
  8.7699980E+03  7.8689250E+05
  8.7899980E+03  8.0106406E+05
  8.8099990E+03  7.8782044E+05
  8.8299980E+03  7.9401612E+05
  8.8499980E+03  8.0745888E+05
  8.8699980E+03  8.0228944E+05
  8.8899990E+03  8.1474775E+05
  8.9099971E+03  8.1863975E+05
  8.9299980E+03  8.1015800E+05
  8.9499980E+03  8.0893994E+05
  8.9699990E+03  8.1324938E+05
  8.9899990E+03  8.2072894E+05
  9.0099980E+03  7.9518544E+05
  9.0299990E+03  8.1328912E+05
  9.0499990E+03  8.2680956E+05
  9.0699980E+03  8.2944144E+05
  9.0899990E+03  8.0582525E+05
  9.1099980E+03  8.1091600E+05
  9.1299980E+03  8.2268819E+05
  9.1499980E+03  8.2062569E+05
  9.1699980E+03  8.2242612E+05
  9.1899990E+03  8.2518438E+05
  9.2099990E+03  7.8931588E+05
  9.2299980E+03  7.7143875E+05
  9.2499980E+03  7.6775412E+05
  9.2699971E+03  7.5835112E+05
  9.2899990E+03  7.3898162E+05
  9.3099980E+03  7.5119662E+05
  9.3299990E+03  7.5343238E+05
  9.3499980E+03  7.4112006E+05
  9.3699990E+03  7.3414062E+05
  9.3900000E+03  7.5425988E+05
  9.4099980E+03  7.4701556E+05
  9.4299971E+03  7.5109481E+05
  9.4499990E+03  7.4606250E+05
  9.4700000E+03  7.6396044E+05
  9.4899980E+03  7.6588938E+05
  9.5100000E+03  7.6621175E+05
  9.5300000E+03  7.6810125E+05
  9.5500000E+03  7.5765869E+05
  9.5699990E+03  7.6547838E+05
  9.5899980E+03  7.8072262E+05
  9.6099980E+03  7.6903219E+05
  9.6299990E+03  7.8180625E+05
  9.6499990E+03  7.5360775E+05
  9.6699980E+03  7.5891412E+05
  9.6899980E+03  7.7953706E+05
  9.7100000E+03  7.7121425E+05
  9.7299990E+03  7.6311288E+05
  9.7499980E+03  7.6973444E+05
  9.7699961E+03  7.7672988E+05
  9.7899980E+03  7.5830806E+05
  9.8099980E+03  7.8739794E+05
  9.8299990E+03  7.7768600E+05
  9.8499980E+03  7.8948062E+05
  9.8700000E+03  7.8690275E+05
  9.8899980E+03  7.8672800E+05
  9.9099990E+03  7.8489812E+05
  9.9300000E+03  7.8315306E+05
  9.9499980E+03  7.8392762E+05
  9.9699980E+03  7.8404512E+05
  9.9899990E+03  7.8528762E+05
  1.0024998E+04  7.7685275E+05
  1.0074998E+04  7.7283544E+05
  1.0124997E+04  7.7352669E+05
  1.0174997E+04  7.6597956E+05
  1.0224998E+04  7.5969562E+05
  1.0274997E+04  7.5785106E+05
  1.0325000E+04  7.4526294E+05
  1.0374999E+04  7.4257700E+05
  1.0425000E+04  7.4583556E+05
  1.0474998E+04  7.3983138E+05
  1.0524997E+04  7.4217138E+05
  1.0574999E+04  7.3550631E+05
  1.0625000E+04  7.3731000E+05
  1.0674997E+04  7.2830394E+05
  1.0724998E+04  7.2722775E+05
  1.0774999E+04  7.2591312E+05
  1.0824997E+04  7.1668306E+05
  1.0874997E+04  7.2122538E+05
  1.0924999E+04  7.2237175E+05
  1.0974996E+04  7.1905800E+05
  1.1025000E+04  7.1651744E+05
  1.1074998E+04  7.1482331E+05
  1.1124999E+04  7.1133450E+05
  1.1174998E+04  7.0525488E+05
  1.1224999E+04  7.0577312E+05
  1.1274997E+04  6.9490444E+05
  1.1325000E+04  6.9527319E+05
  1.1375000E+04  6.8541844E+05
  1.1425000E+04  6.7726762E+05
  1.1474997E+04  6.8843075E+05
  1.1525000E+04  6.8902175E+05
  1.1574998E+04  6.8178875E+05
  1.1625000E+04  6.6994269E+05
  1.1674998E+04  6.7109900E+05
  1.1724997E+04  6.7643138E+05
  1.1775001E+04  6.6173194E+05
  1.1824999E+04  6.6210206E+05
  1.1875000E+04  6.5405356E+05
  1.1925000E+04  6.6497900E+05
  1.1975001E+04  6.4527712E+05
  1.2024998E+04  6.5740431E+05
  1.2074996E+04  6.5088619E+05
  1.2125000E+04  6.5255006E+05
  1.2175000E+04  6.5091200E+05
  1.2225001E+04  6.4801825E+05
  1.2275001E+04  6.4425000E+05
  1.2324996E+04  6.4052200E+05
  1.2374996E+04  6.3939106E+05
  1.2424998E+04  6.3388912E+05
  1.2475000E+04  6.3378038E+05
  1.2524997E+04  6.2688156E+05
  1.2574997E+04  6.2740969E+05
  1.2624999E+04  6.2415150E+05
  1.2674997E+04  6.1883850E+05
  1.2724999E+04  6.1928931E+05
  1.2774999E+04  6.1950650E+05
  1.2825000E+04  6.0181312E+05
  1.2875001E+04  6.0914762E+05
  1.2924997E+04  6.0097125E+05
  1.2975001E+04  6.0872300E+05
  1.3024998E+04  6.0328150E+05
  1.3074999E+04  6.0473638E+05
  1.3125000E+04  5.8719094E+05
  1.3174998E+04  5.9125050E+05
  1.3224998E+04  5.9710581E+05
  1.3274997E+04  5.8975181E+05
  1.3324997E+04  5.8955656E+05
  1.3374999E+04  5.9040050E+05
  1.3424999E+04  5.9021238E+05
  1.3474999E+04  5.8868294E+05
  1.3525001E+04  5.8625362E+05
  1.3574999E+04  5.8227019E+05
  1.3624997E+04  5.7569112E+05
  1.3674997E+04  5.8057469E+05
  1.3724995E+04  5.8129231E+05
  1.3774998E+04  5.7809231E+05
  1.3824998E+04  5.7821531E+05
  1.3874996E+04  5.7100294E+05
  1.3925000E+04  5.7567175E+05
  1.3974996E+04  5.7472369E+05
  1.4024997E+04  5.6816238E+05
  1.4075001E+04  5.7234781E+05
  1.4124996E+04  5.6849219E+05
  1.4175000E+04  5.7030069E+05
  1.4225000E+04  5.6585181E+05
  1.4274994E+04  5.5119094E+05
  1.4325001E+04  5.6508394E+05
  1.4374998E+04  5.6475156E+05
  1.4424999E+04  5.5709538E+05
  1.4475000E+04  5.6359194E+05
  1.4524997E+04  5.5914738E+05
  1.4569999E+04  5.5868006E+05
  1.4620000E+04  5.6156281E+05
  1.4674998E+04  5.6114012E+05
  1.4725000E+04  5.5535488E+05
  1.4775002E+04  5.5579588E+05
  1.4824998E+04  5.5822438E+05
  1.4874996E+04  5.4766750E+05
  1.4924997E+04  5.6111950E+05
  1.4974999E+04  5.5704256E+05
  1.5024999E+04  5.3151338E+05
  1.5075000E+04  5.4394088E+05
  1.5124999E+04  5.5742800E+05
  1.5175000E+04  5.5418606E+05
  1.5225002E+04  5.5763794E+05
  1.5274998E+04  5.5969319E+05
  1.5324995E+04  5.5794006E+05
  1.5374997E+04  5.6214200E+05
  1.5425001E+04  5.6347500E+05
  1.5474996E+04  5.6421344E+05
  1.5524994E+04  5.5892844E+05
  1.5575001E+04  5.6059419E+05
  1.5624998E+04  5.6338538E+05
  1.5674997E+04  5.5821775E+05
  1.5724994E+04  5.5848256E+05
  1.5774996E+04  5.4409306E+05
  1.5825001E+04  5.5771931E+05
  1.5874995E+04  5.5057944E+05
  1.5925002E+04  5.5789700E+05
  1.5975001E+04  5.6238181E+05
  1.6049998E+04  5.6363175E+05
  1.6150001E+04  5.5693319E+05
  1.6249997E+04  5.5679106E+05
  1.6350000E+04  5.5625806E+05
  1.6449996E+04  5.4777562E+05
  1.6549998E+04  5.4169844E+05
  1.6649994E+04  5.3071325E+05
  1.6749998E+04  5.1353197E+05
  1.6849998E+04  5.1062594E+05
  1.6950000E+04  5.0396291E+05
  1.7049996E+04  4.8990444E+05
  1.7150000E+04  4.8016019E+05
  1.7249992E+04  4.7111528E+05
  1.7349994E+04  4.6456125E+05
  1.7449992E+04  4.5507034E+05
  1.7550000E+04  4.4708550E+05
  1.7649998E+04  4.4038916E+05
  1.7749994E+04  4.3055056E+05
  1.7849994E+04  4.2590550E+05
  1.7949998E+04  4.1667153E+05
  1.8050002E+04  4.0699100E+05
  1.8150002E+04  4.0121494E+05
  1.8249994E+04  3.9296197E+05
  1.8349992E+04  3.8515528E+05
  1.8449992E+04  3.7440644E+05
  1.8549998E+04  3.7318309E+05
  1.8650002E+04  3.6372197E+05
  1.8750002E+04  3.5857744E+05
  1.8850000E+04  3.5267316E+05
  1.8950004E+04  3.3924606E+05
  1.9049996E+04  3.4088459E+05
  1.9149998E+04  3.3403603E+05
  1.9249992E+04  3.2920222E+05
  1.9350000E+04  3.1727584E+05
  1.9449992E+04  3.1112406E+05
  1.9550002E+04  3.0868831E+05
  1.9649992E+04  3.0701828E+05
  1.9749992E+04  2.9522469E+05
  1.9849992E+04  2.9041228E+05
  1.9950002E+04  2.8814206E+05
  2.0050002E+04  2.8891112E+05
  2.0149996E+04  2.8400025E+05
  2.0249994E+04  2.7659028E+05
  2.0349994E+04  2.7337831E+05
  2.0449996E+04  2.7032378E+05
  2.0550000E+04  2.6544219E+05
  2.0649992E+04  2.6022734E+05
  2.0749998E+04  2.5665755E+05
  2.0849992E+04  2.5203512E+05
  2.0950004E+04  2.4584062E+05
  2.1050002E+04  2.4405458E+05
  2.1149992E+04  2.3928478E+05
  2.1250000E+04  2.3627028E+05
  2.1350002E+04  2.3339262E+05
  2.1449996E+04  2.2961683E+05
  2.1550006E+04  2.2564909E+05
  2.1649994E+04  2.2268552E+05
  2.1750002E+04  2.1744892E+05
  2.1849998E+04  2.1518700E+05
  2.1950002E+04  2.1147134E+05
  2.2050000E+04  2.0257625E+05
  2.2149996E+04  2.0591905E+05
  2.2249998E+04  1.9906498E+05
  2.2350004E+04  1.9774002E+05
  2.2449990E+04  1.9506319E+05
  2.2549994E+04  1.9337394E+05
  2.2650000E+04  1.8757248E+05
  2.2750000E+04  1.8768864E+05
  2.2850000E+04  1.8361064E+05
  2.2950004E+04  1.6005530E+05
  2.3050000E+04  1.6851153E+05
  2.3149996E+04  1.6788841E+05
  2.3250000E+04  1.4701691E+05
  2.3349996E+04  1.5490195E+05
  2.3449994E+04  1.5722152E+05
  2.3550002E+04  1.3856047E+05
  2.3649988E+04  1.4803350E+05
  2.3750000E+04  1.4859269E+05
  2.3849990E+04  1.3296412E+05
  2.3950002E+04  1.4000008E+05
  2.4050006E+04  1.4168456E+05
  2.4149992E+04  1.2910626E+05
  2.4249990E+04  1.3392470E+05
  2.4349990E+04  1.3565442E+05
  2.4450002E+04  1.2779122E+05
  2.4549990E+04  1.2652110E+05
  2.4649992E+04  1.3058693E+05
  2.4749992E+04  1.2607130E+05
  2.4850006E+04  1.2126999E+05
  2.4950000E+04  1.2377974E+05
  2.5050006E+04  1.2575322E+05
  2.5149994E+04  1.1791777E+05
  2.5249998E+04  1.2029458E+05
  2.5350004E+04  1.2020910E+05
  2.5449988E+04  1.1714345E+05
  2.5549998E+04  1.1596847E+05
  2.5649990E+04  1.1555853E+05
  2.5749990E+04  1.1535588E+05
  2.5849994E+04  1.1122895E+05
  2.5949990E+04  1.1140277E+05
  2.6049996E+04  1.1114307E+05
  2.6149998E+04  1.0976576E+05
  2.6249988E+04  1.0804542E+05
  2.6350008E+04  1.0736239E+05
  2.6449996E+04  1.0616987E+05
  2.6549994E+04  1.0520594E+05
  2.6649994E+04  1.0278941E+05
  2.6749988E+04  1.0383349E+05
  2.6849986E+04  1.0231423E+05
  2.6949986E+04  1.0076274E+05
  2.7050002E+04  9.9946914E+04
  2.7149998E+04  9.8930938E+04
  2.7249994E+04  9.7851047E+04
  2.7350006E+04  9.6522297E+04
  2.7450004E+04  9.5725336E+04
  2.7549996E+04  9.4942383E+04
  2.7649982E+04  9.3443906E+04
  2.7750004E+04  9.2213797E+04
  2.7850000E+04  9.1377930E+04
  2.7949992E+04  9.0595070E+04
  2.8049994E+04  8.9380477E+04
  2.8150002E+04  8.8047656E+04
  2.8250006E+04  8.7236562E+04
  2.8350000E+04  8.6425398E+04
  2.8450000E+04  8.5292945E+04
  2.8550002E+04  8.4248164E+04
  2.8650002E+04  8.3289297E+04
  2.8749982E+04  8.2410203E+04
  2.8849998E+04  8.1387172E+04
  2.8949986E+04  8.0412406E+04
  2.9049994E+04  7.9270422E+04
  2.9149986E+04  7.8381695E+04
  2.9249984E+04  7.6543297E+04
  2.9349980E+04  7.6459945E+04
  2.9450000E+04  7.5680852E+04
  2.9550004E+04  7.4811383E+04
  2.9649982E+04  7.4003453E+04
  2.9749992E+04  7.3166211E+04
  2.9849994E+04  7.2186344E+04
  2.9949984E+04  7.1272562E+04
  3.0049996E+04  7.0515234E+04
  3.0149994E+04  6.9749859E+04
  3.0249994E+04  6.8774836E+04
  3.0349996E+04  6.8068789E+04
  3.0449996E+04  6.7354266E+04
  3.0549996E+04  6.6486172E+04
  3.0649996E+04  6.5656016E+04
  3.0749994E+04  6.5002590E+04
  3.0849996E+04  6.3936633E+04
  3.0949994E+04  6.3469082E+04
  3.1049996E+04  6.2763941E+04
  3.1149996E+04  6.1686051E+04
  3.1249996E+04  6.1334320E+04
  3.1349996E+04  6.0587172E+04
  3.1449996E+04  5.9901586E+04
  3.1549998E+04  5.9204547E+04
  3.1649996E+04  5.8402289E+04
  3.1749998E+04  5.7930332E+04
  3.1849996E+04  5.7270039E+04
  3.1949994E+04  5.6642699E+04
  3.2099996E+04  5.5668500E+04
  3.2299992E+04  5.4385441E+04
  3.2499994E+04  5.3204527E+04
  3.2699996E+04  5.1999027E+04
  3.2899996E+04  5.0881469E+04
  3.3099996E+04  4.9732031E+04
  3.3299992E+04  4.8603062E+04
  3.3499996E+04  4.7665250E+04
  3.3699996E+04  4.6600273E+04
  3.3899996E+04  4.5553758E+04
  3.4099996E+04  4.4447516E+04
  3.4299996E+04  4.3706531E+04
  3.4499992E+04  4.2811949E+04
  3.4699996E+04  4.1909992E+04
  3.4899996E+04  4.1038207E+04
  3.5099996E+04  4.0214098E+04
  3.5299996E+04  3.9348531E+04
  3.5499996E+04  3.8568617E+04
  3.5699992E+04  3.7759332E+04
  3.5899992E+04  3.6997785E+04
  3.6099996E+04  3.6273871E+04
  3.6299992E+04  3.5543613E+04
  3.6499992E+04  3.4801691E+04
  3.6699992E+04  3.4070984E+04
  3.6899992E+04  3.3337430E+04
  3.7099996E+04  3.2664195E+04
  3.7299996E+04  3.2103641E+04
  3.7499992E+04  3.1454037E+04
  3.7699996E+04  3.0893229E+04
  3.7899996E+04  3.0284787E+04
  3.8099992E+04  2.9721127E+04
  3.8299996E+04  2.9170107E+04
  3.8499996E+04  2.8611129E+04
  3.8699996E+04  2.7933824E+04
  3.8899992E+04  2.7507910E+04
  3.9099996E+04  2.7027611E+04
  3.9299992E+04  2.6519064E+04
  3.9499992E+04  2.5927645E+04
  3.9699992E+04  2.5502135E+04
  3.9900000E+04  2.4915811E+04
  4.0099996E+04  2.4539041E+04
  4.0299992E+04  2.4156906E+04
  4.0499996E+04  2.3638693E+04
  4.0699992E+04  2.3275041E+04
  4.0899992E+04  2.2863297E+04
  4.1099996E+04  2.2447287E+04
  4.1299996E+04  2.2062547E+04
  4.1499992E+04  2.1662074E+04
  4.1699992E+04  2.1276695E+04
  4.1899996E+04  2.0813975E+04
  4.2099996E+04  2.0457697E+04
  4.2299992E+04  2.0186383E+04
  4.2499996E+04  1.9807242E+04
  4.2699992E+04  1.9489895E+04
  4.2899992E+04  1.8201367E+04
  4.3099996E+04  1.6827768E+04
  4.3299996E+04  1.6803283E+04
  4.3499992E+04  1.5762567E+04
  4.3699996E+04  1.5071177E+04
  4.3899996E+04  1.4631954E+04
  4.4099992E+04  1.3926541E+04
  4.4299992E+04  1.3542114E+04
  4.4499996E+04  1.3306702E+04
  4.4699996E+04  1.2714075E+04
  4.4899996E+04  1.2697673E+04
  4.5099992E+04  1.2260991E+04
  4.5299992E+04  1.1984251E+04
  4.5499996E+04  1.1953007E+04
  4.5699992E+04  1.1845550E+04
  4.5899996E+04  1.1452324E+04
  4.6099996E+04  1.1546747E+04
  4.6299992E+04  1.1329638E+04
  4.6499988E+04  1.1313408E+04
  4.6699992E+04  1.1363369E+04
  4.6899992E+04  1.1080486E+04
  4.7099992E+04  1.0895392E+04
  4.7299992E+04  1.1046432E+04
  4.7499996E+04  1.0696965E+04
  4.7699992E+04  1.0580133E+04
  4.7899992E+04  1.0580631E+04
  4.8099996E+04  1.0199072E+04
  4.8299992E+04  1.0362991E+04
  4.8499992E+04  1.0173915E+04
  4.8700000E+04  9.9061016E+03
  4.8899992E+04  9.7286611E+03
  4.9099988E+04  9.7086367E+03
  4.9299988E+04  9.4990479E+03
  4.9499996E+04  9.3171191E+03
  4.9699992E+04  9.3235762E+03
  4.9899988E+04  9.2025410E+03
  5.0099996E+04  9.0420088E+03
  5.0299996E+04  8.9583340E+03
  5.0499996E+04  8.7406797E+03
  5.0699996E+04  8.7351699E+03
  5.0899992E+04  8.6244912E+03
  5.1099992E+04  8.4465977E+03
  5.1299996E+04  8.5091299E+03
  5.1499988E+04  8.2951611E+03
  5.1699996E+04  8.2876230E+03
  5.1899992E+04  8.1233125E+03
  5.2099992E+04  8.0971509E+03
  5.2299996E+04  7.9196460E+03
  5.2499996E+04  7.8907207E+03
  5.2699996E+04  7.8738076E+03
  5.2899992E+04  7.6571436E+03
  5.3099988E+04  7.5971670E+03
  5.3299988E+04  7.5524600E+03
  5.3499992E+04  7.4724053E+03
  5.3699992E+04  7.4192002E+03
  5.3899992E+04  7.3354561E+03
  5.4099992E+04  7.2609824E+03
  5.4299984E+04  7.0959229E+03
  5.4499988E+04  7.1060864E+03
  5.4699996E+04  7.0059917E+03
  5.4899992E+04  6.9261665E+03
  5.5099992E+04  6.8506631E+03
  5.5299988E+04  6.9093638E+03
  5.5499988E+04  6.6777881E+03
  5.5699992E+04  6.7124897E+03
  5.5899992E+04  6.5950996E+03
  5.6099988E+04  6.5422944E+03
  5.6299996E+04  6.4226787E+03
  5.6499988E+04  6.4112793E+03
  5.6699988E+04  6.3429268E+03
  5.6899992E+04  6.2251069E+03
  5.7099996E+04  6.2208599E+03
  5.7299988E+04  6.1356304E+03
  5.7499988E+04  6.0715991E+03
  5.7699988E+04  5.9872617E+03
  5.7899996E+04  5.9619253E+03
  5.8099988E+04  5.8559985E+03
  5.8299996E+04  5.8025864E+03
  5.8499992E+04  5.7454761E+03
  5.8699988E+04  5.6519434E+03
  5.8899988E+04  5.5948384E+03
  5.9099992E+04  5.5458169E+03
  5.9299988E+04  5.4830820E+03
  5.9499996E+04  5.4133994E+03
  5.9699988E+04  5.3714834E+03
  5.9899992E+04  5.3057480E+03
  6.0099992E+04  5.2485913E+03
  6.0299992E+04  5.1845107E+03
  6.0499988E+04  5.1057236E+03
  6.0699992E+04  5.0507632E+03
  6.0899992E+04  4.9995625E+03
  6.1099988E+04  4.9307588E+03
  6.1299992E+04  4.8847007E+03
  6.1499988E+04  4.8317671E+03
  6.1699988E+04  4.7781279E+03
  6.1899996E+04  4.7265542E+03
  6.2099996E+04  4.6752520E+03
  6.2299988E+04  4.6183003E+03
  6.2499992E+04  4.5560962E+03
  6.2699988E+04  4.4987109E+03
  6.2899996E+04  4.4563398E+03
  6.3099984E+04  4.4009814E+03
  6.3299996E+04  4.3641875E+03
  6.3499984E+04  4.3049751E+03
  6.3699984E+04  4.2675859E+03
  6.3900000E+04  4.2090806E+03
  6.4199992E+04  4.1400391E+03
  6.4599984E+04  4.0446035E+03
  6.4999992E+04  3.9539585E+03
  6.5399992E+04  3.8651353E+03
  6.5799992E+04  3.7794783E+03
  6.6199984E+04  3.6932822E+03
  6.6599984E+04  3.6107461E+03
  6.6999992E+04  3.5309185E+03
  6.7399992E+04  3.4512332E+03
  6.7799992E+04  3.3741609E+03
  6.8199992E+04  3.2984114E+03
  6.8599992E+04  3.2273958E+03
  6.8999984E+04  3.1564558E+03
  6.9399984E+04  3.0874790E+03
  6.9800000E+04  3.0205667E+03
  7.0199992E+04  2.9543645E+03
  7.0599984E+04  2.8911274E+03
  7.0999977E+04  2.8293481E+03
  7.1399977E+04  2.7689890E+03
  7.1799984E+04  2.7098679E+03
  7.2199984E+04  2.6529680E+03
  7.2600000E+04  2.5970818E+03
  7.2999984E+04  2.5426836E+03
  7.3400000E+04  2.4883333E+03
  7.3799984E+04  2.4376389E+03
  7.4199992E+04  2.3844670E+03
  7.4599992E+04  2.3366934E+03
  7.5000000E+04  2.2883936E+03
  7.5399992E+04  2.2407202E+03
  7.5799992E+04  2.1991025E+03
  7.6199984E+04  2.1547944E+03
  7.6599992E+04  2.1116741E+03
  7.6999992E+04  2.0692681E+03
  7.7399992E+04  2.0284407E+03
  7.7799984E+04  1.9885291E+03
  7.8199984E+04  1.9494484E+03
  7.8599984E+04  1.9113630E+03
  7.8999984E+04  1.8740073E+03
  7.9399984E+04  1.8379633E+03
  7.9800000E+04  1.8025448E+03
  8.0199992E+04  1.7665112E+03
  8.0599984E+04  1.7338276E+03
  8.0999992E+04  1.7008975E+03
  8.1399977E+04  1.6689280E+03
  8.1799984E+04  1.6377817E+03
  8.2199984E+04  1.6070500E+03
  8.2599992E+04  1.5771111E+03
  8.2999984E+04  1.5477832E+03
  8.3400000E+04  1.5181848E+03
  8.3799992E+04  1.4899928E+03
  8.4199992E+04  1.4634883E+03
  8.4599977E+04  1.4364706E+03
  8.4999977E+04  1.4107291E+03
  8.5399984E+04  1.3855603E+03
  8.5799984E+04  1.3607987E+03
  8.6199992E+04  1.3364867E+03
  8.6599992E+04  1.3126653E+03
  8.6999984E+04  1.2891749E+03
  8.7399992E+04  1.2666007E+03
  8.7799992E+04  1.2442369E+03
  8.8199984E+04  1.2223715E+03
  8.8599977E+04  1.2010892E+03
  8.8999992E+04  1.1801387E+03
  8.9399977E+04  1.1598448E+03
  8.9799977E+04  1.1390237E+03
  9.0199984E+04  1.1203311E+03
  9.0599984E+04  1.1012351E+03
  9.0999992E+04  1.0810206E+03
  9.1400000E+04  1.0637324E+03
  9.1799969E+04  1.0454978E+03
  9.2199969E+04  1.0287347E+03
  9.2599984E+04  1.0115184E+03
  9.3000000E+04  9.9469012E+02
  9.3399984E+04  9.7815637E+02
  9.3799984E+04  9.6203864E+02
  9.4199977E+04  9.4624408E+02
  9.4599984E+04  9.3068127E+02
  9.4999969E+04  9.1551398E+02
  9.5399984E+04  9.0060864E+02
  9.5799984E+04  8.8612531E+02
  9.6199992E+04  8.7181018E+02
  9.6599984E+04  8.5782288E+02
  9.7000000E+04  8.4411578E+02
  9.7399977E+04  8.3012854E+02
  9.7799984E+04  8.1744385E+02
  9.8199977E+04  8.0458643E+02
  9.8599977E+04  7.9191022E+02
  9.8999992E+04  7.7952716E+02
  9.9399984E+04  7.6735608E+02
  9.9799977E+04  7.5543024E+02
  1.0019999E+05  7.4370715E+02
  1.9999991E+05  4.8705032E+01
  3.9999994E+05  3.0670784E+00
  5.9999981E+05  6.0479295E-01
  7.9999994E+05  1.9081530E-01
