  9.2499988E+02  1.9519012E-14
  9.3499982E+02  2.6417538E-14
  9.4500000E+02  4.6877270E-14
  9.5500000E+02  5.0725378E-14
  9.6499988E+02  1.1547660E-13
  9.7499982E+02  1.4743568E-13
  9.8499976E+02  2.4535953E-13
  9.9499988E+02  4.7836290E-13
  1.0049999E+03  6.7232141E-13
  1.0149997E+03  9.9154279E-13
  1.0249998E+03  1.6272364E-12
  1.0349998E+03  3.9912670E-12
  1.0449998E+03  6.0306981E-12
  1.0549999E+03  6.5444486E-12
  1.0649999E+03  1.7586026E-11
  1.0750000E+03  2.6411815E-11
  1.0849996E+03  5.4025447E-11
  1.0949999E+03  8.1619614E-11
  1.1049999E+03  1.1329838E-10
  1.1149999E+03  1.7250526E-10
  1.1249999E+03  4.2869805E-10
  1.1349996E+03  8.5653834E-10
  1.1449999E+03  1.4943174E-09
  1.1549999E+03  2.3265796E-09
  1.1650000E+03  3.2159950E-09
  1.1749995E+03  5.4628888E-09
  1.1849996E+03  6.5464354E-09
  1.1949998E+03  7.4311162E-09
  1.2049996E+03  5.7964549E-09
  1.2149998E+03  9.3752961E-10
  1.2249996E+03  9.8032862E-09
  1.2349996E+03  3.2036127E-08
  1.2449998E+03  5.3096642E-08
  1.2549996E+03  8.2552305E-08
  1.2650000E+03  1.0306437E-07
  1.2749998E+03  1.5379403E-07
  1.2849995E+03  1.5450577E-07
  1.2949998E+03  2.0400570E-07
  1.3049995E+03  2.6198398E-07
  1.3149998E+03  3.3587852E-07
  1.3249998E+03  3.8722109E-07
  1.3349996E+03  4.3722594E-07
  1.3449995E+03  6.0080737E-07
  1.3549996E+03  8.0547164E-07
  1.3649999E+03  8.8336583E-07
  1.3749999E+03  9.0920071E-07
  1.3849996E+03  1.1018644E-06
  1.3949999E+03  1.2487981E-06
  1.4050001E+03  1.7971306E-06
  1.4149998E+03  2.2742568E-06
  1.4249998E+03  2.5318693E-06
  1.4350000E+03  3.6714193E-06
  1.4419998E+03  5.4918405E-06
  1.4469999E+03  4.4037170E-06
  1.4549994E+03  5.2928895E-06
  1.4650000E+03  8.3920513E-06
  1.4749995E+03  1.0361950E-05
  1.4849996E+03  1.0647051E-05
  1.4949998E+03  1.6958700E-05
  1.5049996E+03  2.4415036E-05
  1.5119995E+03  1.2291837E-05
  1.5169994E+03  2.1402835E-05
  1.5250001E+03  3.2320670E-05
  1.5349994E+03  4.2822936E-05
  1.5449994E+03  2.8926252E-05
  1.5549998E+03  4.7426129E-05
  1.5649999E+03  4.4159402E-05
  1.5750001E+03  9.0628528E-05
  1.5850000E+03  9.8072276E-05
  1.5949996E+03  9.3255359E-05
  1.6049999E+03  1.0017113E-04
  1.6150000E+03  1.0654357E-04
  1.6249996E+03  1.0376685E-04
  1.6350000E+03  1.4000098E-04
  1.6449996E+03  1.9046708E-04
  1.6549999E+03  1.5895818E-04
  1.6649993E+03  2.5587794E-04
  1.6720000E+03  2.1662677E-04
  1.6770001E+03  3.3392958E-04
  1.6849998E+03  4.3764716E-04
  1.6950000E+03  6.4307620E-04
  1.7049995E+03  6.6127966E-04
  1.7150000E+03  7.3199224E-04
  1.7249993E+03  1.0109273E-03
  1.7349994E+03  1.1740809E-03
  1.7449993E+03  1.6628094E-03
  1.7550001E+03  1.6841539E-03
  1.7649998E+03  2.1673590E-03
  1.7749995E+03  1.9805061E-03
  1.7849995E+03  3.7440101E-03
  1.7949999E+03  3.2106249E-03
  1.8050001E+03  5.5165859E-03
  1.8150001E+03  3.9779549E-03
  1.8249994E+03  6.5758722E-03
  1.8349993E+03  5.7154023E-03
  1.8449993E+03  8.5788099E-03
  1.8549998E+03  6.8887686E-03
  1.8650002E+03  1.1474555E-02
  1.8750001E+03  1.0857411E-02
  1.8850000E+03  1.3709118E-02
  1.8950002E+03  1.7343652E-02
  1.9049996E+03  1.8643441E-02
  1.9149999E+03  2.6813488E-02
  1.9249993E+03  2.2852315E-02
  1.9350001E+03  1.6085653E-02
  1.9449993E+03  3.2391082E-02
  1.9550002E+03  4.5858208E-02
  1.9670002E+03  5.0231200E-02
  1.9759990E+03  5.8348395E-02
  1.9839996E+03  7.4340612E-02
  1.9950001E+03  6.7151755E-02
  2.0050002E+03  7.9701014E-02
  2.0149996E+03  9.1499329E-02
  2.0249994E+03  8.7405331E-02
  2.0349995E+03  1.1037564E-01
  2.0449998E+03  1.1696494E-01
  2.0550000E+03  1.3862230E-01
  2.0649993E+03  1.3460614E-01
  2.0739993E+03  1.2870224E-01
  2.0780002E+03  2.5178146E-01
  2.0849993E+03  3.4538597E-01
  2.0950005E+03  3.7539166E-01
  2.1050002E+03  3.3827552E-01
  2.1149990E+03  3.4775966E-01
  2.1250000E+03  4.0447101E-01
  2.1350002E+03  5.2857369E-01
  2.1449998E+03  4.0475866E-01
  2.1550005E+03  5.0609618E-01
  2.1649995E+03  4.9039668E-01
  2.1750002E+03  5.4284579E-01
  2.1849998E+03  4.9186841E-01
  2.1950000E+03  8.7129807E-01
  2.2050000E+03  7.0988464E-01
  2.2149998E+03  8.8082075E-01
  2.2249998E+03  7.5194037E-01
  2.2350005E+03  1.3161299E+00
  2.2449990E+03  1.4845761E+00
  2.2549993E+03  1.8932885E+00
  2.2650000E+03  9.5133764E-01
  2.2750000E+03  2.0410278E+00
  2.2850000E+03  1.9248561E+00
  2.2950002E+03  3.3694086E+00
  2.3050000E+03  1.1084960E+00
  2.3149995E+03  4.3207560E+00
  2.3250000E+03  3.3290148E+00
  2.3349995E+03  5.3671894E+00
  2.3449993E+03  3.2045817E+00
  2.3550000E+03  2.7498806E+00
  2.3649988E+03  3.8421488E+00
  2.3750000E+03  3.6932442E+00
  2.3849990E+03  6.6323104E+00
  2.3950000E+03  6.0311170E+00
  2.4050005E+03  1.1319523E+01
  2.4149993E+03  6.8134923E+00
  2.4249990E+03  8.8087292E+00
  2.4349990E+03  1.3372287E+01
  2.4450000E+03  1.8503197E+01
  2.4549990E+03  2.1681295E+01
  2.4649990E+03  1.3661967E+01
  2.4749993E+03  2.4819420E+01
  2.4850005E+03  9.2334318E+00
  2.4950000E+03  1.1019926E+01
  2.5050005E+03  2.2176420E+01
  2.5129988E+03  1.5882630E+01
  2.5179990E+03  1.8147636E+01
  2.5249998E+03  2.1993147E+01
  2.5350007E+03  4.6534779E+01
  2.5449988E+03  5.7475899E+01
  2.5550000E+03  6.1432407E+01
  2.5649990E+03  3.4330860E+01
  2.5749990E+03  5.4667206E+01
  2.5849993E+03  4.1062649E+01
  2.5949990E+03  4.8778221E+01
  2.6049995E+03  6.7624069E+01
  2.6149998E+03  6.2259731E+01
  2.6249990E+03  9.5355728E+01
  2.6350007E+03  1.3941319E+02
  2.6449995E+03  1.1347726E+02
  2.6549998E+03  1.4937262E+02
  2.6649995E+03  1.3792601E+02
  2.6749988E+03  1.2054413E+02
  2.6849988E+03  1.6338190E+02
  2.6949988E+03  1.2205019E+02
  2.7050000E+03  1.9171767E+02
  2.7150000E+03  1.9315985E+02
  2.7249995E+03  1.7370883E+02
  2.7350007E+03  1.7965283E+02
  2.7450002E+03  2.5289771E+02
  2.7549998E+03  2.3674048E+02
  2.7649983E+03  3.1468271E+02
  2.7750005E+03  4.0883942E+02
  2.7850000E+03  2.9192075E+02
  2.7949993E+03  3.8901001E+02
  2.8049995E+03  3.9709598E+02
  2.8150002E+03  4.0816650E+02
  2.8250007E+03  4.3332211E+02
  2.8350000E+03  4.0350131E+02
  2.8450002E+03  3.3631714E+02
  2.8550005E+03  1.8066576E+02
  2.8650000E+03  5.0252640E+02
  2.8749983E+03  5.1521753E+02
  2.8850000E+03  7.5172565E+02
  2.8949988E+03  8.5869403E+02
  2.9099988E+03  1.0123365E+03
  2.9299983E+03  1.1069993E+03
  2.9499990E+03  1.1635549E+03
  2.9700005E+03  1.2108462E+03
  2.9899980E+03  1.4693706E+03
  3.0099995E+03  1.6640110E+03
  3.0299995E+03  2.0933313E+03
  3.0499995E+03  2.5291843E+03
  3.0699995E+03  2.2615420E+03
  3.0899995E+03  2.1645750E+03
  3.1099995E+03  2.9297397E+03
  3.1299998E+03  2.9362944E+03
  3.1499995E+03  3.8681355E+03
  3.1699995E+03  5.5114028E+03
  3.1899995E+03  4.7268877E+03
  3.2099998E+03  5.7986499E+03
  3.2299993E+03  6.6243999E+03
  3.2499993E+03  9.5437891E+03
  3.2699995E+03  1.1829875E+04
  3.2899995E+03  1.5694283E+04
  3.3099998E+03  1.3695820E+04
  3.3299993E+03  1.6010540E+04
  3.3499995E+03  1.6834070E+04
  3.3699995E+03  1.2392794E+04
  3.3899993E+03  1.6672561E+04
  3.4099993E+03  2.0313869E+04
  3.4299995E+03  2.3833496E+04
  3.4499993E+03  2.7876197E+04
  3.4699998E+03  3.3384062E+04
  3.4899993E+03  3.7490523E+04
  3.5099995E+03  5.2858406E+04
  3.5299995E+03  4.2139062E+04
  3.5499995E+03  5.4167059E+04
  3.5699995E+03  4.7697234E+04
  3.5899995E+03  5.1002395E+04
  3.6099995E+03  6.5794812E+04
  3.6299993E+03  7.2839820E+04
  3.6399993E+03  7.4436188E+04
  3.6499995E+03  5.3354859E+04
  3.6699993E+03  7.4239555E+04
  3.6899995E+03  5.1927695E+04
  3.7099995E+03  4.0910992E+04
  3.7299998E+03  2.0249988E+04
  3.7499993E+03  2.5607139E+04
  3.7699993E+03  6.0882605E+04
  3.7899995E+03  6.7590648E+04
  3.8099993E+03  5.9193102E+04
  3.8299998E+03  2.6388703E+04
  3.8499995E+03  4.5253723E+04
  3.8699995E+03  4.1084484E+04
  3.8899995E+03  4.6279711E+04
  3.9099995E+03  6.8143203E+04
  3.9299993E+03  2.8224068E+04
  3.9499993E+03  5.7696129E+04
  3.9699998E+03  3.9071871E+04
  3.9899995E+03  1.2570312E+05
  4.0099995E+03  1.7165850E+05
  4.0299993E+03  1.3446819E+05
  4.0499993E+03  1.4582634E+05
  4.0699993E+03  1.2508798E+05
  4.0899995E+03  2.0817038E+05
  4.1099995E+03  1.3776147E+05
  4.1299995E+03  1.5287189E+05
  4.1499990E+03  1.4999111E+05
  4.1699990E+03  1.4979936E+05
  4.1899995E+03  1.5660212E+05
  4.2099995E+03  1.1509382E+05
  4.2299995E+03  5.5403844E+04
  4.2499995E+03  1.1983502E+05
  4.2699990E+03  1.3060624E+05
  4.2899995E+03  1.3386192E+05
  4.3100000E+03  1.4857309E+05
  4.3299995E+03  2.2631433E+05
  4.3499995E+03  2.5477889E+05
  4.3699995E+03  2.6825381E+05
  4.3899995E+03  2.1594795E+05
  4.4099995E+03  2.1711245E+05
  4.4299995E+03  2.2828702E+05
  4.4499995E+03  2.5551834E+05
  4.4699995E+03  2.8734503E+05
  4.4899995E+03  3.0820575E+05
  4.5099990E+03  3.7195272E+05
  4.5299995E+03  2.8437328E+05
  4.5499990E+03  3.2369662E+05
  4.5699995E+03  3.7516550E+05
  4.5899990E+03  3.3009594E+05
  4.6099990E+03  3.5728503E+05
  4.6299990E+03  3.3353794E+05
  4.6499990E+03  3.2710319E+05
  4.6699990E+03  3.5816500E+05
  4.6899990E+03  3.4228853E+05
  4.7099995E+03  3.2271122E+05
  4.7299990E+03  3.0993528E+05
  4.7499995E+03  2.9916572E+05
  4.7699995E+03  2.1839453E+05
  4.7899990E+03  2.5189322E+05
  4.8099995E+03  2.8606581E+05
  4.8299995E+03  3.0899062E+05
  4.8499990E+03  3.3796675E+05
  4.8700000E+03  3.4471128E+05
  4.8899990E+03  3.7323397E+05
  4.9099990E+03  3.7570022E+05
  4.9299990E+03  3.6117241E+05
  4.9499995E+03  3.1228756E+05
  4.9699995E+03  2.5077003E+05
  4.9899990E+03  2.4847647E+05
  5.0099995E+03  2.1431672E+05
  5.0299995E+03  2.4440619E+05
  5.0499995E+03  2.4062759E+05
  5.0699995E+03  2.3247473E+05
  5.0899995E+03  2.3235273E+05
  5.1099990E+03  2.4834111E+05
  5.1299995E+03  2.3799111E+05
  5.1499985E+03  2.2451298E+05
  5.1700000E+03  1.9055892E+05
  5.1899990E+03  2.1755502E+05
  5.2099990E+03  2.6210505E+05
  5.2299995E+03  3.9604431E+05
  5.2499995E+03  4.3927250E+05
  5.2699995E+03  3.6326462E+05
  5.2899990E+03  4.8377134E+05
  5.3099995E+03  5.2459988E+05
  5.3299990E+03  4.4134253E+05
  5.3499995E+03  4.9293500E+05
  5.3699995E+03  4.8059541E+05
  5.3899995E+03  4.8036806E+05
  5.4099990E+03  4.8473916E+05
  5.4299990E+03  4.7741841E+05
  5.4499990E+03  3.8878888E+05
  5.4699995E+03  4.1271931E+05
  5.4899995E+03  4.3691641E+05
  5.5099995E+03  4.1853716E+05
  5.5299985E+03  4.9140184E+05
  5.5499990E+03  5.0870744E+05
  5.5699990E+03  5.2303238E+05
  5.5899995E+03  5.0261056E+05
  5.6099990E+03  4.4844644E+05
  5.6299995E+03  4.9236819E+05
  5.6499990E+03  5.4299850E+05
  5.6699990E+03  5.3425281E+05
  5.6899995E+03  5.8307575E+05
  5.7099995E+03  5.6076481E+05
  5.7299990E+03  6.3544444E+05
  5.7499990E+03  6.2269075E+05
  5.7699990E+03  5.9072588E+05
  5.7899995E+03  5.8987700E+05
  5.8099985E+03  5.9004175E+05
  5.8300000E+03  6.2369675E+05
  5.8499990E+03  6.0282812E+05
  5.8699985E+03  5.7395206E+05
  5.8899985E+03  5.1017162E+05
  5.9099995E+03  5.6218575E+05
  5.9299985E+03  5.6703512E+05
  5.9499995E+03  5.6789031E+05
  5.9699990E+03  5.9280062E+05
  5.9899990E+03  5.9887594E+05
  6.0099990E+03  6.0541012E+05
  6.0299995E+03  6.4423275E+05
  6.0499990E+03  6.6631919E+05
  6.0699990E+03  6.7701719E+05
  6.0899995E+03  6.6584300E+05
  6.1099985E+03  6.6760675E+05
  6.1299995E+03  6.2947081E+05
  6.1499985E+03  6.5039456E+05
  6.1699985E+03  5.0376038E+05
  6.1900000E+03  5.4954344E+05
  6.2099995E+03  5.0980553E+05
  6.2299985E+03  4.7539966E+05
  6.2499990E+03  4.8559397E+05
  6.2699985E+03  5.1787169E+05
  6.2900000E+03  5.6122262E+05
  6.3099985E+03  5.7535500E+05
  6.3299995E+03  5.8151244E+05
  6.3499985E+03  5.8756269E+05
  6.3699985E+03  5.9522444E+05
  6.3899995E+03  6.0429194E+05
  6.4099990E+03  5.8237256E+05
  6.4299985E+03  5.9000869E+05
  6.4499985E+03  5.7650300E+05
  6.4699990E+03  5.7334019E+05
  6.4899990E+03  5.6163688E+05
  6.5099985E+03  6.0352731E+05
  6.5299990E+03  6.1082662E+05
  6.5499985E+03  5.9814544E+05
  6.5699985E+03  6.0067112E+05
  6.5899995E+03  6.0717144E+05
  6.6099985E+03  6.0376162E+05
  6.6299990E+03  5.9751031E+05
  6.6499985E+03  6.0980131E+05
  6.6699995E+03  5.5685731E+05
  6.6899990E+03  4.9167281E+05
  6.7099995E+03  4.3644172E+05
  6.7299990E+03  4.2563372E+05
  6.7499995E+03  4.1566525E+05
  6.7699985E+03  4.0957172E+05
  6.7899995E+03  4.0096850E+05
  6.8099995E+03  4.2278400E+05
  6.8300000E+03  4.4530647E+05
  6.8499985E+03  4.4925369E+05
  6.8699985E+03  4.6647741E+05
  6.8899985E+03  4.9657222E+05
  6.9099990E+03  5.2874912E+05
  6.9299995E+03  5.3284006E+05
  6.9499990E+03  5.6984369E+05
  6.9699985E+03  6.0338225E+05
  6.9899985E+03  6.1466138E+05
  7.0099985E+03  6.4945325E+05
  7.0299985E+03  6.6779350E+05
  7.0499990E+03  6.8948544E+05
  7.0699980E+03  6.5050588E+05
  7.0899990E+03  4.9363119E+05
  7.1099990E+03  3.8750100E+05
  7.1299995E+03  3.6753725E+05
  7.1499990E+03  3.5555028E+05
  7.1699995E+03  3.7203644E+05
  7.1899985E+03  3.7338747E+05
  7.2099985E+03  3.8085603E+05
  7.2299980E+03  4.2668597E+05
  7.2499990E+03  4.6341850E+05
  7.2699995E+03  5.0594931E+05
  7.2899990E+03  5.3561588E+05
  7.3099980E+03  5.8725738E+05
  7.3299980E+03  6.1194281E+05
  7.3499980E+03  6.4123975E+05
  7.3699985E+03  6.7900450E+05
  7.3899995E+03  6.9797444E+05
  7.4099985E+03  7.1856906E+05
  7.4299995E+03  7.3743044E+05
  7.4500000E+03  7.4026394E+05
  7.4700000E+03  7.6601144E+05
  7.4899990E+03  7.7092488E+05
  7.5099985E+03  7.8546056E+05
  7.5299995E+03  7.9909994E+05
  7.5499980E+03  8.0253869E+05
  7.5699985E+03  8.0145925E+05
  7.5899990E+03  7.9815644E+05
  7.6099980E+03  7.7301988E+05
  7.6299995E+03  6.9274175E+05
  7.6499995E+03  6.2884438E+05
  7.6699980E+03  5.8443725E+05
  7.6899990E+03  5.5675956E+05
  7.7099995E+03  5.5033838E+05
  7.7299985E+03  5.3958812E+05
  7.7499990E+03  5.4521794E+05
  7.7700000E+03  5.3233056E+05
  7.7900000E+03  5.6731488E+05
  7.8099995E+03  5.6497512E+05
  7.8299980E+03  5.5164662E+05
  7.8499980E+03  5.3033962E+05
  7.8699995E+03  5.7549862E+05
  7.8900000E+03  5.6241162E+05
  7.9099995E+03  5.6198575E+05
  7.9300000E+03  5.8288419E+05
  7.9499985E+03  5.9593012E+05
  7.9699990E+03  6.1354675E+05
  7.9900000E+03  6.3939475E+05
  8.0099980E+03  6.6808975E+05
  8.0299985E+03  6.6459056E+05
  8.0500000E+03  6.8611600E+05
  8.0699985E+03  7.0354475E+05
  8.0899990E+03  7.1238875E+05
  8.1099995E+03  7.3786225E+05
  8.1299976E+03  7.6159538E+05
  8.1499976E+03  7.7328925E+05
  8.1699980E+03  7.8096525E+05
  8.1899985E+03  7.5311694E+05
  8.2099990E+03  7.8444038E+05
  8.2300000E+03  7.9904244E+05
  8.2500000E+03  7.8781131E+05
  8.2700000E+03  8.0097125E+05
  8.2899980E+03  7.9563144E+05
  8.3099990E+03  7.7031156E+05
  8.3299980E+03  7.4880912E+05
  8.3500000E+03  7.5711325E+05
  8.3699990E+03  7.5473644E+05
  8.3899990E+03  7.1624788E+05
  8.4099971E+03  7.3303306E+05
  8.4300000E+03  6.3238644E+05
  8.4499990E+03  5.4001800E+05
  8.4699980E+03  5.6435750E+05
  8.4899980E+03  5.6682375E+05
  8.5099990E+03  5.5079325E+05
  8.5299990E+03  5.8186831E+05
  8.5499990E+03  5.8404519E+05
  8.5699990E+03  6.1548462E+05
  8.5900000E+03  6.3299306E+05
  8.6099980E+03  6.5566894E+05
  8.6299990E+03  6.7721706E+05
  8.6499990E+03  6.9684738E+05
  8.6699990E+03  6.5920488E+05
  8.6899990E+03  6.9573500E+05
  8.7099971E+03  7.2958950E+05
  8.7299990E+03  7.4192000E+05
  8.7499980E+03  7.4468306E+05
  8.7699980E+03  7.5084194E+05
  8.7899980E+03  7.6610375E+05
  8.8099990E+03  7.5379531E+05
  8.8299980E+03  7.6149781E+05
  8.8499980E+03  7.7614569E+05
  8.8699980E+03  7.6891456E+05
  8.8899990E+03  7.8300050E+05
  8.9099971E+03  7.8860088E+05
  8.9299980E+03  7.7798612E+05
  8.9499980E+03  7.7822838E+05
  8.9699990E+03  7.8281512E+05
  8.9899990E+03  7.9140888E+05
  9.0099980E+03  7.6585612E+05
  9.0299990E+03  7.8418206E+05
  9.0499990E+03  7.9971694E+05
  9.0699980E+03  8.0306344E+05
  9.0899990E+03  7.7801300E+05
  9.1099980E+03  7.8363419E+05
  9.1299980E+03  7.9719806E+05
  9.1499980E+03  7.9340194E+05
  9.1699980E+03  7.9576906E+05
  9.1899990E+03  8.0002606E+05
  9.2099990E+03  7.5693844E+05
  9.2299980E+03  7.3584069E+05
  9.2499980E+03  7.3213369E+05
  9.2699971E+03  7.2156912E+05
  9.2899990E+03  7.0034975E+05
  9.3099980E+03  7.1386062E+05
  9.3299990E+03  7.1673238E+05
  9.3499980E+03  7.0306856E+05
  9.3699990E+03  6.9616550E+05
  9.3900000E+03  7.1888188E+05
  9.4099980E+03  7.1034125E+05
  9.4299971E+03  7.1597400E+05
  9.4499990E+03  7.1117456E+05
  9.4700000E+03  7.3182419E+05
  9.4899980E+03  7.3439044E+05
  9.5100000E+03  7.3472019E+05
  9.5300000E+03  7.3815206E+05
  9.5500000E+03  7.2775225E+05
  9.5699990E+03  7.3590238E+05
  9.5899980E+03  7.5376862E+05
  9.6099980E+03  7.4259819E+05
  9.6299990E+03  7.5556312E+05
  9.6499990E+03  7.2763519E+05
  9.6699980E+03  7.3292806E+05
  9.6899980E+03  7.5578456E+05
  9.7100000E+03  7.4704006E+05
  9.7299990E+03  7.3975425E+05
  9.7499980E+03  7.4579788E+05
  9.7699961E+03  7.5332525E+05
  9.7899980E+03  7.3586394E+05
  9.8099980E+03  7.6539750E+05
  9.8299990E+03  7.5499525E+05
  9.8499980E+03  7.6874569E+05
  9.8700000E+03  7.6590375E+05
  9.8899980E+03  7.6627600E+05
  9.9099990E+03  7.6406831E+05
  9.9300000E+03  7.6267444E+05
  9.9499980E+03  7.6364544E+05
  9.9699980E+03  7.6494331E+05
  9.9899990E+03  7.6622450E+05
  1.0024998E+04  7.5736012E+05
  1.0074998E+04  7.5286781E+05
  1.0124997E+04  7.5471131E+05
  1.0174997E+04  7.4632969E+05
  1.0224998E+04  7.4038162E+05
  1.0274997E+04  7.3886731E+05
  1.0325000E+04  7.2635669E+05
  1.0374999E+04  7.2318756E+05
  1.0425000E+04  7.2725556E+05
  1.0474998E+04  7.2235531E+05
  1.0524997E+04  7.2513300E+05
  1.0574999E+04  7.1852762E+05
  1.0625000E+04  7.2115831E+05
  1.0674997E+04  7.1197250E+05
  1.0724998E+04  7.1196531E+05
  1.0774999E+04  7.1037006E+05
  1.0824997E+04  7.0105825E+05
  1.0874997E+04  7.0650838E+05
  1.0924999E+04  7.0952531E+05
  1.0974996E+04  7.0592162E+05
  1.1025000E+04  7.0449181E+05
  1.1074998E+04  7.0324388E+05
  1.1124999E+04  7.0028500E+05
  1.1174998E+04  6.9403262E+05
  1.1224999E+04  6.9542788E+05
  1.1274997E+04  6.8479906E+05
  1.1325000E+04  6.8516869E+05
  1.1375000E+04  6.7645062E+05
  1.1425000E+04  6.6909975E+05
  1.1474997E+04  6.7999056E+05
  1.1525000E+04  6.8130712E+05
  1.1574998E+04  6.7397188E+05
  1.1625000E+04  6.6258319E+05
  1.1674998E+04  6.6432750E+05
  1.1724997E+04  6.7037512E+05
  1.1775001E+04  6.5613462E+05
  1.1824999E+04  6.5574375E+05
  1.1875000E+04  6.4838981E+05
  1.1925000E+04  6.6042231E+05
  1.1975001E+04  6.3936612E+05
  1.2024998E+04  6.5339206E+05
  1.2074996E+04  6.4680375E+05
  1.2125000E+04  6.4955188E+05
  1.2175000E+04  6.4892956E+05
  1.2225001E+04  6.4648056E+05
  1.2275001E+04  6.4272488E+05
  1.2324996E+04  6.3923231E+05
  1.2374996E+04  6.3904662E+05
  1.2424998E+04  6.3357188E+05
  1.2475000E+04  6.3411931E+05
  1.2524997E+04  6.2748188E+05
  1.2574997E+04  6.2845794E+05
  1.2624999E+04  6.2573506E+05
  1.2674997E+04  6.2038625E+05
  1.2724999E+04  6.2168569E+05
  1.2774999E+04  6.2319994E+05
  1.2825000E+04  6.0387456E+05
  1.2875001E+04  6.1296575E+05
  1.2924997E+04  6.0363225E+05
  1.2975001E+04  6.1391469E+05
  1.3024998E+04  6.0792262E+05
  1.3074999E+04  6.1110506E+05
  1.3125000E+04  5.9265825E+05
  1.3174998E+04  5.9769644E+05
  1.3224998E+04  6.0440788E+05
  1.3274997E+04  5.9648581E+05
  1.3324997E+04  5.9838312E+05
  1.3374999E+04  5.9869794E+05
  1.3424999E+04  6.0022488E+05
  1.3474999E+04  5.9903612E+05
  1.3525001E+04  5.9723062E+05
  1.3574999E+04  5.9273719E+05
  1.3624997E+04  5.8685269E+05
  1.3674997E+04  5.9300444E+05
  1.3724995E+04  5.9517162E+05
  1.3774998E+04  5.9199012E+05
  1.3824998E+04  5.9329406E+05
  1.3874996E+04  5.8609056E+05
  1.3925000E+04  5.9216669E+05
  1.3974996E+04  5.9208462E+05
  1.4024997E+04  5.8451869E+05
  1.4075001E+04  5.9104131E+05
  1.4124996E+04  5.8658138E+05
  1.4175000E+04  5.9056881E+05
  1.4225000E+04  5.8499100E+05
  1.4274994E+04  5.6858781E+05
  1.4325001E+04  5.8661888E+05
  1.4374998E+04  5.8730369E+05
  1.4424999E+04  5.7717400E+05
  1.4475000E+04  5.8741581E+05
  1.4524997E+04  5.8193250E+05
  1.4569999E+04  5.8277994E+05
  1.4620000E+04  5.8736638E+05
  1.4674998E+04  5.8766031E+05
  1.4725000E+04  5.8030531E+05
  1.4775002E+04  5.8276944E+05
  1.4824998E+04  5.8594194E+05
  1.4874996E+04  5.7324100E+05
  1.4924997E+04  5.9220450E+05
  1.4974999E+04  5.8687875E+05
  1.5024999E+04  5.5616162E+05
  1.5075000E+04  5.7160875E+05
  1.5124999E+04  5.8995250E+05
  1.5175000E+04  5.8764169E+05
  1.5225002E+04  5.9124800E+05
  1.5274998E+04  5.9537638E+05
  1.5324995E+04  5.9356725E+05
  1.5374997E+04  5.9948212E+05
  1.5425001E+04  6.0176094E+05
  1.5474996E+04  6.0303906E+05
  1.5524994E+04  5.9626950E+05
  1.5575001E+04  5.9820838E+05
  1.5624998E+04  6.0387631E+05
  1.5674997E+04  5.9564488E+05
  1.5724994E+04  5.9882581E+05
  1.5774996E+04  5.7806481E+05
  1.5825001E+04  5.9668169E+05
  1.5874995E+04  5.8564931E+05
  1.5925002E+04  5.9620825E+05
  1.5975001E+04  6.0390794E+05
  1.6049998E+04  6.0580906E+05
  1.6150001E+04  5.9944194E+05
  1.6249997E+04  5.9986262E+05
  1.6350000E+04  5.9973444E+05
  1.6449996E+04  5.9000106E+05
  1.6549998E+04  5.8444681E+05
  1.6649994E+04  5.7255550E+05
  1.6749998E+04  5.5358700E+05
  1.6849998E+04  5.4934450E+05
  1.6950000E+04  5.4406169E+05
  1.7049996E+04  5.2668319E+05
  1.7150000E+04  5.1681869E+05
  1.7249992E+04  5.0579278E+05
  1.7349994E+04  4.9850222E+05
  1.7449992E+04  4.8866056E+05
  1.7550000E+04  4.7989034E+05
  1.7649998E+04  4.7282334E+05
  1.7749994E+04  4.6146053E+05
  1.7849994E+04  4.5720316E+05
  1.7949998E+04  4.4660416E+05
  1.8050002E+04  4.3559847E+05
  1.8150002E+04  4.2941650E+05
  1.8249994E+04  4.2015409E+05
  1.8349992E+04  4.1145884E+05
  1.8449992E+04  3.9941850E+05
  1.8549998E+04  3.9851741E+05
  1.8650002E+04  3.8709569E+05
  1.8750002E+04  3.8130600E+05
  1.8850000E+04  3.7589275E+05
  1.8950004E+04  3.5916838E+05
  1.9049996E+04  3.6334934E+05
  1.9149998E+04  3.5560931E+05
  1.9249992E+04  3.5040962E+05
  1.9350000E+04  3.3712762E+05
  1.9449992E+04  3.3003528E+05
  1.9550002E+04  3.2846122E+05
  1.9649992E+04  3.2583922E+05
  1.9749992E+04  3.1319872E+05
  1.9849992E+04  3.0825353E+05
  1.9950002E+04  3.0581438E+05
  2.0050002E+04  3.0686672E+05
  2.0149996E+04  3.0157397E+05
  2.0249994E+04  2.9265872E+05
  2.0349994E+04  2.8918003E+05
  2.0449996E+04  2.8680912E+05
  2.0550000E+04  2.8127688E+05
  2.0649992E+04  2.7520222E+05
  2.0749998E+04  2.7168969E+05
  2.0849992E+04  2.6649012E+05
  2.0950004E+04  2.5943694E+05
  2.1050002E+04  2.5815117E+05
  2.1149992E+04  2.5276833E+05
  2.1250000E+04  2.4941028E+05
  2.1350002E+04  2.4666608E+05
  2.1449996E+04  2.4252933E+05
  2.1550006E+04  2.3815809E+05
  2.1649994E+04  2.3481400E+05
  2.1750002E+04  2.2894055E+05
  2.1849998E+04  2.2663680E+05
  2.1950002E+04  2.2285614E+05
  2.2050000E+04  2.1300570E+05
  2.2149996E+04  2.1698403E+05
  2.2249998E+04  2.0909470E+05
  2.2350004E+04  2.0774808E+05
  2.2449990E+04  2.0488509E+05
  2.2549994E+04  2.0329417E+05
  2.2650000E+04  1.9665628E+05
  2.2750000E+04  1.9725323E+05
  2.2850000E+04  1.9250003E+05
  2.2950004E+04  1.6285912E+05
  2.3050000E+04  1.7380123E+05
  2.3149996E+04  1.7342775E+05
  2.3250000E+04  1.4760233E+05
  2.3349996E+04  1.5829462E+05
  2.3449994E+04  1.6083880E+05
  2.3550002E+04  1.3788120E+05
  2.3649988E+04  1.5040441E+05
  2.3750000E+04  1.5091027E+05
  2.3849990E+04  1.3220909E+05
  2.3950002E+04  1.4144500E+05
  2.4050006E+04  1.4391211E+05
  2.4149992E+04  1.2836987E+05
  2.4249990E+04  1.3501378E+05
  2.4349990E+04  1.3743350E+05
  2.4450002E+04  1.2801809E+05
  2.4549990E+04  1.2669612E+05
  2.4649992E+04  1.3231056E+05
  2.4749992E+04  1.2720293E+05
  2.4850006E+04  1.2097105E+05
  2.4950000E+04  1.2489330E+05
  2.5050006E+04  1.2810066E+05
  2.5149994E+04  1.1785820E+05
  2.5249998E+04  1.2170092E+05
  2.5350004E+04  1.2208509E+05
  2.5449988E+04  1.1844633E+05
  2.5549998E+04  1.1713999E+05
  2.5649990E+04  1.1731643E+05
  2.5749990E+04  1.1743538E+05
  2.5849994E+04  1.1205771E+05
  2.5949990E+04  1.1294125E+05
  2.6049996E+04  1.1313054E+05
  2.6149998E+04  1.1152320E+05
  2.6249988E+04  1.0968562E+05
  2.6350008E+04  1.0934284E+05
  2.6449996E+04  1.0818922E+05
  2.6549994E+04  1.0715132E+05
  2.6649994E+04  1.0444970E+05
  2.6749988E+04  1.0628691E+05
  2.6849986E+04  1.0460832E+05
  2.6949986E+04  1.0279605E+05
  2.7050002E+04  1.0228442E+05
  2.7149998E+04  1.0125127E+05
  2.7249994E+04  1.0027615E+05
  2.7350006E+04  9.8708078E+04
  2.7450004E+04  9.8130219E+04
  2.7549996E+04  9.7508523E+04
  2.7649982E+04  9.5814141E+04
  2.7750004E+04  9.4478898E+04
  2.7850000E+04  9.3782234E+04
  2.7949992E+04  9.3151000E+04
  2.8049994E+04  9.1870312E+04
  2.8150002E+04  9.0420000E+04
  2.8250006E+04  8.9658227E+04
  2.8350000E+04  8.8942508E+04
  2.8450000E+04  8.7717914E+04
  2.8550002E+04  8.6646930E+04
  2.8650002E+04  8.5680531E+04
  2.8749982E+04  8.4821297E+04
  2.8849998E+04  8.3749891E+04
  2.8949986E+04  8.2763312E+04
  2.9049994E+04  8.1533758E+04
  2.9149986E+04  8.0642836E+04
  2.9249984E+04  7.8599648E+04
  2.9349980E+04  7.8668508E+04
  2.9450000E+04  7.7822305E+04
  2.9550004E+04  7.6934055E+04
  2.9649982E+04  7.6141828E+04
  2.9749992E+04  7.5281734E+04
  2.9849994E+04  7.4224281E+04
  2.9949984E+04  7.3271719E+04
  3.0049996E+04  7.2484414E+04
  3.0149994E+04  7.1726719E+04
  3.0249994E+04  7.0660430E+04
  3.0349996E+04  6.9921523E+04
  3.0449996E+04  6.9239555E+04
  3.0549996E+04  6.8286484E+04
  3.0649996E+04  6.7416523E+04
  3.0749994E+04  6.6771586E+04
  3.0849996E+04  6.5587297E+04
  3.0949994E+04  6.5132695E+04
  3.1049996E+04  6.4440301E+04
  3.1149996E+04  6.3208004E+04
  3.1249996E+04  6.2935281E+04
  3.1349996E+04  6.2158773E+04
  3.1449996E+04  6.1432746E+04
  3.1549998E+04  6.0676805E+04
  3.1649996E+04  5.9831410E+04
  3.1749998E+04  5.9384098E+04
  3.1849996E+04  5.8699836E+04
  3.1949994E+04  5.8052492E+04
  3.2099996E+04  5.7021281E+04
  3.2299992E+04  5.5670965E+04
  3.2499994E+04  5.4452875E+04
  3.2699996E+04  5.3182820E+04
  3.2899996E+04  5.2026555E+04
  3.3099996E+04  5.0811738E+04
  3.3299992E+04  4.9625676E+04
  3.3499996E+04  4.8689121E+04
  3.3699996E+04  4.7575539E+04
  3.3899996E+04  4.6458535E+04
  3.4099996E+04  4.5319035E+04
  3.4299996E+04  4.4571125E+04
  3.4499992E+04  4.3653887E+04
  3.4699996E+04  4.2714086E+04
  3.4899996E+04  4.1814555E+04
  3.5099996E+04  4.0966336E+04
  3.5299996E+04  4.0052965E+04
  3.5499996E+04  3.9262148E+04
  3.5699992E+04  3.8418512E+04
  3.5899992E+04  3.7626254E+04
  3.6099996E+04  3.6889609E+04
  3.6299992E+04  3.6135438E+04
  3.6499992E+04  3.5353105E+04
  3.6699992E+04  3.4591238E+04
  3.6899992E+04  3.3807789E+04
  3.7099996E+04  3.3107602E+04
  3.7299996E+04  3.2569383E+04
  3.7499992E+04  3.1863922E+04
  3.7699996E+04  3.1317334E+04
  3.7899996E+04  3.0691311E+04
  3.8099992E+04  3.0118203E+04
  3.8299996E+04  2.9563053E+04
  3.8499996E+04  2.8992369E+04
  3.8699996E+04  2.8263344E+04
  3.8899992E+04  2.7848994E+04
  3.9099996E+04  2.7362748E+04
  3.9299992E+04  2.6841041E+04
  3.9499992E+04  2.6212564E+04
  3.9699992E+04  2.5784191E+04
  3.9900000E+04  2.5154818E+04
  4.0099996E+04  2.4792070E+04
  4.0299992E+04  2.4416711E+04
  4.0499996E+04  2.3877561E+04
  4.0699992E+04  2.3509291E+04
  4.0899992E+04  2.3090756E+04
  4.1099996E+04  2.2663621E+04
  4.1299996E+04  2.2279000E+04
  4.1499992E+04  2.1861133E+04
  4.1699992E+04  2.1466916E+04
  4.1899996E+04  2.0985217E+04
  4.2099996E+04  2.0608611E+04
  4.2299992E+04  2.0361980E+04
  4.2499996E+04  1.9961170E+04
  4.2699992E+04  1.9648168E+04
  4.2899992E+04  1.8137299E+04
  4.3099996E+04  1.6393156E+04
  4.3299996E+04  1.6421504E+04
  4.3499992E+04  1.5289124E+04
  4.3699996E+04  1.4523347E+04
  4.3899996E+04  1.4055677E+04
  4.4099992E+04  1.3354509E+04
  4.4299992E+04  1.2956422E+04
  4.4499996E+04  1.2738059E+04
  4.4699996E+04  1.2158238E+04
  4.4899996E+04  1.2128839E+04
  4.5099992E+04  1.1716269E+04
  4.5299992E+04  1.1461584E+04
  4.5499996E+04  1.1441477E+04
  4.5699992E+04  1.1317740E+04
  4.5899996E+04  1.0958610E+04
  4.6099996E+04  1.1057131E+04
  4.6299992E+04  1.0838268E+04
  4.6499988E+04  1.0816673E+04
  4.6699992E+04  1.0910784E+04
  4.6899992E+04  1.0610343E+04
  4.7099992E+04  1.0436534E+04
  4.7299992E+04  1.0619399E+04
  4.7499996E+04  1.0263837E+04
  4.7699992E+04  1.0149801E+04
  4.7899992E+04  1.0195920E+04
  4.8099996E+04  9.7898721E+03
  4.8299992E+04  9.9847871E+03
  4.8499992E+04  9.7928984E+03
  4.8700000E+04  9.5402793E+03
  4.8899992E+04  9.3477070E+03
  4.9099988E+04  9.3426562E+03
  4.9299988E+04  9.1414561E+03
  4.9499996E+04  8.9525703E+03
  4.9699992E+04  8.9886465E+03
  4.9899988E+04  8.8811846E+03
  5.0099996E+04  8.7043008E+03
  5.0299996E+04  8.6201787E+03
  5.0499996E+04  8.4196758E+03
  5.0699996E+04  8.4405830E+03
  5.0899992E+04  8.3044404E+03
  5.1099992E+04  8.1469385E+03
  5.1299996E+04  8.2342764E+03
  5.1499988E+04  8.0141997E+03
  5.1699996E+04  8.0046030E+03
  5.1899992E+04  7.8595332E+03
  5.2099992E+04  7.8496880E+03
  5.2299996E+04  7.6560293E+03
  5.2499996E+04  7.6364902E+03
  5.2699996E+04  7.6415791E+03
  5.2899992E+04  7.4268018E+03
  5.3099988E+04  7.3656172E+03
  5.3299988E+04  7.3384253E+03
  5.3499992E+04  7.2568096E+03
  5.3699992E+04  7.2180103E+03
  5.3899992E+04  7.1340708E+03
  5.4099992E+04  7.0715093E+03
  5.4299984E+04  6.9074595E+03
  5.4499988E+04  6.9295317E+03
  5.4699996E+04  6.8173789E+03
  5.4899992E+04  6.7556753E+03
  5.5099992E+04  6.6792969E+03
  5.5299988E+04  6.7764390E+03
  5.5499988E+04  6.5192788E+03
  5.5699992E+04  6.5717524E+03
  5.5899992E+04  6.4545239E+03
  5.6099988E+04  6.4195977E+03
  5.6299996E+04  6.2867090E+03
  5.6499988E+04  6.2910225E+03
  5.6699988E+04  6.2301963E+03
  5.6899992E+04  6.1073486E+03
  5.7099996E+04  6.1214888E+03
  5.7299988E+04  6.0366074E+03
  5.7499988E+04  5.9781641E+03
  5.7699988E+04  5.8920957E+03
  5.7899996E+04  5.8809023E+03
  5.8099988E+04  5.7689468E+03
  5.8299996E+04  5.7215620E+03
  5.8499992E+04  5.6668770E+03
  5.8699988E+04  5.5707080E+03
  5.8899988E+04  5.5205610E+03
  5.9099992E+04  5.4725806E+03
  5.9299988E+04  5.4158022E+03
  5.9499996E+04  5.3442305E+03
  5.9699988E+04  5.3082729E+03
  5.9899992E+04  5.2458994E+03
  6.0099992E+04  5.1877842E+03
  6.0299992E+04  5.1274219E+03
  6.0499988E+04  5.0455127E+03
  6.0699992E+04  4.9923789E+03
  6.0899992E+04  4.9430850E+03
  6.1099988E+04  4.8731372E+03
  6.1299992E+04  4.8312642E+03
  6.1499988E+04  4.7815654E+03
  6.1699988E+04  4.7316162E+03
  6.1899996E+04  4.6798506E+03
  6.2099996E+04  4.6312920E+03
  6.2299988E+04  4.5732627E+03
  6.2499992E+04  4.5090312E+03
  6.2699988E+04  4.4524253E+03
  6.2899996E+04  4.4125376E+03
  6.3099984E+04  4.3569839E+03
  6.3299996E+04  4.3251680E+03
  6.3499984E+04  4.2639595E+03
  6.3699984E+04  4.2314697E+03
  6.3900000E+04  4.1707910E+03
  6.4199992E+04  4.1028374E+03
  6.4599984E+04  4.0078616E+03
  6.4999992E+04  3.9191836E+03
  6.5399992E+04  3.8311362E+03
  6.5799992E+04  3.7478923E+03
  6.6199984E+04  3.6619915E+03
  6.6599984E+04  3.5801697E+03
  6.6999992E+04  3.5015452E+03
  6.7399992E+04  3.4219587E+03
  6.7799992E+04  3.3456409E+03
  6.8199992E+04  3.2702246E+03
  6.8599992E+04  3.2004973E+03
  6.8999984E+04  3.1298687E+03
  6.9399984E+04  3.0612761E+03
  6.9800000E+04  2.9948945E+03
  7.0199992E+04  2.9287551E+03
  7.0599984E+04  2.8660339E+03
  7.0999977E+04  2.8045366E+03
  7.1399977E+04  2.7447500E+03
  7.1799984E+04  2.6856792E+03
  7.2199984E+04  2.6291912E+03
  7.2600000E+04  2.5734946E+03
  7.2999984E+04  2.5194250E+03
  7.3400000E+04  2.4653274E+03
  7.3799984E+04  2.4148816E+03
  7.4199992E+04  2.3614075E+03
  7.4599992E+04  2.3140156E+03
  7.5000000E+04  2.2662920E+03
  7.5399992E+04  2.2187859E+03
  7.5799992E+04  2.1777271E+03
  7.6199984E+04  2.1335781E+03
  7.6599992E+04  2.0907427E+03
  7.6999992E+04  2.0484902E+03
  7.7399992E+04  2.0080029E+03
  7.7799984E+04  1.9683008E+03
  7.8199984E+04  1.9294880E+03
  7.8599984E+04  1.8916053E+03
  7.8999984E+04  1.8544495E+03
  7.9399984E+04  1.8186017E+03
  7.9800000E+04  1.7834954E+03
  8.0199992E+04  1.7474752E+03
  8.0599984E+04  1.7150963E+03
  8.0999992E+04  1.6824655E+03
  8.1399977E+04  1.6506769E+03
  8.1799984E+04  1.6198214E+03
  8.2199984E+04  1.5893196E+03
  8.2599992E+04  1.5596072E+03
  8.2999984E+04  1.5304476E+03
  8.3400000E+04  1.5010153E+03
  8.3799992E+04  1.4729329E+03
  8.4199992E+04  1.4468560E+03
  8.4599977E+04  1.4199950E+03
  8.4999977E+04  1.3944606E+03
  8.5399984E+04  1.3695471E+03
  8.5799984E+04  1.3449857E+03
  8.6199992E+04  1.3208707E+03
  8.6599992E+04  1.2972937E+03
  8.6999984E+04  1.2739941E+03
  8.7399992E+04  1.2516079E+03
  8.7799992E+04  1.2294781E+03
  8.8199984E+04  1.2077462E+03
  8.8599977E+04  1.1866917E+03
  8.8999992E+04  1.1659178E+03
  8.9399977E+04  1.1458452E+03
  8.9799977E+04  1.1251017E+03
  9.0199984E+04  1.1067177E+03
  9.0599984E+04  1.0877875E+03
  9.0999992E+04  1.0676455E+03
  9.1400000E+04  1.0506094E+03
  9.1799969E+04  1.0325782E+03
  9.2199969E+04  1.0160156E+03
  9.2599984E+04  9.9895282E+02
  9.3000000E+04  9.8231970E+02
  9.3399984E+04  9.6593475E+02
  9.3799984E+04  9.5000677E+02
  9.4199977E+04  9.3435651E+02
  9.4599984E+04  9.1893628E+02
  9.4999969E+04  9.0390930E+02
  9.5399984E+04  8.8918384E+02
  9.5799984E+04  8.7483673E+02
  9.6199992E+04  8.6069684E+02
  9.6599984E+04  8.4684167E+02
  9.7000000E+04  8.3330505E+02
  9.7399977E+04  8.1932703E+02
  9.7799984E+04  8.0688806E+02
  9.8199977E+04  7.9415558E+02
  9.8599977E+04  7.8164124E+02
  9.8999992E+04  7.6937958E+02
  9.9399984E+04  7.5732800E+02
  9.9799977E+04  7.4555804E+02
  1.0019999E+05  7.3395111E+02
  1.9999991E+05  4.8066463E+01
  3.9999994E+05  3.0367045E+00
  5.9999981E+05  5.9915239E-01
  7.9999994E+05  1.8901406E-01
