  9.2499988E+02  3.2159193E-12
  9.3499982E+02  4.7644050E-12
  9.4500000E+02  8.0841358E-12
  9.5500000E+02  7.2502590E-12
  9.6499988E+02  1.7387029E-11
  9.7499982E+02  1.7865225E-11
  9.8499976E+02  3.0114970E-11
  9.9499988E+02  5.6839602E-11
  1.0049999E+03  6.8877036E-11
  1.0149997E+03  9.8368071E-11
  1.0249998E+03  1.7389699E-10
  1.0349998E+03  3.8551651E-10
  1.0449998E+03  5.2610344E-10
  1.0549999E+03  5.4196903E-10
  1.0649999E+03  1.4203740E-09
  1.0750000E+03  2.0497535E-09
  1.0849996E+03  4.2812016E-09
  1.0949999E+03  6.4282077E-09
  1.1049999E+03  8.1469560E-09
  1.1149999E+03  1.2419640E-08
  1.1249999E+03  3.0480962E-08
  1.1349996E+03  5.9003433E-08
  1.1449999E+03  9.9575182E-08
  1.1549999E+03  1.5129474E-07
  1.1650000E+03  1.9679300E-07
  1.1749995E+03  3.3997071E-07
  1.1849996E+03  3.9636504E-07
  1.1949998E+03  4.3619028E-07
  1.2049996E+03  3.3767898E-07
  1.2149998E+03  6.1592608E-08
  1.2249996E+03  5.7332488E-07
  1.2349996E+03  1.8820791E-06
  1.2449998E+03  2.9982616E-06
  1.2549996E+03  4.5601937E-06
  1.2650000E+03  6.0840885E-06
  1.2749998E+03  8.5475122E-06
  1.2849995E+03  9.2650989E-06
  1.2949998E+03  1.1457729E-05
  1.3049995E+03  1.5897116E-05
  1.3149998E+03  1.9224179E-05
  1.3249998E+03  2.2389941E-05
  1.3349996E+03  2.4947500E-05
  1.3449995E+03  3.4463646E-05
  1.3549996E+03  4.5156070E-05
  1.3649999E+03  4.9790291E-05
  1.3749999E+03  5.1053372E-05
  1.3849996E+03  6.1444691E-05
  1.3949999E+03  6.9059744E-05
  1.4050001E+03  9.5760333E-05
  1.4149998E+03  1.2153453E-04
  1.4249998E+03  1.3256370E-04
  1.4350000E+03  1.8869352E-04
  1.4419998E+03  2.8138614E-04
  1.4469999E+03  2.1970904E-04
  1.4549994E+03  2.6958270E-04
  1.4650000E+03  4.0548094E-04
  1.4749995E+03  4.9958669E-04
  1.4849996E+03  5.0548848E-04
  1.4949998E+03  7.8172510E-04
  1.5049996E+03  1.0863602E-03
  1.5119995E+03  5.8434467E-04
  1.5169994E+03  9.3271123E-04
  1.5250001E+03  1.4621412E-03
  1.5349994E+03  1.9656692E-03
  1.5449994E+03  1.3380127E-03
  1.5549998E+03  2.1941597E-03
  1.5649999E+03  2.0296187E-03
  1.5750001E+03  3.9018483E-03
  1.5850000E+03  4.1715843E-03
  1.5949996E+03  4.0764972E-03
  1.6049999E+03  4.3401397E-03
  1.6150000E+03  4.5940704E-03
  1.6249996E+03  4.4576675E-03
  1.6350000E+03  5.9101097E-03
  1.6449996E+03  7.8493711E-03
  1.6549999E+03  6.6475794E-03
  1.6649993E+03  1.0237427E-02
  1.6720000E+03  8.7662749E-03
  1.6770001E+03  1.3062343E-02
  1.6849998E+03  1.7209725E-02
  1.6950000E+03  2.3988491E-02
  1.7049995E+03  2.4668233E-02
  1.7150000E+03  2.6897009E-02
  1.7249993E+03  3.6594331E-02
  1.7349994E+03  4.1954435E-02
  1.7449993E+03  5.7828397E-02
  1.7550001E+03  5.9492741E-02
  1.7649998E+03  7.3431648E-02
  1.7749995E+03  6.8932086E-02
  1.7849995E+03  1.2254198E-01
  1.7949999E+03  1.0730845E-01
  1.8050001E+03  1.7194524E-01
  1.8150001E+03  1.3183609E-01
  1.8249994E+03  2.0185947E-01
  1.8349993E+03  1.8287182E-01
  1.8449993E+03  2.5235635E-01
  1.8549998E+03  2.1355718E-01
  1.8650002E+03  3.3464023E-01
  1.8750001E+03  3.2042864E-01
  1.8850000E+03  3.9516824E-01
  1.8950002E+03  4.9385133E-01
  1.9049996E+03  5.2212840E-01
  1.9149999E+03  7.2401863E-01
  1.9249993E+03  6.3394380E-01
  1.9350001E+03  4.6093687E-01
  1.9449993E+03  8.6248744E-01
  1.9550002E+03  1.1708018E+00
  1.9670002E+03  1.2846988E+00
  1.9759990E+03  1.4603019E+00
  1.9839996E+03  1.8042967E+00
  1.9950001E+03  1.6586560E+00
  2.0050002E+03  1.9146723E+00
  2.0149996E+03  2.1908696E+00
  2.0249994E+03  2.0671234E+00
  2.0349995E+03  2.5843167E+00
  2.0449998E+03  2.7586391E+00
  2.0550000E+03  3.2019887E+00
  2.0649993E+03  3.1259966E+00
  2.0739993E+03  3.0317497E+00
  2.0780002E+03  4.9567595E+00
  2.0849993E+03  6.3323789E+00
  2.0950005E+03  6.8765154E+00
  2.1050002E+03  6.4583273E+00
  2.1149990E+03  6.6952081E+00
  2.1250000E+03  7.5271926E+00
  2.1350002E+03  9.3294239E+00
  2.1449998E+03  7.7037039E+00
  2.1550005E+03  8.9769659E+00
  2.1649995E+03  8.8926306E+00
  2.1750002E+03  9.6448412E+00
  2.1849998E+03  9.0864620E+00
  2.1950000E+03  1.4088709E+01
  2.2050000E+03  1.2195332E+01
  2.2149998E+03  1.4235497E+01
  2.2249998E+03  1.2993749E+01
  2.2350005E+03  2.0207661E+01
  2.2449990E+03  2.2764597E+01
  2.2549993E+03  2.6685328E+01
  2.2650000E+03  1.5930776E+01
  2.2750000E+03  2.8192242E+01
  2.2850000E+03  2.8816923E+01
  2.2950002E+03  4.3782925E+01
  2.3050000E+03  1.9262714E+01
  2.3149995E+03  5.3051136E+01
  2.3250000E+03  4.5149769E+01
  2.3349995E+03  6.5430855E+01
  2.3449993E+03  4.2592106E+01
  2.3550000E+03  3.9668190E+01
  2.3649988E+03  5.0938797E+01
  2.3750000E+03  5.0353073E+01
  2.3849990E+03  7.8873756E+01
  2.3950000E+03  7.4807709E+01
  2.4050005E+03  1.2209895E+02
  2.4149993E+03  8.2113304E+01
  2.4249990E+03  1.0081030E+02
  2.4349990E+03  1.4062312E+02
  2.4450000E+03  1.8222760E+02
  2.4549990E+03  2.0739938E+02
  2.4649990E+03  1.4779848E+02
  2.4749993E+03  2.3607848E+02
  2.4850005E+03  1.1059986E+02
  2.4950000E+03  1.2204285E+02
  2.5050005E+03  2.1746555E+02
  2.5129988E+03  1.6597301E+02
  2.5179990E+03  1.8092378E+02
  2.5249998E+03  2.1052438E+02
  2.5350007E+03  3.8068265E+02
  2.5449988E+03  4.5328812E+02
  2.5550000E+03  4.9996570E+02
  2.5649990E+03  3.1914444E+02
  2.5749990E+03  4.4719647E+02
  2.5849993E+03  3.7763391E+02
  2.5949990E+03  4.2264014E+02
  2.6049995E+03  5.4776556E+02
  2.6149998E+03  5.2177307E+02
  2.6249990E+03  7.2305457E+02
  2.6350007E+03  1.0035754E+03
  2.6449995E+03  8.6934796E+02
  2.6549998E+03  1.0847673E+03
  2.6649995E+03  1.0381317E+03
  2.6749988E+03  9.0702942E+02
  2.6849988E+03  1.1727020E+03
  2.6949988E+03  9.2494641E+02
  2.7050000E+03  1.3059209E+03
  2.7150000E+03  1.3137979E+03
  2.7249995E+03  1.2060533E+03
  2.7350007E+03  1.2592974E+03
  2.7450002E+03  1.6526196E+03
  2.7549998E+03  1.6048082E+03
  2.7649983E+03  2.0038972E+03
  2.7750005E+03  2.5252751E+03
  2.7850000E+03  1.8639390E+03
  2.7949993E+03  2.3701516E+03
  2.8049995E+03  2.3893843E+03
  2.8150002E+03  2.3819929E+03
  2.8250007E+03  2.5360442E+03
  2.8350000E+03  2.3470037E+03
  2.8450002E+03  1.9835900E+03
  2.8550005E+03  1.2010490E+03
  2.8650000E+03  2.7471655E+03
  2.8749983E+03  2.9130486E+03
  2.8850000E+03  3.9000745E+03
  2.8949988E+03  4.4576753E+03
  2.9099988E+03  6.0531094E+03
  2.9299983E+03  6.5631812E+03
  2.9499990E+03  6.8078228E+03
  2.9700005E+03  6.8044175E+03
  2.9899980E+03  8.3402969E+03
  3.0099995E+03  9.4868350E+03
  3.0299995E+03  1.2153992E+04
  3.0499995E+03  1.4817833E+04
  3.0699995E+03  1.1774584E+04
  3.0899995E+03  9.6853496E+03
  3.1099995E+03  1.4821445E+04
  3.1299998E+03  1.3772028E+04
  3.1499995E+03  1.8244172E+04
  3.1699995E+03  2.5726004E+04
  3.1899995E+03  2.2151363E+04
  3.2099998E+03  2.6066502E+04
  3.2299993E+03  2.9041922E+04
  3.2499993E+03  4.3060832E+04
  3.2699995E+03  5.3024277E+04
  3.2899995E+03  6.3630555E+04
  3.3099998E+03  5.5134020E+04
  3.3299993E+03  6.1237957E+04
  3.3499995E+03  5.9340703E+04
  3.3699995E+03  4.2364191E+04
  3.3899993E+03  5.8899285E+04
  3.4099993E+03  6.6870539E+04
  3.4299995E+03  8.4335773E+04
  3.4499993E+03  9.1783305E+04
  3.4699998E+03  1.0502057E+05
  3.4899993E+03  1.2028452E+05
  3.5099995E+03  1.4685133E+05
  3.5299995E+03  1.2680416E+05
  3.5499995E+03  1.5925175E+05
  3.5699995E+03  1.3673347E+05
  3.5899995E+03  1.4092012E+05
  3.6099995E+03  1.6470962E+05
  3.6299993E+03  1.7092786E+05
  3.6399993E+03  1.7160783E+05
  3.6499995E+03  1.3080253E+05
  3.6699993E+03  1.7622595E+05
  3.6899995E+03  1.2854098E+05
  3.7099995E+03  1.0077347E+05
  3.7299998E+03  5.2585414E+04
  3.7499993E+03  6.4619949E+04
  3.7699993E+03  1.4057417E+05
  3.7899995E+03  1.5625241E+05
  3.8099993E+03  1.4141411E+05
  3.8299998E+03  6.5464527E+04
  3.8499995E+03  1.1252304E+05
  3.8699995E+03  1.0419908E+05
  3.8899995E+03  1.1346234E+05
  3.9099995E+03  1.6038158E+05
  3.9299993E+03  7.4088484E+04
  3.9499993E+03  1.4358234E+05
  3.9699998E+03  1.0465697E+05
  3.9899995E+03  2.7339012E+05
  4.0099995E+03  3.3894053E+05
  4.0299993E+03  2.7671184E+05
  4.0499993E+03  2.9743600E+05
  4.0699993E+03  2.6040570E+05
  4.0899995E+03  3.9846356E+05
  4.1099995E+03  2.9483672E+05
  4.1299995E+03  3.2184950E+05
  4.1499990E+03  3.0888947E+05
  4.1699990E+03  3.2952700E+05
  4.1899995E+03  3.3012241E+05
  4.2099995E+03  2.5013370E+05
  4.2299995E+03  1.3405228E+05
  4.2499995E+03  2.4974405E+05
  4.2699990E+03  2.7480825E+05
  4.2899995E+03  2.8187278E+05
  4.3100000E+03  2.9564947E+05
  4.3299995E+03  4.2821494E+05
  4.3499995E+03  4.8799600E+05
  4.3699995E+03  5.1277556E+05
  4.3899995E+03  4.1991288E+05
  4.4099995E+03  4.2603088E+05
  4.4299995E+03  4.4975919E+05
  4.4499995E+03  4.7934181E+05
  4.4699995E+03  5.5672156E+05
  4.4899995E+03  5.7989700E+05
  4.5099990E+03  6.8963688E+05
  4.5299995E+03  5.3772062E+05
  4.5499990E+03  6.2127988E+05
  4.5699995E+03  6.9475438E+05
  4.5899990E+03  6.5094700E+05
  4.6099990E+03  6.7424144E+05
  4.6299990E+03  6.8076600E+05
  4.6499990E+03  6.4223662E+05
  4.6699990E+03  7.1382538E+05
  4.6899990E+03  6.7287912E+05
  4.7099995E+03  6.4287519E+05
  4.7299990E+03  6.2399606E+05
  4.7499995E+03  5.9859856E+05
  4.7699995E+03  5.1326859E+05
  4.7899990E+03  5.5864438E+05
  4.8099995E+03  6.7235556E+05
  4.8299995E+03  6.7112681E+05
  4.8499990E+03  7.2513431E+05
  4.8700000E+03  7.0157425E+05
  4.8899990E+03  7.2031488E+05
  4.9099990E+03  7.1969362E+05
  4.9299990E+03  6.6914781E+05
  4.9499995E+03  6.4237969E+05
  4.9699995E+03  5.9852619E+05
  4.9899990E+03  5.4291719E+05
  5.0099995E+03  4.8605878E+05
  5.0299995E+03  5.2246400E+05
  5.0499995E+03  4.9152200E+05
  5.0699995E+03  4.7019634E+05
  5.0899995E+03  4.6166631E+05
  5.1099990E+03  4.7110219E+05
  5.1299995E+03  4.5166053E+05
  5.1499985E+03  4.2222250E+05
  5.1700000E+03  4.2000481E+05
  5.1899990E+03  4.7797772E+05
  5.2099990E+03  5.3781150E+05
  5.2299995E+03  7.7808144E+05
  5.2499995E+03  8.5577356E+05
  5.2699995E+03  6.7722131E+05
  5.2899990E+03  8.7948512E+05
  5.3099995E+03  9.5672719E+05
  5.3299990E+03  8.1123425E+05
  5.3499995E+03  8.9086562E+05
  5.3699995E+03  8.7479669E+05
  5.3899995E+03  8.7097506E+05
  5.4099990E+03  8.5394094E+05
  5.4299990E+03  8.4476156E+05
  5.4499990E+03  8.1753088E+05
  5.4699995E+03  8.8370969E+05
  5.4899995E+03  9.1283100E+05
  5.5099995E+03  8.7914025E+05
  5.5299985E+03  9.6795906E+05
  5.5499990E+03  9.8315700E+05
  5.5699990E+03  9.6986788E+05
  5.5899995E+03  9.1111056E+05
  5.6099990E+03  9.5040062E+05
  5.6299995E+03  1.0097078E+06
  5.6499990E+03  1.0650256E+06
  5.6699990E+03  1.0359285E+06
  5.6899995E+03  1.0591455E+06
  5.7099995E+03  1.0259255E+06
  5.7299990E+03  1.1079542E+06
  5.7499990E+03  1.1098431E+06
  5.7699990E+03  1.1045614E+06
  5.7899995E+03  1.0764349E+06
  5.8099985E+03  1.1052191E+06
  5.8300000E+03  1.1388811E+06
  5.8499990E+03  1.1076598E+06
  5.8699985E+03  1.1044982E+06
  5.8899985E+03  9.6665469E+05
  5.9099995E+03  1.1075022E+06
  5.9299985E+03  1.1089368E+06
  5.9499995E+03  1.1118161E+06
  5.9699990E+03  1.1335532E+06
  5.9899990E+03  1.1334511E+06
  6.0099990E+03  1.1296748E+06
  6.0299995E+03  1.1586639E+06
  6.0499990E+03  1.1722188E+06
  6.0699990E+03  1.1684944E+06
  6.0899995E+03  1.1493536E+06
  6.1099985E+03  1.1489060E+06
  6.1299995E+03  1.0818684E+06
  6.1499985E+03  1.1440696E+06
  6.1699985E+03  1.0007914E+06
  6.1900000E+03  1.1258896E+06
  6.2099995E+03  1.0976460E+06
  6.2299985E+03  1.0714885E+06
  6.2499990E+03  1.0492109E+06
  6.2699985E+03  1.0879512E+06
  6.2900000E+03  1.1257018E+06
  6.3099985E+03  1.1152660E+06
  6.3299995E+03  1.1319226E+06
  6.3499985E+03  1.1432096E+06
  6.3699985E+03  1.1458838E+06
  6.3899995E+03  1.1640020E+06
  6.4099990E+03  1.1366699E+06
  6.4299985E+03  1.1420934E+06
  6.4499985E+03  1.1083984E+06
  6.4699990E+03  1.1055161E+06
  6.4899990E+03  1.1004122E+06
  6.5099985E+03  1.1469979E+06
  6.5299990E+03  1.1751458E+06
  6.5499985E+03  1.1544574E+06
  6.5699985E+03  1.1559055E+06
  6.5899995E+03  1.1636469E+06
  6.6099985E+03  1.1685151E+06
  6.6299990E+03  1.1726174E+06
  6.6499985E+03  1.1771606E+06
  6.6699995E+03  1.1401349E+06
  6.6899990E+03  1.1150622E+06
  6.7099995E+03  1.0573839E+06
  6.7299990E+03  1.0758124E+06
  6.7499995E+03  1.0539018E+06
  6.7699985E+03  1.0572191E+06
  6.7899995E+03  1.0425017E+06
  6.8099995E+03  1.0608390E+06
  6.8300000E+03  1.0844352E+06
  6.8499985E+03  1.0791561E+06
  6.8699985E+03  1.0900438E+06
  6.8899985E+03  1.1112620E+06
  6.9099990E+03  1.1292974E+06
  6.9299995E+03  1.1286720E+06
  6.9499990E+03  1.1435560E+06
  6.9699985E+03  1.1715890E+06
  6.9899985E+03  1.1623496E+06
  7.0099985E+03  1.1814861E+06
  7.0299985E+03  1.1939069E+06
  7.0499990E+03  1.2082140E+06
  7.0699980E+03  1.1679996E+06
  7.0899990E+03  1.0711106E+06
  7.1099990E+03  9.7797488E+05
  7.1299995E+03  9.3492412E+05
  7.1499990E+03  9.1628919E+05
  7.1699995E+03  9.6915031E+05
  7.1899985E+03  9.7134519E+05
  7.2099985E+03  9.7270362E+05
  7.2299980E+03  1.0394002E+06
  7.2499990E+03  1.0585440E+06
  7.2699995E+03  1.0992732E+06
  7.2899990E+03  1.1198332E+06
  7.3099980E+03  1.1444530E+06
  7.3299980E+03  1.1439658E+06
  7.3499980E+03  1.1567169E+06
  7.3699985E+03  1.1863056E+06
  7.3899995E+03  1.1893436E+06
  7.4099985E+03  1.1882840E+06
  7.4299995E+03  1.2044151E+06
  7.4500000E+03  1.1994502E+06
  7.4700000E+03  1.2150458E+06
  7.4899990E+03  1.2154154E+06
  7.5099985E+03  1.2239130E+06
  7.5299995E+03  1.2319706E+06
  7.5499980E+03  1.2339784E+06
  7.5699985E+03  1.2327260E+06
  7.5899990E+03  1.2249951E+06
  7.6099980E+03  1.2166785E+06
  7.6299995E+03  1.1939360E+06
  7.6499995E+03  1.1649129E+06
  7.6699980E+03  1.0999302E+06
  7.6899990E+03  1.1230114E+06
  7.7099995E+03  1.0916520E+06
  7.7299985E+03  1.1103474E+06
  7.7499990E+03  1.1028049E+06
  7.7700000E+03  1.1089284E+06
  7.7900000E+03  1.1231075E+06
  7.8099995E+03  1.1211922E+06
  7.8299980E+03  1.1085900E+06
  7.8499980E+03  1.0985466E+06
  7.8699995E+03  1.1317156E+06
  7.8900000E+03  1.1233225E+06
  7.9099995E+03  1.1161441E+06
  7.9300000E+03  1.1238206E+06
  7.9499985E+03  1.1193659E+06
  7.9699990E+03  1.1450698E+06
  7.9900000E+03  1.1510875E+06
  8.0099980E+03  1.1566208E+06
  8.0299985E+03  1.1555402E+06
  8.0500000E+03  1.1596301E+06
  8.0699985E+03  1.1658644E+06
  8.0899990E+03  1.1673596E+06
  8.1099995E+03  1.1787352E+06
  8.1299976E+03  1.1899859E+06
  8.1499976E+03  1.1926034E+06
  8.1699980E+03  1.1908915E+06
  8.1899985E+03  1.1203239E+06
  8.2099990E+03  1.1766884E+06
  8.2300000E+03  1.1852148E+06
  8.2500000E+03  1.1809142E+06
  8.2700000E+03  1.1932218E+06
  8.2899980E+03  1.1883491E+06
  8.3099990E+03  1.1711245E+06
  8.3299980E+03  1.1455281E+06
  8.3500000E+03  1.1618759E+06
  8.3699990E+03  1.1565991E+06
  8.3899990E+03  1.1018540E+06
  8.4099971E+03  1.1465294E+06
  8.4300000E+03  1.0811375E+06
  8.4499990E+03  1.0715940E+06
  8.4699980E+03  1.0739440E+06
  8.4899980E+03  1.0816430E+06
  8.5099990E+03  1.0431675E+06
  8.5299990E+03  1.0866410E+06
  8.5499990E+03  1.0460558E+06
  8.5699990E+03  1.1030402E+06
  8.5900000E+03  1.1017899E+06
  8.6099980E+03  1.1047579E+06
  8.6299990E+03  1.1151219E+06
  8.6499990E+03  1.1277448E+06
  8.6699990E+03  1.0554896E+06
  8.6899990E+03  1.0849098E+06
  8.7099971E+03  1.1272585E+06
  8.7299990E+03  1.1278825E+06
  8.7499980E+03  1.1248484E+06
  8.7699980E+03  1.1225648E+06
  8.7899980E+03  1.1322851E+06
  8.8099990E+03  1.1030264E+06
  8.8299980E+03  1.1107431E+06
  8.8499980E+03  1.1244876E+06
  8.8699980E+03  1.1214335E+06
  8.8899990E+03  1.1334584E+06
  8.9099971E+03  1.1324572E+06
  8.9299980E+03  1.1222406E+06
  8.9499980E+03  1.1147850E+06
  8.9699990E+03  1.1186685E+06
  8.9899990E+03  1.1228795E+06
  9.0099980E+03  1.0861579E+06
  9.0299990E+03  1.1099042E+06
  9.0499990E+03  1.1241851E+06
  9.0699980E+03  1.1231256E+06
  9.0899990E+03  1.0927015E+06
  9.1099980E+03  1.0985315E+06
  9.1299980E+03  1.1094969E+06
  9.1499980E+03  1.1095568E+06
  9.1699980E+03  1.1085750E+06
  9.1899990E+03  1.1119626E+06
  9.2099990E+03  1.0931482E+06
  9.2299980E+03  1.0910695E+06
  9.2499980E+03  1.0810728E+06
  9.2699971E+03  1.0772461E+06
  9.2899990E+03  1.0654972E+06
  9.3099980E+03  1.0766151E+06
  9.3299990E+03  1.0747308E+06
  9.3499980E+03  1.0664321E+06
  9.3699990E+03  1.0542034E+06
  9.3900000E+03  1.0683460E+06
  9.4099980E+03  1.0569176E+06
  9.4299971E+03  1.0643440E+06
  9.4499990E+03  1.0490015E+06
  9.4700000E+03  1.0636048E+06
  9.4899980E+03  1.0642302E+06
  9.5100000E+03  1.0608414E+06
  9.5300000E+03  1.0573474E+06
  9.5500000E+03  1.0408617E+06
  9.5699990E+03  1.0468408E+06
  9.5899980E+03  1.0593970E+06
  9.6099980E+03  1.0417750E+06
  9.6299990E+03  1.0539048E+06
  9.6499990E+03  1.0160436E+06
  9.6699980E+03  1.0214741E+06
  9.6899980E+03  1.0407335E+06
  9.7100000E+03  1.0300969E+06
  9.7299990E+03  1.0190622E+06
  9.7499980E+03  1.0245161E+06
  9.7699961E+03  1.0305089E+06
  9.7899980E+03  1.0058235E+06
  9.8099980E+03  1.0394640E+06
  9.8299990E+03  1.0287274E+06
  9.8499980E+03  1.0381056E+06
  9.8700000E+03  1.0331289E+06
  9.8899980E+03  1.0313046E+06
  9.9099990E+03  1.0292941E+06
  9.9300000E+03  1.0264891E+06
  9.9499980E+03  1.0256777E+06
  9.9699980E+03  1.0237271E+06
  9.9899990E+03  1.0235578E+06
  1.0024998E+04  1.0143244E+06
  1.0074998E+04  1.0081043E+06
  1.0124997E+04  1.0065144E+06
  1.0174997E+04  9.9795675E+05
  1.0224998E+04  9.9095906E+05
  1.0274997E+04  9.8833231E+05
  1.0325000E+04  9.7284569E+05
  1.0374999E+04  9.6877656E+05
  1.0425000E+04  9.7014775E+05
  1.0474998E+04  9.5956962E+05
  1.0524997E+04  9.6009888E+05
  1.0574999E+04  9.4989569E+05
  1.0625000E+04  9.4841812E+05
  1.0674997E+04  9.3651356E+05
  1.0724998E+04  9.3284550E+05
  1.0774999E+04  9.2901038E+05
  1.0824997E+04  9.1569019E+05
  1.0874997E+04  9.1856606E+05
  1.0924999E+04  9.1778400E+05
  1.0974996E+04  9.1131762E+05
  1.1025000E+04  9.0725394E+05
  1.1074998E+04  9.0436369E+05
  1.1124999E+04  8.9798781E+05
  1.1174998E+04  8.9000044E+05
  1.1224999E+04  8.8824850E+05
  1.1274997E+04  8.7327588E+05
  1.1325000E+04  8.7315981E+05
  1.1375000E+04  8.5959000E+05
  1.1425000E+04  8.4792662E+05
  1.1474997E+04  8.6026650E+05
  1.1525000E+04  8.5914294E+05
  1.1574998E+04  8.4974044E+05
  1.1625000E+04  8.3455712E+05
  1.1674998E+04  8.3461044E+05
  1.1724997E+04  8.3923644E+05
  1.1775001E+04  8.2122800E+05
  1.1824999E+04  8.1965950E+05
  1.1875000E+04  8.0911144E+05
  1.1925000E+04  8.2024938E+05
  1.1975001E+04  7.9667900E+05
  1.2024998E+04  8.0869612E+05
  1.2074996E+04  7.9979088E+05
  1.2125000E+04  8.0053656E+05
  1.2175000E+04  7.9735512E+05
  1.2225001E+04  7.9268612E+05
  1.2275001E+04  7.8721669E+05
  1.2324996E+04  7.8213269E+05
  1.2374996E+04  7.7914631E+05
  1.2424998E+04  7.7210700E+05
  1.2475000E+04  7.7086825E+05
  1.2524997E+04  7.6210869E+05
  1.2574997E+04  7.6182569E+05
  1.2624999E+04  7.5679575E+05
  1.2674997E+04  7.4987562E+05
  1.2724999E+04  7.4887988E+05
  1.2774999E+04  7.4686119E+05
  1.2825000E+04  7.2840575E+05
  1.2875001E+04  7.3362256E+05
  1.2924997E+04  7.2518406E+05
  1.2975001E+04  7.3016769E+05
  1.3024998E+04  7.2375131E+05
  1.3074999E+04  7.2298638E+05
  1.3125000E+04  7.0406050E+05
  1.3174998E+04  7.0636662E+05
  1.3224998E+04  7.1118081E+05
  1.3274997E+04  7.0258431E+05
  1.3324997E+04  6.9995250E+05
  1.3374999E+04  7.0012006E+05
  1.3424999E+04  6.9836362E+05
  1.3474999E+04  6.9501644E+05
  1.3525001E+04  6.9136975E+05
  1.3574999E+04  6.8581625E+05
  1.3624997E+04  6.7835694E+05
  1.3674997E+04  6.8124200E+05
  1.3724995E+04  6.8006750E+05
  1.3774998E+04  6.7569512E+05
  1.3824998E+04  6.7395050E+05
  1.3874996E+04  6.6595156E+05
  1.3925000E+04  6.6856031E+05
  1.3974996E+04  6.6594569E+05
  1.4024997E+04  6.5871594E+05
  1.4075001E+04  6.6060462E+05
  1.4124996E+04  6.5559656E+05
  1.4175000E+04  6.5559175E+05
  1.4225000E+04  6.5004162E+05
  1.4274994E+04  6.3521731E+05
  1.4325001E+04  6.4610131E+05
  1.4374998E+04  6.4462300E+05
  1.4424999E+04  6.3645031E+05
  1.4475000E+04  6.4022394E+05
  1.4524997E+04  6.3494906E+05
  1.4569999E+04  6.3289625E+05
  1.4620000E+04  6.3373881E+05
  1.4674998E+04  6.3160406E+05
  1.4725000E+04  6.2544531E+05
  1.4775002E+04  6.2353175E+05
  1.4824998E+04  6.2428706E+05
  1.4874996E+04  6.1304850E+05
  1.4924997E+04  6.2312038E+05
  1.4974999E+04  6.1824369E+05
  1.5024999E+04  5.9454406E+05
  1.5075000E+04  6.0423325E+05
  1.5124999E+04  6.1356769E+05
  1.5175000E+04  6.0910569E+05
  1.5225002E+04  6.1021462E+05
  1.5274998E+04  6.1008562E+05
  1.5324995E+04  6.0717006E+05
  1.5374997E+04  6.0867769E+05
  1.5425001E+04  6.0845869E+05
  1.5474996E+04  6.0706631E+05
  1.5524994E+04  6.0167756E+05
  1.5575001E+04  6.0120575E+05
  1.5624998E+04  6.0140731E+05
  1.5674997E+04  5.9605888E+05
  1.5724994E+04  5.9399612E+05
  1.5774996E+04  5.8115325E+05
  1.5825001E+04  5.9064925E+05
  1.5874995E+04  5.8415450E+05
  1.5925002E+04  5.8829050E+05
  1.5975001E+04  5.8901288E+05
  1.6049998E+04  5.8768919E+05
  1.6150001E+04  5.7842594E+05
  1.6249997E+04  5.7573744E+05
  1.6350000E+04  5.7219706E+05
  1.6449996E+04  5.6345175E+05
  1.6549998E+04  5.5572788E+05
  1.6649994E+04  5.4486000E+05
  1.6749998E+04  5.2885306E+05
  1.6849998E+04  5.2494312E+05
  1.6950000E+04  5.1699700E+05
  1.7049996E+04  5.0436716E+05
  1.7150000E+04  4.9424975E+05
  1.7249992E+04  4.8575103E+05
  1.7349994E+04  4.7855312E+05
  1.7449992E+04  4.6901366E+05
  1.7550000E+04  4.6104169E+05
  1.7649998E+04  4.5378847E+05
  1.7749994E+04  4.4444509E+05
  1.7849994E+04  4.3862794E+05
  1.7949998E+04  4.2996578E+05
  1.8050002E+04  4.2095941E+05
  1.8150002E+04  4.1474388E+05
  1.8249994E+04  4.0662588E+05
  1.8349992E+04  3.9888325E+05
  1.8449992E+04  3.8866112E+05
  1.8549998E+04  3.8626628E+05
  1.8650002E+04  3.7754259E+05
  1.8750002E+04  3.7179019E+05
  1.8850000E+04  3.6582031E+05
  1.8950004E+04  3.5438450E+05
  1.9049996E+04  3.5359106E+05
  1.9149998E+04  3.4684641E+05
  1.9249992E+04  3.4172741E+05
  1.9350000E+04  3.3088934E+05
  1.9449992E+04  3.2466769E+05
  1.9550002E+04  3.2150225E+05
  1.9649992E+04  3.1931188E+05
  1.9749992E+04  3.0796397E+05
  1.9849992E+04  3.0345381E+05
  1.9950002E+04  3.0069344E+05
  2.0050002E+04  3.0012869E+05
  2.0149996E+04  2.9526447E+05
  2.0249994E+04  2.8867147E+05
  2.0349994E+04  2.8485888E+05
  2.0449996E+04  2.8108884E+05
  2.0550000E+04  2.7631681E+05
  2.0649992E+04  2.7127078E+05
  2.0749998E+04  2.6733228E+05
  2.0849992E+04  2.6299769E+05
  2.0950004E+04  2.5705070E+05
  2.1050002E+04  2.5453775E+05
  2.1149992E+04  2.4999748E+05
  2.1250000E+04  2.4674891E+05
  2.1350002E+04  2.4339317E+05
  2.1449996E+04  2.3956527E+05
  2.1550006E+04  2.3573255E+05
  2.1649994E+04  2.3243492E+05
  2.1750002E+04  2.2775395E+05
  2.1849998E+04  2.2495602E+05
  2.1950002E+04  2.2124541E+05
  2.2050000E+04  2.1361781E+05
  2.2149996E+04  2.1513347E+05
  2.2249998E+04  2.0938389E+05
  2.2350004E+04  2.0739361E+05
  2.2449990E+04  2.0464592E+05
  2.2549994E+04  2.0239030E+05
  2.2650000E+04  1.9729517E+05
  2.2750000E+04  1.9645984E+05
  2.2850000E+04  1.9262270E+05
  2.2950004E+04  1.7731466E+05
  2.3050000E+04  1.8165069E+05
  2.3149996E+04  1.8021836E+05
  2.3250000E+04  1.6567366E+05
  2.3349996E+04  1.6949528E+05
  2.3449994E+04  1.7086852E+05
  2.3550002E+04  1.5751931E+05
  2.3649988E+04  1.6297964E+05
  2.3750000E+04  1.6279208E+05
  2.3849990E+04  1.5118409E+05
  2.3950002E+04  1.5516522E+05
  2.4050006E+04  1.5529741E+05
  2.4149992E+04  1.4643067E+05
  2.4249990E+04  1.4853119E+05
  2.4349990E+04  1.4873698E+05
  2.4450002E+04  1.4296633E+05
  2.4549990E+04  1.4137912E+05
  2.4649992E+04  1.4311116E+05
  2.4749992E+04  1.3930020E+05
  2.4850006E+04  1.3565547E+05
  2.4950000E+04  1.3651902E+05
  2.5050006E+04  1.3667394E+05
  2.5149994E+04  1.3145584E+05
  2.5249998E+04  1.3201205E+05
  2.5350004E+04  1.3105459E+05
  2.5449988E+04  1.2839829E+05
  2.5549998E+04  1.2704880E+05
  2.5649990E+04  1.2586551E+05
  2.5749990E+04  1.2512275E+05
  2.5849994E+04  1.2199159E+05
  2.5949990E+04  1.2133855E+05
  2.6049996E+04  1.2047532E+05
  2.6149998E+04  1.1901023E+05
  2.6249988E+04  1.1715399E+05
  2.6350008E+04  1.1600585E+05
  2.6449996E+04  1.1453810E+05
  2.6549994E+04  1.1341504E+05
  2.6649994E+04  1.1115980E+05
  2.6749988E+04  1.1127800E+05
  2.6849986E+04  1.0980266E+05
  2.6949986E+04  1.0826315E+05
  2.7050002E+04  1.0707788E+05
  2.7149998E+04  1.0588171E+05
  2.7249994E+04  1.0458348E+05
  2.7350006E+04  1.0329623E+05
  2.7450004E+04  1.0218502E+05
  2.7549996E+04  1.0108227E+05
  2.7649982E+04  9.9633094E+04
  2.7750004E+04  9.8378016E+04
  2.7850000E+04  9.7303680E+04
  2.7949992E+04  9.6275961E+04
  2.8049994E+04  9.5030492E+04
  2.8150002E+04  9.3738422E+04
  2.8250006E+04  9.2721891E+04
  2.8350000E+04  9.1731477E+04
  2.8450000E+04  9.0538516E+04
  2.8550002E+04  8.9438562E+04
  2.8650002E+04  8.8383867E+04
  2.8749982E+04  8.7387359E+04
  2.8849998E+04  8.6311773E+04
  2.8949986E+04  8.5276070E+04
  2.9049994E+04  8.4149766E+04
  2.9149986E+04  8.3174422E+04
  2.9249984E+04  8.1453023E+04
  2.9349980E+04  8.1117609E+04
  2.9450000E+04  8.0267828E+04
  2.9550004E+04  7.9332852E+04
  2.9649982E+04  7.8438773E+04
  2.9749992E+04  7.7537711E+04
  2.9849994E+04  7.6549734E+04
  2.9949984E+04  7.5594266E+04
  3.0049996E+04  7.4774859E+04
  3.0149994E+04  7.3939828E+04
  3.0249994E+04  7.2965961E+04
  3.0349996E+04  7.2195531E+04
  3.0449996E+04  7.1409258E+04
  3.0549996E+04  7.0534836E+04
  3.0649996E+04  6.9662273E+04
  3.0749994E+04  6.8942984E+04
  3.0849996E+04  6.7918820E+04
  3.0949994E+04  6.7342992E+04
  3.1049996E+04  6.6589484E+04
  3.1149996E+04  6.5549188E+04
  3.1249996E+04  6.5084051E+04
  3.1349996E+04  6.4313016E+04
  3.1449996E+04  6.3596168E+04
  3.1549998E+04  6.2849242E+04
  3.1649996E+04  6.2057832E+04
  3.1749998E+04  6.1491879E+04
  3.1849996E+04  6.0801824E+04
  3.1949994E+04  6.0126586E+04
  3.2099996E+04  5.9108938E+04
  3.2299992E+04  5.7779793E+04
  3.2499994E+04  5.6528703E+04
  3.2699996E+04  5.5265039E+04
  3.2899996E+04  5.4083535E+04
  3.3099996E+04  5.2885195E+04
  3.3299992E+04  5.1694684E+04
  3.3499996E+04  5.0683148E+04
  3.3699996E+04  4.9579137E+04
  3.3899996E+04  4.8484461E+04
  3.4099996E+04  4.7353660E+04
  3.4299996E+04  4.6514848E+04
  3.4499992E+04  4.5565645E+04
  3.4699996E+04  4.4616387E+04
  3.4899996E+04  4.3692016E+04
  3.5099996E+04  4.2813289E+04
  3.5299996E+04  4.1915328E+04
  3.5499996E+04  4.1076684E+04
  3.5699992E+04  4.0230512E+04
  3.5899992E+04  3.9423969E+04
  3.6099996E+04  3.8647223E+04
  3.6299992E+04  3.7876594E+04
  3.6499992E+04  3.7106344E+04
  3.6699992E+04  3.6333805E+04
  3.6899992E+04  3.5578555E+04
  3.7099996E+04  3.4873012E+04
  3.7299996E+04  3.4256336E+04
  3.7499992E+04  3.3573117E+04
  3.7699996E+04  3.2960734E+04
  3.7899996E+04  3.2322654E+04
  3.8099992E+04  3.1714299E+04
  3.8299996E+04  3.1124545E+04
  3.8499996E+04  3.0535139E+04
  3.8699996E+04  2.9855611E+04
  3.8899992E+04  2.9375135E+04
  3.9099996E+04  2.8851139E+04
  3.9299992E+04  2.8311879E+04
  3.9499992E+04  2.7712010E+04
  3.9699992E+04  2.7254227E+04
  3.9900000E+04  2.6659846E+04
  4.0099996E+04  2.6235266E+04
  4.0299992E+04  2.5808502E+04
  4.0499996E+04  2.5276314E+04
  4.0699992E+04  2.4873865E+04
  4.0899992E+04  2.4435260E+04
  4.1099996E+04  2.3990609E+04
  4.1299996E+04  2.3577703E+04
  4.1499992E+04  2.3154133E+04
  4.1699992E+04  2.2746242E+04
  4.1899996E+04  2.2267812E+04
  4.2099996E+04  2.1888824E+04
  4.2299992E+04  2.1581266E+04
  4.2499996E+04  2.1186738E+04
  4.2699992E+04  2.0839967E+04
  4.2899992E+04  1.9791281E+04
  4.3099996E+04  1.8828645E+04
  4.3299996E+04  1.8735482E+04
  4.3499992E+04  1.7795502E+04
  4.3699996E+04  1.7225611E+04
  4.3899996E+04  1.6860828E+04
  4.4099992E+04  1.6103864E+04
  4.4299992E+04  1.5790047E+04
  4.4499996E+04  1.5505556E+04
  4.4699996E+04  1.4870481E+04
  4.4899996E+04  1.4880135E+04
  4.5099992E+04  1.4402840E+04
  4.5299992E+04  1.4036184E+04
  4.5499996E+04  1.3976201E+04
  4.5699992E+04  1.3876870E+04
  4.5899996E+04  1.3377644E+04
  4.6099996E+04  1.3436785E+04
  4.6299992E+04  1.3199518E+04
  4.6499988E+04  1.3167932E+04
  4.6699992E+04  1.3087343E+04
  4.6899992E+04  1.2843226E+04
  4.7099992E+04  1.2627908E+04
  4.7299992E+04  1.2690236E+04
  4.7499996E+04  1.2346660E+04
  4.7699992E+04  1.2208240E+04
  4.7899992E+04  1.2112580E+04
  4.8099996E+04  1.1760319E+04
  4.8299992E+04  1.1844641E+04
  4.8499992E+04  1.1650419E+04
  4.8700000E+04  1.1357476E+04
  4.8899992E+04  1.1198909E+04
  4.9099988E+04  1.1113178E+04
  4.9299988E+04  1.0895005E+04
  4.9499996E+04  1.0707812E+04
  4.9699992E+04  1.0633096E+04
  4.9899988E+04  1.0484186E+04
  5.0099996E+04  1.0350812E+04
  5.0299996E+04  1.0241562E+04
  5.0499996E+04  9.9889473E+03
  5.0699996E+04  9.9250967E+03
  5.0899992E+04  9.8370771E+03
  5.1099992E+04  9.6211436E+03
  5.1299996E+04  9.6139805E+03
  5.1499988E+04  9.4080674E+03
  5.1699996E+04  9.3926387E+03
  5.1899992E+04  9.1866816E+03
  5.2099992E+04  9.1161484E+03
  5.2299996E+04  8.9517979E+03
  5.2499996E+04  8.8997168E+03
  5.2699996E+04  8.8358213E+03
  5.2899992E+04  8.6168779E+03
  5.3099988E+04  8.5357891E+03
  5.3299988E+04  8.4531533E+03
  5.3499992E+04  8.3640078E+03
  5.3699992E+04  8.2775234E+03
  5.3899992E+04  8.1853462E+03
  5.4099992E+04  8.0834907E+03
  5.4299984E+04  7.9076558E+03
  5.4499988E+04  7.8911978E+03
  5.4699996E+04  7.7929268E+03
  5.4899992E+04  7.6811304E+03
  5.5099992E+04  7.5999077E+03
  5.5299988E+04  7.5952979E+03
  5.5499988E+04  7.3919321E+03
  5.5699992E+04  7.3881216E+03
  5.5899992E+04  7.2638560E+03
  5.6099988E+04  7.1815127E+03
  5.6299996E+04  7.0726958E+03
  5.6499988E+04  7.0308574E+03
  5.6699988E+04  6.9477124E+03
  5.6899992E+04  6.8270444E+03
  5.7099996E+04  6.7916660E+03
  5.7299988E+04  6.6983271E+03
  5.7499988E+04  6.6216157E+03
  5.7699988E+04  6.5334712E+03
  5.7899996E+04  6.4825669E+03
  5.8099988E+04  6.3797583E+03
  5.8299996E+04  6.3112314E+03
  5.8499992E+04  6.2445942E+03
  5.8699988E+04  6.1476660E+03
  5.8899988E+04  6.0768843E+03
  5.9099992E+04  6.0215864E+03
  5.9299988E+04  5.9462192E+03
  5.9499996E+04  5.8728965E+03
  5.9699988E+04  5.8174419E+03
  5.9899992E+04  5.7445337E+03
  6.0099992E+04  5.6799766E+03
  6.0299992E+04  5.6087910E+03
  6.0499988E+04  5.5304971E+03
  6.0699992E+04  5.4671187E+03
  6.0899992E+04  5.4069917E+03
  6.1099988E+04  5.3355249E+03
  6.1299992E+04  5.2807139E+03
  6.1499988E+04  5.2196304E+03
  6.1699988E+04  5.1579395E+03
  6.1899996E+04  5.1008677E+03
  6.2099996E+04  5.0427622E+03
  6.2299988E+04  4.9807373E+03
  6.2499992E+04  4.9165059E+03
  6.2699988E+04  4.8543335E+03
  6.2899996E+04  4.8062769E+03
  6.3099984E+04  4.7463379E+03
  6.3299996E+04  4.7005952E+03
  6.3499984E+04  4.6397349E+03
  6.3699984E+04  4.5928193E+03
  6.3900000E+04  4.5333887E+03
  6.4199992E+04  4.4566616E+03
  6.4599984E+04  4.3529839E+03
  6.4999992E+04  4.2533838E+03
  6.5399992E+04  4.1573857E+03
  6.5799992E+04  4.0634001E+03
  6.6199984E+04  3.9705168E+03
  6.6599984E+04  3.8807539E+03
  6.6999992E+04  3.7935989E+03
  6.7399992E+04  3.7079036E+03
  6.7799992E+04  3.6250247E+03
  6.8199992E+04  3.5434250E+03
  6.8599992E+04  3.4663582E+03
  6.8999984E+04  3.3900447E+03
  6.9399984E+04  3.3158804E+03
  6.9800000E+04  3.2437280E+03
  7.0199992E+04  3.1726201E+03
  7.0599984E+04  3.1044985E+03
  7.0999977E+04  3.0380049E+03
  7.1399977E+04  2.9732454E+03
  7.1799984E+04  2.9095894E+03
  7.2199984E+04  2.8483870E+03
  7.2600000E+04  2.7884231E+03
  7.2999984E+04  2.7300959E+03
  7.3400000E+04  2.6720300E+03
  7.3799984E+04  2.6172747E+03
  7.4199992E+04  2.5608030E+03
  7.4599992E+04  2.5093154E+03
  7.5000000E+04  2.4575049E+03
  7.5399992E+04  2.4063853E+03
  7.5799992E+04  2.3609912E+03
  7.6199984E+04  2.3134309E+03
  7.6599992E+04  2.2671169E+03
  7.6999992E+04  2.2215750E+03
  7.7399992E+04  2.1777942E+03
  7.7799984E+04  2.1348569E+03
  7.8199984E+04  2.0929277E+03
  7.8599984E+04  2.0519834E+03
  7.8999984E+04  2.0119397E+03
  7.9399984E+04  1.9731350E+03
  7.9800000E+04  1.9351223E+03
  8.0199992E+04  1.8967151E+03
  8.0599984E+04  1.8614088E+03
  8.0999992E+04  1.8260731E+03
  8.1399977E+04  1.7916257E+03
  8.1799984E+04  1.7581564E+03
  8.2199984E+04  1.7251964E+03
  8.2599992E+04  1.6929564E+03
  8.2999984E+04  1.6614757E+03
  8.3400000E+04  1.6300311E+03
  8.3799992E+04  1.5997009E+03
  8.4199992E+04  1.5710938E+03
  8.4599977E+04  1.5421661E+03
  8.4999977E+04  1.5144415E+03
  8.5399984E+04  1.4872703E+03
  8.5799984E+04  1.4606414E+03
  8.6199992E+04  1.4344922E+03
  8.6599992E+04  1.4089137E+03
  8.6999984E+04  1.3837439E+03
  8.7399992E+04  1.3594183E+03
  8.7799992E+04  1.3354779E+03
  8.8199984E+04  1.3119631E+03
  8.8599977E+04  1.2891060E+03
  8.8999992E+04  1.2666050E+03
  8.9399977E+04  1.2448323E+03
  8.9799977E+04  1.2226016E+03
  9.0199984E+04  1.2023358E+03
  9.0599984E+04  1.1818291E+03
  9.0999992E+04  1.1604980E+03
  9.1400000E+04  1.1417040E+03
  9.1799969E+04  1.1220760E+03
  9.2199969E+04  1.1039410E+03
  9.2599984E+04  1.0854172E+03
  9.3000000E+04  1.0673450E+03
  9.3399984E+04  1.0496287E+03
  9.3799984E+04  1.0323033E+03
  9.4199977E+04  1.0152765E+03
  9.4599984E+04  9.9858392E+02
  9.4999969E+04  9.8230328E+02
  9.5399984E+04  9.6630078E+02
  9.5799984E+04  9.5069531E+02
  9.6199992E+04  9.3535590E+02
  9.6599984E+04  9.2031860E+02
  9.7000000E+04  9.0561664E+02
  9.7399977E+04  8.9068860E+02
  9.7799984E+04  8.7695801E+02
  9.8199977E+04  8.6314795E+02
  9.8599977E+04  8.4953253E+02
  9.8999992E+04  8.3622351E+02
  9.9399984E+04  8.2313953E+02
  9.9799977E+04  8.1031354E+02
  1.0019999E+05  7.9774036E+02
  1.9999991E+05  5.1994854E+01
  3.9999994E+05  3.2636859E+00
  5.9999981E+05  6.4361733E-01
  7.9999994E+05  2.0320630E-01
