  9.2499988E+02  1.1585659E-12
  9.3499982E+02  1.6613361E-12
  9.4500000E+02  2.7928087E-12
  9.5500000E+02  2.7082726E-12
  9.6499988E+02  6.3406134E-12
  9.7499982E+02  6.8805695E-12
  9.8499976E+02  1.1579723E-11
  9.9499988E+02  2.1735050E-11
  1.0049999E+03  2.7349399E-11
  1.0149997E+03  3.9310659E-11
  1.0249998E+03  6.6857256E-11
  1.0349998E+03  1.5357710E-10
  1.0449998E+03  2.1468814E-10
  1.0549999E+03  2.2529691E-10
  1.0649999E+03  5.8538158E-10
  1.0750000E+03  8.4971730E-10
  1.0849996E+03  1.7492827E-09
  1.0949999E+03  2.5773159E-09
  1.1049999E+03  3.3464076E-09
  1.1149999E+03  4.9493711E-09
  1.1249999E+03  1.2184944E-08
  1.1349996E+03  2.3320627E-08
  1.1449999E+03  3.9368000E-08
  1.1549999E+03  5.9513674E-08
  1.1650000E+03  7.8118198E-08
  1.1749995E+03  1.3175058E-07
  1.1849996E+03  1.5637291E-07
  1.1949998E+03  1.7463175E-07
  1.2049996E+03  1.3985851E-07
  1.2149998E+03  2.4800118E-08
  1.2249996E+03  2.3315849E-07
  1.2349996E+03  7.3695441E-07
  1.2449998E+03  1.1603923E-06
  1.2549996E+03  1.7344762E-06
  1.2650000E+03  2.2449187E-06
  1.2749998E+03  3.1689037E-06
  1.2849995E+03  3.3415411E-06
  1.2949998E+03  4.1606263E-06
  1.3049995E+03  5.5854371E-06
  1.3149998E+03  6.8480695E-06
  1.3249998E+03  7.9070769E-06
  1.3349996E+03  8.7906010E-06
  1.3449995E+03  1.2046343E-05
  1.3549996E+03  1.5910196E-05
  1.3649999E+03  1.7401835E-05
  1.3749999E+03  1.8139181E-05
  1.3849996E+03  2.1711663E-05
  1.3949999E+03  2.4394412E-05
  1.4050001E+03  3.4088742E-05
  1.4149998E+03  4.3138814E-05
  1.4249998E+03  4.7915728E-05
  1.4350000E+03  6.8025904E-05
  1.4419998E+03  1.0092833E-04
  1.4469999E+03  8.0206119E-05
  1.4549994E+03  9.7586475E-05
  1.4650000E+03  1.4896069E-04
  1.4749995E+03  1.8277137E-04
  1.4849996E+03  1.8703194E-04
  1.4949998E+03  2.9088190E-04
  1.5049996E+03  4.0728317E-04
  1.5119995E+03  2.1750609E-04
  1.5169994E+03  3.5463486E-04
  1.5250001E+03  5.7348463E-04
  1.5349994E+03  7.7505957E-04
  1.5449994E+03  5.2565348E-04
  1.5549998E+03  8.6706918E-04
  1.5649999E+03  7.9977285E-04
  1.5750001E+03  1.6139242E-03
  1.5850000E+03  1.7090930E-03
  1.5949996E+03  1.6431567E-03
  1.6049999E+03  1.7444210E-03
  1.6150000E+03  1.8245708E-03
  1.6249996E+03  1.7623801E-03
  1.6350000E+03  2.3495564E-03
  1.6449996E+03  3.1522224E-03
  1.6549999E+03  2.6349069E-03
  1.6649993E+03  4.1304128E-03
  1.6720000E+03  3.4968883E-03
  1.6770001E+03  5.2996315E-03
  1.6849998E+03  7.0363497E-03
  1.6950000E+03  9.9655697E-03
  1.7049995E+03  1.0248689E-02
  1.7150000E+03  1.1132820E-02
  1.7249993E+03  1.5334574E-02
  1.7349994E+03  1.7638808E-02
  1.7449993E+03  2.4531385E-02
  1.7550001E+03  2.5061101E-02
  1.7649998E+03  3.1720690E-02
  1.7749995E+03  2.8932154E-02
  1.7849995E+03  5.3552404E-02
  1.7949999E+03  4.5910332E-02
  1.8050001E+03  7.6772913E-02
  1.8150001E+03  5.6742813E-02
  1.8249994E+03  8.9755408E-02
  1.8349993E+03  7.9675950E-02
  1.8449993E+03  1.1301918E-01
  1.8549998E+03  9.2864424E-02
  1.8650002E+03  1.5106249E-01
  1.8750001E+03  1.4270444E-01
  1.8850000E+03  1.7803828E-01
  1.8950002E+03  2.2281745E-01
  1.9049996E+03  2.3641945E-01
  1.9149999E+03  3.3438528E-01
  1.9249993E+03  2.8705186E-01
  1.9350001E+03  2.0667753E-01
  1.9449993E+03  3.9789268E-01
  1.9550002E+03  5.5175924E-01
  1.9670002E+03  6.0068488E-01
  1.9759990E+03  6.9106483E-01
  1.9839996E+03  8.6657351E-01
  1.9950001E+03  7.8409183E-01
  2.0050002E+03  9.1219395E-01
  2.0149996E+03  1.0453302E+00
  2.0249994E+03  9.8441011E-01
  2.0349995E+03  1.2361199E+00
  2.0449998E+03  1.3113512E+00
  2.0550000E+03  1.5410010E+00
  2.0649993E+03  1.4872406E+00
  2.0739993E+03  1.4319711E+00
  2.0780002E+03  2.4682593E+00
  2.0849993E+03  3.2263753E+00
  2.0950005E+03  3.4992435E+00
  2.1050002E+03  3.2247853E+00
  2.1149990E+03  3.3041885E+00
  2.1250000E+03  3.7577982E+00
  2.1350002E+03  4.7509971E+00
  2.1449998E+03  3.8095608E+00
  2.1550005E+03  4.5356150E+00
  2.1649995E+03  4.4701862E+00
  2.1750002E+03  4.8840594E+00
  2.1849998E+03  4.5091424E+00
  2.1950000E+03  7.3644748E+00
  2.2050000E+03  6.2049823E+00
  2.2149998E+03  7.4300399E+00
  2.2249998E+03  6.6126194E+00
  2.2350005E+03  1.0808993E+01
  2.2449990E+03  1.2110721E+01
  2.2549993E+03  1.4677337E+01
  2.2650000E+03  8.1269417E+00
  2.2750000E+03  1.5520254E+01
  2.2850000E+03  1.5368831E+01
  2.2950002E+03  2.4603758E+01
  2.3050000E+03  9.7029743E+00
  2.3149995E+03  3.0318752E+01
  2.3250000E+03  2.4743723E+01
  2.3349995E+03  3.7394688E+01
  2.3449993E+03  2.3428057E+01
  2.3550000E+03  2.1087036E+01
  2.3649988E+03  2.8111412E+01
  2.3750000E+03  2.7366220E+01
  2.3849990E+03  4.5322773E+01
  2.3950000E+03  4.2131386E+01
  2.4050005E+03  7.2460838E+01
  2.4149993E+03  4.6676430E+01
  2.4249990E+03  5.8520065E+01
  2.4349990E+03  8.3896072E+01
  2.4450000E+03  1.1179054E+02
  2.4549990E+03  1.2832758E+02
  2.4649990E+03  8.7080704E+01
  2.4749993E+03  1.4727690E+02
  2.4850005E+03  6.2032070E+01
  2.4950000E+03  7.0305054E+01
  2.5050005E+03  1.3276553E+02
  2.5129988E+03  9.8025604E+01
  2.5179990E+03  1.0758930E+02
  2.5249998E+03  1.2807077E+02
  2.5350007E+03  2.4720099E+02
  2.5449988E+03  2.9959988E+02
  2.5550000E+03  3.2591205E+02
  2.5649990E+03  1.9669743E+02
  2.5749990E+03  2.9017661E+02
  2.5849993E+03  2.3307964E+02
  2.5949990E+03  2.6758371E+02
  2.6049995E+03  3.5525262E+02
  2.6149998E+03  3.3413440E+02
  2.6249990E+03  4.7889993E+02
  2.6350007E+03  6.7878070E+02
  2.6449995E+03  5.7829083E+02
  2.6549998E+03  7.2930646E+02
  2.6649995E+03  6.9403271E+02
  2.6749988E+03  6.0277338E+02
  2.6849988E+03  7.9284503E+02
  2.6949988E+03  6.1040662E+02
  2.7050000E+03  8.8949268E+02
  2.7150000E+03  9.0043140E+02
  2.7249995E+03  8.2153882E+02
  2.7350007E+03  8.5502679E+02
  2.7450002E+03  1.1456943E+03
  2.7549998E+03  1.0982303E+03
  2.7649983E+03  1.3890190E+03
  2.7750005E+03  1.7726534E+03
  2.7850000E+03  1.2984186E+03
  2.7949993E+03  1.6528562E+03
  2.8049995E+03  1.6928997E+03
  2.8150002E+03  1.7264852E+03
  2.8250007E+03  1.8464128E+03
  2.8350000E+03  1.7195548E+03
  2.8450002E+03  1.4496307E+03
  2.8550005E+03  8.3508630E+02
  2.8650000E+03  2.0538914E+03
  2.8749983E+03  2.1412249E+03
  2.8850000E+03  2.9094517E+03
  2.8949988E+03  3.3011831E+03
  2.9099988E+03  4.1838789E+03
  2.9299983E+03  4.4949629E+03
  2.9499990E+03  4.6952588E+03
  2.9700005E+03  4.7902549E+03
  2.9899980E+03  5.8237124E+03
  3.0099995E+03  6.6318438E+03
  3.0299995E+03  8.7858848E+03
  3.0499995E+03  1.0559057E+04
  3.0699995E+03  8.6479668E+03
  3.0899995E+03  7.4903931E+03
  3.1099995E+03  1.0988326E+04
  3.1299998E+03  1.0371514E+04
  3.1499995E+03  1.3967886E+04
  3.1699995E+03  2.0407674E+04
  3.1899995E+03  1.6889889E+04
  3.2099998E+03  2.0361084E+04
  3.2299993E+03  2.2696289E+04
  3.2499993E+03  3.4583129E+04
  3.2699995E+03  4.2947906E+04
  3.2899995E+03  5.3112469E+04
  3.3099998E+03  4.4670453E+04
  3.3299993E+03  5.0084320E+04
  3.3499995E+03  4.9290016E+04
  3.3699995E+03  3.3948406E+04
  3.3899993E+03  4.6924051E+04
  3.4099993E+03  5.4494301E+04
  3.4299995E+03  6.8942898E+04
  3.4499993E+03  7.8489633E+04
  3.4699998E+03  9.1228922E+04
  3.4899993E+03  1.0566691E+05
  3.5099995E+03  1.3509380E+05
  3.5299995E+03  1.1350458E+05
  3.5499995E+03  1.4237388E+05
  3.5699995E+03  1.2059398E+05
  3.5899995E+03  1.2568197E+05
  3.6099995E+03  1.5458891E+05
  3.6299993E+03  1.6120995E+05
  3.6399993E+03  1.5962880E+05
  3.6499995E+03  1.2204485E+05
  3.6699993E+03  1.6447269E+05
  3.6899995E+03  1.1576656E+05
  3.7099995E+03  9.0621664E+04
  3.7299998E+03  4.5796969E+04
  3.7499993E+03  5.6649953E+04
  3.7699993E+03  1.2862771E+05
  3.7899995E+03  1.4272169E+05
  3.8099993E+03  1.2626805E+05
  3.8299998E+03  5.6285621E+04
  3.8499995E+03  9.8356000E+04
  3.8699995E+03  9.0218344E+04
  3.8899995E+03  1.0001337E+05
  3.9099995E+03  1.4511572E+05
  3.9299993E+03  6.3529160E+04
  3.9499993E+03  1.2687354E+05
  3.9699998E+03  8.9861000E+04
  3.9899995E+03  2.5630467E+05
  4.0099995E+03  3.2635944E+05
  4.0299993E+03  2.6506716E+05
  4.0499993E+03  2.7993441E+05
  4.0699993E+03  2.4141542E+05
  4.0899995E+03  3.8965788E+05
  4.1099995E+03  2.7197684E+05
  4.1299995E+03  2.9910003E+05
  4.1499990E+03  2.8651191E+05
  4.1699990E+03  3.0045234E+05
  4.1899995E+03  3.0568081E+05
  4.2099995E+03  2.3602016E+05
  4.2299995E+03  1.2620303E+05
  4.2499995E+03  2.3875230E+05
  4.2699990E+03  2.5387738E+05
  4.2899995E+03  2.5978556E+05
  4.3100000E+03  2.7526753E+05
  4.3299995E+03  4.1274288E+05
  4.3499995E+03  4.7206862E+05
  4.3699995E+03  4.9701331E+05
  4.3899995E+03  3.9966109E+05
  4.4099995E+03  4.0509059E+05
  4.4299995E+03  4.3413309E+05
  4.4499995E+03  4.6806028E+05
  4.4699995E+03  5.4431519E+05
  4.4899995E+03  5.6967519E+05
  4.5099990E+03  6.9421175E+05
  4.5299995E+03  5.3006519E+05
  4.5499990E+03  6.1356412E+05
  4.5699995E+03  6.9204850E+05
  4.5899990E+03  6.4300756E+05
  4.6099990E+03  6.7170656E+05
  4.6299990E+03  6.6950100E+05
  4.6499990E+03  6.3636506E+05
  4.6699990E+03  7.0973138E+05
  4.6899990E+03  6.6657631E+05
  4.7099995E+03  6.2979894E+05
  4.7299990E+03  6.1071019E+05
  4.7499995E+03  5.8542444E+05
  4.7699995E+03  4.8972369E+05
  4.7899990E+03  5.3779144E+05
  4.8099995E+03  6.5157800E+05
  4.8299995E+03  6.5728725E+05
  4.8499990E+03  7.0935869E+05
  4.8700000E+03  6.7946288E+05
  4.8899990E+03  7.0602512E+05
  4.9099990E+03  7.0309794E+05
  4.9299990E+03  6.5129144E+05
  4.9499995E+03  6.2292988E+05
  4.9699995E+03  5.6876994E+05
  4.9899990E+03  5.1627362E+05
  5.0099995E+03  4.5574016E+05
  5.0299995E+03  4.9518534E+05
  5.0499995E+03  4.6620209E+05
  5.0699995E+03  4.4289206E+05
  5.0899995E+03  4.3371831E+05
  5.1099990E+03  4.4741222E+05
  5.1299995E+03  4.2642275E+05
  5.1499985E+03  3.9806097E+05
  5.1700000E+03  3.8771409E+05
  5.1899990E+03  4.3983741E+05
  5.2099990E+03  5.1310684E+05
  5.2299995E+03  7.4798725E+05
  5.2499995E+03  8.3069219E+05
  5.2699995E+03  6.5144825E+05
  5.2899990E+03  8.6077244E+05
  5.3099995E+03  9.4420762E+05
  5.3299990E+03  7.8472531E+05
  5.3499995E+03  8.7462362E+05
  5.3699995E+03  8.5440331E+05
  5.3899995E+03  8.4528631E+05
  5.4099990E+03  8.3199456E+05
  5.4299990E+03  8.2212050E+05
  5.4499990E+03  7.8903094E+05
  5.4699995E+03  8.4864381E+05
  5.4899995E+03  8.7899512E+05
  5.5099995E+03  8.4629412E+05
  5.5299985E+03  9.3879938E+05
  5.5499990E+03  9.5490425E+05
  5.5699990E+03  9.4252200E+05
  5.5899995E+03  8.8535850E+05
  5.6099990E+03  9.2017544E+05
  5.6299995E+03  9.7518038E+05
  5.6499990E+03  1.0334802E+06
  5.6699990E+03  1.0035389E+06
  5.6899995E+03  1.0346047E+06
  5.7099995E+03  9.9308681E+05
  5.7299990E+03  1.0876678E+06
  5.7499990E+03  1.0824846E+06
  5.7699990E+03  1.0757968E+06
  5.7899995E+03  1.0399686E+06
  5.8099985E+03  1.0755994E+06
  5.8300000E+03  1.1154939E+06
  5.8499990E+03  1.0793794E+06
  5.8699985E+03  1.0745515E+06
  5.8899985E+03  9.4008194E+05
  5.9099995E+03  1.0733755E+06
  5.9299985E+03  1.0757255E+06
  5.9499995E+03  1.0771250E+06
  5.9699990E+03  1.1033225E+06
  5.9899990E+03  1.0982770E+06
  6.0099990E+03  1.0934826E+06
  6.0299995E+03  1.1291350E+06
  6.0499990E+03  1.1461786E+06
  6.0699990E+03  1.1432392E+06
  6.0899995E+03  1.1184740E+06
  6.1099985E+03  1.1204481E+06
  6.1299995E+03  1.0484831E+06
  6.1499985E+03  1.1088094E+06
  6.1699985E+03  9.6120706E+05
  6.1900000E+03  1.0829228E+06
  6.2099995E+03  1.0503639E+06
  6.2299985E+03  1.0178122E+06
  6.2499990E+03  9.9722762E+05
  6.2699985E+03  1.0386950E+06
  6.2900000E+03  1.0817096E+06
  6.3099985E+03  1.0689976E+06
  6.3299995E+03  1.0862282E+06
  6.3499985E+03  1.0970551E+06
  6.3699985E+03  1.0994616E+06
  6.3899995E+03  1.1215606E+06
  6.4099990E+03  1.0908252E+06
  6.4299985E+03  1.0979915E+06
  6.4499985E+03  1.0679201E+06
  6.4699990E+03  1.0624079E+06
  6.4899990E+03  1.0529182E+06
  6.5099985E+03  1.1037955E+06
  6.5299990E+03  1.1291152E+06
  6.5499985E+03  1.1077418E+06
  6.5699985E+03  1.1092119E+06
  6.5899995E+03  1.1177569E+06
  6.6099985E+03  1.1220401E+06
  6.6299990E+03  1.1235084E+06
  6.6499985E+03  1.1292838E+06
  6.6699995E+03  1.0867861E+06
  6.6899990E+03  1.0547931E+06
  6.7099995E+03  9.9019388E+05
  6.7299990E+03  1.0069416E+06
  6.7499995E+03  9.8370225E+05
  6.7699985E+03  9.8513231E+05
  6.7899995E+03  9.6830581E+05
  6.8099995E+03  9.9000262E+05
  6.8300000E+03  1.0165974E+06
  6.8499985E+03  1.0089841E+06
  6.8699985E+03  1.0241110E+06
  6.8899985E+03  1.0489654E+06
  6.9099990E+03  1.0699646E+06
  6.9299995E+03  1.0696025E+06
  6.9499990E+03  1.0888816E+06
  6.9699985E+03  1.1200199E+06
  6.9899985E+03  1.1101500E+06
  7.0099985E+03  1.1299672E+06
  7.0299985E+03  1.1461870E+06
  7.0499990E+03  1.1625838E+06
  7.0699980E+03  1.1170499E+06
  7.0899990E+03  1.0035853E+06
  7.1099990E+03  8.9830906E+05
  7.1299995E+03  8.5377788E+05
  7.1499990E+03  8.3824919E+05
  7.1699995E+03  8.8839388E+05
  7.1899985E+03  8.8979856E+05
  7.2099985E+03  8.9595706E+05
  7.2299980E+03  9.6509550E+05
  7.2499990E+03  9.9002412E+05
  7.2699995E+03  1.0331970E+06
  7.2899990E+03  1.0559624E+06
  7.3099980E+03  1.0862186E+06
  7.3299980E+03  1.0899754E+06
  7.3499980E+03  1.1050421E+06
  7.3699985E+03  1.1386562E+06
  7.3899995E+03  1.1409861E+06
  7.4099985E+03  1.1407361E+06
  7.4299995E+03  1.1600575E+06
  7.4500000E+03  1.1556019E+06
  7.4700000E+03  1.1734571E+06
  7.4899990E+03  1.1733771E+06
  7.5099985E+03  1.1845031E+06
  7.5299995E+03  1.1937664E+06
  7.5499980E+03  1.1971660E+06
  7.5699985E+03  1.1945299E+06
  7.5899990E+03  1.1860192E+06
  7.6099980E+03  1.1753701E+06
  7.6299995E+03  1.1470845E+06
  7.6499995E+03  1.1127698E+06
  7.6699980E+03  1.0472264E+06
  7.6899990E+03  1.0649114E+06
  7.7099995E+03  1.0368317E+06
  7.7299985E+03  1.0488751E+06
  7.7499990E+03  1.0421512E+06
  7.7700000E+03  1.0478378E+06
  7.7900000E+03  1.0650618E+06
  7.8099995E+03  1.0635051E+06
  7.8299980E+03  1.0488622E+06
  7.8499980E+03  1.0363717E+06
  7.8699995E+03  1.0756955E+06
  7.8900000E+03  1.0651048E+06
  7.9099995E+03  1.0570160E+06
  7.9300000E+03  1.0669078E+06
  7.9499985E+03  1.0624409E+06
  7.9699990E+03  1.0919885E+06
  7.9900000E+03  1.0998650E+06
  8.0099980E+03  1.1079439E+06
  8.0299985E+03  1.1062292E+06
  8.0500000E+03  1.1129472E+06
  8.0699985E+03  1.1191234E+06
  8.0899990E+03  1.1202739E+06
  8.1099995E+03  1.1344018E+06
  8.1299976E+03  1.1489478E+06
  8.1499976E+03  1.1524472E+06
  8.1699980E+03  1.1515526E+06
  8.1899985E+03  1.0853894E+06
  8.2099990E+03  1.1356640E+06
  8.2300000E+03  1.1471704E+06
  8.2500000E+03  1.1414492E+06
  8.2700000E+03  1.1570871E+06
  8.2899980E+03  1.1512371E+06
  8.3099990E+03  1.1293902E+06
  8.3299980E+03  1.1057314E+06
  8.3500000E+03  1.1197841E+06
  8.3699990E+03  1.1165905E+06
  8.3899990E+03  1.0602696E+06
  8.4099971E+03  1.1059946E+06
  8.4300000E+03  1.0336382E+06
  8.4499990E+03  1.0126591E+06
  8.4699980E+03  1.0195404E+06
  8.4899980E+03  1.0268160E+06
  8.5099990E+03  9.8911819E+05
  8.5299990E+03  1.0336215E+06
  8.5499990E+03  9.9668531E+05
  8.5699990E+03  1.0539001E+06
  8.5900000E+03  1.0537972E+06
  8.6099980E+03  1.0587158E+06
  8.6299990E+03  1.0715185E+06
  8.6499990E+03  1.0867092E+06
  8.6699990E+03  1.0132900E+06
  8.6899990E+03  1.0443011E+06
  8.7099971E+03  1.0872334E+06
  8.7299990E+03  1.0893258E+06
  8.7499980E+03  1.0876979E+06
  8.7699980E+03  1.0856324E+06
  8.7899980E+03  1.0963496E+06
  8.8099990E+03  1.0649725E+06
  8.8299980E+03  1.0759540E+06
  8.8499980E+03  1.0911061E+06
  8.8699980E+03  1.0857124E+06
  8.8899990E+03  1.1007102E+06
  8.9099971E+03  1.1008998E+06
  8.9299980E+03  1.0872340E+06
  8.9499980E+03  1.0807342E+06
  8.9699990E+03  1.0852376E+06
  8.9899990E+03  1.0906228E+06
  9.0099980E+03  1.0507492E+06
  9.0299990E+03  1.0766390E+06
  9.0499990E+03  1.0943785E+06
  9.0699980E+03  1.0937251E+06
  9.0899990E+03  1.0598285E+06
  9.1099980E+03  1.0668920E+06
  9.1299980E+03  1.0800750E+06
  9.1499980E+03  1.0790932E+06
  9.1699980E+03  1.0784684E+06
  9.1899990E+03  1.0840832E+06
  9.2099990E+03  1.0607709E+06
  9.2299980E+03  1.0589206E+06
  9.2499980E+03  1.0473898E+06
  9.2699971E+03  1.0430507E+06
  9.2899990E+03  1.0308814E+06
  9.3099980E+03  1.0437996E+06
  9.3299990E+03  1.0419690E+06
  9.3499980E+03  1.0326037E+06
  9.3699990E+03  1.0189746E+06
  9.3900000E+03  1.0362154E+06
  9.4099980E+03  1.0221579E+06
  9.4299971E+03  1.0327819E+06
  9.4499990E+03  1.0155899E+06
  9.4700000E+03  1.0334848E+06
  9.4899980E+03  1.0349065E+06
  9.5100000E+03  1.0310159E+06
  9.5300000E+03  1.0282278E+06
  9.5500000E+03  1.0105421E+06
  9.5699990E+03  1.0167712E+06
  9.5899980E+03  1.0325250E+06
  9.6099980E+03  1.0144029E+06
  9.6299990E+03  1.0266462E+06
  9.6499990E+03  9.8772456E+05
  9.6699980E+03  9.9266788E+05
  9.6899980E+03  1.0150552E+06
  9.7100000E+03  1.0035254E+06
  9.7299990E+03  9.9204269E+05
  9.7499980E+03  9.9764681E+05
  9.7699961E+03  1.0044207E+06
  9.7899980E+03  9.7948781E+05
  9.8099980E+03  1.0151146E+06
  9.8299990E+03  1.0028396E+06
  9.8499980E+03  1.0148468E+06
  9.8700000E+03  1.0092295E+06
  9.8899980E+03  1.0076171E+06
  9.9099990E+03  1.0057406E+06
  9.9300000E+03  1.0031068E+06
  9.9499980E+03  1.0025795E+06
  9.9699980E+03  1.0014037E+06
  9.9899990E+03  1.0014371E+06
  1.0024998E+04  9.9127069E+05
  1.0074998E+04  9.8479644E+05
  1.0124997E+04  9.8468569E+05
  1.0174997E+04  9.7579619E+05
  1.0224998E+04  9.6980731E+05
  1.0274997E+04  9.6809956E+05
  1.0325000E+04  9.5181900E+05
  1.0374999E+04  9.4791706E+05
  1.0425000E+04  9.5056250E+05
  1.0474998E+04  9.4034256E+05
  1.0524997E+04  9.4183631E+05
  1.0574999E+04  9.3116512E+05
  1.0625000E+04  9.3059788E+05
  1.0674997E+04  9.1819850E+05
  1.0724998E+04  9.1509381E+05
  1.0774999E+04  9.1116356E+05
  1.0824997E+04  8.9736481E+05
  1.0874997E+04  9.0177856E+05
  1.0924999E+04  9.0294888E+05
  1.0974996E+04  8.9605438E+05
  1.1025000E+04  8.9355462E+05
  1.1074998E+04  8.9143281E+05
  1.1124999E+04  8.8547731E+05
  1.1174998E+04  8.7714906E+05
  1.1224999E+04  8.7670738E+05
  1.1274997E+04  8.6103669E+05
  1.1325000E+04  8.6167462E+05
  1.1375000E+04  8.4878806E+05
  1.1425000E+04  8.3733450E+05
  1.1474997E+04  8.5093956E+05
  1.1525000E+04  8.5086100E+05
  1.1574998E+04  8.4099562E+05
  1.1625000E+04  8.2552494E+05
  1.1674998E+04  8.2698212E+05
  1.1724997E+04  8.3282394E+05
  1.1775001E+04  8.1424500E+05
  1.1824999E+04  8.1230425E+05
  1.1875000E+04  8.0221875E+05
  1.1925000E+04  8.1561319E+05
  1.1975001E+04  7.8929669E+05
  1.2024998E+04  8.0403262E+05
  1.2074996E+04  7.9506250E+05
  1.2125000E+04  7.9723094E+05
  1.2175000E+04  7.9519481E+05
  1.2225001E+04  7.9092162E+05
  1.2275001E+04  7.8544150E+05
  1.2324996E+04  7.8089269E+05
  1.2374996E+04  7.7875262E+05
  1.2424998E+04  7.7166775E+05
  1.2475000E+04  7.7144925E+05
  1.2524997E+04  7.6251688E+05
  1.2574997E+04  7.6313606E+05
  1.2624999E+04  7.5840300E+05
  1.2674997E+04  7.5151706E+05
  1.2724999E+04  7.5167181E+05
  1.2774999E+04  7.5106244E+05
  1.2825000E+04  7.2987162E+05
  1.2875001E+04  7.3739525E+05
  1.2924997E+04  7.2789038E+05
  1.2975001E+04  7.3591881E+05
  1.3024998E+04  7.2903644E+05
  1.3074999E+04  7.3014844E+05
  1.3125000E+04  7.0849994E+05
  1.3174998E+04  7.1255219E+05
  1.3224998E+04  7.1938756E+05
  1.3274997E+04  7.0976731E+05
  1.3324997E+04  7.0924588E+05
  1.3374999E+04  7.0957575E+05
  1.3424999E+04  7.0942125E+05
  1.3474999E+04  7.0665606E+05
  1.3525001E+04  7.0356200E+05
  1.3574999E+04  6.9734631E+05
  1.3624997E+04  6.9008656E+05
  1.3674997E+04  6.9490069E+05
  1.3724995E+04  6.9530681E+05
  1.3774998E+04  6.9084388E+05
  1.3824998E+04  6.9040900E+05
  1.3874996E+04  6.8191988E+05
  1.3925000E+04  6.8653175E+05
  1.3974996E+04  6.8477269E+05
  1.4024997E+04  6.7647038E+05
  1.4075001E+04  6.8083850E+05
  1.4124996E+04  6.7529094E+05
  1.4175000E+04  6.7754731E+05
  1.4225000E+04  6.7076331E+05
  1.4274994E+04  6.5396381E+05
  1.4325001E+04  6.6934362E+05
  1.4374998E+04  6.6914406E+05
  1.4424999E+04  6.5839375E+05
  1.4475000E+04  6.6606162E+05
  1.4524997E+04  6.5966275E+05
  1.4569999E+04  6.5887719E+05
  1.4620000E+04  6.6172794E+05
  1.4674998E+04  6.6043344E+05
  1.4725000E+04  6.5286300E+05
  1.4775002E+04  6.5280050E+05
  1.4824998E+04  6.5449012E+05
  1.4874996E+04  6.4056300E+05
  1.4924997E+04  6.5670831E+05
  1.4974999E+04  6.5083500E+05
  1.5024999E+04  6.1859150E+05
  1.5075000E+04  6.3344281E+05
  1.5124999E+04  6.4910581E+05
  1.5175000E+04  6.4550606E+05
  1.5225002E+04  6.4676638E+05
  1.5274998E+04  6.4880425E+05
  1.5324995E+04  6.4597344E+05
  1.5374997E+04  6.4946025E+05
  1.5425001E+04  6.5054475E+05
  1.5474996E+04  6.4965162E+05
  1.5524994E+04  6.4272312E+05
  1.5575001E+04  6.4288888E+05
  1.5624998E+04  6.4584856E+05
  1.5674997E+04  6.3771788E+05
  1.5724994E+04  6.3834631E+05
  1.5774996E+04  6.1875831E+05
  1.5825001E+04  6.3410969E+05
  1.5874995E+04  6.2393319E+05
  1.5925002E+04  6.3184556E+05
  1.5975001E+04  6.3549912E+05
  1.6049998E+04  6.3520450E+05
  1.6150001E+04  6.2623562E+05
  1.6249997E+04  6.2420181E+05
  1.6350000E+04  6.2107094E+05
  1.6449996E+04  6.1126000E+05
  1.6549998E+04  6.0364769E+05
  1.6649994E+04  5.9151300E+05
  1.6749998E+04  5.7270819E+05
  1.6849998E+04  5.6841188E+05
  1.6950000E+04  5.6113456E+05
  1.7049996E+04  5.4511156E+05
  1.7150000E+04  5.3420012E+05
  1.7249992E+04  5.2403681E+05
  1.7349994E+04  5.1627369E+05
  1.7449992E+04  5.0583303E+05
  1.7550000E+04  4.9697772E+05
  1.7649998E+04  4.8924597E+05
  1.7749994E+04  4.7811712E+05
  1.7849994E+04  4.7252681E+05
  1.7949998E+04  4.6243572E+05
  1.8050002E+04  4.5198359E+05
  1.8150002E+04  4.4535850E+05
  1.8249994E+04  4.3594456E+05
  1.8349992E+04  4.2715597E+05
  1.8449992E+04  4.1525581E+05
  1.8549998E+04  4.1341803E+05
  1.8650002E+04  4.0268172E+05
  1.8750002E+04  3.9583681E+05
  1.8850000E+04  3.9036525E+05
  1.8950004E+04  3.7572309E+05
  1.9049996E+04  3.7721853E+05
  1.9149998E+04  3.6946750E+05
  1.9249992E+04  3.6398191E+05
  1.9350000E+04  3.5136494E+05
  1.9449992E+04  3.4444528E+05
  1.9550002E+04  3.4170894E+05
  1.9649992E+04  3.3891334E+05
  1.9749992E+04  3.2644025E+05
  1.9849992E+04  3.2153403E+05
  1.9950002E+04  3.1871597E+05
  2.0050002E+04  3.1864659E+05
  2.0149996E+04  3.1343203E+05
  2.0249994E+04  3.0535544E+05
  2.0349994E+04  3.0122466E+05
  2.0449996E+04  2.9789847E+05
  2.0550000E+04  2.9248153E+05
  2.0649992E+04  2.8658138E+05
  2.0749998E+04  2.8258316E+05
  2.0849992E+04  2.7773000E+05
  2.0950004E+04  2.7084441E+05
  2.1050002E+04  2.6872784E+05
  2.1149992E+04  2.6353156E+05
  2.1250000E+04  2.6002245E+05
  2.1350002E+04  2.5669141E+05
  2.1449996E+04  2.5246144E+05
  2.1550006E+04  2.4825778E+05
  2.1649994E+04  2.4457952E+05
  2.1750002E+04  2.3922966E+05
  2.1849998E+04  2.3638217E+05
  2.1950002E+04  2.3243473E+05
  2.2050000E+04  2.2365211E+05
  2.2149996E+04  2.2605256E+05
  2.2249998E+04  2.1915488E+05
  2.2350004E+04  2.1725083E+05
  2.2449990E+04  2.1428845E+05
  2.2549994E+04  2.1211791E+05
  2.2650000E+04  2.0621005E+05
  2.2750000E+04  2.0579877E+05
  2.2850000E+04  2.0130283E+05
  2.2950004E+04  1.8050477E+05
  2.3050000E+04  1.8758564E+05
  2.3149996E+04  1.8639741E+05
  2.3250000E+04  1.6712328E+05
  2.3349996E+04  1.7355127E+05
  2.3449994E+04  1.7579433E+05
  2.3550002E+04  1.5798123E+05
  2.3649988E+04  1.6629353E+05
  2.3750000E+04  1.6660572E+05
  2.3849990E+04  1.5134305E+05
  2.3950002E+04  1.5756248E+05
  2.4050006E+04  1.5863875E+05
  2.4149992E+04  1.4673425E+05
  2.4249990E+04  1.5054919E+05
  2.4349990E+04  1.5167245E+05
  2.4450002E+04  1.4412589E+05
  2.4549990E+04  1.4255425E+05
  2.4649992E+04  1.4587642E+05
  2.4749992E+04  1.4118828E+05
  2.4850006E+04  1.3643025E+05
  2.4950000E+04  1.3852825E+05
  2.5050006E+04  1.3966378E+05
  2.5149994E+04  1.3248625E+05
  2.5249998E+04  1.3419245E+05
  2.5350004E+04  1.3358717E+05
  2.5449988E+04  1.3042241E+05
  2.5549998E+04  1.2909752E+05
  2.5649990E+04  1.2821321E+05
  2.5749990E+04  1.2777612E+05
  2.5849994E+04  1.2362655E+05
  2.5949990E+04  1.2353718E+05
  2.6049996E+04  1.2295134E+05
  2.6149998E+04  1.2140675E+05
  2.6249988E+04  1.1935185E+05
  2.6350008E+04  1.1838241E+05
  2.6449996E+04  1.1695055E+05
  2.6549994E+04  1.1580937E+05
  2.6649994E+04  1.1322323E+05
  2.6749988E+04  1.1401573E+05
  2.6849986E+04  1.1241554E+05
  2.6949986E+04  1.1070104E+05
  2.7050002E+04  1.0965225E+05
  2.7149998E+04  1.0845759E+05
  2.7249994E+04  1.0717093E+05
  2.7350006E+04  1.0576909E+05
  2.7450004E+04  1.0475991E+05
  2.7549996E+04  1.0371791E+05
  2.7649982E+04  1.0210187E+05
  2.7750004E+04  1.0076542E+05
  2.7850000E+04  9.9746836E+04
  2.7949992E+04  9.8793297E+04
  2.8049994E+04  9.7467656E+04
  2.8150002E+04  9.6072727E+04
  2.8250006E+04  9.5077461E+04
  2.8350000E+04  9.4122023E+04
  2.8450000E+04  9.2837828E+04
  2.8550002E+04  9.1703297E+04
  2.8650002E+04  9.0628234E+04
  2.8749982E+04  8.9625258E+04
  2.8849998E+04  8.8488922E+04
  2.8949986E+04  8.7420227E+04
  2.9049994E+04  8.6212219E+04
  2.9149986E+04  8.5222750E+04
  2.9249984E+04  8.3306820E+04
  2.9349980E+04  8.3085633E+04
  2.9450000E+04  8.2179062E+04
  2.9550004E+04  8.1226867E+04
  2.9649982E+04  8.0332891E+04
  2.9749992E+04  7.9406344E+04
  2.9849994E+04  7.8346680E+04
  2.9949984E+04  7.7349836E+04
  3.0049996E+04  7.6493711E+04
  3.0149994E+04  7.5655594E+04
  3.0249994E+04  7.4612773E+04
  3.0349996E+04  7.3806969E+04
  3.0449996E+04  7.3030445E+04
  3.0549996E+04  7.2084875E+04
  3.0649996E+04  7.1174148E+04
  3.0749994E+04  7.0453008E+04
  3.0849996E+04  6.9328023E+04
  3.0949994E+04  6.8766695E+04
  3.1049996E+04  6.8007938E+04
  3.1149996E+04  6.6838195E+04
  3.1249996E+04  6.6434266E+04
  3.1349996E+04  6.5639297E+04
  3.1449996E+04  6.4887355E+04
  3.1549998E+04  6.4090633E+04
  3.1649996E+04  6.3250023E+04
  3.1749998E+04  6.2710203E+04
  3.1849996E+04  6.1990230E+04
  3.1949994E+04  6.1303875E+04
  3.2099996E+04  6.0238688E+04
  3.2299992E+04  5.8841430E+04
  3.2499994E+04  5.7548773E+04
  3.2699996E+04  5.6237449E+04
  3.2899996E+04  5.5009348E+04
  3.3099996E+04  5.3762031E+04
  3.3299992E+04  5.2520250E+04
  3.3499996E+04  5.1505605E+04
  3.3699996E+04  5.0348730E+04
  3.3899996E+04  4.9205664E+04
  3.4099996E+04  4.8027547E+04
  3.4299996E+04  4.7196914E+04
  3.4499992E+04  4.6220832E+04
  3.4699996E+04  4.5239008E+04
  3.4899996E+04  4.4292066E+04
  3.5099996E+04  4.3394285E+04
  3.5299996E+04  4.2450461E+04
  3.5499996E+04  4.1605801E+04
  3.5699992E+04  4.0727109E+04
  3.5899992E+04  3.9894590E+04
  3.6099996E+04  3.9109754E+04
  3.6299992E+04  3.8316887E+04
  3.6499992E+04  3.7507891E+04
  3.6699992E+04  3.6711406E+04
  3.6899992E+04  3.5913340E+04
  3.7099996E+04  3.5185039E+04
  3.7299996E+04  3.4583980E+04
  3.7499992E+04  3.3859770E+04
  3.7699996E+04  3.3260258E+04
  3.7899996E+04  3.2598043E+04
  3.8099992E+04  3.1986805E+04
  3.8299996E+04  3.1394209E+04
  3.8499996E+04  3.0791848E+04
  3.8699996E+04  3.0069422E+04
  3.8899992E+04  2.9596711E+04
  3.9099996E+04  2.9072922E+04
  3.9299992E+04  2.8521654E+04
  3.9499992E+04  2.7888273E+04
  3.9699992E+04  2.7428721E+04
  3.9900000E+04  2.6797098E+04
  4.0099996E+04  2.6385209E+04
  4.0299992E+04  2.5963922E+04
  4.0499996E+04  2.5411824E+04
  4.0699992E+04  2.5008047E+04
  4.0899992E+04  2.4563631E+04
  4.1099996E+04  2.4115500E+04
  4.1299996E+04  2.3699182E+04
  4.1499992E+04  2.3263506E+04
  4.1699992E+04  2.2848070E+04
  4.1899996E+04  2.2351498E+04
  4.2099996E+04  2.1954715E+04
  4.2299992E+04  2.1669699E+04
  4.2499996E+04  2.1257652E+04
  4.2699992E+04  2.0916418E+04
  4.2899992E+04  1.9683605E+04
  4.3099996E+04  1.8483467E+04
  4.3299996E+04  1.8446939E+04
  4.3499992E+04  1.7396121E+04
  4.3699996E+04  1.6744066E+04
  4.3899996E+04  1.6333421E+04
  4.4099992E+04  1.5536093E+04
  4.4299992E+04  1.5188230E+04
  4.4499996E+04  1.4920932E+04
  4.4699996E+04  1.4254124E+04
  4.4899996E+04  1.4277666E+04
  4.5099992E+04  1.3794032E+04
  4.5299992E+04  1.3435124E+04
  4.5499996E+04  1.3406984E+04
  4.5699992E+04  1.3310279E+04
  4.5899996E+04  1.2816874E+04
  4.6099996E+04  1.2917210E+04
  4.6299992E+04  1.2678623E+04
  4.6499988E+04  1.2653252E+04
  4.6699992E+04  1.2634930E+04
  4.6899992E+04  1.2374623E+04
  4.7099992E+04  1.2152918E+04
  4.7299992E+04  1.2270276E+04
  4.7499996E+04  1.1917037E+04
  4.7699992E+04  1.1784035E+04
  4.7899992E+04  1.1723437E+04
  4.8099996E+04  1.1347047E+04
  4.8299992E+04  1.1483070E+04
  4.8499992E+04  1.1280932E+04
  4.8700000E+04  1.0987683E+04
  4.8899992E+04  1.0821106E+04
  4.9099988E+04  1.0757354E+04
  4.9299988E+04  1.0538033E+04
  4.9499996E+04  1.0347263E+04
  4.9699992E+04  1.0308995E+04
  4.9899988E+04  1.0163586E+04
  5.0099996E+04  1.0021811E+04
  5.0299996E+04  9.9202344E+03
  5.0499996E+04  9.6688291E+03
  5.0699996E+04  9.6306562E+03
  5.0899992E+04  9.5304053E+03
  5.1099992E+04  9.3193193E+03
  5.1299996E+04  9.3477168E+03
  5.1499988E+04  9.1305156E+03
  5.1699996E+04  9.1247012E+03
  5.1899992E+04  8.9286377E+03
  5.2099992E+04  8.8757627E+03
  5.2299996E+04  8.6983750E+03
  5.2499996E+04  8.6587441E+03
  5.2699996E+04  8.6186494E+03
  5.2899992E+04  8.3872090E+03
  5.3099988E+04  8.3138604E+03
  5.3299988E+04  8.2491982E+03
  5.3499992E+04  8.1598638E+03
  5.3699992E+04  8.0865234E+03
  5.3899992E+04  7.9971870E+03
  5.4099992E+04  7.9031558E+03
  5.4299984E+04  7.7269863E+03
  5.4499988E+04  7.7235220E+03
  5.4699996E+04  7.6206831E+03
  5.4899992E+04  7.5205132E+03
  5.5099992E+04  7.4389653E+03
  5.5299988E+04  7.4655776E+03
  5.5499988E+04  7.2412515E+03
  5.5699992E+04  7.2578281E+03
  5.5899992E+04  7.1313584E+03
  5.6099988E+04  7.0610913E+03
  5.6299996E+04  6.9420747E+03
  5.6499988E+04  6.9143770E+03
  5.6699988E+04  6.8358027E+03
  5.6899992E+04  6.7113813E+03
  5.7099996E+04  6.6914863E+03
  5.7299988E+04  6.5987314E+03
  5.7499988E+04  6.5266987E+03
  5.7699988E+04  6.4354766E+03
  5.7899996E+04  6.3970483E+03
  5.8099988E+04  6.2877959E+03
  5.8299996E+04  6.2251089E+03
  5.8499992E+04  6.1611514E+03
  5.8699988E+04  6.0621665E+03
  5.8899988E+04  5.9961992E+03
  5.9099992E+04  5.9425254E+03
  5.9299988E+04  5.8711187E+03
  5.9499996E+04  5.7965977E+03
  5.9699988E+04  5.7468325E+03
  5.9899992E+04  5.6750259E+03
  6.0099992E+04  5.6119736E+03
  6.0299992E+04  5.5421699E+03
  6.0499988E+04  5.4608164E+03
  6.0699992E+04  5.3991235E+03
  6.0899992E+04  5.3413721E+03
  6.1099988E+04  5.2690229E+03
  6.1299992E+04  5.2174521E+03
  6.1499988E+04  5.1586719E+03
  6.1699988E+04  5.0996519E+03
  6.1899996E+04  5.0436440E+03
  6.2099996E+04  4.9881538E+03
  6.2299988E+04  4.9256050E+03
  6.2499992E+04  4.8597974E+03
  6.2699988E+04  4.7980820E+03
  6.2899996E+04  4.7528574E+03
  6.3099984E+04  4.6932573E+03
  6.3299996E+04  4.6512339E+03
  6.3499984E+04  4.5885347E+03
  6.3699984E+04  4.5458403E+03
  6.3900000E+04  4.4847651E+03
  6.4199992E+04  4.4097710E+03
  6.4599984E+04  4.3071245E+03
  6.4999992E+04  4.2090674E+03
  6.5399992E+04  4.1139619E+03
  6.5799992E+04  4.0217209E+03
  6.6199984E+04  3.9296841E+03
  6.6599984E+04  3.8409194E+03
  6.6999992E+04  3.7548264E+03
  6.7399992E+04  3.6696721E+03
  6.7799992E+04  3.5874895E+03
  6.8199992E+04  3.5064907E+03
  6.8599992E+04  3.4303337E+03
  6.8999984E+04  3.3545161E+03
  6.9399984E+04  3.2807595E+03
  6.9800000E+04  3.2095503E+03
  7.0199992E+04  3.1384485E+03
  7.0599984E+04  3.0712419E+03
  7.0999977E+04  3.0052717E+03
  7.1399977E+04  2.9408777E+03
  7.1799984E+04  2.8777273E+03
  7.2199984E+04  2.8170940E+03
  7.2600000E+04  2.7574739E+03
  7.2999984E+04  2.6995557E+03
  7.3400000E+04  2.6417517E+03
  7.3799984E+04  2.5876006E+03
  7.4199992E+04  2.5312424E+03
  7.4599992E+04  2.4800037E+03
  7.5000000E+04  2.4288396E+03
  7.5399992E+04  2.3780234E+03
  7.5799992E+04  2.3333213E+03
  7.6199984E+04  2.2861157E+03
  7.6599992E+04  2.2402146E+03
  7.6999992E+04  2.1949514E+03
  7.7399992E+04  2.1515710E+03
  7.7799984E+04  2.1090894E+03
  7.8199984E+04  2.0674849E+03
  7.8599984E+04  2.0268596E+03
  7.8999984E+04  1.9871904E+03
  7.9399984E+04  1.9487539E+03
  7.9800000E+04  1.9111034E+03
  8.0199992E+04  1.8728180E+03
  8.0599984E+04  1.8378641E+03
  8.0999992E+04  1.8029326E+03
  8.1399977E+04  1.7687690E+03
  8.1799984E+04  1.7356918E+03
  8.2199984E+04  1.7030615E+03
  8.2599992E+04  1.6711456E+03
  8.2999984E+04  1.6399840E+03
  8.3400000E+04  1.6087452E+03
  8.3799992E+04  1.5786176E+03
  8.4199992E+04  1.5504761E+03
  8.4599977E+04  1.5217955E+03
  8.4999977E+04  1.4944186E+03
  8.5399984E+04  1.4675896E+03
  8.5799984E+04  1.4412462E+03
  8.6199992E+04  1.4153779E+03
  8.6599992E+04  1.3900759E+03
  8.6999984E+04  1.3651288E+03
  8.7399992E+04  1.3411211E+03
  8.7799992E+04  1.3173958E+03
  8.8199984E+04  1.2941417E+03
  8.8599977E+04  1.2715410E+03
  8.8999992E+04  1.2492451E+03
  8.9399977E+04  1.2277687E+03
  8.9799977E+04  1.2056897E+03
  9.0199984E+04  1.1858053E+03
  9.0599984E+04  1.1655358E+03
  9.0999992E+04  1.1442567E+03
  9.1400000E+04  1.1258301E+03
  9.1799969E+04  1.1064297E+03
  9.2199969E+04  1.0885186E+03
  9.2599984E+04  1.0702157E+03
  9.3000000E+04  1.0523608E+03
  9.3399984E+04  1.0348591E+03
  9.3799984E+04  1.0177452E+03
  9.4199977E+04  1.0009265E+03
  9.4599984E+04  9.8443927E+02
  9.4999969E+04  9.6831921E+02
  9.5399984E+04  9.5255798E+02
  9.5799984E+04  9.3714911E+02
  9.6199992E+04  9.2196283E+02
  9.6599984E+04  9.0711694E+02
  9.7000000E+04  8.9260376E+02
  9.7399977E+04  8.7770294E+02
  9.7799984E+04  8.6427533E+02
  9.8199977E+04  8.5064648E+02
  9.8599977E+04  8.3720990E+02
  9.8999992E+04  8.2407709E+02
  9.9399984E+04  8.1112866E+02
  9.9799977E+04  7.9851233E+02
  1.0019999E+05  7.8610822E+02
  1.9999991E+05  5.1185822E+01
  3.9999994E+05  3.2231877E+00
  5.9999981E+05  6.3664782E-01
  7.9999994E+05  2.0106952E-01
