  9.2499988E+02  4.1256706E-13
  9.3499982E+02  5.9481798E-13
  9.4500000E+02  9.6517727E-13
  9.5500000E+02  1.0559389E-12
  9.6499988E+02  2.3750296E-12
  9.7499982E+02  2.7706953E-12
  9.8499976E+02  4.6692433E-12
  9.9499988E+02  8.5824481E-12
  1.0049999E+03  1.1387875E-11
  1.0149997E+03  1.6635174E-11
  1.0249998E+03  2.6396873E-11
  1.0349998E+03  6.3268037E-11
  1.0449998E+03  9.0507039E-11
  1.0549999E+03  9.6648647E-11
  1.0649999E+03  2.4655844E-10
  1.0750000E+03  3.5918610E-10
  1.0849996E+03  7.1146405E-10
  1.0949999E+03  1.0249817E-09
  1.1049999E+03  1.3680284E-09
  1.1149999E+03  1.9700817E-09
  1.1249999E+03  4.7013313E-09
  1.1349996E+03  8.7621981E-09
  1.1449999E+03  1.4645758E-08
  1.1549999E+03  2.1795888E-08
  1.1650000E+03  2.8770746E-08
  1.1749995E+03  4.7040331E-08
  1.1849996E+03  5.6793365E-08
  1.1949998E+03  6.4861339E-08
  1.2049996E+03  5.4280303E-08
  1.2149998E+03  9.5011092E-09
  1.2249996E+03  8.9991701E-08
  1.2349996E+03  2.6770050E-07
  1.2449998E+03  4.1644140E-07
  1.2549996E+03  6.0981978E-07
  1.2650000E+03  7.8250571E-07
  1.2749998E+03  1.0988268E-06
  1.2849995E+03  1.1482982E-06
  1.2949998E+03  1.4456049E-06
  1.3049995E+03  1.8978407E-06
  1.3149998E+03  2.3705609E-06
  1.3249998E+03  2.7170925E-06
  1.3349996E+03  3.0325098E-06
  1.3449995E+03  4.1350545E-06
  1.3549996E+03  5.4906686E-06
  1.3649999E+03  6.0265975E-06
  1.3749999E+03  6.3782340E-06
  1.3849996E+03  7.5689345E-06
  1.3949999E+03  8.5741485E-06
  1.4050001E+03  1.2103394E-05
  1.4149998E+03  1.5310919E-05
  1.4249998E+03  1.7302498E-05
  1.4350000E+03  2.4317573E-05
  1.4419998E+03  3.6012570E-05
  1.4469999E+03  2.9088820E-05
  1.4549994E+03  3.5233137E-05
  1.4650000E+03  5.4099230E-05
  1.4749995E+03  6.6358734E-05
  1.4849996E+03  6.8749781E-05
  1.4949998E+03  1.0681740E-04
  1.5049996E+03  1.5019429E-04
  1.5119995E+03  8.0656377E-05
  1.5169994E+03  1.3246054E-04
  1.5250001E+03  2.1924014E-04
  1.5349994E+03  3.0047848E-04
  1.5449994E+03  2.0402098E-04
  1.5549998E+03  3.3980413E-04
  1.5649999E+03  3.1458706E-04
  1.5750001E+03  6.5735483E-04
  1.5850000E+03  6.9719355E-04
  1.5949996E+03  6.6549628E-04
  1.6049999E+03  7.0502219E-04
  1.6150000E+03  7.3856703E-04
  1.6249996E+03  7.1316975E-04
  1.6350000E+03  9.5399987E-04
  1.6449996E+03  1.2876750E-03
  1.6549999E+03  1.0647185E-03
  1.6649993E+03  1.6942113E-03
  1.6720000E+03  1.4195624E-03
  1.6770001E+03  2.1825717E-03
  1.6849998E+03  2.8975236E-03
  1.6950000E+03  4.1595004E-03
  1.7049995E+03  4.2893048E-03
  1.7150000E+03  4.6386747E-03
  1.7249993E+03  6.4288229E-03
  1.7349994E+03  7.4175866E-03
  1.7449993E+03  1.0398249E-02
  1.7550001E+03  1.0579016E-02
  1.7649998E+03  1.3581972E-02
  1.7749995E+03  1.2206126E-02
  1.7849995E+03  2.3226695E-02
  1.7949999E+03  1.9676024E-02
  1.8050001E+03  3.3798166E-02
  1.8150001E+03  2.4337299E-02
  1.8249994E+03  3.9388951E-02
  1.8349993E+03  3.4462027E-02
  1.8449993E+03  4.9919013E-02
  1.8549998E+03  4.0158298E-02
  1.8650002E+03  6.7232400E-02
  1.8750001E+03  6.2918752E-02
  1.8850000E+03  7.9122707E-02
  1.8950002E+03  9.9539250E-02
  1.9049996E+03  1.0552401E-01
  1.9149999E+03  1.5205027E-01
  1.9249993E+03  1.2868787E-01
  1.9350001E+03  9.2820257E-02
  1.9449993E+03  1.8016955E-01
  1.9550002E+03  2.5417969E-01
  1.9670002E+03  2.7568346E-01
  1.9759990E+03  3.2011825E-01
  1.9839996E+03  4.0564135E-01
  1.9950001E+03  3.6335573E-01
  2.0050002E+03  4.2473090E-01
  2.0149996E+03  4.8683104E-01
  2.0249994E+03  4.5648512E-01
  2.0349995E+03  5.7626772E-01
  2.0449998E+03  6.0920131E-01
  2.0550000E+03  7.2248811E-01
  2.0649993E+03  6.9207835E-01
  2.0739993E+03  6.6383028E-01
  2.0780002E+03  1.2070400E+00
  2.0849993E+03  1.6007950E+00
  2.0950005E+03  1.7362745E+00
  2.1050002E+03  1.5694993E+00
  2.1149990E+03  1.5948672E+00
  2.1250000E+03  1.8252546E+00
  2.1350002E+03  2.3621094E+00
  2.1449998E+03  1.8451715E+00
  2.1550005E+03  2.2365353E+00
  2.1649995E+03  2.1900432E+00
  2.1750002E+03  2.4055161E+00
  2.1849998E+03  2.1895888E+00
  2.1950000E+03  3.7598825E+00
  2.2050000E+03  3.0774636E+00
  2.2149998E+03  3.7737617E+00
  2.2249998E+03  3.2817302E+00
  2.2350005E+03  5.6603918E+00
  2.2449990E+03  6.2924623E+00
  2.2549993E+03  7.8843184E+00
  2.2650000E+03  4.0369616E+00
  2.2750000E+03  8.3213367E+00
  2.2850000E+03  7.9809694E+00
  2.2950002E+03  1.3485644E+01
  2.3050000E+03  4.7576056E+00
  2.3149995E+03  1.6926622E+01
  2.3250000E+03  1.3200507E+01
  2.3349995E+03  2.0875631E+01
  2.3449993E+03  1.2614580E+01
  2.3550000E+03  1.0958900E+01
  2.3649988E+03  1.5118571E+01
  2.3750000E+03  1.4477234E+01
  2.3849990E+03  2.5515919E+01
  2.3950000E+03  2.3127996E+01
  2.4050005E+03  4.2050735E+01
  2.4149993E+03  2.5929770E+01
  2.4249990E+03  3.3298916E+01
  2.4349990E+03  4.8974110E+01
  2.4450000E+03  6.7317589E+01
  2.4549990E+03  7.8077919E+01
  2.4649990E+03  5.0061020E+01
  2.4749993E+03  8.9717926E+01
  2.4850005E+03  3.3544167E+01
  2.4950000E+03  3.9419121E+01
  2.5050005E+03  7.9020523E+01
  2.5129988E+03  5.6290157E+01
  2.5179990E+03  6.1967678E+01
  2.5249998E+03  7.5398315E+01
  2.5350007E+03  1.5779897E+02
  2.5449988E+03  1.9411261E+02
  2.5550000E+03  2.0929724E+02
  2.5649990E+03  1.1862198E+02
  2.5749990E+03  1.8580916E+02
  2.5849993E+03  1.4087274E+02
  2.5949990E+03  1.6668178E+02
  2.6049995E+03  2.2727153E+02
  2.6149998E+03  2.0998407E+02
  2.6249990E+03  3.1424579E+02
  2.6350007E+03  4.6031207E+02
  2.6449995E+03  3.8222986E+02
  2.6549998E+03  4.9307019E+02
  2.6649995E+03  4.6067456E+02
  2.6749988E+03  3.9851276E+02
  2.6849988E+03  5.3479938E+02
  2.6949988E+03  3.9733484E+02
  2.7050000E+03  6.0662201E+02
  2.7150000E+03  6.1197443E+02
  2.7249995E+03  5.4975580E+02
  2.7350007E+03  5.7293896E+02
  2.7450002E+03  7.8721173E+02
  2.7549998E+03  7.4641547E+02
  2.7649983E+03  9.7011560E+02
  2.7750005E+03  1.2578922E+03
  2.7850000E+03  9.0071356E+02
  2.7949993E+03  1.1520417E+03
  2.8049995E+03  1.1883718E+03
  2.8150002E+03  1.2465969E+03
  2.8250007E+03  1.3305936E+03
  2.8350000E+03  1.2361953E+03
  2.8450002E+03  1.0241202E+03
  2.8550005E+03  5.4986835E+02
  2.8650000E+03  1.4967935E+03
  2.8749983E+03  1.5511221E+03
  2.8850000E+03  2.1729343E+03
  2.8949988E+03  2.4704929E+03
  2.9099988E+03  2.9754819E+03
  2.9299983E+03  3.1918494E+03
  2.9499990E+03  3.3527854E+03
  2.9700005E+03  3.4735757E+03
  2.9899980E+03  4.1975396E+03
  3.0099995E+03  4.7523569E+03
  3.0299995E+03  6.4465112E+03
  3.0499995E+03  7.6784307E+03
  3.0699995E+03  6.5106567E+03
  3.0899995E+03  5.8833364E+03
  3.1099995E+03  8.3615039E+03
  3.1299998E+03  8.0388745E+03
  3.1499995E+03  1.1058432E+04
  3.1699995E+03  1.6786516E+04
  3.1899995E+03  1.3150360E+04
  3.2099998E+03  1.6367839E+04
  3.2299993E+03  1.8179273E+04
  3.2499993E+03  2.8471221E+04
  3.2699995E+03  3.5735898E+04
  3.2899995E+03  4.5434484E+04
  3.3099998E+03  3.7088406E+04
  3.3299993E+03  4.2144625E+04
  3.3499995E+03  4.2566059E+04
  3.3699995E+03  2.7961490E+04
  3.3899993E+03  3.7754941E+04
  3.4099993E+03  4.4894621E+04
  3.4299995E+03  5.6896309E+04
  3.4499993E+03  6.7747086E+04
  3.4699998E+03  8.0290711E+04
  3.4899993E+03  9.3437102E+04
  3.5099995E+03  1.2446464E+05
  3.5299995E+03  1.0146571E+05
  3.5499995E+03  1.2612376E+05
  3.5699995E+03  1.0489785E+05
  3.5899995E+03  1.1235844E+05
  3.6099995E+03  1.4639345E+05
  3.6299993E+03  1.5363350E+05
  3.6399993E+03  1.5074045E+05
  3.6499995E+03  1.1705944E+05
  3.6699993E+03  1.5761991E+05
  3.6899995E+03  1.0706214E+05
  3.7099995E+03  8.3009875E+04
  3.7299998E+03  4.0061852E+04
  3.7499993E+03  4.9888176E+04
  3.7699993E+03  1.1972157E+05
  3.7899995E+03  1.3304378E+05
  3.8099993E+03  1.1366540E+05
  3.8299998E+03  4.8883941E+04
  3.8499995E+03  8.5421641E+04
  3.8699995E+03  7.7460078E+04
  3.8899995E+03  8.8506305E+04
  3.9099995E+03  1.3329236E+05
  3.9299993E+03  5.4667516E+04
  3.9499993E+03  1.1309841E+05
  3.9699998E+03  7.7060938E+04
  3.9899995E+03  2.4667344E+05
  4.0099995E+03  3.2275144E+05
  4.0299993E+03  2.6110056E+05
  4.0499993E+03  2.7065531E+05
  4.0699993E+03  2.2954366E+05
  4.0899995E+03  3.8808144E+05
  4.1099995E+03  2.5832781E+05
  4.1299995E+03  2.8363925E+05
  4.1499990E+03  2.7150603E+05
  4.1699990E+03  2.7631738E+05
  4.1899995E+03  2.8688288E+05
  4.2099995E+03  2.2749669E+05
  4.2299995E+03  1.2226155E+05
  4.2499995E+03  2.3556116E+05
  4.2699990E+03  2.3972372E+05
  4.2899995E+03  2.4484241E+05
  4.3100000E+03  2.6159844E+05
  4.3299995E+03  4.0671478E+05
  4.3499995E+03  4.6153662E+05
  4.3699995E+03  4.8740606E+05
  4.3899995E+03  3.8662247E+05
  4.4099995E+03  3.9342912E+05
  4.4299995E+03  4.2935312E+05
  4.4499995E+03  4.6870712E+05
  4.4699995E+03  5.4214694E+05
  4.4899995E+03  5.6997419E+05
  4.5099990E+03  7.0669531E+05
  4.5299995E+03  5.3353494E+05
  4.5499990E+03  6.1505638E+05
  4.5699995E+03  6.9756838E+05
  4.5899990E+03  6.4602950E+05
  4.6099990E+03  6.7925819E+05
  4.6299990E+03  6.6690012E+05
  4.6499990E+03  6.4176625E+05
  4.6699990E+03  7.1481000E+05
  4.6899990E+03  6.7051556E+05
  4.7099995E+03  6.2777812E+05
  4.7299990E+03  6.0954838E+05
  4.7499995E+03  5.8572500E+05
  4.7699995E+03  4.8147803E+05
  4.7899990E+03  5.3091162E+05
  4.8099995E+03  6.4278506E+05
  4.8299995E+03  6.5647981E+05
  4.8499990E+03  7.0432969E+05
  4.8700000E+03  6.6974156E+05
  4.8899990E+03  7.0553675E+05
  4.9099990E+03  6.9916000E+05
  4.9299990E+03  6.4701344E+05
  4.9499995E+03  6.1857875E+05
  4.9699995E+03  5.5598894E+05
  4.9899990E+03  5.0518350E+05
  5.0099995E+03  4.3947012E+05
  5.0299995E+03  4.8258828E+05
  5.0499995E+03  4.5549209E+05
  5.0699995E+03  4.3102066E+05
  5.0899995E+03  4.1981697E+05
  5.1099990E+03  4.3826519E+05
  5.1299995E+03  4.1487038E+05
  5.1499985E+03  3.8723731E+05
  5.1700000E+03  3.6894009E+05
  5.1899990E+03  4.1818678E+05
  5.2099990E+03  5.0210081E+05
  5.2299995E+03  7.3297462E+05
  5.2499995E+03  8.1631306E+05
  5.2699995E+03  6.4008094E+05
  5.2899990E+03  8.5316612E+05
  5.3099995E+03  9.4162900E+05
  5.3299990E+03  7.6997900E+05
  5.3499995E+03  8.7010894E+05
  5.3699995E+03  8.4656488E+05
  5.3899995E+03  8.3142412E+05
  5.4099990E+03  8.2329319E+05
  5.4299990E+03  8.1234594E+05
  5.4499990E+03  7.7660112E+05
  5.4699995E+03  8.2744062E+05
  5.4899995E+03  8.5737119E+05
  5.5099995E+03  8.2507500E+05
  5.5299985E+03  9.1963075E+05
  5.5499990E+03  9.3593462E+05
  5.5699990E+03  9.2554606E+05
  5.5899995E+03  8.7161444E+05
  5.6099990E+03  9.0358450E+05
  5.6299995E+03  9.5091025E+05
  5.6499990E+03  1.0102077E+06
  5.6699990E+03  9.8020775E+05
  5.6899995E+03  1.0187564E+06
  5.7099995E+03  9.6969988E+05
  5.7299990E+03  1.0750118E+06
  5.7499990E+03  1.0612565E+06
  5.7699990E+03  1.0551344E+06
  5.7899995E+03  1.0111889E+06
  5.8099985E+03  1.0548186E+06
  5.8300000E+03  1.1002756E+06
  5.8499990E+03  1.0593551E+06
  5.8699985E+03  1.0545761E+06
  5.8899985E+03  9.2063275E+05
  5.9099995E+03  1.0492581E+06
  5.9299985E+03  1.0527346E+06
  5.9499995E+03  1.0521815E+06
  5.9699990E+03  1.0828162E+06
  5.9899990E+03  1.0715025E+06
  6.0099990E+03  1.0657388E+06
  6.0299995E+03  1.1078950E+06
  6.0499990E+03  1.1281666E+06
  6.0699990E+03  1.1255502E+06
  6.0899995E+03  1.0945016E+06
  6.1099985E+03  1.0990545E+06
  6.1299995E+03  1.0229177E+06
  6.1499985E+03  1.0810194E+06
  6.1699985E+03  9.3452719E+05
  6.1900000E+03  1.0510661E+06
  6.2099995E+03  1.0153909E+06
  6.2299985E+03  9.7782181E+05
  6.2499990E+03  9.5791712E+05
  6.2699985E+03  1.0015132E+06
  6.2900000E+03  1.0485728E+06
  6.3099985E+03  1.0329480E+06
  6.3299995E+03  1.0510642E+06
  6.3499985E+03  1.0598701E+06
  6.3699985E+03  1.0613955E+06
  6.3899995E+03  1.0887146E+06
  6.4099990E+03  1.0553416E+06
  6.4299985E+03  1.0638218E+06
  6.4499985E+03  1.0380367E+06
  6.4699990E+03  1.0310890E+06
  6.4899990E+03  1.0165152E+06
  6.5099985E+03  1.0714380E+06
  6.5299990E+03  1.0925384E+06
  6.5499985E+03  1.0711244E+06
  6.5699985E+03  1.0718570E+06
  6.5899995E+03  1.0819296E+06
  6.6099985E+03  1.0853085E+06
  6.6299990E+03  1.0842554E+06
  6.6499985E+03  1.0913741E+06
  6.6699995E+03  1.0450388E+06
  6.6899990E+03  1.0102648E+06
  6.7099995E+03  9.4091025E+05
  6.7299990E+03  9.5778400E+05
  6.7499995E+03  9.3301638E+05
  6.7699985E+03  9.3351250E+05
  6.7899995E+03  9.1502862E+05
  6.8099995E+03  9.3898750E+05
  6.8300000E+03  9.6749575E+05
  6.8499985E+03  9.5671625E+05
  6.8699985E+03  9.7541988E+05
  6.8899985E+03  1.0027785E+06
  6.9099990E+03  1.0246759E+06
  6.9299995E+03  1.0241042E+06
  6.9499990E+03  1.0459068E+06
  6.9699985E+03  1.0787645E+06
  6.9899985E+03  1.0676655E+06
  7.0099985E+03  1.0859614E+06
  7.0299985E+03  1.1055568E+06
  7.0499990E+03  1.1240028E+06
  7.0699980E+03  1.0743909E+06
  7.0899990E+03  9.5329731E+05
  7.1099990E+03  8.4241631E+05
  7.1299995E+03  7.9842050E+05
  7.1499990E+03  7.8533806E+05
  7.1699995E+03  8.3226000E+05
  7.1899985E+03  8.3222762E+05
  7.2099985E+03  8.4240119E+05
  7.2299980E+03  9.1125888E+05
  7.2499990E+03  9.3927944E+05
  7.2699995E+03  9.8251731E+05
  7.2899990E+03  1.0052058E+06
  7.3099980E+03  1.0387709E+06
  7.3299980E+03  1.0462922E+06
  7.3499980E+03  1.0615964E+06
  7.3699985E+03  1.0980816E+06
  7.3899995E+03  1.0983544E+06
  7.4099985E+03  1.0985400E+06
  7.4299995E+03  1.1198625E+06
  7.4500000E+03  1.1167085E+06
  7.4700000E+03  1.1355144E+06
  7.4899990E+03  1.1348981E+06
  7.5099985E+03  1.1485666E+06
  7.5299995E+03  1.1585520E+06
  7.5499980E+03  1.1631292E+06
  7.5699985E+03  1.1590292E+06
  7.5899990E+03  1.1498554E+06
  7.6099980E+03  1.1377698E+06
  7.6299995E+03  1.1069631E+06
  7.6499995E+03  1.0701542E+06
  7.6699980E+03  1.0055371E+06
  7.6899990E+03  1.0195526E+06
  7.7099995E+03  9.9468662E+05
  7.7299985E+03  1.0006429E+06
  7.7499990E+03  9.9460675E+05
  7.7700000E+03  1.0006626E+06
  7.7900000E+03  1.0196806E+06
  7.8099995E+03  1.0181706E+06
  7.8299980E+03  1.0022229E+06
  7.8499980E+03  9.8758550E+05
  7.8699995E+03  1.0310496E+06
  7.8900000E+03  1.0181434E+06
  7.9099995E+03  1.0087264E+06
  7.9300000E+03  1.0199394E+06
  7.9499985E+03  1.0145762E+06
  7.9699990E+03  1.0475666E+06
  7.9900000E+03  1.0563732E+06
  8.0099980E+03  1.0661368E+06
  8.0299985E+03  1.0638708E+06
  8.0500000E+03  1.0722524E+06
  8.0699985E+03  1.0772415E+06
  8.0899990E+03  1.0772750E+06
  8.1099995E+03  1.0929892E+06
  8.1299976E+03  1.1103608E+06
  8.1499976E+03  1.1140494E+06
  8.1699980E+03  1.1142455E+06
  8.1899985E+03  1.0547231E+06
  8.2099990E+03  1.0962044E+06
  8.2300000E+03  1.1106834E+06
  8.2500000E+03  1.1037551E+06
  8.2700000E+03  1.1223844E+06
  8.2899980E+03  1.1157150E+06
  8.3099990E+03  1.0891289E+06
  8.3299980E+03  1.0688121E+06
  8.3500000E+03  1.0800696E+06
  8.3699990E+03  1.0790015E+06
  8.3899990E+03  1.0225919E+06
  8.4099971E+03  1.0687624E+06
  8.4300000E+03  9.9271256E+05
  8.4499990E+03  9.6454012E+05
  8.4699980E+03  9.7495694E+05
  8.4899980E+03  9.8191962E+05
  8.5099990E+03  9.4510881E+05
  8.5299990E+03  9.8981838E+05
  8.5499990E+03  9.5458125E+05
  8.5699990E+03  1.0124027E+06
  8.5900000E+03  1.0126970E+06
  8.6099980E+03  1.0189244E+06
  8.6299990E+03  1.0335806E+06
  8.6499990E+03  1.0503565E+06
  8.6699990E+03  9.7630281E+05
  8.6899990E+03  1.0078829E+06
  8.7099971E+03  1.0504858E+06
  8.7299990E+03  1.0538339E+06
  8.7499980E+03  1.0536966E+06
  8.7699980E+03  1.0520799E+06
  8.7899980E+03  1.0625594E+06
  8.8099990E+03  1.0303162E+06
  8.8299980E+03  1.0435806E+06
  8.8499980E+03  1.0600815E+06
  8.8699980E+03  1.0520981E+06
  8.8899990E+03  1.0692968E+06
  8.9099971E+03  1.0710034E+06
  8.9299980E+03  1.0535031E+06
  8.9499980E+03  1.0485178E+06
  8.9699990E+03  1.0532584E+06
  8.9899990E+03  1.0593450E+06
  9.0099980E+03  1.0180786E+06
  9.0299990E+03  1.0450369E+06
  9.0499990E+03  1.0657220E+06
  9.0699980E+03  1.0652405E+06
  9.0899990E+03  1.0289159E+06
  9.1099980E+03  1.0364326E+06
  9.1299980E+03  1.0521894E+06
  9.1499980E+03  1.0494846E+06
  9.1699980E+03  1.0491231E+06
  9.1899990E+03  1.0572745E+06
  9.2099990E+03  1.0300811E+06
  9.2299980E+03  1.0289829E+06
  9.2499980E+03  1.0157320E+06
  9.2699971E+03  1.0115733E+06
  9.2899990E+03  9.9958300E+05
  9.3099980E+03  1.0139394E+06
  9.3299990E+03  1.0118474E+06
  9.3499980E+03  1.0020506E+06
  9.3699990E+03  9.8713562E+05
  9.3900000E+03  1.0065629E+06
  9.4099980E+03  9.8965312E+05
  9.4299971E+03  1.0038887E+06
  9.4499990E+03  9.8462544E+05
  9.4700000E+03  1.0054654E+06
  9.4899980E+03  1.0076325E+06
  9.5100000E+03  1.0029402E+06
  9.5300000E+03  1.0009749E+06
  9.5500000E+03  9.8216388E+05
  9.5699990E+03  9.8830588E+05
  9.5899980E+03  1.0070458E+06
  9.6099980E+03  9.8882562E+05
  9.6299990E+03  1.0005658E+06
  9.6499990E+03  9.6183306E+05
  9.6699980E+03  9.6587606E+05
  9.6899980E+03  9.9054031E+05
  9.7100000E+03  9.7831250E+05
  9.7299990E+03  9.6741075E+05
  9.7499980E+03  9.7200619E+05
  9.7699961E+03  9.7908219E+05
  9.7899980E+03  9.5476388E+05
  9.8099980E+03  9.9139169E+05
  9.8299990E+03  9.7788750E+05
  9.8499980E+03  9.9217031E+05
  9.8700000E+03  9.8571681E+05
  9.8899980E+03  9.8462312E+05
  9.9099990E+03  9.8253250E+05
  9.9300000E+03  9.8018300E+05
  9.9499980E+03  9.7990006E+05
  9.9699980E+03  9.7983838E+05
  9.9899990E+03  9.7950512E+05
  1.0024998E+04  9.6907912E+05
  1.0074998E+04  9.6174831E+05
  1.0124997E+04  9.6329781E+05
  1.0174997E+04  9.5396294E+05
  1.0224998E+04  9.4926825E+05
  1.0274997E+04  9.4840212E+05
  1.0325000E+04  9.3195856E+05
  1.0374999E+04  9.2786250E+05
  1.0425000E+04  9.3142781E+05
  1.0474998E+04  9.2211112E+05
  1.0524997E+04  9.2404969E+05
  1.0574999E+04  9.1304119E+05
  1.0625000E+04  9.1307781E+05
  1.0674997E+04  9.0018106E+05
  1.0724998E+04  8.9806281E+05
  1.0774999E+04  8.9351138E+05
  1.0824997E+04  8.7932881E+05
  1.0874997E+04  8.8470438E+05
  1.0924999E+04  8.8808231E+05
  1.0974996E+04  8.8054100E+05
  1.1025000E+04  8.7966938E+05
  1.1074998E+04  8.7840981E+05
  1.1124999E+04  8.7287550E+05
  1.1174998E+04  8.6417700E+05
  1.1224999E+04  8.6480750E+05
  1.1274997E+04  8.4903462E+05
  1.1325000E+04  8.4998400E+05
  1.1375000E+04  8.3821894E+05
  1.1425000E+04  8.2752144E+05
  1.1474997E+04  8.4144075E+05
  1.1525000E+04  8.4218194E+05
  1.1574998E+04  8.3211019E+05
  1.1625000E+04  8.1693869E+05
  1.1674998E+04  8.1932619E+05
  1.1724997E+04  8.2608269E+05
  1.1775001E+04  8.0775100E+05
  1.1824999E+04  8.0494912E+05
  1.1875000E+04  7.9564669E+05
  1.1925000E+04  8.1076512E+05
  1.1975001E+04  7.8204575E+05
  1.2024998E+04  7.9895219E+05
  1.2074996E+04  7.9002412E+05
  1.2125000E+04  7.9341281E+05
  1.2175000E+04  7.9275500E+05
  1.2225001E+04  7.8875369E+05
  1.2275001E+04  7.8339125E+05
  1.2324996E+04  7.7910706E+05
  1.2374996E+04  7.7796544E+05
  1.2424998E+04  7.7091125E+05
  1.2475000E+04  7.7173969E+05
  1.2524997E+04  7.6280506E+05
  1.2574997E+04  7.6401756E+05
  1.2624999E+04  7.5972669E+05
  1.2674997E+04  7.5275994E+05
  1.2724999E+04  7.5397506E+05
  1.2774999E+04  7.5487138E+05
  1.2825000E+04  7.3117719E+05
  1.2875001E+04  7.4105419E+05
  1.2924997E+04  7.3019056E+05
  1.2975001E+04  7.4113288E+05
  1.3024998E+04  7.3363312E+05
  1.3074999E+04  7.3667131E+05
  1.3125000E+04  7.1324562E+05
  1.3174998E+04  7.1852069E+05
  1.3224998E+04  7.2679719E+05
  1.3274997E+04  7.1628756E+05
  1.3324997E+04  7.1805125E+05
  1.3374999E+04  7.1785206E+05
  1.3424999E+04  7.1960094E+05
  1.3474999E+04  7.1711300E+05
  1.3525001E+04  7.1460081E+05
  1.3574999E+04  7.0752719E+05
  1.3624997E+04  7.0096400E+05
  1.3674997E+04  7.0712906E+05
  1.3724995E+04  7.0912619E+05
  1.3774998E+04  7.0458281E+05
  1.3824998E+04  7.0531038E+05
  1.3874996E+04  6.9663569E+05
  1.3925000E+04  7.0285181E+05
  1.3974996E+04  7.0190212E+05
  1.4024997E+04  6.9229044E+05
  1.4075001E+04  6.9913262E+05
  1.4124996E+04  6.9281381E+05
  1.4175000E+04  6.9742169E+05
  1.4225000E+04  6.8915769E+05
  1.4274994E+04  6.7047325E+05
  1.4325001E+04  6.9014406E+05
  1.4374998E+04  6.9107631E+05
  1.4424999E+04  6.7709631E+05
  1.4475000E+04  6.8895044E+05
  1.4524997E+04  6.8103725E+05
  1.4569999E+04  6.8162831E+05
  1.4620000E+04  6.8622725E+05
  1.4674998E+04  6.8557162E+05
  1.4725000E+04  6.7619756E+05
  1.4775002E+04  6.7797925E+05
  1.4824998E+04  6.8025350E+05
  1.4874996E+04  6.6383794E+05
  1.4924997E+04  6.8567931E+05
  1.4974999E+04  6.7840325E+05
  1.5024999E+04  6.3898419E+05
  1.5075000E+04  6.5777856E+05
  1.5124999E+04  6.7881425E+05
  1.5175000E+04  6.7604975E+05
  1.5225002E+04  6.7701219E+05
  1.5274998E+04  6.8101600E+05
  1.5324995E+04  6.7792712E+05
  1.5374997E+04  6.8294356E+05
  1.5425001E+04  6.8491975E+05
  1.5474996E+04  6.8426125E+05
  1.5524994E+04  6.7567206E+05
  1.5575001E+04  6.7604588E+05
  1.5624998E+04  6.8167931E+05
  1.5674997E+04  6.7040712E+05
  1.5724994E+04  6.7346375E+05
  1.5774996E+04  6.4773425E+05
  1.5825001E+04  6.6777681E+05
  1.5874995E+04  6.5344212E+05
  1.5925002E+04  6.6488319E+05
  1.5975001E+04  6.7129750E+05
  1.6049998E+04  6.7142962E+05
  1.6150001E+04  6.6257681E+05
  1.6249997E+04  6.6115288E+05
  1.6350000E+04  6.5807869E+05
  1.6449996E+04  6.4701175E+05
  1.6549998E+04  6.4020662E+05
  1.6649994E+04  6.2728062E+05
  1.6749998E+04  6.0659988E+05
  1.6849998E+04  6.0122581E+05
  1.6950000E+04  5.9552931E+05
  1.7049996E+04  5.7647325E+05
  1.7150000E+04  5.6538938E+05
  1.7249992E+04  5.5354875E+05
  1.7349994E+04  5.4483319E+05
  1.7449992E+04  5.3443731E+05
  1.7550000E+04  5.2502456E+05
  1.7649998E+04  5.1692753E+05
  1.7749994E+04  5.0450712E+05
  1.7849994E+04  4.9926044E+05
  1.7949998E+04  4.8805378E+05
  1.8050002E+04  4.7645134E+05
  1.8150002E+04  4.6909991E+05
  1.8249994E+04  4.5907594E+05
  1.8349992E+04  4.4962194E+05
  1.8449992E+04  4.3651609E+05
  1.8549998E+04  4.3500803E+05
  1.8650002E+04  4.2257862E+05
  1.8750002E+04  4.1477191E+05
  1.8850000E+04  4.1002244E+05
  1.8950004E+04  3.9243519E+05
  1.9049996E+04  3.9629897E+05
  1.9149998E+04  3.8779450E+05
  1.9249992E+04  3.8195638E+05
  1.9350000E+04  3.6809756E+05
  1.9449992E+04  3.6022956E+05
  1.9550002E+04  3.5838678E+05
  1.9649992E+04  3.5486578E+05
  1.9749992E+04  3.4170031E+05
  1.9849992E+04  3.3658338E+05
  1.9950002E+04  3.3365262E+05
  2.0050002E+04  3.3390328E+05
  2.0149996E+04  3.2847272E+05
  2.0249994E+04  3.1897091E+05
  2.0349994E+04  3.1455194E+05
  2.0449996E+04  3.1191553E+05
  2.0550000E+04  3.0596997E+05
  2.0649992E+04  2.9925041E+05
  2.0749998E+04  2.9531409E+05
  2.0849992E+04  2.9000981E+05
  2.0950004E+04  2.8234631E+05
  2.1050002E+04  2.8065641E+05
  2.1149992E+04  2.7489281E+05
  2.1250000E+04  2.7116850E+05
  2.1350002E+04  2.6792341E+05
  2.1449996E+04  2.6339247E+05
  2.1550006E+04  2.5888481E+05
  2.1649994E+04  2.5463436E+05
  2.1750002E+04  2.4888961E+05
  2.1849998E+04  2.4605652E+05
  2.1950002E+04  2.4205241E+05
  2.2050000E+04  2.3227619E+05
  2.2149996E+04  2.3538981E+05
  2.2249998E+04  2.2752567E+05
  2.2350004E+04  2.2566755E+05
  2.2449990E+04  2.2254814E+05
  2.2549994E+04  2.2048230E+05
  2.2650000E+04  2.1387656E+05
  2.2750000E+04  2.1385662E+05
  2.2850000E+04  2.0874916E+05
  2.2950004E+04  1.8227147E+05
  2.3050000E+04  1.9204572E+05
  2.3149996E+04  1.9110022E+05
  2.3250000E+04  1.6710934E+05
  2.3349996E+04  1.7621152E+05
  2.3449994E+04  1.7910331E+05
  2.3550002E+04  1.5689438E+05
  2.3649988E+04  1.6813233E+05
  2.3750000E+04  1.6874966E+05
  2.3849990E+04  1.5011780E+05
  2.3950002E+04  1.5853453E+05
  2.4050006E+04  1.6057973E+05
  2.4149992E+04  1.4560386E+05
  2.4249990E+04  1.5121545E+05
  2.4349990E+04  1.5324184E+05
  2.4450002E+04  1.4394314E+05
  2.4549990E+04  1.4237298E+05
  2.4649992E+04  1.4737066E+05
  2.4749992E+04  1.4188325E+05
  2.4850006E+04  1.3580189E+05
  2.4950000E+04  1.3930895E+05
  2.5050006E+04  1.4161497E+05
  2.5149994E+04  1.3212889E+05
  2.5249998E+04  1.3523834E+05
  2.5350004E+04  1.3507622E+05
  2.5449988E+04  1.3134141E+05
  2.5549998E+04  1.2999780E+05
  2.5649990E+04  1.2957602E+05
  2.5749990E+04  1.2947494E+05
  2.5849994E+04  1.2415652E+05
  2.5949990E+04  1.2475678E+05
  2.6049996E+04  1.2451134E+05
  2.6149998E+04  1.2282262E+05
  2.6249988E+04  1.2060935E+05
  2.6350008E+04  1.1994506E+05
  2.6449996E+04  1.1858219E+05
  2.6549994E+04  1.1738598E+05
  2.6649994E+04  1.1448570E+05
  2.6749988E+04  1.1604795E+05
  2.6849986E+04  1.1431770E+05
  2.6949986E+04  1.1240238E+05
  2.7050002E+04  1.1158816E+05
  2.7149998E+04  1.1039459E+05
  2.7249994E+04  1.0918002E+05
  2.7350006E+04  1.0761744E+05
  2.7450004E+04  1.0677980E+05
  2.7549996E+04  1.0585222E+05
  2.7649982E+04  1.0407295E+05
  2.7750004E+04  1.0265383E+05
  2.7850000E+04  1.0173827E+05
  2.7949992E+04  1.0090555E+05
  2.8049994E+04  9.9517000E+04
  2.8150002E+04  9.8026711E+04
  2.8250006E+04  9.7074281E+04
  2.8350000E+04  9.6193836E+04
  2.8450000E+04  9.4815969E+04
  2.8550002E+04  9.3662984E+04
  2.8650002E+04  9.2574273E+04
  2.8749982E+04  9.1589672E+04
  2.8849998E+04  9.0408055E+04
  2.8949986E+04  8.9317141E+04
  2.9049994E+04  8.8038078E+04
  2.9149986E+04  8.7044961E+04
  2.9249984E+04  8.4971281E+04
  2.9349980E+04  8.4869969E+04
  2.9450000E+04  8.3890500E+04
  2.9550004E+04  8.2926734E+04
  2.9649982E+04  8.2047023E+04
  2.9749992E+04  8.1108969E+04
  2.9849994E+04  7.9982953E+04
  2.9949984E+04  7.8933195E+04
  3.0049996E+04  7.8058219E+04
  3.0149994E+04  7.7234602E+04
  3.0249994E+04  7.6103133E+04
  3.0349996E+04  7.5267070E+04
  3.0449996E+04  7.4517539E+04
  3.0549996E+04  7.3509781E+04
  3.0649996E+04  7.2561695E+04
  3.0749994E+04  7.1847492E+04
  3.0849996E+04  7.0626383E+04
  3.0949994E+04  7.0076352E+04
  3.1049996E+04  6.9324805E+04
  3.1149996E+04  6.8002961E+04
  3.1249996E+04  6.7684172E+04
  3.1349996E+04  6.6869742E+04
  3.1449996E+04  6.6090953E+04
  3.1549998E+04  6.5229832E+04
  3.1649996E+04  6.4359477E+04
  3.1749998E+04  6.3838840E+04
  3.1849996E+04  6.3096938E+04
  3.1949994E+04  6.2396270E+04
  3.2099996E+04  6.1280691E+04
  3.2299992E+04  5.9834453E+04
  3.2499994E+04  5.8501086E+04
  3.2699996E+04  5.7135863E+04
  3.2899996E+04  5.5875992E+04
  3.3099996E+04  5.4573531E+04
  3.3299992E+04  5.3284664E+04
  3.3499996E+04  5.2270977E+04
  3.3699996E+04  5.1071883E+04
  3.3899996E+04  4.9864578E+04
  3.4099996E+04  4.8662559E+04
  3.4299996E+04  4.7827742E+04
  3.4499992E+04  4.6844371E+04
  3.4699996E+04  4.5824090E+04
  3.4899996E+04  4.4854996E+04
  3.5099996E+04  4.3938586E+04
  3.5299996E+04  4.2955355E+04
  3.5499996E+04  4.2099047E+04
  3.5699992E+04  4.1191195E+04
  3.5899992E+04  4.0335977E+04
  3.6099996E+04  3.9546262E+04
  3.6299992E+04  3.8731449E+04
  3.6499992E+04  3.7883988E+04
  3.6699992E+04  3.7063836E+04
  3.6899992E+04  3.6217691E+04
  3.7099996E+04  3.5469691E+04
  3.7299996E+04  3.4889965E+04
  3.7499992E+04  3.4111598E+04
  3.7699996E+04  3.3533270E+04
  3.7899996E+04  3.2855070E+04
  3.8099992E+04  3.2241141E+04
  3.8299996E+04  3.1648463E+04
  3.8499996E+04  3.1035840E+04
  3.8699996E+04  3.0268141E+04
  3.8899992E+04  2.9805842E+04
  3.9099996E+04  2.9279914E+04
  3.9299992E+04  2.8719230E+04
  3.9499992E+04  2.8054879E+04
  3.9699992E+04  2.7591258E+04
  3.9900000E+04  2.6920150E+04
  4.0099996E+04  2.6528123E+04
  4.0299992E+04  2.6112377E+04
  4.0499996E+04  2.5540445E+04
  4.0699992E+04  2.5133131E+04
  4.0899992E+04  2.4687496E+04
  4.1099996E+04  2.4229242E+04
  4.1299996E+04  2.3814033E+04
  4.1499992E+04  2.3364127E+04
  4.1699992E+04  2.2943396E+04
  4.1899996E+04  2.2430896E+04
  4.2099996E+04  2.2014232E+04
  4.2299992E+04  2.1756025E+04
  4.2499996E+04  2.1324396E+04
  4.2699992E+04  2.0988736E+04
  4.2899992E+04  1.9551779E+04
  4.3099996E+04  1.8042975E+04
  4.3299996E+04  1.8069781E+04
  4.3499992E+04  1.6917502E+04
  4.3699996E+04  1.6179072E+04
  4.3899996E+04  1.5725084E+04
  4.4099992E+04  1.4917184E+04
  4.4299992E+04  1.4534390E+04
  4.4499996E+04  1.4288938E+04
  4.4699996E+04  1.3618155E+04
  4.4899996E+04  1.3630905E+04
  4.5099992E+04  1.3161701E+04
  4.5299992E+04  1.2828009E+04
  4.5499996E+04  1.2819752E+04
  4.5699992E+04  1.2713022E+04
  4.5899996E+04  1.2248596E+04
  4.6099996E+04  1.2369982E+04
  4.6299992E+04  1.2126270E+04
  4.6499988E+04  1.2101459E+04
  4.6699992E+04  1.2146758E+04
  4.6899992E+04  1.1863546E+04
  4.7099992E+04  1.1646001E+04
  4.7299992E+04  1.1814282E+04
  4.7499996E+04  1.1452185E+04
  4.7699992E+04  1.1320423E+04
  4.7899992E+04  1.1305393E+04
  4.8099996E+04  1.0902675E+04
  4.8299992E+04  1.1085487E+04
  4.8499992E+04  1.0874130E+04
  4.8700000E+04  1.0591839E+04
  4.8899992E+04  1.0411479E+04
  4.9099988E+04  1.0368870E+04
  4.9299988E+04  1.0152540E+04
  4.9499996E+04  9.9568848E+03
  4.9699992E+04  9.9543906E+03
  4.9899988E+04  9.8195332E+03
  5.0099996E+04  9.6624902E+03
  5.0299996E+04  9.5643613E+03
  5.0499996E+04  9.3246328E+03
  5.0699996E+04  9.3142314E+03
  5.0899992E+04  9.1926143E+03
  5.1099992E+04  8.9952764E+03
  5.1299996E+04  9.0556865E+03
  5.1499988E+04  8.8295264E+03
  5.1699996E+04  8.8270225E+03
  5.1899992E+04  8.6476553E+03
  5.2099992E+04  8.6122002E+03
  5.2299996E+04  8.4194697E+03
  5.2499996E+04  8.3900254E+03
  5.2699996E+04  8.3750264E+03
  5.2899992E+04  8.1374819E+03
  5.3099988E+04  8.0694844E+03
  5.3299988E+04  8.0221680E+03
  5.3499992E+04  7.9322905E+03
  5.3699992E+04  7.8737065E+03
  5.3899992E+04  7.7854282E+03
  5.4099992E+04  7.7019697E+03
  5.4299984E+04  7.5268965E+03
  5.4499988E+04  7.5358047E+03
  5.4699996E+04  7.4243887E+03
  5.4899992E+04  7.3393970E+03
  5.5099992E+04  7.2579214E+03
  5.5299988E+04  7.3209487E+03
  5.5499988E+04  7.0722251E+03
  5.5699992E+04  7.1084702E+03
  5.5899992E+04  6.9808965E+03
  5.6099988E+04  6.9255864E+03
  5.6299996E+04  6.7952896E+03
  5.6499988E+04  6.7832632E+03
  5.6699988E+04  6.7104150E+03
  5.6899992E+04  6.5821035E+03
  5.7099996E+04  6.5796353E+03
  5.7299988E+04  6.4878901E+03
  5.7499988E+04  6.4211851E+03
  5.7699988E+04  6.3268457E+03
  5.7899996E+04  6.3024272E+03
  5.8099988E+04  6.1871284E+03
  5.8299996E+04  6.1301187E+03
  5.8499992E+04  6.0693413E+03
  5.8699988E+04  5.9681387E+03
  5.8899988E+04  5.9083477E+03
  5.9099992E+04  5.8556982E+03
  5.9299988E+04  5.7904473E+03
  5.9499996E+04  5.7140195E+03
  5.9699988E+04  5.6704097E+03
  5.9899992E+04  5.6006870E+03
  6.0099992E+04  5.5383369E+03
  6.0299992E+04  5.4707837E+03
  6.0499988E+04  5.3862988E+03
  6.0699992E+04  5.3275493E+03
  6.0899992E+04  5.2709785E+03
  6.1099988E+04  5.1977773E+03
  6.1299992E+04  5.1498789E+03
  6.1499988E+04  5.0941279E+03
  6.1699988E+04  5.0389888E+03
  6.1899996E+04  4.9829790E+03
  6.2099996E+04  4.9301260E+03
  6.2299988E+04  4.8664927E+03
  6.2499992E+04  4.7992305E+03
  6.2699988E+04  4.7384761E+03
  6.2899996E+04  4.6952485E+03
  6.3099984E+04  4.6362021E+03
  6.3299996E+04  4.5984883E+03
  6.3499984E+04  4.5344395E+03
  6.3699984E+04  4.4959829E+03
  6.3900000E+04  4.4330981E+03
  6.4199992E+04  4.3599561E+03
  6.4599984E+04  4.2581045E+03
  6.4999992E+04  4.1619868E+03
  6.5399992E+04  4.0685125E+03
  6.5799992E+04  3.9784758E+03
  6.6199984E+04  3.8866157E+03
  6.6599984E+04  3.7992161E+03
  6.6999992E+04  3.7145430E+03
  6.7399992E+04  3.6296995E+03
  6.7799992E+04  3.5487249E+03
  6.8199992E+04  3.4681790E+03
  6.8599992E+04  3.3933489E+03
  6.8999984E+04  3.3181167E+03
  6.9399984E+04  3.2450137E+03
  6.9800000E+04  3.1743669E+03
  7.0199992E+04  3.1036650E+03
  7.0599984E+04  3.0371541E+03
  7.0999977E+04  2.9717161E+03
  7.1399977E+04  2.9080662E+03
  7.1799984E+04  2.8453540E+03
  7.2199984E+04  2.7851501E+03
  7.2600000E+04  2.7259529E+03
  7.2999984E+04  2.6684500E+03
  7.3400000E+04  2.6111938E+03
  7.3799984E+04  2.5575112E+03
  7.4199992E+04  2.5010664E+03
  7.4599992E+04  2.4503533E+03
  7.5000000E+04  2.3998396E+03
  7.5399992E+04  2.3493301E+03
  7.5799992E+04  2.3053889E+03
  7.6199984E+04  2.2584758E+03
  7.6599992E+04  2.2129912E+03
  7.6999992E+04  2.1680737E+03
  7.7399992E+04  2.1251589E+03
  7.7799984E+04  2.0830105E+03
  7.8199984E+04  2.0417952E+03
  7.8599984E+04  2.0015527E+03
  7.8999984E+04  1.9621998E+03
  7.9399984E+04  1.9241337E+03
  7.9800000E+04  1.8868479E+03
  8.0199992E+04  1.8488037E+03
  8.0599984E+04  1.8142037E+03
  8.0999992E+04  1.7797351E+03
  8.1399977E+04  1.7457988E+03
  8.1799984E+04  1.7131707E+03
  8.2199984E+04  1.6808707E+03
  8.2599992E+04  1.6492245E+03
  8.2999984E+04  1.6183831E+03
  8.3400000E+04  1.5873510E+03
  8.3799992E+04  1.5575343E+03
  8.4199992E+04  1.5298584E+03
  8.4599977E+04  1.5014249E+03
  8.4999977E+04  1.4743435E+03
  8.5399984E+04  1.4478054E+03
  8.5799984E+04  1.4217485E+03
  8.6199992E+04  1.3961622E+03
  8.6599992E+04  1.3711880E+03
  8.6999984E+04  1.3465135E+03
  8.7399992E+04  1.3227747E+03
  8.7799992E+04  1.2992650E+03
  8.8199984E+04  1.2762234E+03
  8.8599977E+04  1.2539282E+03
  8.8999992E+04  1.2318376E+03
  8.9399977E+04  1.2106581E+03
  8.9799977E+04  1.1887780E+03
  9.0199984E+04  1.1691820E+03
  9.0599984E+04  1.1491968E+03
  9.0999992E+04  1.1280612E+03
  9.1400000E+04  1.1099111E+03
  9.1799969E+04  1.0908280E+03
  9.2199969E+04  1.0731406E+03
  9.2599984E+04  1.0550580E+03
  9.3000000E+04  1.0374205E+03
  9.3399984E+04  1.0200895E+03
  9.3799984E+04  1.0031869E+03
  9.4199977E+04  9.8661908E+02
  9.4599984E+04  9.7029462E+02
  9.4999969E+04  9.5441876E+02
  9.5399984E+04  9.3881525E+02
  9.5799984E+04  9.2364398E+02
  9.6199992E+04  9.0865125E+02
  9.6599984E+04  8.9399615E+02
  9.7000000E+04  8.7963080E+02
  9.7399977E+04  8.6487610E+02
  9.7799984E+04  8.5167139E+02
  9.8199977E+04  8.3826221E+02
  9.8599977E+04  8.2500336E+02
  9.8999992E+04  8.1200757E+02
  9.9399984E+04  7.9927045E+02
  9.9799977E+04  7.8678668E+02
  1.0019999E+05  7.7455109E+02
  1.9999991E+05  5.0507702E+01
  3.9999994E+05  3.1932843E+00
  5.9999981E+05  6.3097584E-01
  7.9999994E+05  1.9922706E-01
