  9.2499988E+02  4.1149276E-15
  9.3499982E+02  6.2231159E-15
  9.4500000E+02  1.0101055E-14
  9.5500000E+02  1.6447333E-14
  9.6499988E+02  3.2650132E-14
  9.7499982E+02  4.8110882E-14
  9.8499976E+02  8.3828947E-14
  9.9499988E+02  1.5339881E-13
  1.0049999E+03  2.3696672E-13
  1.0149997E+03  3.7116574E-13
  1.0249998E+03  4.6317789E-13
  1.0349998E+03  1.2842111E-12
  1.0449998E+03  2.0323808E-12
  1.0549999E+03  2.4574767E-12
  1.0649999E+03  5.3087569E-12
  1.0750000E+03  8.0714185E-12
  1.0849996E+03  1.3562366E-11
  1.0949999E+03  1.8489387E-11
  1.1049999E+03  2.6285618E-11
  1.1149999E+03  3.7469521E-11
  1.1249999E+03  7.4746820E-11
  1.1349996E+03  1.3294198E-10
  1.1449999E+03  2.0476244E-10
  1.1549999E+03  2.9629754E-10
  1.1650000E+03  4.0595485E-10
  1.1749995E+03  6.2943284E-10
  1.1849996E+03  8.1743917E-10
  1.1949998E+03  1.0128879E-09
  1.2049996E+03  8.9374008E-10
  1.2149998E+03  1.5981157E-10
  1.2249996E+03  1.4774595E-09
  1.2349996E+03  3.8144479E-09
  1.2449998E+03  5.8064584E-09
  1.2549996E+03  8.0112539E-09
  1.2650000E+03  1.0387422E-08
  1.2749998E+03  1.4416959E-08
  1.2849995E+03  1.4955484E-08
  1.2949998E+03  2.0067201E-08
  1.3049995E+03  2.4360107E-08
  1.3149998E+03  3.3524671E-08
  1.3249998E+03  3.7788656E-08
  1.3349996E+03  4.3149747E-08
  1.3449995E+03  5.8762502E-08
  1.3549996E+03  7.9486341E-08
  1.3649999E+03  8.7667317E-08
  1.3749999E+03  9.8458230E-08
  1.3849996E+03  1.1535561E-07
  1.3949999E+03  1.3526983E-07
  1.4050001E+03  1.9611238E-07
  1.4149998E+03  2.4765257E-07
  1.4249998E+03  2.9209167E-07
  1.4350000E+03  4.0936652E-07
  1.4419998E+03  5.9542037E-07
  1.4469999E+03  5.0120502E-07
  1.4549994E+03  6.1358583E-07
  1.4650000E+03  9.5416158E-07
  1.4749995E+03  1.1678494E-06
  1.4849996E+03  1.2593734E-06
  1.4949998E+03  1.9576416E-06
  1.5049996E+03  2.8059244E-06
  1.5119995E+03  1.5422680E-06
  1.5169994E+03  2.6120824E-06
  1.5250001E+03  5.0455692E-06
  1.5349994E+03  7.2741273E-06
  1.5449994E+03  5.0303711E-06
  1.5549998E+03  8.5194097E-06
  1.5649999E+03  8.0298760E-06
  1.5750001E+03  1.8538791E-05
  1.5850000E+03  1.9733225E-05
  1.5949996E+03  1.8497360E-05
  1.6049999E+03  1.9803158E-05
  1.6150000E+03  2.0776304E-05
  1.6249996E+03  2.0233201E-05
  1.6350000E+03  2.7805150E-05
  1.6449996E+03  3.8751929E-05
  1.6549999E+03  3.1266223E-05
  1.6649993E+03  5.1894476E-05
  1.6720000E+03  4.2236490E-05
  1.6770001E+03  6.9006936E-05
  1.6849998E+03  9.1624206E-05
  1.6950000E+03  1.3512705E-04
  1.7049995E+03  1.4151675E-04
  1.7150000E+03  1.5451148E-04
  1.7249993E+03  2.1966218E-04
  1.7349994E+03  2.5764876E-04
  1.7449993E+03  3.6889871E-04
  1.7550001E+03  3.7002703E-04
  1.7649998E+03  5.1236839E-04
  1.7749995E+03  4.3059836E-04
  1.7849995E+03  8.9332444E-04
  1.7949999E+03  7.2747970E-04
  1.8050001E+03  1.3831938E-03
  1.8150001E+03  9.1357791E-04
  1.8249994E+03  1.5969134E-03
  1.8349993E+03  1.3454981E-03
  1.8449993E+03  2.1170620E-03
  1.8549998E+03  1.5868441E-03
  1.8650002E+03  2.9462983E-03
  1.8750001E+03  2.6748106E-03
  1.8850000E+03  3.4860175E-03
  1.8950002E+03  4.4558244E-03
  1.9049996E+03  4.7783223E-03
  1.9149999E+03  7.3193908E-03
  1.9249993E+03  6.0611810E-03
  1.9350001E+03  4.9007554E-03
  1.9449993E+03  8.8479454E-03
  1.9550002E+03  1.3149096E-02
  1.9670002E+03  1.4134219E-02
  1.9759990E+03  1.7078826E-02
  1.9839996E+03  2.2549879E-02
  1.9950001E+03  1.9480189E-02
  2.0050002E+03  2.3438828E-02
  2.0149996E+03  2.6951630E-02
  2.0249994E+03  2.5278622E-02
  2.0349995E+03  3.2339435E-02
  2.0449998E+03  3.3857133E-02
  2.0550000E+03  4.1833799E-02
  2.0649993E+03  3.8984183E-02
  2.0739993E+03  3.7388019E-02
  2.0780002E+03  6.7918792E-02
  2.0849993E+03  8.7778561E-02
  2.0950005E+03  9.6289933E-02
  2.1050002E+03  8.1458367E-02
  2.1149990E+03  8.1616394E-02
  2.1250000E+03  9.6718974E-02
  2.1350002E+03  1.3320547E-01
  2.1449998E+03  9.4964720E-02
  2.1550005E+03  1.2313516E-01
  2.1649995E+03  1.1809419E-01
  2.1750002E+03  1.3321683E-01
  2.1849998E+03  1.1689696E-01
  2.1950000E+03  2.3094128E-01
  2.2050000E+03  1.7705275E-01
  2.2149998E+03  2.3555104E-01
  2.2249998E+03  1.9182044E-01
  2.2350005E+03  3.8510996E-01
  2.2449990E+03  4.1113067E-01
  2.2549993E+03  5.9262037E-01
  2.2650000E+03  2.3341736E-01
  2.2750000E+03  6.1913598E-01
  2.2850000E+03  5.2216512E-01
  2.2950002E+03  1.0697533E+00
  2.3050000E+03  2.6471874E-01
  2.3149995E+03  1.4600521E+00
  2.3250000E+03  9.7137791E-01
  2.3349995E+03  1.8180150E+00
  2.3449993E+03  9.9598533E-01
  2.3550000E+03  7.4089587E-01
  2.3649988E+03  1.1679412E+00
  2.3750000E+03  1.0506614E+00
  2.3849990E+03  2.3509798E+00
  2.3950000E+03  1.9290406E+00
  2.4050005E+03  4.3546848E+00
  2.4149993E+03  2.2331822E+00
  2.4249990E+03  3.2678139E+00
  2.4349990E+03  5.1846042E+00
  2.4450000E+03  8.0488691E+00
  2.4549990E+03  9.8649092E+00
  2.4649990E+03  5.0625854E+00
  2.4749993E+03  1.0818675E+01
  2.4850005E+03  2.5701704E+00
  2.4950000E+03  3.6569283E+00
  2.5050005E+03  8.7701855E+00
  2.5129988E+03  5.4917488E+00
  2.5179990E+03  6.0743651E+00
  2.5249998E+03  7.9428229E+00
  2.5350007E+03  2.4519018E+01
  2.5449988E+03  3.0976124E+01
  2.5550000E+03  3.3264683E+01
  2.5649990E+03  1.4421767E+01
  2.5749990E+03  3.0478996E+01
  2.5849993E+03  1.7069128E+01
  2.5949990E+03  2.3932602E+01
  2.6049995E+03  3.6456818E+01
  2.6149998E+03  3.0811434E+01
  2.6249990E+03  5.8839417E+01
  2.6350007E+03  1.0154581E+02
  2.6449995E+03  7.2034607E+01
  2.6549998E+03  1.1065727E+02
  2.6649995E+03  8.7082970E+01
  2.6749988E+03  8.0331169E+01
  2.6849988E+03  1.1274996E+02
  2.6949988E+03  6.8504745E+01
  2.7050000E+03  1.3893301E+02
  2.7150000E+03  1.2951941E+02
  2.7249995E+03  1.0266064E+02
  2.7350007E+03  1.1086086E+02
  2.7450002E+03  1.6892679E+02
  2.7549998E+03  1.5502094E+02
  2.7649983E+03  2.4765617E+02
  2.7750005E+03  3.4953571E+02
  2.7850000E+03  2.1417690E+02
  2.7949993E+03  2.6401620E+02
  2.8049995E+03  2.6542651E+02
  2.8150002E+03  3.5190533E+02
  2.8250007E+03  3.5262357E+02
  2.8350000E+03  3.0096082E+02
  2.8450002E+03  1.9952263E+02
  2.8550005E+03  7.6090469E+01
  2.8650000E+03  3.4498489E+02
  2.8749983E+03  3.9701010E+02
  2.8850000E+03  7.0057861E+02
  2.8949988E+03  8.5819965E+02
  2.9099988E+03  1.0750209E+03
  2.9299983E+03  1.1147228E+03
  2.9499990E+03  1.2147673E+03
  2.9700005E+03  1.2826830E+03
  2.9899980E+03  1.6405002E+03
  3.0099995E+03  1.8509618E+03
  3.0299995E+03  2.6930085E+03
  3.0499995E+03  3.2651555E+03
  3.0699995E+03  3.2778328E+03
  3.0899995E+03  2.9698792E+03
  3.1099995E+03  4.5918740E+03
  3.1299998E+03  4.1465288E+03
  3.1499995E+03  6.3865239E+03
  3.1699995E+03  1.0320243E+04
  3.1899995E+03  6.9718638E+03
  3.2099998E+03  9.5791055E+03
  3.2299993E+03  9.7717578E+03
  3.2499993E+03  1.6758160E+04
  3.2699995E+03  2.0466314E+04
  3.2899995E+03  2.5956547E+04
  3.3099998E+03  2.1454953E+04
  3.3299993E+03  2.4932086E+04
  3.3499995E+03  2.7941527E+04
  3.3699995E+03  1.6636510E+04
  3.3899993E+03  2.1672459E+04
  3.4099993E+03  2.7367027E+04
  3.4299995E+03  3.4423418E+04
  3.4499993E+03  4.0371613E+04
  3.4699998E+03  4.8051773E+04
  3.4899993E+03  5.6846652E+04
  3.5099995E+03  7.3966906E+04
  3.5299995E+03  5.6321461E+04
  3.5499995E+03  6.8575734E+04
  3.5699995E+03  4.8903266E+04
  3.5899995E+03  6.1566508E+04
  3.6099995E+03  9.0736719E+04
  3.6299993E+03  1.0636496E+05
  3.6399993E+03  1.0409805E+05
  3.6499995E+03  8.5668078E+04
  3.6699993E+03  1.1483887E+05
  3.6899995E+03  8.5821258E+04
  3.7099995E+03  7.2496789E+04
  3.7299998E+03  2.7088799E+04
  3.7499993E+03  3.4974230E+04
  3.7699993E+03  8.2482688E+04
  3.7899995E+03  9.1336953E+04
  3.8099993E+03  7.3884969E+04
  3.8299998E+03  2.9745396E+04
  3.8499995E+03  4.9915070E+04
  3.8699995E+03  4.6550508E+04
  3.8899995E+03  6.9246531E+04
  3.9099995E+03  1.0103813E+05
  3.9299993E+03  3.0955980E+04
  3.9499993E+03  7.4535328E+04
  3.9699998E+03  4.2683613E+04
  3.9899995E+03  1.8276883E+05
  4.0099995E+03  2.4656184E+05
  4.0299993E+03  2.2029780E+05
  4.0499993E+03  2.1195358E+05
  4.0699993E+03  1.8149255E+05
  4.0899995E+03  2.9619584E+05
  4.1099995E+03  2.1922738E+05
  4.1299995E+03  2.1469738E+05
  4.1499990E+03  2.0540789E+05
  4.1699990E+03  1.9781584E+05
  4.1899995E+03  2.2181978E+05
  4.2099995E+03  2.1096425E+05
  4.2299995E+03  1.5315119E+05
  4.2499995E+03  2.4588547E+05
  4.2699990E+03  2.2747097E+05
  4.2899995E+03  2.2912141E+05
  4.3100000E+03  2.2691877E+05
  4.3299995E+03  3.5915319E+05
  4.3499995E+03  3.9796631E+05
  4.3699995E+03  4.2127962E+05
  4.3899995E+03  3.4025438E+05
  4.4099995E+03  3.5009575E+05
  4.4299995E+03  3.9936794E+05
  4.4499995E+03  4.2999225E+05
  4.4699995E+03  4.7747541E+05
  4.4899995E+03  5.1168922E+05
  4.5099990E+03  6.4336962E+05
  4.5299995E+03  5.0041619E+05
  4.5499990E+03  5.5429500E+05
  4.5699995E+03  6.3317075E+05
  4.5899990E+03  6.0495531E+05
  4.6099990E+03  6.2880744E+05
  4.6299990E+03  6.0816762E+05
  4.6499990E+03  6.1765250E+05
  4.6699990E+03  6.8193700E+05
  4.6899990E+03  6.5741312E+05
  4.7099995E+03  6.3640494E+05
  4.7299990E+03  6.4186206E+05
  4.7499995E+03  6.5369975E+05
  4.7699995E+03  6.1201800E+05
  4.7899990E+03  6.2819788E+05
  4.8099995E+03  6.8293969E+05
  4.8299995E+03  7.2154319E+05
  4.8499990E+03  7.1315438E+05
  4.8700000E+03  6.6835956E+05
  4.8899990E+03  7.2915338E+05
  4.9099990E+03  7.2608506E+05
  4.9299990E+03  6.8912769E+05
  4.9499995E+03  7.1667312E+05
  4.9699995E+03  6.7307700E+05
  4.9899990E+03  6.0898900E+05
  5.0099995E+03  5.4243344E+05
  5.0299995E+03  5.9390675E+05
  5.0499995E+03  5.7079075E+05
  5.0699995E+03  5.7621844E+05
  5.0899995E+03  5.2524019E+05
  5.1099990E+03  5.4878006E+05
  5.1299995E+03  5.0790516E+05
  5.1499985E+03  4.8408212E+05
  5.1700000E+03  4.5414197E+05
  5.1899990E+03  5.1105506E+05
  5.2099990E+03  5.7200938E+05
  5.2299995E+03  7.5143056E+05
  5.2499995E+03  8.0484538E+05
  5.2699995E+03  6.8099225E+05
  5.2899990E+03  8.4889856E+05
  5.3099995E+03  9.4975256E+05
  5.3299990E+03  7.7829375E+05
  5.3499995E+03  8.9710456E+05
  5.3699995E+03  8.8910206E+05
  5.3899995E+03  8.4199269E+05
  5.4099990E+03  8.5434000E+05
  5.4299990E+03  8.5035806E+05
  5.4499990E+03  8.7900800E+05
  5.4699995E+03  8.7216375E+05
  5.4899995E+03  8.8749469E+05
  5.5099995E+03  8.6503144E+05
  5.5299985E+03  9.4224875E+05
  5.5499990E+03  9.5885475E+05
  5.5699990E+03  9.4590981E+05
  5.5899995E+03  9.1241256E+05
  5.6099990E+03  9.7315625E+05
  5.6299995E+03  9.6337812E+05
  5.6499990E+03  9.9520806E+05
  5.6699990E+03  9.6423550E+05
  5.6899995E+03  1.0173717E+06
  5.7099995E+03  9.4801162E+05
  5.7299990E+03  1.0709842E+06
  5.7499990E+03  1.0258194E+06
  5.7699990E+03  1.0501780E+06
  5.7899995E+03  9.7260988E+05
  5.8099985E+03  1.0572180E+06
  5.8300000E+03  1.1167132E+06
  5.8499990E+03  1.0632411E+06
  5.8699985E+03  1.0758744E+06
  5.8899985E+03  9.2503088E+05
  5.9099995E+03  1.0630964E+06
  5.9299985E+03  1.0735829E+06
  5.9499995E+03  1.0673349E+06
  5.9699990E+03  1.1115672E+06
  5.9899990E+03  1.0726575E+06
  6.0099990E+03  1.0583335E+06
  6.0299995E+03  1.1155622E+06
  6.0499990E+03  1.1395914E+06
  6.0699990E+03  1.1339345E+06
  6.0899995E+03  1.0752019E+06
  6.1099985E+03  1.0924950E+06
  6.1299995E+03  1.0043702E+06
  6.1499985E+03  1.0634889E+06
  6.1699985E+03  9.8427481E+05
  6.1900000E+03  1.0810545E+06
  6.2099995E+03  1.0536855E+06
  6.2299985E+03  1.0176181E+06
  6.2499990E+03  9.7263456E+05
  6.2699985E+03  1.0258539E+06
  6.2900000E+03  1.0739968E+06
  6.3099985E+03  1.0389090E+06
  6.3299995E+03  1.0692105E+06
  6.3499985E+03  1.0736979E+06
  6.3699985E+03  1.0652949E+06
  6.3899995E+03  1.1045840E+06
  6.4099990E+03  1.0785389E+06
  6.4299985E+03  1.0879684E+06
  6.4499985E+03  1.0829522E+06
  6.4699990E+03  1.0800471E+06
  6.4899990E+03  1.0474622E+06
  6.5099985E+03  1.1047732E+06
  6.5299990E+03  1.1098550E+06
  6.5499985E+03  1.0935164E+06
  6.5699985E+03  1.0964694E+06
  6.5899995E+03  1.1114242E+06
  6.6099985E+03  1.1135040E+06
  6.6299990E+03  1.1094526E+06
  6.6499985E+03  1.1165904E+06
  6.6699995E+03  1.0817901E+06
  6.6899990E+03  1.0954494E+06
  6.7099995E+03  1.0242491E+06
  6.7299990E+03  1.0762282E+06
  6.7499995E+03  1.0442276E+06
  6.7699985E+03  1.0531092E+06
  6.7899995E+03  1.0313888E+06
  6.8099995E+03  1.0532030E+06
  6.8300000E+03  1.0772475E+06
  6.8499985E+03  1.0431066E+06
  6.8699985E+03  1.0673744E+06
  6.8899985E+03  1.0950729E+06
  6.9099990E+03  1.0956860E+06
  6.9299995E+03  1.0841150E+06
  6.9499990E+03  1.0879458E+06
  6.9699985E+03  1.1140486E+06
  6.9899985E+03  1.0900259E+06
  7.0099985E+03  1.0796749E+06
  7.0299985E+03  1.1090634E+06
  7.0499990E+03  1.1277928E+06
  7.0699980E+03  1.0814756E+06
  7.0899990E+03  1.0242701E+06
  7.1099990E+03  9.5919488E+05
  7.1299995E+03  9.2417881E+05
  7.1499990E+03  9.2343731E+05
  7.1699995E+03  9.6262819E+05
  7.1899985E+03  9.4321569E+05
  7.2099985E+03  9.7067450E+05
  7.2299980E+03  1.0213105E+06
  7.2499990E+03  1.0303047E+06
  7.2699995E+03  1.0469539E+06
  7.2899990E+03  1.0435568E+06
  7.3099980E+03  1.0635170E+06
  7.3299980E+03  1.0694310E+06
  7.3499980E+03  1.0699649E+06
  7.3699985E+03  1.1087629E+06
  7.3899995E+03  1.0881449E+06
  7.4099985E+03  1.0823478E+06
  7.4299995E+03  1.1032112E+06
  7.4500000E+03  1.1067306E+06
  7.4700000E+03  1.1128298E+06
  7.4899990E+03  1.1096482E+06
  7.5099985E+03  1.1307319E+06
  7.5299995E+03  1.1414100E+06
  7.5499980E+03  1.1485232E+06
  7.5699985E+03  1.1410818E+06
  7.5899990E+03  1.1263782E+06
  7.6099980E+03  1.1237835E+06
  7.6299995E+03  1.1189995E+06
  7.6499995E+03  1.1104524E+06
  7.6699980E+03  1.0556155E+06
  7.6899990E+03  1.0914132E+06
  7.7099995E+03  1.0635764E+06
  7.7299985E+03  1.0645110E+06
  7.7499990E+03  1.0568911E+06
  7.7700000E+03  1.0807855E+06
  7.7900000E+03  1.0875972E+06
  7.8099995E+03  1.0859870E+06
  7.8299980E+03  1.0705536E+06
  7.8499980E+03  1.0542232E+06
  7.8699995E+03  1.0884079E+06
  7.8900000E+03  1.0589320E+06
  7.9099995E+03  1.0355205E+06
  7.9300000E+03  1.0453406E+06
  7.9499985E+03  1.0203581E+06
  7.9699990E+03  1.0707561E+06
  7.9900000E+03  1.0701821E+06
  8.0099980E+03  1.0754730E+06
  8.0299985E+03  1.0711739E+06
  8.0500000E+03  1.0728919E+06
  8.0699985E+03  1.0616226E+06
  8.0899990E+03  1.0476304E+06
  8.1099995E+03  1.0538108E+06
  8.1299976E+03  1.0762195E+06
  8.1499976E+03  1.0761620E+06
  8.1699980E+03  1.0810586E+06
  8.1899985E+03  1.0478711E+06
  8.2099990E+03  1.0508202E+06
  8.2300000E+03  1.0758095E+06
  8.2500000E+03  1.0684410E+06
  8.2700000E+03  1.0945119E+06
  8.2899980E+03  1.0849072E+06
  8.3099990E+03  1.0398115E+06
  8.3299980E+03  1.0417199E+06
  8.3500000E+03  1.0404633E+06
  8.3699990E+03  1.0494790E+06
  8.3899990E+03  9.9802656E+05
  8.4099971E+03  1.0523566E+06
  8.4300000E+03  9.9599944E+05
  8.4499990E+03  9.9783294E+05
  8.4699980E+03  1.0087752E+06
  8.4899980E+03  1.0165198E+06
  8.5099990E+03  9.7174331E+05
  8.5299990E+03  1.0218682E+06
  8.5499990E+03  9.6184756E+05
  8.5699990E+03  1.0374345E+06
  8.5900000E+03  1.0267884E+06
  8.6099980E+03  1.0295456E+06
  8.6299990E+03  1.0415222E+06
  8.6499990E+03  1.0582614E+06
  8.6699990E+03  9.6938650E+05
  8.6899990E+03  9.9960169E+05
  8.7099971E+03  1.0396104E+06
  8.7299990E+03  1.0446396E+06
  8.7499980E+03  1.0452331E+06
  8.7699980E+03  1.0472797E+06
  8.7899980E+03  1.0475903E+06
  8.8099990E+03  1.0143474E+06
  8.8299980E+03  1.0326607E+06
  8.8499980E+03  1.0522411E+06
  8.8699980E+03  1.0357219E+06
  8.8899990E+03  1.0543765E+06
  8.9099971E+03  1.0639326E+06
  8.9299980E+03  1.0301181E+06
  8.9499980E+03  1.0284823E+06
  8.9699990E+03  1.0343423E+06
  8.9899990E+03  1.0391612E+06
  9.0099980E+03  9.9877325E+05
  9.0299990E+03  1.0262791E+06
  9.0499990E+03  1.0545445E+06
  9.0699980E+03  1.0521431E+06
  9.0899990E+03  1.0084898E+06
  9.1099980E+03  1.0170041E+06
  9.1299980E+03  1.0411618E+06
  9.1499980E+03  1.0303156E+06
  9.1699980E+03  1.0302168E+06
  9.1899990E+03  1.0488885E+06
  9.2099990E+03  1.0173345E+06
  9.2299980E+03  1.0290271E+06
  9.2499980E+03  1.0094358E+06
  9.2699971E+03  1.0095128E+06
  9.2899990E+03  1.0020275E+06
  9.3099980E+03  1.0204156E+06
  9.3299990E+03  1.0144441E+06
  9.3499980E+03  1.0100228E+06
  9.3699990E+03  9.8541925E+05
  9.3900000E+03  1.0083147E+06
  9.4099980E+03  9.8246281E+05
  9.4299971E+03  1.0104131E+06
  9.4499990E+03  9.7947862E+05
  9.4700000E+03  1.0072718E+06
  9.4899980E+03  1.0100168E+06
  9.5100000E+03  1.0008157E+06
  9.5300000E+03  1.0018459E+06
  9.5500000E+03  9.7695925E+05
  9.5699990E+03  9.7785762E+05
  9.5899980E+03  1.0052433E+06
  9.6099980E+03  9.8441994E+05
  9.6299990E+03  9.9179100E+05
  9.6499990E+03  9.5782794E+05
  9.6699980E+03  9.5781838E+05
  9.6899980E+03  9.8375969E+05
  9.7100000E+03  9.7076050E+05
  9.7299990E+03  9.5992962E+05
  9.7499980E+03  9.5916606E+05
  9.7699961E+03  9.6479481E+05
  9.7899980E+03  9.4092781E+05
  9.8099980E+03  9.8187894E+05
  9.8299990E+03  9.6548938E+05
  9.8499980E+03  9.8320088E+05
  9.8700000E+03  9.7396038E+05
  9.8899980E+03  9.7360762E+05
  9.9099990E+03  9.6995012E+05
  9.9300000E+03  9.6921775E+05
  9.9499980E+03  9.6817975E+05
  9.9699980E+03  9.7161400E+05
  9.9899990E+03  9.6818044E+05
  1.0024998E+04  9.5742106E+05
  1.0074998E+04  9.4512106E+05
  1.0124997E+04  9.5168519E+05
  1.0174997E+04  9.3991700E+05
  1.0224998E+04  9.4130481E+05
  1.0274997E+04  9.4251431E+05
  1.0325000E+04  9.2489075E+05
  1.0374999E+04  9.1771281E+05
  1.0425000E+04  9.2397500E+05
  1.0474998E+04  9.1651469E+05
  1.0524997E+04  9.1843825E+05
  1.0574999E+04  9.0505712E+05
  1.0625000E+04  9.0526888E+05
  1.0674997E+04  8.8794900E+05
  1.0724998E+04  8.8846638E+05
  1.0774999E+04  8.8157019E+05
  1.0824997E+04  8.6746556E+05
  1.0874997E+04  8.7154831E+05
  1.0924999E+04  8.8057006E+05
  1.0974996E+04  8.6834306E+05
  1.1025000E+04  8.7105306E+05
  1.1074998E+04  8.7023969E+05
  1.1124999E+04  8.6547881E+05
  1.1174998E+04  8.5524756E+05
  1.1224999E+04  8.5658506E+05
  1.1274997E+04  8.4313738E+05
  1.1325000E+04  8.4146569E+05
  1.1375000E+04  8.3364769E+05
  1.1425000E+04  8.2576081E+05
  1.1474997E+04  8.3683438E+05
  1.1525000E+04  8.3701981E+05
  1.1574998E+04  8.2516494E+05
  1.1625000E+04  8.1370500E+05
  1.1674998E+04  8.1551206E+05
  1.1724997E+04  8.2304081E+05
  1.1775001E+04  8.0766944E+05
  1.1824999E+04  8.0319781E+05
  1.1875000E+04  7.9155919E+05
  1.1925000E+04  8.0766556E+05
  1.1975001E+04  7.7589831E+05
  1.2024998E+04  7.9629469E+05
  1.2074996E+04  7.8725944E+05
  1.2125000E+04  7.8982525E+05
  1.2175000E+04  7.9186544E+05
  1.2225001E+04  7.8698912E+05
  1.2275001E+04  7.8239112E+05
  1.2324996E+04  7.7692456E+05
  1.2374996E+04  7.7715375E+05
  1.2424998E+04  7.7064288E+05
  1.2475000E+04  7.7164294E+05
  1.2524997E+04  7.6256494E+05
  1.2574997E+04  7.6368400E+05
  1.2624999E+04  7.6057756E+05
  1.2674997E+04  7.5275994E+05
  1.2724999E+04  7.5416125E+05
  1.2774999E+04  7.5817231E+05
  1.2825000E+04  7.3046712E+05
  1.2875001E+04  7.4187238E+05
  1.2924997E+04  7.2953650E+05
  1.2975001E+04  7.4339306E+05
  1.3024998E+04  7.3258938E+05
  1.3074999E+04  7.3962419E+05
  1.3125000E+04  7.2236500E+05
  1.3174998E+04  7.2398994E+05
  1.3224998E+04  7.2742194E+05
  1.3274997E+04  7.1447038E+05
  1.3324997E+04  7.2312225E+05
  1.3374999E+04  7.1669381E+05
  1.3424999E+04  7.2273638E+05
  1.3474999E+04  7.1914631E+05
  1.3525001E+04  7.1769000E+05
  1.3574999E+04  7.0699562E+05
  1.3624997E+04  7.0252662E+05
  1.3674997E+04  7.0870044E+05
  1.3724995E+04  7.1288600E+05
  1.3774998E+04  7.0744188E+05
  1.3824998E+04  7.0956788E+05
  1.3874996E+04  7.0086256E+05
  1.3925000E+04  7.0778669E+05
  1.3974996E+04  7.0805562E+05
  1.4024997E+04  6.9552725E+05
  1.4075001E+04  7.0504688E+05
  1.4124996E+04  6.9602381E+05
  1.4175000E+04  7.0460269E+05
  1.4225000E+04  6.9349562E+05
  1.4274994E+04  6.7692544E+05
  1.4325001E+04  6.9618419E+05
  1.4374998E+04  6.9791306E+05
  1.4424999E+04  6.7879825E+05
  1.4475000E+04  6.9411081E+05
  1.4524997E+04  6.8596575E+05
  1.4569999E+04  6.8968531E+05
  1.4620000E+04  6.9184969E+05
  1.4674998E+04  6.9153694E+05
  1.4725000E+04  6.7850844E+05
  1.4775002E+04  6.8434731E+05
  1.4824998E+04  6.8474450E+05
  1.4874996E+04  6.7383225E+05
  1.4924997E+04  6.9366194E+05
  1.4974999E+04  6.8300631E+05
  1.5024999E+04  6.6948994E+05
  1.5075000E+04  6.6870319E+05
  1.5124999E+04  6.8331000E+05
  1.5175000E+04  6.8390244E+05
  1.5225002E+04  6.8299312E+05
  1.5274998E+04  6.8950894E+05
  1.5324995E+04  6.8427938E+05
  1.5374997E+04  6.9041800E+05
  1.5425001E+04  6.9042988E+05
  1.5474996E+04  6.8983012E+05
  1.5524994E+04  6.7925131E+05
  1.5575001E+04  6.7607694E+05
  1.5624998E+04  6.8988856E+05
  1.5674997E+04  6.7031512E+05
  1.5724994E+04  6.8225462E+05
  1.5774996E+04  6.5760475E+05
  1.5825001E+04  6.7177831E+05
  1.5874995E+04  6.4943588E+05
  1.5925002E+04  6.6099119E+05
  1.5975001E+04  6.7633144E+05
  1.6049998E+04  6.7333081E+05
  1.6150001E+04  6.6751675E+05
  1.6249997E+04  6.6631738E+05
  1.6350000E+04  6.6337762E+05
  1.6449996E+04  6.4942019E+05
  1.6549998E+04  6.4434662E+05
  1.6649994E+04  6.3334162E+05
  1.6749998E+04  6.1697950E+05
  1.6849998E+04  6.0374694E+05
  1.6950000E+04  6.0333144E+05
  1.7049996E+04  5.8112569E+05
  1.7150000E+04  5.7658412E+05
  1.7249992E+04  5.5715706E+05
  1.7349994E+04  5.4766162E+05
  1.7449992E+04  5.3939856E+05
  1.7550000E+04  5.2915875E+05
  1.7649998E+04  5.2168022E+05
  1.7749994E+04  5.0823784E+05
  1.7849994E+04  5.0474669E+05
  1.7949998E+04  4.9226312E+05
  1.8050002E+04  4.7998975E+05
  1.8150002E+04  4.7331991E+05
  1.8249994E+04  4.6274069E+05
  1.8349992E+04  4.5264272E+05
  1.8449992E+04  4.4115328E+05
  1.8549998E+04  4.3839109E+05
  1.8650002E+04  4.2373756E+05
  1.8750002E+04  4.1712944E+05
  1.8850000E+04  4.1321378E+05
  1.8950004E+04  3.9213097E+05
  1.9049996E+04  4.0047222E+05
  1.9149998E+04  3.9124622E+05
  1.9249992E+04  3.8554516E+05
  1.9350000E+04  3.7273600E+05
  1.9449992E+04  3.6443203E+05
  1.9550002E+04  3.6422206E+05
  1.9649992E+04  3.5713912E+05
  1.9749992E+04  3.4699306E+05
  1.9849992E+04  3.4327625E+05
  1.9950002E+04  3.3853691E+05
  2.0050002E+04  3.3756747E+05
  2.0149996E+04  3.3218412E+05
  2.0249994E+04  3.2063381E+05
  2.0349994E+04  3.1618944E+05
  2.0449996E+04  3.1587022E+05
  2.0550000E+04  3.0909231E+05
  2.0649992E+04  3.0242206E+05
  2.0749998E+04  2.9846400E+05
  2.0849992E+04  2.9236700E+05
  2.0950004E+04  2.8507591E+05
  2.1050002E+04  2.8448238E+05
  2.1149992E+04  2.7813528E+05
  2.1250000E+04  2.7324591E+05
  2.1350002E+04  2.7160128E+05
  2.1449996E+04  2.6655303E+05
  2.1550006E+04  2.6172403E+05
  2.1649994E+04  2.5706970E+05
  2.1750002E+04  2.5120705E+05
  2.1849998E+04  2.4828178E+05
  2.1950002E+04  2.4486731E+05
  2.2050000E+04  2.3650683E+05
  2.2149996E+04  2.3834611E+05
  2.2249998E+04  2.2985425E+05
  2.2350004E+04  2.2773400E+05
  2.2449990E+04  2.2452150E+05
  2.2549994E+04  2.2253450E+05
  2.2650000E+04  2.1604288E+05
  2.2750000E+04  2.1630233E+05
  2.2850000E+04  2.1047364E+05
  2.2950004E+04  1.7521895E+05
  2.3050000E+04  1.8954269E+05
  2.3149996E+04  1.8754322E+05
  2.3250000E+04  1.5786111E+05
  2.3349996E+04  1.7179620E+05
  2.3449994E+04  1.7099870E+05
  2.3550002E+04  1.4413742E+05
  2.3649988E+04  1.6042688E+05
  2.3750000E+04  1.5773612E+05
  2.3849990E+04  1.3688497E+05
  2.3950002E+04  1.4932642E+05
  2.4050006E+04  1.5041894E+05
  2.4149992E+04  1.3260086E+05
  2.4249990E+04  1.4165078E+05
  2.4349990E+04  1.4287873E+05
  2.4450002E+04  1.3227191E+05
  2.4549990E+04  1.3164047E+05
  2.4649992E+04  1.3803328E+05
  2.4749992E+04  1.3239977E+05
  2.4850006E+04  1.2436916E+05
  2.4950000E+04  1.2983770E+05
  2.5050006E+04  1.3457264E+05
  2.5149994E+04  1.2055629E+05
  2.5249998E+04  1.2697760E+05
  2.5350004E+04  1.2753127E+05
  2.5449988E+04  1.2332052E+05
  2.5549998E+04  1.2113929E+05
  2.5649990E+04  1.2235540E+05
  2.5749990E+04  1.2301484E+05
  2.5849994E+04  1.1483153E+05
  2.5949990E+04  1.1708116E+05
  2.6049996E+04  1.1857112E+05
  2.6149998E+04  1.1566615E+05
  2.6249988E+04  1.1381892E+05
  2.6350008E+04  1.1439978E+05
  2.6449996E+04  1.1331570E+05
  2.6549994E+04  1.1123449E+05
  2.6649994E+04  1.0867203E+05
  2.6749988E+04  1.1193611E+05
  2.6849986E+04  1.1001693E+05
  2.6949986E+04  1.0670185E+05
  2.7050002E+04  1.0752582E+05
  2.7149998E+04  1.0641324E+05
  2.7249994E+04  1.0597867E+05
  2.7350006E+04  1.0304945E+05
  2.7450004E+04  1.0344496E+05
  2.7549996E+04  1.0324141E+05
  2.7649982E+04  1.0118532E+05
  2.7750004E+04  9.9185227E+04
  2.7850000E+04  9.9149398E+04
  2.7949992E+04  9.9048891E+04
  2.8049994E+04  9.7687914E+04
  2.8150002E+04  9.5868312E+04
  2.8250006E+04  9.5332383E+04
  2.8350000E+04  9.4975117E+04
  2.8450000E+04  9.3545297E+04
  2.8550002E+04  9.2405820E+04
  2.8650002E+04  9.1514047E+04
  2.8749982E+04  9.0741922E+04
  2.8849998E+04  8.9615961E+04
  2.8949986E+04  8.8651867E+04
  2.9049994E+04  8.7506836E+04
  2.9149986E+04  8.6743477E+04
  2.9249984E+04  8.4707086E+04
  2.9349980E+04  8.4799992E+04
  2.9450000E+04  8.3551688E+04
  2.9550004E+04  8.2637664E+04
  2.9649982E+04  8.2059875E+04
  2.9749992E+04  8.1168570E+04
  2.9849994E+04  7.9961812E+04
  2.9949984E+04  7.8971000E+04
  3.0049996E+04  7.8070734E+04
  3.0149994E+04  7.7458398E+04
  3.0249994E+04  7.6206055E+04
  3.0349996E+04  7.5267070E+04
  3.0449996E+04  7.4769453E+04
  3.0549996E+04  7.3671242E+04
  3.0649996E+04  7.2758195E+04
  3.0749994E+04  7.2126383E+04
  3.0849996E+04  7.0824312E+04
  3.0949994E+04  7.0217938E+04
  3.1049996E+04  6.9692125E+04
  3.1149996E+04  6.8235914E+04
  3.1249996E+04  6.7965797E+04
  3.1349996E+04  6.7222398E+04
  3.1449996E+04  6.6395656E+04
  3.1549998E+04  6.5494770E+04
  3.1649996E+04  6.4555043E+04
  3.1749998E+04  6.4152766E+04
  3.1849996E+04  6.3371754E+04
  3.1949994E+04  6.2743188E+04
  3.2099996E+04  6.1562215E+04
  3.2299992E+04  6.0061949E+04
  3.2499994E+04  5.8715090E+04
  3.2699996E+04  5.7326121E+04
  3.2899996E+04  5.6043055E+04
  3.3099996E+04  5.4735152E+04
  3.3299992E+04  5.3427359E+04
  3.3499996E+04  5.2465688E+04
  3.3699996E+04  5.1217840E+04
  3.3899996E+04  4.9998984E+04
  3.4099996E+04  4.8818074E+04
  3.4299996E+04  4.7971836E+04
  3.4499992E+04  4.7005797E+04
  3.4699996E+04  4.5939855E+04
  3.4899996E+04  4.4991086E+04
  3.5099996E+04  4.4100652E+04
  3.5299996E+04  4.3015820E+04
  3.5499996E+04  4.2224598E+04
  3.5699992E+04  4.1297609E+04
  3.5899992E+04  4.0403207E+04
  3.6099996E+04  3.9673461E+04
  3.6299992E+04  3.8848668E+04
  3.6499992E+04  3.7917918E+04
  3.6699992E+04  3.7094605E+04
  3.6899992E+04  3.6142988E+04
  3.7099996E+04  3.5330102E+04
  3.7299996E+04  3.4871012E+04
  3.7499992E+04  3.3929426E+04
  3.7699996E+04  3.3493512E+04
  3.7899996E+04  3.2792125E+04
  3.8099992E+04  3.2235949E+04
  3.8299996E+04  3.1686990E+04
  3.8499996E+04  3.1094301E+04
  3.8699996E+04  3.0285748E+04
  3.8899992E+04  2.9805842E+04
  3.9099996E+04  2.9316877E+04
  3.9299992E+04  2.8750939E+04
  3.9499992E+04  2.8025906E+04
  3.9699992E+04  2.7564965E+04
  3.9900000E+04  2.6832594E+04
  4.0099996E+04  2.6490637E+04
  4.0299992E+04  2.6114701E+04
  4.0499996E+04  2.5563416E+04
  4.0699992E+04  2.5117211E+04
  4.0899992E+04  2.4680738E+04
  4.1099996E+04  2.4231473E+04
  4.1299996E+04  2.3831703E+04
  4.1499992E+04  2.3355379E+04
  4.1699992E+04  2.2928229E+04
  4.1899996E+04  2.2450211E+04
  4.2099996E+04  2.1978096E+04
  4.2299992E+04  2.1772869E+04
  4.2499996E+04  2.1288939E+04
  4.2699992E+04  2.0988736E+04
  4.2899992E+04  1.9134189E+04
  4.3099996E+04  1.6972369E+04
  4.3299996E+04  1.7231275E+04
  4.3499992E+04  1.5857932E+04
  4.3699996E+04  1.5077688E+04
  4.3899996E+04  1.4573896E+04
  4.4099992E+04  1.3650308E+04
  4.4299992E+04  1.3349570E+04
  4.4499996E+04  1.3059002E+04
  4.4699996E+04  1.2336228E+04
  4.4899996E+04  1.2473988E+04
  4.5099992E+04  1.1991131E+04
  4.5299992E+04  1.1597438E+04
  4.5499996E+04  1.1656936E+04
  4.5699992E+04  1.1536730E+04
  4.5899996E+04  1.0993659E+04
  4.6099996E+04  1.1228373E+04
  4.6299992E+04  1.0933344E+04
  4.6499988E+04  1.0902743E+04
  4.6699992E+04  1.1001128E+04
  4.6899992E+04  1.0680051E+04
  4.7099992E+04  1.0489688E+04
  4.7299992E+04  1.0734071E+04
  4.7499996E+04  1.0374540E+04
  4.7699992E+04  1.0266863E+04
  4.7899992E+04  1.0302977E+04
  4.8099996E+04  9.8756846E+03
  4.8299992E+04  1.0141753E+04
  4.8499992E+04  9.9086943E+03
  4.8700000E+04  9.6613193E+03
  4.8899992E+04  9.5098252E+03
  4.9099988E+04  9.4564199E+03
  4.9299988E+04  9.2849883E+03
  4.9499996E+04  9.0855674E+03
  4.9699992E+04  9.1318604E+03
  4.9899988E+04  9.0034336E+03
  5.0099996E+04  8.8880137E+03
  5.0299996E+04  8.7790576E+03
  5.0499996E+04  8.5356387E+03
  5.0699996E+04  8.5647207E+03
  5.0899992E+04  8.4358936E+03
  5.1099992E+04  8.2668311E+03
  5.1299996E+04  8.3207402E+03
  5.1499988E+04  8.1141978E+03
  5.1699996E+04  8.1618984E+03
  5.1899992E+04  7.9904438E+03
  5.2099992E+04  7.9628022E+03
  5.2299996E+04  7.7622197E+03
  5.2499996E+04  7.7586846E+03
  5.2699996E+04  7.8167007E+03
  5.2899992E+04  7.5673491E+03
  5.3099988E+04  7.4683647E+03
  5.3299988E+04  7.4605601E+03
  5.3499992E+04  7.3829028E+03
  5.3699992E+04  7.3397700E+03
  5.3899992E+04  7.2699697E+03
  5.4099992E+04  7.2093662E+03
  5.4299984E+04  7.0375312E+03
  5.4499988E+04  7.0812266E+03
  5.4699996E+04  6.9236470E+03
  5.4899992E+04  6.8910435E+03
  5.5099992E+04  6.7975537E+03
  5.5299988E+04  6.9614741E+03
  5.5499988E+04  6.6517358E+03
  5.5699992E+04  6.7285176E+03
  5.5899992E+04  6.5931699E+03
  5.6099988E+04  6.5993931E+03
  5.6299996E+04  6.4273140E+03
  5.6499988E+04  6.4602559E+03
  5.6699988E+04  6.3955425E+03
  5.6899992E+04  6.2469824E+03
  5.7099996E+04  6.2959658E+03
  5.7299988E+04  6.2144580E+03
  5.7499988E+04  6.1529575E+03
  5.7699988E+04  6.0657915E+03
  5.7899996E+04  6.0716055E+03
  5.8099988E+04  5.9507505E+03
  5.8299996E+04  5.9056680E+03
  5.8499992E+04  5.8500552E+03
  5.8699988E+04  5.7411606E+03
  5.8899988E+04  5.6976763E+03
  5.9099992E+04  5.6502261E+03
  5.9299988E+04  5.6037139E+03
  5.9499996E+04  5.5158770E+03
  5.9699988E+04  5.4930405E+03
  5.9899992E+04  5.4347905E+03
  6.0099992E+04  5.3760454E+03
  6.0299992E+04  5.3164058E+03
  6.0499988E+04  5.2232646E+03
  6.0699992E+04  5.1731548E+03
  6.0899992E+04  5.1151582E+03
  6.1099988E+04  5.0458008E+03
  6.1299992E+04  5.0127280E+03
  6.1499988E+04  4.9685249E+03
  6.1699988E+04  4.9322100E+03
  6.1899996E+04  4.8720708E+03
  6.2099996E+04  4.8297983E+03
  6.2299988E+04  4.7584604E+03
  6.2499992E+04  4.6855234E+03
  6.2699988E+04  4.6322012E+03
  6.2899996E+04  4.5931719E+03
  6.3099984E+04  4.5360020E+03
  6.3299996E+04  4.5127417E+03
  6.3499984E+04  4.4474561E+03
  6.3699984E+04  4.4239355E+03
  6.3900000E+04  4.3546733E+03
  6.4199992E+04  4.2866504E+03
  6.4599984E+04  4.1842588E+03
  6.4999992E+04  4.0954675E+03
  6.5399992E+04  4.0036858E+03
  6.5799992E+04  3.9238320E+03
  6.6199984E+04  3.8321145E+03
  6.6599984E+04  3.7498689E+03
  6.6999992E+04  3.6707351E+03
  6.7399992E+04  3.5855808E+03
  6.7799992E+04  3.5080752E+03
  6.8199992E+04  3.4303542E+03
  6.8599992E+04  3.3601257E+03
  6.8999984E+04  3.2847241E+03
  6.9399984E+04  3.2143513E+03
  6.9800000E+04  3.1458337E+03
  7.0199992E+04  3.0749978E+03
  7.0599984E+04  3.0118337E+03
  7.0999977E+04  2.9469790E+03
  7.1399977E+04  2.8853057E+03
  7.1799984E+04  2.8229189E+03
  7.2199984E+04  2.7640474E+03
  7.2600000E+04  2.7050105E+03
  7.2999984E+04  2.6486555E+03
  7.3400000E+04  2.5921042E+03
  7.3799984E+04  2.5389736E+03
  7.4199992E+04  2.4821121E+03
  7.4599992E+04  2.4310601E+03
  7.5000000E+04  2.3824260E+03
  7.5399992E+04  2.3319023E+03
  7.5799992E+04  2.2884067E+03
  7.6199984E+04  2.2421257E+03
  7.6599992E+04  2.1969397E+03
  7.6999992E+04  2.1519978E+03
  7.7399992E+04  2.1096892E+03
  7.7799984E+04  2.0678860E+03
  7.8199984E+04  2.0267635E+03
  7.8599984E+04  1.9869785E+03
  7.8999984E+04  1.9477123E+03
  7.9399984E+04  1.9097917E+03
  7.9800000E+04  1.8729453E+03
  8.0199992E+04  1.8348639E+03
  8.0599984E+04  1.7997638E+03
  8.0999992E+04  1.7662987E+03
  8.1399977E+04  1.7318689E+03
  8.1799984E+04  1.7001086E+03
  8.2199984E+04  1.6679912E+03
  8.2599992E+04  1.6363590E+03
  8.2999984E+04  1.6057505E+03
  8.3400000E+04  1.5746766E+03
  8.3799992E+04  1.5450883E+03
  8.4199992E+04  1.5179553E+03
  8.4599977E+04  1.4894236E+03
  8.4999977E+04  1.4624028E+03
  8.5399984E+04  1.4361312E+03
  8.5799984E+04  1.4102853E+03
  8.6199992E+04  1.3849064E+03
  8.6599992E+04  1.3602369E+03
  8.6999984E+04  1.3357626E+03
  8.7399992E+04  1.3121218E+03
  8.7799992E+04  1.2887090E+03
  8.8199984E+04  1.2654723E+03
  8.8599977E+04  1.2433219E+03
  8.8999992E+04  1.2212316E+03
  8.9399977E+04  1.2006180E+03
  8.9799977E+04  1.1786403E+03
  9.0199984E+04  1.1594119E+03
  9.0599984E+04  1.1396504E+03
  9.0999992E+04  1.1183708E+03
  9.1400000E+04  1.1006212E+03
  9.1799969E+04  1.0818424E+03
  9.2199969E+04  1.0642328E+03
  9.2599984E+04  1.0462272E+03
  9.3000000E+04  1.0287960E+03
  9.3399984E+04  1.0114957E+03
  9.3799984E+04  9.9483734E+02
  9.4199977E+04  9.7838275E+02
  9.4599984E+04  9.6204364E+02
  9.4999969E+04  9.4632050E+02
  9.5399984E+04  9.3095044E+02
  9.5799984E+04  9.1588574E+02
  9.6199992E+04  9.0095734E+02
  9.6599984E+04  8.8644647E+02
  9.7000000E+04  8.7226367E+02
  9.7399977E+04  8.5701318E+02
  9.7799984E+04  8.4426660E+02
  9.8199977E+04  8.3111298E+02
  9.8599977E+04  8.1802820E+02
  9.8999992E+04  8.0516553E+02
  9.9399984E+04  7.9240710E+02
  9.9799977E+04  7.8009180E+02
  1.0019999E+05  7.6794708E+02
  1.9999991E+05  5.0021709E+01
  3.9999994E+05  3.1574945E+00
  5.9999981E+05  6.2243658E-01
  7.9999994E+05  1.9610722E-01
