  9.2499988E+02  4.5879433E-12
  9.3499982E+02  6.8906322E-12
  9.4500000E+02  1.1082728E-11
  9.5500000E+02  1.1089360E-11
  9.6499988E+02  2.5870174E-11
  9.7499982E+02  2.6790707E-11
  9.8499976E+02  4.5341168E-11
  9.9499988E+02  8.0889025E-11
  1.0049999E+03  1.0162217E-10
  1.0149997E+03  1.4601989E-10
  1.0249998E+03  2.2563292E-10
  1.0349998E+03  5.4359872E-10
  1.0449998E+03  7.4948181E-10
  1.0549999E+03  7.8117052E-10
  1.0649999E+03  1.9623769E-09
  1.0750000E+03  2.8071152E-09
  1.0849996E+03  5.5372724E-09
  1.0949999E+03  7.7864932E-09
  1.1049999E+03  1.0046627E-08
  1.1149999E+03  1.4099632E-08
  1.1249999E+03  3.3267114E-08
  1.1349996E+03  5.9699452E-08
  1.1449999E+03  9.7362523E-08
  1.1549999E+03  1.4138239E-07
  1.1650000E+03  1.8130149E-07
  1.1749995E+03  2.8940761E-07
  1.1849996E+03  3.4667855E-07
  1.1949998E+03  3.9015472E-07
  1.2049996E+03  3.2724893E-07
  1.2149998E+03  5.9410645E-08
  1.2249996E+03  5.3011905E-07
  1.2349996E+03  1.5441315E-06
  1.2449998E+03  2.3484924E-06
  1.2549996E+03  3.3424678E-06
  1.2650000E+03  4.3136924E-06
  1.2749998E+03  5.8740825E-06
  1.2849995E+03  6.2274585E-06
  1.2949998E+03  7.6304732E-06
  1.3049995E+03  1.0062368E-05
  1.3149998E+03  1.2363256E-05
  1.3249998E+03  1.4084159E-05
  1.3349996E+03  1.5550015E-05
  1.3449995E+03  2.1068867E-05
  1.3549996E+03  2.7700597E-05
  1.3649999E+03  3.0316984E-05
  1.3749999E+03  3.2422213E-05
  1.3849996E+03  3.8044021E-05
  1.3949999E+03  4.2963668E-05
  1.4050001E+03  5.9709699E-05
  1.4149998E+03  7.5215859E-05
  1.4249998E+03  8.5649808E-05
  1.4350000E+03  1.1851615E-04
  1.4419998E+03  1.7373798E-04
  1.4469999E+03  1.4110787E-04
  1.4549994E+03  1.7198019E-04
  1.4650000E+03  2.5838436E-04
  1.4749995E+03  3.1487586E-04
  1.4849996E+03  3.2797214E-04
  1.4949998E+03  5.0122646E-04
  1.5049996E+03  6.9371361E-04
  1.5119995E+03  3.8921708E-04
  1.5169994E+03  6.1659620E-04
  1.5250001E+03  1.1451063E-03
  1.5349994E+03  1.6332612E-03
  1.5449994E+03  1.1064511E-03
  1.5549998E+03  1.8652614E-03
  1.5649999E+03  1.7086024E-03
  1.5750001E+03  3.7158076E-03
  1.5850000E+03  3.8377736E-03
  1.5949996E+03  3.6488269E-03
  1.6049999E+03  3.8222831E-03
  1.6150000E+03  3.9183786E-03
  1.6249996E+03  3.7555974E-03
  1.6350000E+03  5.0194426E-03
  1.6449996E+03  6.7711114E-03
  1.6549999E+03  5.5056997E-03
  1.6649993E+03  8.8360719E-03
  1.6720000E+03  7.2510331E-03
  1.6770001E+03  1.1371797E-02
  1.6849998E+03  1.5329527E-02
  1.6950000E+03  2.1751454E-02
  1.7049995E+03  2.2466430E-02
  1.7150000E+03  2.4031702E-02
  1.7249993E+03  3.3292431E-02
  1.7349994E+03  3.8373858E-02
  1.7449993E+03  5.3569924E-02
  1.7550001E+03  5.4513302E-02
  1.7649998E+03  7.0572793E-02
  1.7749995E+03  6.1817430E-02
  1.7849995E+03  1.1966880E-01
  1.7949999E+03  9.9858053E-02
  1.8050001E+03  1.7354098E-01
  1.8150001E+03  1.2297306E-01
  1.8249994E+03  1.9887331E-01
  1.8349993E+03  1.7322758E-01
  1.8449993E+03  2.4491912E-01
  1.8549998E+03  1.9629176E-01
  1.8650002E+03  3.3220318E-01
  1.8750001E+03  3.0597278E-01
  1.8850000E+03  3.8684517E-01
  1.8950002E+03  4.8358071E-01
  1.9049996E+03  5.0830072E-01
  1.9149999E+03  7.3222679E-01
  1.9249993E+03  6.1296016E-01
  1.9350001E+03  4.4190013E-01
  1.9449993E+03  8.5429162E-01
  1.9550002E+03  1.2033294E+00
  1.9670002E+03  1.2940463E+00
  1.9759990E+03  1.5040096E+00
  1.9839996E+03  1.8965596E+00
  1.9950001E+03  1.6826985E+00
  2.0050002E+03  1.9498149E+00
  2.0149996E+03  2.2260356E+00
  2.0249994E+03  2.0563743E+00
  2.0349995E+03  2.5938685E+00
  2.0449998E+03  2.7343163E+00
  2.0550000E+03  3.2432923E+00
  2.0649993E+03  3.0723696E+00
  2.0739993E+03  2.9426785E+00
  2.0780002E+03  5.1652761E+00
  2.0849993E+03  6.6985197E+00
  2.0950005E+03  7.2904129E+00
  2.1050002E+03  6.6007380E+00
  2.1149990E+03  6.6039987E+00
  2.1250000E+03  7.5024986E+00
  2.1350002E+03  9.6228285E+00
  2.1449998E+03  7.5820298E+00
  2.1550005E+03  9.0288849E+00
  2.1649995E+03  8.9127235E+00
  2.1750002E+03  9.6583796E+00
  2.1849998E+03  8.8347397E+00
  2.1950000E+03  1.4787750E+01
  2.2050000E+03  1.2189908E+01
  2.2149998E+03  1.4853629E+01
  2.2249998E+03  1.3142900E+01
  2.2350005E+03  2.2154215E+01
  2.2449990E+03  2.4589203E+01
  2.2549993E+03  2.9993303E+01
  2.2650000E+03  1.5603994E+01
  2.2750000E+03  3.0781378E+01
  2.2850000E+03  3.0357410E+01
  2.2950002E+03  4.9658848E+01
  2.3050000E+03  1.8602568E+01
  2.3149995E+03  6.1202694E+01
  2.3250000E+03  4.8432297E+01
  2.3349995E+03  7.5060226E+01
  2.3449993E+03  4.5936722E+01
  2.3550000E+03  4.0319622E+01
  2.3649988E+03  5.4877735E+01
  2.3750000E+03  5.2722088E+01
  2.3849990E+03  9.0384598E+01
  2.3950000E+03  8.2308189E+01
  2.4050005E+03  1.4433546E+02
  2.4149993E+03  9.1188927E+01
  2.4249990E+03  1.1660835E+02
  2.4349990E+03  1.6630534E+02
  2.4450000E+03  2.2534564E+02
  2.4549990E+03  2.5926169E+02
  2.4649990E+03  1.6992671E+02
  2.4749993E+03  2.9553168E+02
  2.4850005E+03  1.1297915E+02
  2.4950000E+03  1.3065472E+02
  2.5050005E+03  2.5864484E+02
  2.5129988E+03  1.8428123E+02
  2.5179990E+03  1.9383543E+02
  2.5249998E+03  2.3259435E+02
  2.5350007E+03  4.8773053E+02
  2.5449988E+03  5.9246429E+02
  2.5550000E+03  6.5500970E+02
  2.5649990E+03  3.7770529E+02
  2.5749990E+03  5.8163733E+02
  2.5849993E+03  4.5068341E+02
  2.5949990E+03  5.3065265E+02
  2.6049995E+03  7.1154895E+02
  2.6149998E+03  6.5884808E+02
  2.6249990E+03  9.6164880E+02
  2.6350007E+03  1.4172465E+03
  2.6449995E+03  1.1920148E+03
  2.6549998E+03  1.5443383E+03
  2.6649995E+03  1.4295991E+03
  2.6749988E+03  1.2319236E+03
  2.6849988E+03  1.6328782E+03
  2.6949988E+03  1.2025549E+03
  2.7050000E+03  1.8037505E+03
  2.7150000E+03  1.7951897E+03
  2.7249995E+03  1.5984823E+03
  2.7350007E+03  1.6895051E+03
  2.7450002E+03  2.2680398E+03
  2.7549998E+03  2.1843000E+03
  2.7649983E+03  2.8218948E+03
  2.7750005E+03  3.6540615E+03
  2.7850000E+03  2.5839658E+03
  2.7949993E+03  3.1536597E+03
  2.8049995E+03  3.2676274E+03
  2.8150002E+03  3.5170095E+03
  2.8250007E+03  3.7591028E+03
  2.8350000E+03  3.4234539E+03
  2.8450002E+03  2.7410098E+03
  2.8550005E+03  1.4675945E+03
  2.8650000E+03  3.9492087E+03
  2.8749983E+03  4.2423862E+03
  2.8850000E+03  5.8248779E+03
  2.8949988E+03  6.7372183E+03
  2.9099988E+03  1.0460143E+04
  2.9299983E+03  1.0493366E+04
  2.9499990E+03  1.1190959E+04
  2.9700005E+03  1.0715718E+04
  2.9899980E+03  1.4269781E+04
  3.0099995E+03  1.6837623E+04
  3.0299995E+03  2.5464336E+04
  3.0499995E+03  2.9193424E+04
  3.0699995E+03  2.3446439E+04
  3.0899995E+03  1.6715680E+04
  3.1099995E+03  2.9078885E+04
  3.1299998E+03  2.4777654E+04
  3.1499995E+03  3.5978062E+04
  3.1699995E+03  5.4203020E+04
  3.1899995E+03  4.0997461E+04
  3.2099998E+03  4.9109371E+04
  3.2299993E+03  5.2327164E+04
  3.2499993E+03  8.8300906E+04
  3.2699995E+03  1.1134747E+05
  3.2899995E+03  1.3094348E+05
  3.3099998E+03  1.0294731E+05
  3.3299993E+03  1.1130529E+05
  3.3499995E+03  1.0777470E+05
  3.3699995E+03  6.3246070E+04
  3.3899993E+03  8.6544289E+04
  3.4099993E+03  9.9444008E+04
  3.4299995E+03  1.3418409E+05
  3.4499993E+03  1.6047677E+05
  3.4699998E+03  1.8746075E+05
  3.4899993E+03  2.2367497E+05
  3.5099995E+03  2.7710450E+05
  3.5299995E+03  2.3216995E+05
  3.5499995E+03  2.7936094E+05
  3.5699995E+03  2.2151014E+05
  3.5899995E+03  2.3489219E+05
  3.6099995E+03  3.0526944E+05
  3.6299993E+03  3.0580319E+05
  3.6399993E+03  2.9346266E+05
  3.6499995E+03  2.4572131E+05
  3.6699993E+03  3.1995562E+05
  3.6899995E+03  2.1600017E+05
  3.7099995E+03  1.6778791E+05
  3.7299998E+03  7.7307602E+04
  3.7499993E+03  9.5792695E+04
  3.7699993E+03  2.2963839E+05
  3.7899995E+03  2.5547594E+05
  3.8099993E+03  2.1364589E+05
  3.8299998E+03  8.9007609E+04
  3.8499995E+03  1.5858247E+05
  3.8699995E+03  1.4399062E+05
  3.8899995E+03  1.6872962E+05
  3.9099995E+03  2.5741291E+05
  3.9299993E+03  1.0337605E+05
  3.9499993E+03  2.1850403E+05
  3.9699998E+03  1.4824891E+05
  3.9899995E+03  4.6994319E+05
  4.0099995E+03  5.8561956E+05
  4.0299993E+03  4.9109459E+05
  4.0499993E+03  4.8878269E+05
  4.0699993E+03  4.1119084E+05
  4.0899995E+03  6.9839794E+05
  4.1099995E+03  4.8886697E+05
  4.1299995E+03  5.2224350E+05
  4.1499990E+03  4.8920081E+05
  4.1699990E+03  5.1266253E+05
  4.1899995E+03  5.1797291E+05
  4.2099995E+03  4.3926441E+05
  4.2299995E+03  2.5758556E+05
  4.2499995E+03  4.4688625E+05
  4.2699990E+03  4.3322591E+05
  4.2899995E+03  4.3996306E+05
  4.3100000E+03  4.4832128E+05
  4.3299995E+03  7.0315581E+05
  4.3499995E+03  7.9766481E+05
  4.3699995E+03  8.4253950E+05
  4.3899995E+03  6.6275912E+05
  4.4099995E+03  6.8033600E+05
  4.4299995E+03  7.6362506E+05
  4.4499995E+03  8.1059675E+05
  4.4699995E+03  9.4054581E+05
  4.4899995E+03  9.8022994E+05
  4.5099990E+03  1.2172830E+06
  4.5299995E+03  9.2945450E+05
  4.5499990E+03  1.0704845E+06
  4.5699995E+03  1.1974885E+06
  4.5899990E+03  1.1219685E+06
  4.6099990E+03  1.1594968E+06
  4.6299990E+03  1.1594130E+06
  4.6499990E+03  1.1136910E+06
  4.6699990E+03  1.2406565E+06
  4.6899990E+03  1.1670180E+06
  4.7099995E+03  1.0989131E+06
  4.7299990E+03  1.0856996E+06
  4.7499995E+03  1.0532330E+06
  4.7699995E+03  9.2820169E+05
  4.7899990E+03  9.9990506E+05
  4.8099995E+03  1.1827732E+06
  4.8299995E+03  1.1871285E+06
  4.8499990E+03  1.2332375E+06
  4.8700000E+03  1.1323165E+06
  4.8899990E+03  1.1868180E+06
  4.9099990E+03  1.1805288E+06
  4.9299990E+03  1.0818898E+06
  4.9499995E+03  1.0837428E+06
  4.9699995E+03  1.0239598E+06
  4.9899990E+03  9.0445856E+05
  5.0099995E+03  7.9136144E+05
  5.0299995E+03  8.6381969E+05
  5.0499995E+03  8.0064919E+05
  5.0699995E+03  7.6421200E+05
  5.0899995E+03  7.3511231E+05
  5.1099990E+03  7.5502162E+05
  5.1299995E+03  7.1257031E+05
  5.1499985E+03  6.6091131E+05
  5.1700000E+03  6.3466550E+05
  5.1899990E+03  7.1102950E+05
  5.2099990E+03  8.5186569E+05
  5.2299995E+03  1.2023468E+06
  5.2499995E+03  1.3460016E+06
  5.2699995E+03  1.0312077E+06
  5.2899990E+03  1.3671068E+06
  5.3099995E+03  1.5119509E+06
  5.3299990E+03  1.2251661E+06
  5.3499995E+03  1.3946594E+06
  5.3699995E+03  1.3511070E+06
  5.3899995E+03  1.3259268E+06
  5.4099990E+03  1.2952892E+06
  5.4299990E+03  1.2864039E+06
  5.4499990E+03  1.2999370E+06
  5.4699995E+03  1.3865174E+06
  5.4899995E+03  1.4294311E+06
  5.5099995E+03  1.3770069E+06
  5.5299985E+03  1.4934606E+06
  5.5499990E+03  1.5142709E+06
  5.5699990E+03  1.4696585E+06
  5.5899995E+03  1.3839302E+06
  5.6099990E+03  1.4910310E+06
  5.6299995E+03  1.5432116E+06
  5.6499990E+03  1.6044129E+06
  5.6699990E+03  1.5516312E+06
  5.6899995E+03  1.5843778E+06
  5.7099995E+03  1.5077828E+06
  5.7299990E+03  1.6552765E+06
  5.7499990E+03  1.6334124E+06
  5.7699990E+03  1.6444005E+06
  5.7899995E+03  1.5631611E+06
  5.8099985E+03  1.6434875E+06
  5.8300000E+03  1.7010616E+06
  5.8499990E+03  1.6384822E+06
  5.8699985E+03  1.6474539E+06
  5.8899985E+03  1.4289801E+06
  5.9099995E+03  1.6430251E+06
  5.9299985E+03  1.6438534E+06
  5.9499995E+03  1.6447386E+06
  5.9699990E+03  1.6785552E+06
  5.9899990E+03  1.6577051E+06
  6.0099990E+03  1.6363648E+06
  6.0299995E+03  1.6817876E+06
  6.0499990E+03  1.7055789E+06
  6.0699990E+03  1.6903702E+06
  6.0899995E+03  1.6396700E+06
  6.1099985E+03  1.6447972E+06
  6.1299995E+03  1.5260049E+06
  6.1499985E+03  1.6230729E+06
  6.1699985E+03  1.4508656E+06
  6.1900000E+03  1.6405089E+06
  6.2099995E+03  1.6121798E+06
  6.2299985E+03  1.5692322E+06
  6.2499990E+03  1.5177342E+06
  6.2699985E+03  1.5797478E+06
  6.2900000E+03  1.6258972E+06
  6.3099985E+03  1.5821128E+06
  6.3299995E+03  1.6088929E+06
  6.3499985E+03  1.6231596E+06
  6.3699985E+03  1.6207821E+06
  6.3899995E+03  1.6569682E+06
  6.4099990E+03  1.6118029E+06
  6.4299985E+03  1.6215649E+06
  6.4499985E+03  1.5839954E+06
  6.4699990E+03  1.5713375E+06
  6.4899990E+03  1.5533495E+06
  6.5099985E+03  1.6245358E+06
  6.5299990E+03  1.6581561E+06
  6.5499985E+03  1.6242489E+06
  6.5699985E+03  1.6093130E+06
  6.5899995E+03  1.6321765E+06
  6.6099985E+03  1.6465441E+06
  6.6299990E+03  1.6464809E+06
  6.6499985E+03  1.6480080E+06
  6.6699995E+03  1.6094326E+06
  6.6899990E+03  1.6202788E+06
  6.7099995E+03  1.5485482E+06
  6.7299990E+03  1.6031550E+06
  6.7499995E+03  1.5663000E+06
  6.7699985E+03  1.5815545E+06
  6.7899995E+03  1.5559081E+06
  6.8099995E+03  1.5713965E+06
  6.8300000E+03  1.5972562E+06
  6.8499985E+03  1.5628135E+06
  6.8699985E+03  1.5788711E+06
  6.8899985E+03  1.5955891E+06
  6.9099990E+03  1.5995424E+06
  6.9299995E+03  1.5915780E+06
  6.9499990E+03  1.5950662E+06
  6.9699985E+03  1.6215200E+06
  6.9899985E+03  1.5932096E+06
  7.0099985E+03  1.5937911E+06
  7.0299985E+03  1.6140840E+06
  7.0499990E+03  1.6278295E+06
  7.0699980E+03  1.5851692E+06
  7.0899990E+03  1.5321708E+06
  7.1099990E+03  1.4806374E+06
  7.1299995E+03  1.4394394E+06
  7.1499990E+03  1.4075954E+06
  7.1699995E+03  1.4670991E+06
  7.1899985E+03  1.4384714E+06
  7.2099985E+03  1.4468079E+06
  7.2299980E+03  1.5136239E+06
  7.2499990E+03  1.5123080E+06
  7.2699995E+03  1.5401371E+06
  7.2899990E+03  1.5380074E+06
  7.3099980E+03  1.5534329E+06
  7.3299980E+03  1.5399189E+06
  7.3499980E+03  1.5443812E+06
  7.3699985E+03  1.5771400E+06
  7.3899995E+03  1.5599915E+06
  7.4099985E+03  1.5419080E+06
  7.4299995E+03  1.5701960E+06
  7.4500000E+03  1.5609620E+06
  7.4700000E+03  1.5778648E+06
  7.4899990E+03  1.5711288E+06
  7.5099985E+03  1.5832116E+06
  7.5299995E+03  1.5924860E+06
  7.5499980E+03  1.5974108E+06
  7.5699985E+03  1.5889154E+06
  7.5899990E+03  1.5753208E+06
  7.6099980E+03  1.5708249E+06
  7.6299995E+03  1.5668062E+06
  7.6499995E+03  1.5528954E+06
  7.6699980E+03  1.4698824E+06
  7.6899990E+03  1.5276728E+06
  7.7099995E+03  1.4826186E+06
  7.7299985E+03  1.5084988E+06
  7.7499990E+03  1.4899345E+06
  7.7700000E+03  1.5182790E+06
  7.7900000E+03  1.5178808E+06
  7.8099995E+03  1.5146254E+06
  7.8299980E+03  1.4931954E+06
  7.8499980E+03  1.4854131E+06
  7.8699995E+03  1.5206325E+06
  7.8900000E+03  1.5077890E+06
  7.9099995E+03  1.4871081E+06
  7.9300000E+03  1.4839296E+06
  7.9499985E+03  1.4642536E+06
  7.9699990E+03  1.5088089E+06
  7.9900000E+03  1.5046872E+06
  8.0099980E+03  1.4989449E+06
  8.0299985E+03  1.4957522E+06
  8.0500000E+03  1.4925726E+06
  8.0699985E+03  1.4932249E+06
  8.0899990E+03  1.4829151E+06
  8.1099995E+03  1.4953139E+06
  8.1299976E+03  1.5092835E+06
  8.1499976E+03  1.5071599E+06
  8.1699980E+03  1.5027810E+06
  8.1899985E+03  1.4147971E+06
  8.2099990E+03  1.4678842E+06
  8.2300000E+03  1.4797804E+06
  8.2500000E+03  1.4784262E+06
  8.2700000E+03  1.4992115E+06
  8.2899980E+03  1.4897396E+06
  8.3099990E+03  1.4598279E+06
  8.3299980E+03  1.4333354E+06
  8.3500000E+03  1.4504132E+06
  8.3699990E+03  1.4504814E+06
  8.3899990E+03  1.3752838E+06
  8.4099971E+03  1.4447069E+06
  8.4300000E+03  1.3776365E+06
  8.4499990E+03  1.4020946E+06
  8.4699980E+03  1.3969516E+06
  8.4899980E+03  1.4083050E+06
  8.5099990E+03  1.3500365E+06
  8.5299990E+03  1.4099875E+06
  8.5499990E+03  1.3386710E+06
  8.5699990E+03  1.4220931E+06
  8.5900000E+03  1.4059309E+06
  8.6099980E+03  1.4012370E+06
  8.6299990E+03  1.4119479E+06
  8.6499990E+03  1.4273790E+06
  8.6699990E+03  1.3187606E+06
  8.6899990E+03  1.3533060E+06
  8.7099971E+03  1.4048521E+06
  8.7299990E+03  1.4044526E+06
  8.7499980E+03  1.3999098E+06
  8.7699980E+03  1.3953932E+06
  8.7899980E+03  1.4021668E+06
  8.8099990E+03  1.3491140E+06
  8.8299980E+03  1.3717591E+06
  8.8499980E+03  1.3910111E+06
  8.8699980E+03  1.3795739E+06
  8.8899990E+03  1.4015452E+06
  8.9099971E+03  1.4017622E+06
  8.9299980E+03  1.3779631E+06
  8.9499980E+03  1.3675318E+06
  8.9699990E+03  1.3736136E+06
  8.9899990E+03  1.3791155E+06
  9.0099980E+03  1.3207456E+06
  9.0299990E+03  1.3584234E+06
  9.0499990E+03  1.3841184E+06
  9.0699980E+03  1.3793492E+06
  9.0899990E+03  1.3316132E+06
  9.1099980E+03  1.3413884E+06
  9.1299980E+03  1.3598782E+06
  9.1499980E+03  1.3570450E+06
  9.1699980E+03  1.3549400E+06
  9.1899990E+03  1.3650626E+06
  9.2099990E+03  1.3389322E+06
  9.2299980E+03  1.3471545E+06
  9.2499980E+03  1.3269814E+06
  9.2699971E+03  1.3264789E+06
  9.2899990E+03  1.3170190E+06
  9.3099980E+03  1.3331425E+06
  9.3299990E+03  1.3277791E+06
  9.3499980E+03  1.3184854E+06
  9.3699990E+03  1.2987024E+06
  9.3900000E+03  1.3176154E+06
  9.4099980E+03  1.2906632E+06
  9.4299971E+03  1.3131132E+06
  9.4499990E+03  1.2833456E+06
  9.4700000E+03  1.3070840E+06
  9.4899980E+03  1.3090270E+06
  9.5100000E+03  1.3011104E+06
  9.5300000E+03  1.2958208E+06
  9.5500000E+03  1.2713976E+06
  9.5699990E+03  1.2752215E+06
  9.5899980E+03  1.2962069E+06
  9.6099980E+03  1.2725419E+06
  9.6299990E+03  1.2827390E+06
  9.6499990E+03  1.2366078E+06
  9.6699980E+03  1.2403212E+06
  9.6899980E+03  1.2671839E+06
  9.7100000E+03  1.2520994E+06
  9.7299990E+03  1.2376856E+06
  9.7499980E+03  1.2409358E+06
  9.7699961E+03  1.2481749E+06
  9.7899980E+03  1.2175302E+06
  9.8099980E+03  1.2603300E+06
  9.8299990E+03  1.2442899E+06
  9.8499980E+03  1.2590454E+06
  9.8700000E+03  1.2491134E+06
  9.8899980E+03  1.2468401E+06
  9.9099990E+03  1.2445744E+06
  9.9300000E+03  1.2423165E+06
  9.9499980E+03  1.2407906E+06
  9.9699980E+03  1.2392285E+06
  9.9899990E+03  1.2369516E+06
  1.0024998E+04  1.2252186E+06
  1.0074998E+04  1.2147951E+06
  1.0124997E+04  1.2140352E+06
  1.0174997E+04  1.2014781E+06
  1.0224998E+04  1.1955576E+06
  1.0274997E+04  1.1939420E+06
  1.0325000E+04  1.1728289E+06
  1.0374999E+04  1.1666616E+06
  1.0425000E+04  1.1700911E+06
  1.0474998E+04  1.1563384E+06
  1.0524997E+04  1.1573152E+06
  1.0574999E+04  1.1421184E+06
  1.0625000E+04  1.1393366E+06
  1.0674997E+04  1.1229369E+06
  1.0724998E+04  1.1193360E+06
  1.0774999E+04  1.1107239E+06
  1.0824997E+04  1.0912922E+06
  1.0874997E+04  1.0960294E+06
  1.0924999E+04  1.1002235E+06
  1.0974996E+04  1.0875322E+06
  1.1025000E+04  1.0868948E+06
  1.1074998E+04  1.0852120E+06
  1.1124999E+04  1.0766358E+06
  1.1174998E+04  1.0650924E+06
  1.1224999E+04  1.0648338E+06
  1.1274997E+04  1.0433792E+06
  1.1325000E+04  1.0448486E+06
  1.1375000E+04  1.0297436E+06
  1.1425000E+04  1.0147759E+06
  1.1474997E+04  1.0315875E+06
  1.1525000E+04  1.0310792E+06
  1.1574998E+04  1.0175796E+06
  1.1625000E+04  9.9808419E+05
  1.1674998E+04  1.0009410E+06
  1.1724997E+04  1.0082347E+06
  1.1775001E+04  9.8550625E+05
  1.1824999E+04  9.7918356E+05
  1.1875000E+04  9.6804312E+05
  1.1925000E+04  9.8638156E+05
  1.1975001E+04  9.4907906E+05
  1.2024998E+04  9.6892419E+05
  1.2074996E+04  9.5742875E+05
  1.2125000E+04  9.6148956E+05
  1.2175000E+04  9.6077569E+05
  1.2225001E+04  9.5494912E+05
  1.2275001E+04  9.4738538E+05
  1.2324996E+04  9.4221981E+05
  1.2374996E+04  9.3973825E+05
  1.2424998E+04  9.3018888E+05
  1.2475000E+04  9.3092919E+05
  1.2524997E+04  9.1971756E+05
  1.2574997E+04  9.2073294E+05
  1.2624999E+04  9.1454138E+05
  1.2674997E+04  9.0553494E+05
  1.2724999E+04  9.0645925E+05
  1.2774999E+04  9.0618731E+05
  1.2825000E+04  8.7792569E+05
  1.2875001E+04  8.8825588E+05
  1.2924997E+04  8.7627825E+05
  1.2975001E+04  8.8701425E+05
  1.3024998E+04  8.7768619E+05
  1.3074999E+04  8.8017550E+05
  1.3125000E+04  8.5231250E+05
  1.3174998E+04  8.5707662E+05
  1.3224998E+04  8.6618144E+05
  1.3274997E+04  8.5278531E+05
  1.3324997E+04  8.5412069E+05
  1.3374999E+04  8.5301131E+05
  1.3424999E+04  8.5480056E+05
  1.3474999E+04  8.5058494E+05
  1.3525001E+04  8.4723175E+05
  1.3574999E+04  8.3701600E+05
  1.3624997E+04  8.2997100E+05
  1.3674997E+04  8.3539569E+05
  1.3724995E+04  8.3682012E+05
  1.3774998E+04  8.3067638E+05
  1.3824998E+04  8.3047375E+05
  1.3874996E+04  8.2038988E+05
  1.3925000E+04  8.2601019E+05
  1.3974996E+04  8.2381431E+05
  1.4024997E+04  8.1197519E+05
  1.4075001E+04  8.1872919E+05
  1.4124996E+04  8.1018675E+05
  1.4175000E+04  8.1516794E+05
  1.4225000E+04  8.0380631E+05
  1.4274994E+04  7.8315550E+05
  1.4325001E+04  8.0360156E+05
  1.4374998E+04  8.0456631E+05
  1.4424999E+04  7.8643331E+05
  1.4475000E+04  7.9963706E+05
  1.4524997E+04  7.8889181E+05
  1.4569999E+04  7.8919031E+05
  1.4620000E+04  7.9324869E+05
  1.4674998E+04  7.9128512E+05
  1.4725000E+04  7.7968262E+05
  1.4775002E+04  7.8054062E+05
  1.4824998E+04  7.8174725E+05
  1.4874996E+04  7.6173912E+05
  1.4924997E+04  7.8561475E+05
  1.4974999E+04  7.7619394E+05
  1.5024999E+04  7.3023431E+05
  1.5075000E+04  7.5066231E+05
  1.5124999E+04  7.7339044E+05
  1.5175000E+04  7.7026538E+05
  1.5225002E+04  7.6807475E+05
  1.5274998E+04  7.7167712E+05
  1.5324995E+04  7.6714756E+05
  1.5374997E+04  7.7091519E+05
  1.5425001E+04  7.7235362E+05
  1.5474996E+04  7.6966794E+05
  1.5524994E+04  7.5923231E+05
  1.5575001E+04  7.5787456E+05
  1.5624998E+04  7.6323212E+05
  1.5674997E+04  7.4891056E+05
  1.5724994E+04  7.5210869E+05
  1.5774996E+04  7.2153650E+05
  1.5825001E+04  7.4251244E+05
  1.5874995E+04  7.2518144E+05
  1.5925002E+04  7.3690056E+05
  1.5975001E+04  7.4187569E+05
  1.6049998E+04  7.4010662E+05
  1.6150001E+04  7.2894719E+05
  1.6249997E+04  7.2548194E+05
  1.6350000E+04  7.1936838E+05
  1.6449996E+04  7.0704344E+05
  1.6549998E+04  6.9878612E+05
  1.6649994E+04  6.8488675E+05
  1.6749998E+04  6.6264744E+05
  1.6849998E+04  6.5570775E+05
  1.6950000E+04  6.4947525E+05
  1.7049996E+04  6.2881631E+05
  1.7150000E+04  6.1650888E+05
  1.7249992E+04  6.0372288E+05
  1.7349994E+04  5.9332925E+05
  1.7449992E+04  5.8246575E+05
  1.7550000E+04  5.7242162E+05
  1.7649998E+04  5.6322069E+05
  1.7749994E+04  5.4975400E+05
  1.7849994E+04  5.4342238E+05
  1.7949998E+04  5.3158475E+05
  1.8050002E+04  5.1931622E+05
  1.8150002E+04  5.1070472E+05
  1.8249994E+04  4.9985272E+05
  1.8349992E+04  4.8970944E+05
  1.8449992E+04  4.7561675E+05
  1.8549998E+04  4.7328328E+05
  1.8650002E+04  4.5980541E+05
  1.8750002E+04  4.4917012E+05
  1.8850000E+04  4.4591212E+05
  1.8950004E+04  4.2755888E+05
  1.9049996E+04  4.3085769E+05
  1.9149998E+04  4.2161312E+05
  1.9249992E+04  4.1509922E+05
  1.9350000E+04  4.0088866E+05
  1.9449992E+04  3.9201716E+05
  1.9550002E+04  3.9005700E+05
  1.9649992E+04  3.8537541E+05
  1.9749992E+04  3.7185344E+05
  1.9849992E+04  3.6664381E+05
  1.9950002E+04  3.6294869E+05
  2.0050002E+04  3.6231738E+05
  2.0149996E+04  3.5661478E+05
  2.0249994E+04  3.4660603E+05
  2.0349994E+04  3.4125206E+05
  2.0449996E+04  3.3830109E+05
  2.0550000E+04  3.3184066E+05
  2.0649992E+04  3.2454428E+05
  2.0749998E+04  3.2011975E+05
  2.0849992E+04  3.1461278E+05
  2.0950004E+04  3.0639734E+05
  2.1050002E+04  3.0430938E+05
  2.1149992E+04  2.9818797E+05
  2.1250000E+04  2.9398628E+05
  2.1350002E+04  2.9023038E+05
  2.1449996E+04  2.8531178E+05
  2.1550006E+04  2.8059303E+05
  2.1649994E+04  2.7527450E+05
  2.1750002E+04  2.6980231E+05
  2.1849998E+04  2.6639156E+05
  2.1950002E+04  2.6221041E+05
  2.2050000E+04  2.5273214E+05
  2.2149996E+04  2.5470170E+05
  2.2249998E+04  2.4706766E+05
  2.2350004E+04  2.4452219E+05
  2.2449990E+04  2.4110067E+05
  2.2549994E+04  2.3850761E+05
  2.2650000E+04  2.3194867E+05
  2.2750000E+04  2.3127522E+05
  2.2850000E+04  2.2584247E+05
  2.2950004E+04  2.0334322E+05
  2.3050000E+04  2.1104183E+05
  2.3149996E+04  2.0942644E+05
  2.3250000E+04  1.8796838E+05
  2.3349996E+04  1.9513030E+05
  2.3449994E+04  1.9766928E+05
  2.3550002E+04  1.7723216E+05
  2.3649988E+04  1.8676953E+05
  2.3750000E+04  1.8694305E+05
  2.3849990E+04  1.6942395E+05
  2.3950002E+04  1.7662891E+05
  2.4050006E+04  1.7778145E+05
  2.4149992E+04  1.6409742E+05
  2.4249990E+04  1.6837806E+05
  2.4349990E+04  1.6948859E+05
  2.4450002E+04  1.6095844E+05
  2.4549990E+04  1.5898116E+05
  2.4649992E+04  1.6293294E+05
  2.4749992E+04  1.5744306E+05
  2.4850006E+04  1.5165155E+05
  2.4950000E+04  1.5446294E+05
  2.5050006E+04  1.5565158E+05
  2.5149994E+04  1.4731084E+05
  2.5249998E+04  1.4947892E+05
  2.5350004E+04  1.4865947E+05
  2.5449988E+04  1.4494611E+05
  2.5549998E+04  1.4344425E+05
  2.5649990E+04  1.4243112E+05
  2.5749990E+04  1.4203155E+05
  2.5849994E+04  1.3688677E+05
  2.5949990E+04  1.3712056E+05
  2.6049996E+04  1.3646950E+05
  2.6149998E+04  1.3462338E+05
  2.6249988E+04  1.3191033E+05
  2.6350008E+04  1.3109528E+05
  2.6449996E+04  1.2942212E+05
  2.6549994E+04  1.2808027E+05
  2.6649994E+04  1.2503623E+05
  2.6749988E+04  1.2620385E+05
  2.6849986E+04  1.2443466E+05
  2.6949986E+04  1.2237698E+05
  2.7050002E+04  1.2128834E+05
  2.7149998E+04  1.1989059E+05
  2.7249994E+04  1.1844914E+05
  2.7350006E+04  1.1683905E+05
  2.7450004E+04  1.1575936E+05
  2.7549996E+04  1.1454337E+05
  2.7649982E+04  1.1265700E+05
  2.7750004E+04  1.1112719E+05
  2.7850000E+04  1.1002946E+05
  2.7949992E+04  1.0900249E+05
  2.8049994E+04  1.0749405E+05
  2.8150002E+04  1.0596146E+05
  2.8250006E+04  1.0479716E+05
  2.8350000E+04  1.0374984E+05
  2.8450000E+04  1.0224448E+05
  2.8550002E+04  1.0100720E+05
  2.8650002E+04  9.9775500E+04
  2.8749982E+04  9.8672555E+04
  2.8849998E+04  9.7387594E+04
  2.8949986E+04  9.6185617E+04
  2.9049994E+04  9.4877188E+04
  2.9149986E+04  9.3770734E+04
  2.9249984E+04  9.1642344E+04
  2.9349980E+04  9.1368836E+04
  2.9450000E+04  9.0267102E+04
  2.9550004E+04  8.9230047E+04
  2.9649982E+04  8.8252188E+04
  2.9749992E+04  8.7217156E+04
  2.9849994E+04  8.6020680E+04
  2.9949984E+04  8.4876078E+04
  3.0049996E+04  8.3915719E+04
  3.0149994E+04  8.3016008E+04
  3.0249994E+04  8.1825789E+04
  3.0349996E+04  8.0878469E+04
  3.0449996E+04  8.0067758E+04
  3.0549996E+04  7.8995469E+04
  3.0649996E+04  7.7967523E+04
  3.0749994E+04  7.7186352E+04
  3.0849996E+04  7.5922773E+04
  3.0949994E+04  7.5267766E+04
  3.1049996E+04  7.4467219E+04
  3.1149996E+04  7.3046398E+04
  3.1249996E+04  7.2679953E+04
  3.1349996E+04  7.1822203E+04
  3.1449996E+04  7.0977688E+04
  3.1549998E+04  7.0021312E+04
  3.1649996E+04  6.9124484E+04
  3.1749998E+04  6.8521547E+04
  3.1849996E+04  6.7724289E+04
  3.1949994E+04  6.6972562E+04
  3.2099996E+04  6.5759469E+04
  3.2299992E+04  6.4211008E+04
  3.2499994E+04  6.2763297E+04
  3.2699996E+04  6.1296773E+04
  3.2899996E+04  5.9930777E+04
  3.3099996E+04  5.8534770E+04
  3.3299992E+04  5.7137305E+04
  3.3499996E+04  5.6044191E+04
  3.3699996E+04  5.4760629E+04
  3.3899996E+04  5.3454199E+04
  3.4099996E+04  5.2190758E+04
  3.4299996E+04  5.1263672E+04
  3.4499992E+04  5.0202602E+04
  3.4699996E+04  4.9103047E+04
  3.4899996E+04  4.8059367E+04
  3.5099996E+04  4.7072910E+04
  3.5299996E+04  4.6011938E+04
  3.5499996E+04  4.5091387E+04
  3.5699992E+04  4.4114633E+04
  3.5899992E+04  4.3191852E+04
  3.6099996E+04  4.2341676E+04
  3.6299992E+04  4.1467547E+04
  3.6499992E+04  4.0553430E+04
  3.6699992E+04  3.9670695E+04
  3.6899992E+04  3.8763164E+04
  3.7099996E+04  3.7957691E+04
  3.7299996E+04  3.7332395E+04
  3.7499992E+04  3.6485180E+04
  3.7699996E+04  3.5871137E+04
  3.7899996E+04  3.5139477E+04
  3.8099992E+04  3.4483461E+04
  3.8299996E+04  3.3849453E+04
  3.8499996E+04  3.3193684E+04
  3.8699996E+04  3.2391162E+04
  3.8899992E+04  3.1872230E+04
  3.9099996E+04  3.1307969E+04
  3.9299992E+04  3.0704746E+04
  3.9499992E+04  3.0003438E+04
  3.9699992E+04  2.9501111E+04
  3.9900000E+04  2.8789607E+04
  4.0099996E+04  2.8360234E+04
  4.0299992E+04  2.7905473E+04
  4.0499996E+04  2.7299799E+04
  4.0699992E+04  2.6852492E+04
  4.0899992E+04  2.6374316E+04
  4.1099996E+04  2.5886307E+04
  4.1299996E+04  2.5439625E+04
  4.1499992E+04  2.4954402E+04
  4.1699992E+04  2.4503287E+04
  4.1899996E+04  2.3963057E+04
  4.2099996E+04  2.3504238E+04
  4.2299992E+04  2.3231971E+04
  4.2499996E+04  2.2767711E+04
  4.2699992E+04  2.2408234E+04
  4.2899992E+04  2.1055510E+04
  4.3099996E+04  1.9769053E+04
  4.3299996E+04  1.9767488E+04
  4.3499992E+04  1.8617756E+04
  4.3699996E+04  1.7934223E+04
  4.3899996E+04  1.7524686E+04
  4.4099992E+04  1.6619721E+04
  4.4299992E+04  1.6287624E+04
  4.4499996E+04  1.6009324E+04
  4.4699996E+04  1.5257190E+04
  4.4899996E+04  1.5316292E+04
  4.5099992E+04  1.4803465E+04
  4.5299992E+04  1.4370856E+04
  4.5499996E+04  1.4367083E+04
  4.5699992E+04  1.4272996E+04
  4.5899996E+04  1.3701303E+04
  4.6099996E+04  1.3824827E+04
  4.6299992E+04  1.3564004E+04
  4.6499988E+04  1.3523018E+04
  4.6699992E+04  1.3492252E+04
  4.6899992E+04  1.3232871E+04
  4.7099992E+04  1.2976551E+04
  4.7299992E+04  1.3103966E+04
  4.7499996E+04  1.2736375E+04
  4.7699992E+04  1.2585752E+04
  4.7899992E+04  1.2503367E+04
  4.8099996E+04  1.2110899E+04
  4.8299992E+04  1.2259341E+04
  4.8499992E+04  1.2033679E+04
  4.8700000E+04  1.1728063E+04
  4.8899992E+04  1.1557491E+04
  4.9099988E+04  1.1470249E+04
  4.9299988E+04  1.1243296E+04
  4.9499996E+04  1.1039919E+04
  4.9699992E+04  1.0987853E+04
  4.9899988E+04  1.0827480E+04
  5.0099996E+04  1.0690171E+04
  5.0299996E+04  1.0571825E+04
  5.0499996E+04  1.0300201E+04
  5.0699996E+04  1.0253394E+04
  5.0899992E+04  1.0144477E+04
  5.1099992E+04  9.9143096E+03
  5.1299996E+04  9.9347852E+03
  5.1499988E+04  9.7063564E+03
  5.1699996E+04  9.7021562E+03
  5.1899992E+04  9.4886436E+03
  5.2099992E+04  9.4250938E+03
  5.2299996E+04  9.2351104E+03
  5.2499996E+04  9.1945420E+03
  5.2699996E+04  9.1505244E+03
  5.2899992E+04  8.8998574E+03
  5.3099988E+04  8.8205166E+03
  5.3299988E+04  8.7486113E+03
  5.3499992E+04  8.6504160E+03
  5.3699992E+04  8.5691182E+03
  5.3899992E+04  8.4741318E+03
  5.4099992E+04  8.3713037E+03
  5.4299984E+04  8.1844087E+03
  5.4499988E+04  8.1779731E+03
  5.4699996E+04  8.0637588E+03
  5.4899992E+04  7.9572422E+03
  5.5099992E+04  7.8705449E+03
  5.5299988E+04  7.8956416E+03
  5.5499988E+04  7.6581929E+03
  5.5699992E+04  7.6727520E+03
  5.5899992E+04  7.5356025E+03
  5.6099988E+04  7.4611416E+03
  5.6299996E+04  7.3341768E+03
  5.6499988E+04  7.3037080E+03
  5.6699988E+04  7.2195791E+03
  5.6899992E+04  7.0853667E+03
  5.7099996E+04  7.0643589E+03
  5.7299988E+04  6.9653335E+03
  5.7499988E+04  6.8896152E+03
  5.7699988E+04  6.7898853E+03
  5.7899996E+04  6.7497993E+03
  5.8099988E+04  6.6324307E+03
  5.8299996E+04  6.5645005E+03
  5.8499992E+04  6.4971255E+03
  5.8699988E+04  6.3913730E+03
  5.8899988E+04  6.3214360E+03
  5.9099992E+04  6.2637310E+03
  5.9299988E+04  6.1890903E+03
  5.9499996E+04  6.1081777E+03
  5.9699988E+04  6.0549551E+03
  5.9899992E+04  5.9798345E+03
  6.0099992E+04  5.9112100E+03
  6.0299992E+04  5.8380791E+03
  6.0499988E+04  5.7513760E+03
  6.0699992E+04  5.6855210E+03
  6.0899992E+04  5.6224385E+03
  6.1099988E+04  5.5451230E+03
  6.1299992E+04  5.4914531E+03
  6.1499988E+04  5.4298979E+03
  6.1699988E+04  5.3684292E+03
  6.1899996E+04  5.3085239E+03
  6.2099996E+04  5.2498657E+03
  6.2299988E+04  5.1803003E+03
  6.2499992E+04  5.1112256E+03
  6.2699988E+04  5.0464717E+03
  6.2899996E+04  4.9991938E+03
  6.3099984E+04  4.9352905E+03
  6.3299996E+04  4.8918345E+03
  6.3499984E+04  4.8253799E+03
  6.3699984E+04  4.7803652E+03
  6.3900000E+04  4.7154248E+03
  6.4199992E+04  4.6363608E+03
  6.4599984E+04  4.5271245E+03
  6.4999992E+04  4.4233374E+03
  6.5399992E+04  4.3230645E+03
  6.5799992E+04  4.2259395E+03
  6.6199984E+04  4.1279175E+03
  6.6599984E+04  4.0347402E+03
  6.6999992E+04  3.9435706E+03
  6.7399992E+04  3.8529482E+03
  6.7799992E+04  3.7667244E+03
  6.8199992E+04  3.6810376E+03
  6.8599992E+04  3.6007698E+03
  6.8999984E+04  3.5205286E+03
  6.9399984E+04  3.4425962E+03
  6.9800000E+04  3.3673716E+03
  7.0199992E+04  3.2918008E+03
  7.0599984E+04  3.2211990E+03
  7.0999977E+04  3.1516006E+03
  7.1399977E+04  3.0837976E+03
  7.1799984E+04  3.0171599E+03
  7.2199984E+04  2.9531062E+03
  7.2600000E+04  2.8902048E+03
  7.2999984E+04  2.8292810E+03
  7.3400000E+04  2.7684587E+03
  7.3799984E+04  2.7112773E+03
  7.4199992E+04  2.6516736E+03
  7.4599992E+04  2.5975220E+03
  7.5000000E+04  2.5440361E+03
  7.5399992E+04  2.4904106E+03
  7.5799992E+04  2.4432141E+03
  7.6199984E+04  2.3933655E+03
  7.6599992E+04  2.3449990E+03
  7.6999992E+04  2.2973157E+03
  7.7399992E+04  2.2517478E+03
  7.7799984E+04  2.2069939E+03
  7.8199984E+04  2.1632197E+03
  7.8599984E+04  2.1204644E+03
  7.8999984E+04  2.0787629E+03
  7.9399984E+04  2.0382108E+03
  7.9800000E+04  1.9986602E+03
  8.0199992E+04  1.9585077E+03
  8.0599984E+04  1.9214298E+03
  8.0999992E+04  1.8849861E+03
  8.1399977E+04  1.8488240E+03
  8.1799984E+04  1.8142899E+03
  8.2199984E+04  1.7800044E+03
  8.2599992E+04  1.7464066E+03
  8.2999984E+04  1.7136464E+03
  8.3400000E+04  1.6809443E+03
  8.3799992E+04  1.6492709E+03
  8.4199992E+04  1.6197687E+03
  8.4599977E+04  1.5897502E+03
  8.4999977E+04  1.5609009E+03
  8.5399984E+04  1.5326757E+03
  8.5799984E+04  1.5050104E+03
  8.6199992E+04  1.4778927E+03
  8.6599992E+04  1.4514119E+03
  8.6999984E+04  1.4252548E+03
  8.7399992E+04  1.4000569E+03
  8.7799992E+04  1.3751604E+03
  8.8199984E+04  1.3506572E+03
  8.8599977E+04  1.3269716E+03
  8.8999992E+04  1.3035602E+03
  8.9399977E+04  1.2811744E+03
  8.9799977E+04  1.2580603E+03
  9.0199984E+04  1.2371567E+03
  9.0599984E+04  1.2159301E+03
  9.0999992E+04  1.1937539E+03
  9.1400000E+04  1.1744440E+03
  9.1799969E+04  1.1541737E+03
  9.2199969E+04  1.1353175E+03
  9.2599984E+04  1.1161279E+03
  9.3000000E+04  1.0974435E+03
  9.3399984E+04  1.0790813E+03
  9.3799984E+04  1.0612056E+03
  9.4199977E+04  1.0436366E+03
  9.4599984E+04  1.0263258E+03
  9.4999969E+04  1.0094781E+03
  9.5399984E+04  9.9295850E+02
  9.5799984E+04  9.7684357E+02
  9.6199992E+04  9.6100214E+02
  9.6599984E+04  9.4547021E+02
  9.7000000E+04  9.3024103E+02
  9.7399977E+04  9.1459479E+02
  9.7799984E+04  9.0059045E+02
  9.8199977E+04  8.8639288E+02
  9.8599977E+04  8.7235675E+02
  9.8999992E+04  8.5859467E+02
  9.9399984E+04  8.4510205E+02
  9.9799977E+04  8.3187347E+02
  1.0019999E+05  8.1890338E+02
  1.9999991E+05  5.3243725E+01
  3.9999994E+05  3.3630495E+00
  5.9999981E+05  6.6390860E-01
  7.9999994E+05  2.0941651E-01
