  9.2499988E+02  4.5993905E-13
  9.3499982E+02  6.8574497E-13
  9.4500000E+02  1.0360499E-12
  9.5500000E+02  1.4284481E-12
  9.6499988E+02  2.9101769E-12
  9.7499982E+02  3.7768625E-12
  9.8499976E+02  6.3893890E-12
  9.9499988E+02  1.1150638E-11
  1.0049999E+03  1.5766451E-11
  1.0149997E+03  2.3578715E-11
  1.0249998E+03  3.2524289E-11
  1.0349998E+03  8.1007000E-11
  1.0449998E+03  1.1826459E-10
  1.0549999E+03  1.3280811E-10
  1.0649999E+03  3.0322325E-10
  1.0750000E+03  4.3840398E-10
  1.0849996E+03  7.7828383E-10
  1.0949999E+03  1.0531339E-09
  1.1049999E+03  1.4459652E-09
  1.1149999E+03  1.9676272E-09
  1.1249999E+03  4.1140367E-09
  1.1349996E+03  7.1128157E-09
  1.1449999E+03  1.1151777E-08
  1.1549999E+03  1.5906368E-08
  1.1650000E+03  2.0951154E-08
  1.1749995E+03  3.2204305E-08
  1.1849996E+03  4.1010125E-08
  1.1949998E+03  5.0037624E-08
  1.2049996E+03  4.7129760E-08
  1.2149998E+03  9.0310310E-09
  1.2249996E+03  7.6535365E-08
  1.2349996E+03  1.9013700E-07
  1.2449998E+03  2.7802460E-07
  1.2549996E+03  3.7792319E-07
  1.2650000E+03  4.8907197E-07
  1.2749998E+03  6.5375730E-07
  1.2849995E+03  6.9774001E-07
  1.2949998E+03  8.8172663E-07
  1.3049995E+03  1.1224407E-06
  1.3149998E+03  1.4490464E-06
  1.3249998E+03  1.6377659E-06
  1.3349996E+03  1.8366279E-06
  1.3449995E+03  2.4719529E-06
  1.3549996E+03  3.2945240E-06
  1.3649999E+03  3.6368651E-06
  1.3749999E+03  4.0215414E-06
  1.3849996E+03  4.6579426E-06
  1.3949999E+03  5.3653766E-06
  1.4050001E+03  7.5723506E-06
  1.4149998E+03  9.5203814E-06
  1.4249998E+03  1.1180892E-05
  1.4350000E+03  1.5226475E-05
  1.4419998E+03  2.2058312E-05
  1.4469999E+03  1.8509105E-05
  1.4549994E+03  2.2518314E-05
  1.4650000E+03  3.3891884E-05
  1.4749995E+03  4.1167281E-05
  1.4849996E+03  4.4014345E-05
  1.4949998E+03  6.6752655E-05
  1.5049996E+03  9.2770140E-05
  1.5119995E+03  5.3401789E-05
  1.5169994E+03  8.5634259E-05
  1.5250001E+03  1.7093412E-04
  1.5349994E+03  2.4878653E-04
  1.5449994E+03  1.7147737E-04
  1.5549998E+03  2.9272080E-04
  1.5649999E+03  2.7287181E-04
  1.5750001E+03  6.2845397E-04
  1.5850000E+03  6.5829395E-04
  1.5949996E+03  6.2102615E-04
  1.6049999E+03  6.5309025E-04
  1.6150000E+03  6.7710766E-04
  1.6249996E+03  6.5381982E-04
  1.6350000E+03  8.7994209E-04
  1.6449996E+03  1.2017483E-03
  1.6549999E+03  9.6775097E-04
  1.6649993E+03  1.5788359E-03
  1.6720000E+03  1.2814602E-03
  1.6770001E+03  2.0642872E-03
  1.6849998E+03  2.7697443E-03
  1.6950000E+03  4.0148664E-03
  1.7049995E+03  4.1965153E-03
  1.7150000E+03  4.4493624E-03
  1.7249993E+03  6.2599294E-03
  1.7349994E+03  7.2682812E-03
  1.7449993E+03  1.0295189E-02
  1.7550001E+03  1.0411811E-02
  1.7649998E+03  1.3961700E-02
  1.7749995E+03  1.1820260E-02
  1.7849995E+03  2.4206888E-02
  1.7949999E+03  1.9750854E-02
  1.8050001E+03  3.6542125E-02
  1.8150001E+03  2.4514560E-02
  1.8249994E+03  4.1461159E-02
  1.8349993E+03  3.5211638E-02
  1.8449993E+03  5.1941004E-02
  1.8549998E+03  3.9820001E-02
  1.8650002E+03  7.1922302E-02
  1.8750001E+03  6.5019086E-02
  1.8850000E+03  8.3824947E-02
  1.8950002E+03  1.0595866E-01
  1.9049996E+03  1.1121286E-01
  1.9149999E+03  1.6672009E-01
  1.9249993E+03  1.3600777E-01
  1.9350001E+03  1.0096923E-01
  1.9449993E+03  1.9402184E-01
  1.9550002E+03  2.8293225E-01
  1.9670002E+03  3.0216810E-01
  1.9759990E+03  3.5904032E-01
  1.9839996E+03  4.6433938E-01
  1.9950001E+03  4.0277991E-01
  2.0050002E+03  4.7104442E-01
  2.0149996E+03  5.3851295E-01
  2.0249994E+03  4.9350047E-01
  2.0349995E+03  6.2751186E-01
  2.0449998E+03  6.5875649E-01
  2.0550000E+03  7.9829824E-01
  2.0649993E+03  7.4387640E-01
  2.0739993E+03  7.1085316E-01
  2.0780002E+03  1.3318881E+00
  2.0849993E+03  1.7514980E+00
  2.0950005E+03  1.9157559E+00
  2.1050002E+03  1.6564764E+00
  2.1149990E+03  1.6257756E+00
  2.1250000E+03  1.8756456E+00
  2.1350002E+03  2.5241017E+00
  2.1449998E+03  1.8861936E+00
  2.1550005E+03  2.3371265E+00
  2.1649995E+03  2.2711411E+00
  2.1750002E+03  2.4918427E+00
  2.1849998E+03  2.2138143E+00
  2.1950000E+03  4.1247277E+00
  2.2050000E+03  3.2101948E+00
  2.2149998E+03  4.1091666E+00
  2.2249998E+03  3.4820962E+00
  2.2350005E+03  6.6443787E+00
  2.2449990E+03  7.1252327E+00
  2.2549993E+03  9.4334736E+00
  2.2650000E+03  4.1206031E+00
  2.2750000E+03  9.5398388E+00
  2.2850000E+03  8.7530193E+00
  2.2950002E+03  1.6130703E+01
  2.3050000E+03  4.7919960E+00
  2.3149995E+03  2.0709965E+01
  2.3250000E+03  1.4705873E+01
  2.3349995E+03  2.5485790E+01
  2.3449993E+03  1.4525298E+01
  2.3550000E+03  1.1690490E+01
  2.3649988E+03  1.7230835E+01
  2.3750000E+03  1.5877804E+01
  2.3849990E+03  3.1783958E+01
  2.3950000E+03  2.6932089E+01
  2.4050005E+03  5.3692017E+01
  2.4149993E+03  3.0676865E+01
  2.4249990E+03  4.1935314E+01
  2.4349990E+03  6.2323517E+01
  2.4450000E+03  9.1662071E+01
  2.4549990E+03  1.0808770E+02
  2.4649990E+03  6.1830708E+01
  2.4749993E+03  1.2061613E+02
  2.4850005E+03  3.4645962E+01
  2.4950000E+03  4.4522099E+01
  2.5050005E+03  1.0034562E+02
  2.5129988E+03  6.5680496E+01
  2.5179990E+03  6.7772881E+01
  2.5249998E+03  8.5089012E+01
  2.5350007E+03  2.2751497E+02
  2.5449988E+03  2.8124896E+02
  2.5550000E+03  3.1100552E+02
  2.5649990E+03  1.5213115E+02
  2.5749990E+03  2.7718820E+02
  2.5849993E+03  1.8214738E+02
  2.5949990E+03  2.3684206E+02
  2.6049995E+03  3.3711554E+02
  2.6149998E+03  2.9510156E+02
  2.6249990E+03  4.8632458E+02
  2.6350007E+03  7.9619720E+02
  2.6449995E+03  6.2050891E+02
  2.6549998E+03  8.8980096E+02
  2.6649995E+03  7.4527356E+02
  2.6749988E+03  6.5821228E+02
  2.6849988E+03  8.9276062E+02
  2.6949988E+03  5.8644257E+02
  2.7050000E+03  1.0217117E+03
  2.7150000E+03  9.8087622E+02
  2.7249995E+03  8.1666846E+02
  2.7350007E+03  8.8171967E+02
  2.7450002E+03  1.2527390E+03
  2.7549998E+03  1.1922892E+03
  2.7649983E+03  1.6882286E+03
  2.7750005E+03  2.3181870E+03
  2.7850000E+03  1.4889655E+03
  2.7949993E+03  1.7647377E+03
  2.8049995E+03  1.8297450E+03
  2.8150002E+03  2.2230132E+03
  2.8250007E+03  2.3546318E+03
  2.8350000E+03  2.0541851E+03
  2.8450002E+03  1.4971062E+03
  2.8550005E+03  6.6333624E+02
  2.8650000E+03  2.3580508E+03
  2.8749983E+03  2.6094512E+03
  2.8850000E+03  3.9776553E+03
  2.8949988E+03  4.8268115E+03
  2.9099988E+03  8.5355693E+03
  2.9299983E+03  8.0863696E+03
  2.9499990E+03  8.8333721E+03
  2.9700005E+03  8.2330371E+03
  2.9899980E+03  1.1896892E+04
  3.0099995E+03  1.3785953E+04
  3.0299995E+03  2.2512727E+04
  3.0499995E+03  2.5636480E+04
  3.0699995E+03  2.3577549E+04
  3.0899995E+03  1.6709367E+04
  3.1099995E+03  3.0014086E+04
  3.1299998E+03  2.4154695E+04
  3.1499995E+03  3.6680078E+04
  3.1699995E+03  5.5537664E+04
  3.1899995E+03  3.8998309E+04
  3.2099998E+03  4.7913812E+04
  3.2299993E+03  4.7997562E+04
  3.2499993E+03  8.3938828E+04
  3.2699995E+03  1.0214484E+05
  3.2899995E+03  1.2068295E+05
  3.3099998E+03  9.4533148E+04
  3.3299993E+03  1.0546178E+05
  3.3499995E+03  1.0473667E+05
  3.3699995E+03  5.9563957E+04
  3.3899993E+03  7.7142430E+04
  3.4099993E+03  9.1201820E+04
  3.4299995E+03  1.1889369E+05
  3.4499993E+03  1.4398314E+05
  3.4699998E+03  1.6525581E+05
  3.4899993E+03  1.9895862E+05
  3.5099995E+03  2.4174327E+05
  3.5299995E+03  1.9746222E+05
  3.5499995E+03  2.2887080E+05
  3.5699995E+03  1.7062936E+05
  3.5899995E+03  1.9377869E+05
  3.6099995E+03  2.7336069E+05
  3.6299993E+03  2.8346831E+05
  3.6399993E+03  2.7303600E+05
  3.6499995E+03  2.5029670E+05
  3.6699993E+03  3.1024984E+05
  3.6899995E+03  2.2204016E+05
  3.7099995E+03  1.8573486E+05
  3.7299998E+03  7.5068250E+04
  3.7499993E+03  9.6596391E+04
  3.7699993E+03  2.2469762E+05
  3.7899995E+03  2.4540461E+05
  3.8099993E+03  2.0123788E+05
  3.8299998E+03  7.9068516E+04
  3.8499995E+03  1.3793681E+05
  3.8699995E+03  1.2549217E+05
  3.8899995E+03  1.7131384E+05
  3.9099995E+03  2.6906869E+05
  3.9299993E+03  9.3341148E+04
  3.9499993E+03  2.2137736E+05
  3.9699998E+03  1.3826461E+05
  3.9899995E+03  4.6944622E+05
  4.0099995E+03  5.6839956E+05
  4.0299993E+03  4.9608184E+05
  4.0499993E+03  4.8308659E+05
  4.0699993E+03  4.1976494E+05
  4.0899995E+03  6.6540475E+05
  4.1099995E+03  4.9297056E+05
  4.1299995E+03  5.0110638E+05
  4.1499990E+03  4.6916378E+05
  4.1699990E+03  4.7451019E+05
  4.1899995E+03  4.9808056E+05
  4.2099995E+03  4.6768291E+05
  4.2299995E+03  3.4039444E+05
  4.2499995E+03  5.0053100E+05
  4.2699990E+03  4.6366144E+05
  4.2899995E+03  4.6137475E+05
  4.3100000E+03  4.5207312E+05
  4.3299995E+03  7.1229838E+05
  4.3499995E+03  7.7403244E+05
  4.3699995E+03  8.2362094E+05
  4.3899995E+03  6.6729419E+05
  4.4099995E+03  6.9567800E+05
  4.4299995E+03  7.8005744E+05
  4.4499995E+03  8.2838469E+05
  4.4699995E+03  9.2504738E+05
  4.4899995E+03  9.7071819E+05
  4.5099990E+03  1.1967609E+06
  4.5299995E+03  9.5155819E+05
  4.5499990E+03  1.0569272E+06
  4.5699995E+03  1.1715670E+06
  4.5899990E+03  1.1151735E+06
  4.6099990E+03  1.1548169E+06
  4.6299990E+03  1.1289395E+06
  4.6499990E+03  1.1241449E+06
  4.6699990E+03  1.2328139E+06
  4.6899990E+03  1.1763010E+06
  4.7099995E+03  1.1294299E+06
  4.7299990E+03  1.1348521E+06
  4.7499995E+03  1.1315100E+06
  4.7699995E+03  1.0531120E+06
  4.7899990E+03  1.0982748E+06
  4.8099995E+03  1.2153074E+06
  4.8299995E+03  1.2493336E+06
  4.8499990E+03  1.2488691E+06
  4.8700000E+03  1.1479310E+06
  4.8899990E+03  1.2278122E+06
  4.9099990E+03  1.2227994E+06
  4.9299990E+03  1.1426972E+06
  4.9499995E+03  1.1842818E+06
  4.9699995E+03  1.1328881E+06
  4.9899990E+03  1.0172965E+06
  5.0099995E+03  9.0202450E+05
  5.0299995E+03  9.7814588E+05
  5.0499995E+03  9.2043856E+05
  5.0699995E+03  9.1002531E+05
  5.0899995E+03  8.5128138E+05
  5.1099990E+03  8.7423631E+05
  5.1299995E+03  8.2304112E+05
  5.1499985E+03  7.7025594E+05
  5.1700000E+03  7.1458181E+05
  5.1899990E+03  7.9571575E+05
  5.2099990E+03  9.3742975E+05
  5.2299995E+03  1.2322342E+06
  5.2499995E+03  1.3465620E+06
  5.2699995E+03  1.0883154E+06
  5.2899990E+03  1.3804346E+06
  5.3099995E+03  1.5281180E+06
  5.3299990E+03  1.2516618E+06
  5.3499995E+03  1.4324348E+06
  5.3699995E+03  1.3983996E+06
  5.3899995E+03  1.3513431E+06
  5.4099990E+03  1.3417564E+06
  5.4299990E+03  1.3368738E+06
  5.4499990E+03  1.3856779E+06
  5.4699995E+03  1.4169875E+06
  5.4899995E+03  1.4476802E+06
  5.5099995E+03  1.4036859E+06
  5.5299985E+03  1.5031928E+06
  5.5499990E+03  1.5266239E+06
  5.5699990E+03  1.4866588E+06
  5.5899995E+03  1.4213044E+06
  5.6099990E+03  1.5282589E+06
  5.6299995E+03  1.5381009E+06
  5.6499990E+03  1.5811640E+06
  5.6699990E+03  1.5305380E+06
  5.6899995E+03  1.5799561E+06
  5.7099995E+03  1.4921839E+06
  5.7299990E+03  1.6528669E+06
  5.7499990E+03  1.6084582E+06
  5.7699990E+03  1.6328584E+06
  5.7899995E+03  1.5348422E+06
  5.8099985E+03  1.6360101E+06
  5.8300000E+03  1.7020594E+06
  5.8499990E+03  1.6349596E+06
  5.8699985E+03  1.6511714E+06
  5.8899985E+03  1.4301746E+06
  5.9099995E+03  1.6382792E+06
  5.9299985E+03  1.6429961E+06
  5.9499995E+03  1.6389922E+06
  5.9699990E+03  1.6838404E+06
  5.9899990E+03  1.6472055E+06
  6.0099990E+03  1.6225971E+06
  6.0299995E+03  1.6784720E+06
  6.0499990E+03  1.7057846E+06
  6.0699990E+03  1.6896545E+06
  6.0899995E+03  1.6227066E+06
  6.1099985E+03  1.6379351E+06
  6.1299995E+03  1.5186862E+06
  6.1499985E+03  1.6053431E+06
  6.1699985E+03  1.4782776E+06
  6.1900000E+03  1.6390340E+06
  6.2099995E+03  1.6121798E+06
  6.2299985E+03  1.5672909E+06
  6.2499990E+03  1.5086685E+06
  6.2699985E+03  1.5746688E+06
  6.2900000E+03  1.6218980E+06
  6.3099985E+03  1.5726509E+06
  6.3299995E+03  1.6040976E+06
  6.3499985E+03  1.6147510E+06
  6.3699985E+03  1.6075982E+06
  6.3899995E+03  1.6510634E+06
  6.4099990E+03  1.6086854E+06
  6.4299985E+03  1.6212914E+06
  6.4499985E+03  1.5986655E+06
  6.4699990E+03  1.5870869E+06
  6.4899990E+03  1.5568379E+06
  6.5099985E+03  1.6300472E+06
  6.5299990E+03  1.6491445E+06
  6.5499985E+03  1.6189801E+06
  6.5699985E+03  1.6037272E+06
  6.5899995E+03  1.6301814E+06
  6.6099985E+03  1.6423191E+06
  6.6299990E+03  1.6378248E+06
  6.6499985E+03  1.6403409E+06
  6.6699995E+03  1.6050292E+06
  6.6899990E+03  1.6364402E+06
  6.7099995E+03  1.5616012E+06
  6.7299990E+03  1.6267774E+06
  6.7499995E+03  1.5887902E+06
  6.7699985E+03  1.6050628E+06
  6.7899995E+03  1.5783795E+06
  6.8099995E+03  1.5932486E+06
  6.8300000E+03  1.6185769E+06
  6.8499985E+03  1.5702802E+06
  6.8699985E+03  1.5928399E+06
  6.8899985E+03  1.6120165E+06
  6.9099990E+03  1.6077478E+06
  6.9299995E+03  1.5960492E+06
  6.9499990E+03  1.5958461E+06
  6.9699985E+03  1.6169448E+06
  6.9899985E+03  1.5877350E+06
  7.0099985E+03  1.5706382E+06
  7.0299985E+03  1.5994479E+06
  7.0499990E+03  1.6142619E+06
  7.0699980E+03  1.5728086E+06
  7.0899990E+03  1.5411642E+06
  7.1099990E+03  1.5117884E+06
  7.1299995E+03  1.4775299E+06
  7.1499990E+03  1.4580746E+06
  7.1699995E+03  1.5016882E+06
  7.1899985E+03  1.4590949E+06
  7.2099985E+03  1.4821738E+06
  7.2299980E+03  1.5345962E+06
  7.2499990E+03  1.5276460E+06
  7.2699995E+03  1.5431309E+06
  7.2899990E+03  1.5273031E+06
  7.3099980E+03  1.5424346E+06
  7.3299980E+03  1.5345199E+06
  7.3499980E+03  1.5338510E+06
  7.3699985E+03  1.5675684E+06
  7.3899995E+03  1.5399862E+06
  7.4099985E+03  1.5203640E+06
  7.4299995E+03  1.5504739E+06
  7.4500000E+03  1.5457575E+06
  7.4700000E+03  1.5577456E+06
  7.4899990E+03  1.5491694E+06
  7.5099985E+03  1.5659781E+06
  7.5299995E+03  1.5749450E+06
  7.5499980E+03  1.5820116E+06
  7.5699985E+03  1.5703105E+06
  7.5899990E+03  1.5558981E+06
  7.6099980E+03  1.5528704E+06
  7.6299995E+03  1.5558052E+06
  7.6499995E+03  1.5521229E+06
  7.6699980E+03  1.4787839E+06
  7.6899990E+03  1.5370374E+06
  7.7099995E+03  1.4971951E+06
  7.7299985E+03  1.5118404E+06
  7.7499990E+03  1.4944505E+06
  7.7700000E+03  1.5289496E+06
  7.7900000E+03  1.5252061E+06
  7.8099995E+03  1.5209255E+06
  7.8299980E+03  1.5003234E+06
  7.8499980E+03  1.4911598E+06
  7.8699995E+03  1.5233089E+06
  7.8900000E+03  1.5028265E+06
  7.9099995E+03  1.4748250E+06
  7.9300000E+03  1.4710492E+06
  7.9499985E+03  1.4448219E+06
  7.9699990E+03  1.4971251E+06
  7.9900000E+03  1.4909964E+06
  8.0099980E+03  1.4850875E+06
  8.0299985E+03  1.4805032E+06
  8.0500000E+03  1.4764109E+06
  8.0699985E+03  1.4705486E+06
  8.0899990E+03  1.4526951E+06
  8.1099995E+03  1.4635242E+06
  8.1299976E+03  1.4814689E+06
  8.1499976E+03  1.4780068E+06
  8.1699980E+03  1.4763669E+06
  8.1899985E+03  1.4124382E+06
  8.2099990E+03  1.4360261E+06
  8.2300000E+03  1.4535831E+06
  8.2500000E+03  1.4518576E+06
  8.2700000E+03  1.4768475E+06
  8.2899980E+03  1.4658938E+06
  8.3099990E+03  1.4249129E+06
  8.3299980E+03  1.4129755E+06
  8.3500000E+03  1.4193441E+06
  8.3699990E+03  1.4266050E+06
  8.3899990E+03  1.3546788E+06
  8.4099971E+03  1.4258510E+06
  8.4300000E+03  1.3654966E+06
  8.4499990E+03  1.3934416E+06
  8.4699980E+03  1.3911228E+06
  8.4899980E+03  1.4034441E+06
  8.5099990E+03  1.3431699E+06
  8.5299990E+03  1.4033082E+06
  8.5499990E+03  1.3242928E+06
  8.5699990E+03  1.4141424E+06
  8.5900000E+03  1.3935752E+06
  8.6099980E+03  1.3902092E+06
  8.6299990E+03  1.4011231E+06
  8.6499990E+03  1.4164530E+06
  8.6699990E+03  1.3045270E+06
  8.6899990E+03  1.3388385E+06
  8.7099971E+03  1.3863292E+06
  8.7299990E+03  1.3873000E+06
  8.7499980E+03  1.3849512E+06
  8.7699980E+03  1.3847152E+06
  8.7899980E+03  1.3851986E+06
  8.8099990E+03  1.3376106E+06
  8.8299980E+03  1.3600179E+06
  8.8499980E+03  1.3795152E+06
  8.8699980E+03  1.3617134E+06
  8.8899990E+03  1.3853380E+06
  8.9099971E+03  1.3908002E+06
  8.9299980E+03  1.3573181E+06
  8.9499980E+03  1.3506944E+06
  8.9699990E+03  1.3568514E+06
  8.9899990E+03  1.3620082E+06
  9.0099980E+03  1.3055705E+06
  9.0299990E+03  1.3427149E+06
  9.0499990E+03  1.3728030E+06
  9.0699980E+03  1.3660230E+06
  9.0899990E+03  1.3157921E+06
  9.1099980E+03  1.3251829E+06
  9.1299980E+03  1.3488508E+06
  9.1499980E+03  1.3409356E+06
  9.1699980E+03  1.3390354E+06
  9.1899990E+03  1.3550260E+06
  9.2099990E+03  1.3241426E+06
  9.2299980E+03  1.3368509E+06
  9.2499980E+03  1.3140365E+06
  9.2699971E+03  1.3151242E+06
  9.2899990E+03  1.3071974E+06
  9.3099980E+03  1.3254492E+06
  9.3299990E+03  1.3183445E+06
  9.3499980E+03  1.3110732E+06
  9.3699990E+03  1.2866448E+06
  9.3900000E+03  1.3081728E+06
  9.4099980E+03  1.2746660E+06
  9.4299971E+03  1.3055298E+06
  9.4499990E+03  1.2698039E+06
  9.4700000E+03  1.2989345E+06
  9.4899980E+03  1.3014139E+06
  9.5100000E+03  1.2913630E+06
  9.5300000E+03  1.2878565E+06
  9.5500000E+03  1.2612774E+06
  9.5699990E+03  1.2622641E+06
  9.5899980E+03  1.2888334E+06
  9.6099980E+03  1.2648726E+06
  9.6299990E+03  1.2714456E+06
  9.6499990E+03  1.2309034E+06
  9.6699980E+03  1.2315384E+06
  9.6899980E+03  1.2589188E+06
  9.7100000E+03  1.2438281E+06
  9.7299990E+03  1.2296076E+06
  9.7499980E+03  1.2302356E+06
  9.7699961E+03  1.2361371E+06
  9.7899980E+03  1.2064851E+06
  9.8099980E+03  1.2501519E+06
  9.8299990E+03  1.2332174E+06
  9.8499980E+03  1.2491439E+06
  9.8700000E+03  1.2373956E+06
  9.8899980E+03  1.2364794E+06
  9.9099990E+03  1.2331428E+06
  9.9300000E+03  1.2320772E+06
  9.9499980E+03  1.2304402E+06
  9.9699980E+03  1.2310800E+06
  9.9899990E+03  1.2266840E+06
  1.0024998E+04  1.2150601E+06
  1.0074998E+04  1.2022131E+06
  1.0124997E+04  1.2038560E+06
  1.0174997E+04  1.1895790E+06
  1.0224998E+04  1.1869095E+06
  1.0274997E+04  1.1861985E+06
  1.0325000E+04  1.1651602E+06
  1.0374999E+04  1.1570720E+06
  1.0425000E+04  1.1619450E+06
  1.0474998E+04  1.1492312E+06
  1.0524997E+04  1.1502075E+06
  1.0574999E+04  1.1344039E+06
  1.0625000E+04  1.1313608E+06
  1.0674997E+04  1.1129859E+06
  1.0724998E+04  1.1110169E+06
  1.0774999E+04  1.1009892E+06
  1.0824997E+04  1.0813902E+06
  1.0874997E+04  1.0856765E+06
  1.0924999E+04  1.0930900E+06
  1.0974996E+04  1.0775236E+06
  1.1025000E+04  1.0796421E+06
  1.1074998E+04  1.0786084E+06
  1.1124999E+04  1.0708826E+06
  1.1174998E+04  1.0581538E+06
  1.1224999E+04  1.0587642E+06
  1.1274997E+04  1.0389636E+06
  1.1325000E+04  1.0385626E+06
  1.1375000E+04  1.0264826E+06
  1.1425000E+04  1.0139388E+06
  1.1474997E+04  1.0277250E+06
  1.1525000E+04  1.0268532E+06
  1.1574998E+04  1.0129120E+06
  1.1625000E+04  9.9593762E+05
  1.1674998E+04  9.9790081E+05
  1.1724997E+04  1.0053025E+06
  1.1775001E+04  9.8498994E+05
  1.1824999E+04  9.7724375E+05
  1.1875000E+04  9.6553181E+05
  1.1925000E+04  9.8407669E+05
  1.1975001E+04  9.4471806E+05
  1.2024998E+04  9.6650125E+05
  1.2074996E+04  9.5409569E+05
  1.2125000E+04  9.5854262E+05
  1.2175000E+04  9.5988612E+05
  1.2225001E+04  9.5351225E+05
  1.2275001E+04  9.4633525E+05
  1.2324996E+04  9.4073175E+05
  1.2374996E+04  9.3890175E+05
  1.2424998E+04  9.2923706E+05
  1.2475000E+04  9.3056606E+05
  1.2524997E+04  9.1926131E+05
  1.2574997E+04  9.2028038E+05
  1.2624999E+04  9.1449406E+05
  1.2674997E+04  9.0511288E+05
  1.2724999E+04  9.0671506E+05
  1.2774999E+04  9.0791850E+05
  1.2825000E+04  8.7767369E+05
  1.2875001E+04  8.8864238E+05
  1.2924997E+04  8.7614294E+05
  1.2975001E+04  8.8873731E+05
  1.3024998E+04  8.7726412E+05
  1.3074999E+04  8.8218081E+05
  1.3125000E+04  8.5793294E+05
  1.3174998E+04  8.6046250E+05
  1.3224998E+04  8.6691388E+05
  1.3274997E+04  8.5244325E+05
  1.3324997E+04  8.5736706E+05
  1.3374999E+04  8.5315875E+05
  1.3424999E+04  8.5751781E+05
  1.3474999E+04  8.5265975E+05
  1.3525001E+04  8.4974438E+05
  1.3574999E+04  8.3717944E+05
  1.3624997E+04  8.3206119E+05
  1.3674997E+04  8.3704769E+05
  1.3724995E+04  8.3994000E+05
  1.3774998E+04  8.3327731E+05
  1.3824998E+04  8.3384425E+05
  1.3874996E+04  8.2422538E+05
  1.3925000E+04  8.3005138E+05
  1.3974996E+04  8.2836681E+05
  1.4024997E+04  8.1454169E+05
  1.4075001E+04  8.2314100E+05
  1.4124996E+04  8.1283031E+05
  1.4175000E+04  8.2051162E+05
  1.4225000E+04  8.0659900E+05
  1.4274994E+04  7.8624294E+05
  1.4325001E+04  8.0839319E+05
  1.4374998E+04  8.1029088E+05
  1.4424999E+04  7.8771875E+05
  1.4475000E+04  8.0424006E+05
  1.4524997E+04  7.9224888E+05
  1.4569999E+04  7.9453206E+05
  1.4620000E+04  7.9809562E+05
  1.4674998E+04  7.9642812E+05
  1.4725000E+04  7.8211506E+05
  1.4775002E+04  7.8509662E+05
  1.4824998E+04  7.8579262E+05
  1.4874996E+04  7.6517838E+05
  1.4924997E+04  7.9214288E+05
  1.4974999E+04  7.8034344E+05
  1.5024999E+04  7.4161556E+05
  1.5075000E+04  7.5553606E+05
  1.5124999E+04  7.7800150E+05
  1.5175000E+04  7.7646575E+05
  1.5225002E+04  7.7291800E+05
  1.5274998E+04  7.7832944E+05
  1.5324995E+04  7.7277800E+05
  1.5374997E+04  7.7709875E+05
  1.5425001E+04  7.7846544E+05
  1.5474996E+04  7.7509538E+05
  1.5524994E+04  7.6309294E+05
  1.5575001E+04  7.6045256E+05
  1.5624998E+04  7.7042294E+05
  1.5674997E+04  7.5064312E+05
  1.5724994E+04  7.5837050E+05
  1.5774996E+04  7.2367112E+05
  1.5825001E+04  7.4588219E+05
  1.5874995E+04  7.2311850E+05
  1.5925002E+04  7.3718281E+05
  1.5975001E+04  7.4639294E+05
  1.6049998E+04  7.4392362E+05
  1.6150001E+04  7.3342481E+05
  1.6249997E+04  7.3086056E+05
  1.6350000E+04  7.2462506E+05
  1.6449996E+04  7.1051000E+05
  1.6549998E+04  7.0446656E+05
  1.6649994E+04  6.9131462E+05
  1.6749998E+04  6.7048925E+05
  1.6849998E+04  6.5903831E+05
  1.6950000E+04  6.5714619E+05
  1.7049996E+04  6.3380569E+05
  1.7150000E+04  6.2410450E+05
  1.7249992E+04  6.0804012E+05
  1.7349994E+04  5.9620781E+05
  1.7449992E+04  5.8741469E+05
  1.7550000E+04  5.7735094E+05
  1.7649998E+04  5.6831194E+05
  1.7749994E+04  5.5427388E+05
  1.7849994E+04  5.4889681E+05
  1.7949998E+04  5.3635525E+05
  1.8050002E+04  5.2351372E+05
  1.8150002E+04  5.1431853E+05
  1.8249994E+04  5.0387950E+05
  1.8349992E+04  4.9342391E+05
  1.8449992E+04  4.7934650E+05
  1.8549998E+04  4.7701659E+05
  1.8650002E+04  4.6195000E+05
  1.8750002E+04  4.5209559E+05
  1.8850000E+04  4.4955941E+05
  1.8950004E+04  4.2827231E+05
  1.9049996E+04  4.3458450E+05
  1.9149998E+04  4.2501350E+05
  1.9249992E+04  4.1832200E+05
  1.9350000E+04  4.0440019E+05
  1.9449992E+04  3.9496484E+05
  1.9550002E+04  3.9434472E+05
  1.9649992E+04  3.8773653E+05
  1.9749992E+04  3.7576506E+05
  1.9849992E+04  3.7088900E+05
  1.9950002E+04  3.6643200E+05
  2.0050002E+04  3.6557859E+05
  2.0149996E+04  3.6011281E+05
  2.0249994E+04  3.4875584E+05
  2.0349994E+04  3.4304422E+05
  2.0449996E+04  3.4159816E+05
  2.0550000E+04  3.3474888E+05
  2.0649992E+04  3.2690316E+05
  2.0749998E+04  3.2287591E+05
  2.0849992E+04  3.1702194E+05
  2.0950004E+04  3.0843166E+05
  2.1050002E+04  3.0729366E+05
  2.1149992E+04  3.0080719E+05
  2.1250000E+04  2.9616378E+05
  2.1350002E+04  2.9299912E+05
  2.1449996E+04  2.8789919E+05
  2.1550006E+04  2.8314028E+05
  2.1649994E+04  2.7709900E+05
  2.1750002E+04  2.7172156E+05
  2.1849998E+04  2.6825381E+05
  2.1950002E+04  2.6451706E+05
  2.2050000E+04  2.5528916E+05
  2.2149996E+04  2.5705138E+05
  2.2249998E+04  2.4897772E+05
  2.2350004E+04  2.4630205E+05
  2.2449990E+04  2.4279745E+05
  2.2549994E+04  2.4027828E+05
  2.2650000E+04  2.3365234E+05
  2.2750000E+04  2.3323328E+05
  2.2850000E+04  2.2724945E+05
  2.2950004E+04  1.9795012E+05
  2.3050000E+04  2.0907061E+05
  2.3149996E+04  2.0763389E+05
  2.3250000E+04  1.8089458E+05
  2.3349996E+04  1.9159253E+05
  2.3449994E+04  1.9466173E+05
  2.3550002E+04  1.6880903E+05
  2.3649988E+04  1.8210853E+05
  2.3750000E+04  1.8248820E+05
  2.3849990E+04  1.6109878E+05
  2.3950002E+04  1.7108564E+05
  2.4050006E+04  1.7361942E+05
  2.4149992E+04  1.5617806E+05
  2.4249990E+04  1.6277889E+05
  2.4349990E+04  1.6509173E+05
  2.4450002E+04  1.5454303E+05
  2.4549990E+04  1.5257417E+05
  2.4649992E+04  1.5874166E+05
  2.4749992E+04  1.5242456E+05
  2.4850006E+04  1.4489195E+05
  2.4950000E+04  1.4966377E+05
  2.5050006E+04  1.5266175E+05
  2.5149994E+04  1.4087236E+05
  2.5249998E+04  1.4531902E+05
  2.5350004E+04  1.4526512E+05
  2.5449988E+04  1.4082805E+05
  2.5549998E+04  1.3925450E+05
  2.5649990E+04  1.3913288E+05
  2.5749990E+04  1.3932705E+05
  2.5849994E+04  1.3232011E+05
  2.5949990E+04  1.3380305E+05
  2.6049996E+04  1.3376586E+05
  2.6149998E+04  1.3159881E+05
  2.6249988E+04  1.2910558E+05
  2.6350008E+04  1.2868620E+05
  2.6449996E+04  1.2728968E+05
  2.6549994E+04  1.2570732E+05
  2.6649994E+04  1.2260680E+05
  2.6749988E+04  1.2471916E+05
  2.6849986E+04  1.2286173E+05
  2.6949986E+04  1.2043704E+05
  2.7050002E+04  1.1992393E+05
  2.7149998E+04  1.1859753E+05
  2.7249994E+04  1.1743953E+05
  2.7350006E+04  1.1547924E+05
  2.7450004E+04  1.1487441E+05
  2.7549996E+04  1.1388321E+05
  2.7649982E+04  1.1186363E+05
  2.7750004E+04  1.1023679E+05
  2.7850000E+04  1.0939802E+05
  2.7949992E+04  1.0868902E+05
  2.8049994E+04  1.0717326E+05
  2.8150002E+04  1.0562391E+05
  2.8250006E+04  1.0453281E+05
  2.8350000E+04  1.0369359E+05
  2.8450000E+04  1.0211881E+05
  2.8550002E+04  1.0090089E+05
  2.8650002E+04  9.9725008E+04
  2.8749982E+04  9.8663430E+04
  2.8849998E+04  9.7419289E+04
  2.8949986E+04  9.6271023E+04
  2.9049994E+04  9.4984336E+04
  2.9149986E+04  9.3965812E+04
  2.9249984E+04  9.1787656E+04
  2.9349980E+04  9.1600609E+04
  2.9450000E+04  9.0367008E+04
  2.9550004E+04  8.9368109E+04
  2.9649982E+04  8.8492172E+04
  2.9749992E+04  8.7468297E+04
  2.9849994E+04  8.6227859E+04
  2.9949984E+04  8.5077680E+04
  3.0049996E+04  8.4103453E+04
  3.0149994E+04  8.3289531E+04
  3.0249994E+04  8.2035758E+04
  3.0349996E+04  8.1005258E+04
  3.0449996E+04  8.0315617E+04
  3.0549996E+04  7.9197297E+04
  3.0649996E+04  7.8164023E+04
  3.0749994E+04  7.7429391E+04
  3.0849996E+04  7.6104859E+04
  3.0949994E+04  7.5436891E+04
  3.1049996E+04  7.4729023E+04
  3.1149996E+04  7.3139586E+04
  3.1249996E+04  7.2899852E+04
  3.1349996E+04  7.2071367E+04
  3.1449996E+04  7.1198602E+04
  3.1549998E+04  7.0165133E+04
  3.1649996E+04  6.9274914E+04
  3.1749998E+04  6.8715883E+04
  3.1849996E+04  6.7909984E+04
  3.1949994E+04  6.7190312E+04
  3.2099996E+04  6.5931312E+04
  3.2299992E+04  6.4362668E+04
  3.2499994E+04  6.2905969E+04
  3.2699996E+04  6.1423609E+04
  3.2899996E+04  6.0010832E+04
  3.3099996E+04  5.8627609E+04
  3.3299992E+04  5.7212047E+04
  3.3499996E+04  5.6154969E+04
  3.3699996E+04  5.4840242E+04
  3.3899996E+04  5.3490258E+04
  3.4099996E+04  5.2249074E+04
  3.4299996E+04  5.1340527E+04
  3.4499992E+04  5.0288066E+04
  3.4699996E+04  4.9159367E+04
  3.4899996E+04  4.8121227E+04
  3.5099996E+04  4.7146293E+04
  3.5299996E+04  4.6036117E+04
  3.5499996E+04  4.5148184E+04
  3.5699992E+04  4.4150105E+04
  3.5899992E+04  4.3209395E+04
  3.6099996E+04  4.2393707E+04
  3.6299992E+04  4.1516156E+04
  3.6499992E+04  4.0550598E+04
  3.6699992E+04  3.9662305E+04
  3.6899992E+04  3.8699527E+04
  3.7099996E+04  3.7867367E+04
  3.7299996E+04  3.7313441E+04
  3.7499992E+04  3.6375344E+04
  3.7699996E+04  3.5834023E+04
  3.7899996E+04  3.5092270E+04
  3.8099992E+04  3.4462703E+04
  3.8299996E+04  3.3846883E+04
  3.8499996E+04  3.3201309E+04
  3.8699996E+04  3.2371039E+04
  3.8899992E+04  3.1854805E+04
  3.9099996E+04  3.1303041E+04
  3.9299992E+04  3.0699867E+04
  3.9499992E+04  2.9964803E+04
  3.9699992E+04  2.9465258E+04
  3.9900000E+04  2.8720980E+04
  4.0099996E+04  2.8318061E+04
  4.0299992E+04  2.7879957E+04
  4.0499996E+04  2.7276828E+04
  4.0699992E+04  2.6816102E+04
  4.0899992E+04  2.6345039E+04
  4.1099996E+04  2.5861771E+04
  4.1299996E+04  2.5421955E+04
  4.1499992E+04  2.4923777E+04
  4.1699992E+04  2.4472955E+04
  4.1899996E+04  2.3941598E+04
  4.2099996E+04  2.3436217E+04
  4.2299992E+04  2.3215129E+04
  4.2499996E+04  2.2721828E+04
  4.2699992E+04  2.2383439E+04
  4.2899992E+04  2.0723895E+04
  4.3099996E+04  1.8960061E+04
  4.3299996E+04  1.9103799E+04
  4.3499992E+04  1.7797096E+04
  4.3699996E+04  1.7020447E+04
  4.3899996E+04  1.6564283E+04
  4.4099992E+04  1.5643605E+04
  4.4299992E+04  1.5287861E+04
  4.4499996E+04  1.5034890E+04
  4.4699996E+04  1.4273732E+04
  4.4899996E+04  1.4332229E+04
  4.5099992E+04  1.3849227E+04
  4.5299992E+04  1.3440080E+04
  4.5499996E+04  1.3463033E+04
  4.5699992E+04  1.3353029E+04
  4.5899996E+04  1.2814192E+04
  4.6099996E+04  1.2971633E+04
  4.6299992E+04  1.2697075E+04
  4.6499988E+04  1.2652729E+04
  4.6699992E+04  1.2705581E+04
  4.6899992E+04  1.2418469E+04
  4.7099992E+04  1.2176184E+04
  4.7299992E+04  1.2376867E+04
  4.7499996E+04  1.2002861E+04
  4.7699992E+04  1.1852418E+04
  4.7899992E+04  1.1839852E+04
  4.8099996E+04  1.1414460E+04
  4.8299992E+04  1.1632931E+04
  4.8499992E+04  1.1390961E+04
  4.8700000E+04  1.1108722E+04
  4.8899992E+04  1.0928555E+04
  4.9099988E+04  1.0863460E+04
  4.9299988E+04  1.0652270E+04
  4.9499996E+04  1.0446588E+04
  4.9699992E+04  1.0441381E+04
  4.9899988E+04  1.0294004E+04
  5.0099996E+04  1.0149989E+04
  5.0299996E+04  1.0029826E+04
  5.0499996E+04  9.7759287E+03
  5.0699996E+04  9.7675439E+03
  5.0899992E+04  9.6303018E+03
  5.1099992E+04  9.4210342E+03
  5.1299996E+04  9.4777002E+03
  5.1499988E+04  9.2458535E+03
  5.1699996E+04  9.2508467E+03
  5.1899992E+04  9.0608066E+03
  5.2099992E+04  9.0198271E+03
  5.2299996E+04  8.8066309E+03
  5.2499996E+04  8.7843555E+03
  5.2699996E+04  8.7853604E+03
  5.2899992E+04  8.5258711E+03
  5.3099988E+04  8.4453350E+03
  5.3299988E+04  8.4019658E+03
  5.3499992E+04  8.3064902E+03
  5.3699992E+04  8.2452539E+03
  5.3899992E+04  8.1531860E+03
  5.4099992E+04  8.0681729E+03
  5.4299984E+04  7.8850400E+03
  5.4499988E+04  7.8963984E+03
  5.4699996E+04  7.7648491E+03
  5.4899992E+04  7.6843804E+03
  5.5099992E+04  7.5981704E+03
  5.5299988E+04  7.6860913E+03
  5.5499988E+04  7.4051411E+03
  5.5699992E+04  7.4530864E+03
  5.5899992E+04  7.3123223E+03
  5.6099988E+04  7.2662637E+03
  5.6299996E+04  7.1177422E+03
  5.6499988E+04  7.1160640E+03
  5.6699988E+04  7.0418115E+03
  5.6899992E+04  6.8979087E+03
  5.7099996E+04  6.9086001E+03
  5.7299988E+04  6.8115786E+03
  5.7499988E+04  6.7444492E+03
  5.7699988E+04  6.6407437E+03
  5.7899996E+04  6.6261851E+03
  5.8099988E+04  6.4978359E+03
  5.8299996E+04  6.4396948E+03
  5.8499992E+04  6.3773550E+03
  5.8699988E+04  6.2681528E+03
  5.8899988E+04  6.2090420E+03
  5.9099992E+04  6.1555479E+03
  5.9299988E+04  6.0900986E+03
  5.9499996E+04  6.0046372E+03
  5.9699988E+04  5.9626768E+03
  5.9899992E+04  5.8928955E+03
  6.0099992E+04  5.8247451E+03
  6.0299992E+04  5.7568491E+03
  6.0499988E+04  5.6647119E+03
  6.0699992E+04  5.6036201E+03
  6.0899992E+04  5.5423945E+03
  6.1099988E+04  5.4630806E+03
  6.1299992E+04  5.4174639E+03
  6.1499988E+04  5.3615688E+03
  6.1699988E+04  5.3078657E+03
  6.1899996E+04  5.2491372E+03
  6.2099996E+04  5.1941821E+03
  6.2299988E+04  5.1220620E+03
  6.2499992E+04  5.0495981E+03
  6.2699988E+04  4.9888784E+03
  6.2899996E+04  4.9437754E+03
  6.3099984E+04  4.8806016E+03
  6.3299996E+04  4.8452002E+03
  6.3499984E+04  4.7766094E+03
  6.3699984E+04  4.7389565E+03
  6.3900000E+04  4.6706772E+03
  6.4199992E+04  4.5946812E+03
  6.4599984E+04  4.4860498E+03
  6.4999992E+04  4.3859756E+03
  6.5399992E+04  4.2875679E+03
  6.5799992E+04  4.1950503E+03
  6.6199984E+04  4.0972280E+03
  6.6599984E+04  4.0062869E+03
  6.6999992E+04  3.9177222E+03
  6.7399992E+04  3.8272400E+03
  6.7799992E+04  3.7427119E+03
  6.8199992E+04  3.6584399E+03
  6.8599992E+04  3.5795549E+03
  6.8999984E+04  3.4997173E+03
  6.9399984E+04  3.4228845E+03
  6.9800000E+04  3.3488135E+03
  7.0199992E+04  3.2729187E+03
  7.0599984E+04  3.2038147E+03
  7.0999977E+04  3.1347107E+03
  7.1399977E+04  3.0674661E+03
  7.1799984E+04  3.0011558E+03
  7.2199984E+04  2.9376404E+03
  7.2600000E+04  2.8749089E+03
  7.2999984E+04  2.8145764E+03
  7.3400000E+04  2.7540537E+03
  7.3799984E+04  2.6973740E+03
  7.4199992E+04  2.6378516E+03
  7.4599992E+04  2.5832383E+03
  7.5000000E+04  2.5308423E+03
  7.5399992E+04  2.4773562E+03
  7.5799992E+04  2.4306248E+03
  7.6199984E+04  2.3810378E+03
  7.6599992E+04  2.3329282E+03
  7.6999992E+04  2.2852427E+03
  7.7399992E+04  2.2401140E+03
  7.7799984E+04  2.1956040E+03
  7.8199984E+04  2.1520076E+03
  7.8599984E+04  2.1094875E+03
  7.8999984E+04  2.0679578E+03
  7.9399984E+04  2.0275739E+03
  7.9800000E+04  1.9882482E+03
  8.0199992E+04  1.9481993E+03
  8.0599984E+04  1.9109333E+03
  8.0999992E+04  1.8751100E+03
  8.1399977E+04  1.8387034E+03
  8.1799984E+04  1.8046622E+03
  8.2199984E+04  1.7705260E+03
  8.2599992E+04  1.7370751E+03
  8.2999984E+04  1.7045138E+03
  8.3400000E+04  1.6717908E+03
  8.3799992E+04  1.6403118E+03
  8.4199992E+04  1.6112134E+03
  8.4599977E+04  1.5812229E+03
  8.4999977E+04  1.5524016E+03
  8.5399984E+04  1.5243591E+03
  8.5799984E+04  1.4968735E+03
  8.6199992E+04  1.4698818E+03
  8.6599992E+04  1.4435752E+03
  8.6999984E+04  1.4176395E+03
  8.7399992E+04  1.3925111E+03
  8.7799992E+04  1.3676833E+03
  8.8199984E+04  1.3431509E+03
  8.8599977E+04  1.3196768E+03
  8.8999992E+04  1.2961882E+03
  8.9399977E+04  1.2741982E+03
  8.9799977E+04  1.2510994E+03
  9.0199984E+04  1.2304425E+03
  9.0599984E+04  1.2093668E+03
  9.0999992E+04  1.1871118E+03
  9.1400000E+04  1.1679951E+03
  9.1799969E+04  1.1479600E+03
  9.2199969E+04  1.1291575E+03
  9.2599984E+04  1.1100648E+03
  9.3000000E+04  1.0915195E+03
  9.3399984E+04  1.0732080E+03
  9.3799984E+04  1.0554250E+03
  9.4199977E+04  1.0379475E+03
  9.4599984E+04  1.0206848E+03
  9.4999969E+04  1.0039262E+03
  9.5399984E+04  9.8753589E+02
  9.5799984E+04  9.7154816E+02
  9.6199992E+04  9.5571008E+02
  9.6599984E+04  9.4030273E+02
  9.7000000E+04  9.2519598E+02
  9.7399977E+04  9.0935303E+02
  9.7799984E+04  8.9558820E+02
  9.8199977E+04  8.8154858E+02
  9.8599977E+04  8.6759045E+02
  9.8999992E+04  8.5390527E+02
  9.9399984E+04  8.4045032E+02
  9.9799977E+04  8.2733453E+02
  1.0019999E+05  8.1443811E+02
  1.9999991E+05  5.2988491E+01
  3.9999994E+05  3.3435066E+00
  5.9999981E+05  6.5902156E-01
  7.9999994E+05  2.0760937E-01
