  9.2499988E+02  7.7981834E-15
  9.3499982E+02  1.1920493E-14
  9.4500000E+02  1.9513633E-14
  9.5500000E+02  3.3052046E-14
  9.6499988E+02  6.4130294E-14
  9.7499982E+02  9.5686757E-14
  9.8499976E+02  1.6775107E-13
  9.9499988E+02  2.9944957E-13
  1.0049999E+03  4.6702556E-13
  1.0149997E+03  7.4024711E-13
  1.0249998E+03  9.0103998E-13
  1.0349998E+03  2.3686300E-12
  1.0449998E+03  3.7679356E-12
  1.0549999E+03  4.6655635E-12
  1.0649999E+03  9.3975262E-12
  1.0750000E+03  1.4241282E-11
  1.0849996E+03  2.3054421E-11
  1.0949999E+03  3.1042287E-11
  1.1049999E+03  4.3500828E-11
  1.1149999E+03  6.2517894E-11
  1.1249999E+03  1.1770296E-10
  1.1349996E+03  2.0428945E-10
  1.1449999E+03  3.0715661E-10
  1.1549999E+03  4.4266724E-10
  1.1650000E+03  6.0619809E-10
  1.1749995E+03  9.3144703E-10
  1.1849996E+03  1.2242674E-09
  1.1949998E+03  1.5556064E-09
  1.2049996E+03  1.4709468E-09
  1.2149998E+03  2.9817612E-10
  1.2249996E+03  2.4407669E-09
  1.2349996E+03  5.6998117E-09
  1.2449998E+03  8.3949372E-09
  1.2549996E+03  1.1276701E-08
  1.2650000E+03  1.4798111E-08
  1.2749998E+03  2.0077836E-08
  1.2849995E+03  2.1443721E-08
  1.2949998E+03  2.8399459E-08
  1.3049995E+03  3.4571350E-08
  1.3149998E+03  4.7572431E-08
  1.3249998E+03  5.3747446E-08
  1.3349996E+03  6.1681746E-08
  1.3449995E+03  8.2884348E-08
  1.3549996E+03  1.1258754E-07
  1.3649999E+03  1.2422804E-07
  1.3749999E+03  1.4208902E-07
  1.3849996E+03  1.6525020E-07
  1.3949999E+03  1.9471391E-07
  1.4050001E+03  2.8017965E-07
  1.4149998E+03  3.5270077E-07
  1.4249998E+03  4.2171851E-07
  1.4350000E+03  5.8007612E-07
  1.4419998E+03  8.3297988E-07
  1.4469999E+03  7.1341117E-07
  1.4549994E+03  8.7857734E-07
  1.4650000E+03  1.3339093E-06
  1.4749995E+03  1.6262583E-06
  1.4849996E+03  1.7784092E-06
  1.4949998E+03  2.7190222E-06
  1.5049996E+03  3.8408066E-06
  1.5119995E+03  2.2264753E-06
  1.5169994E+03  3.6514477E-06
  1.5250001E+03  7.9985230E-06
  1.5349994E+03  1.1939514E-05
  1.5449994E+03  8.3780069E-06
  1.5549998E+03  1.4420721E-05
  1.5649999E+03  1.3714040E-05
  1.5750001E+03  3.2951266E-05
  1.5850000E+03  3.5180590E-05
  1.5949996E+03  3.3510267E-05
  1.6049999E+03  3.5688383E-05
  1.6150000E+03  3.7567497E-05
  1.6249996E+03  3.6831221E-05
  1.6350000E+03  5.0694722E-05
  1.6449996E+03  7.0949369E-05
  1.6549999E+03  5.6700635E-05
  1.6649993E+03  9.4416231E-05
  1.6720000E+03  7.5438664E-05
  1.6770001E+03  1.2650424E-04
  1.6849998E+03  1.6860754E-04
  1.6950000E+03  2.4692647E-04
  1.7049995E+03  2.6095065E-04
  1.7150000E+03  2.8098471E-04
  1.7249993E+03  4.0370997E-04
  1.7349994E+03  4.7375986E-04
  1.7449993E+03  6.8213535E-04
  1.7550001E+03  6.8646792E-04
  1.7649998E+03  9.6424605E-04
  1.7749995E+03  7.8944035E-04
  1.7849995E+03  1.6807546E-03
  1.7949999E+03  1.3541004E-03
  1.8050001E+03  2.6501766E-03
  1.8150001E+03  1.7044458E-03
  1.8249994E+03  3.0102464E-03
  1.8349993E+03  2.5249624E-03
  1.8449993E+03  3.9147218E-03
  1.8549998E+03  2.8988861E-03
  1.8650002E+03  5.5766511E-03
  1.8750001E+03  4.9774558E-03
  1.8850000E+03  6.5718945E-03
  1.8950002E+03  8.4243435E-03
  1.9049996E+03  8.9552673E-03
  1.9149999E+03  1.3901389E-02
  1.9249993E+03  1.1338725E-02
  1.9350001E+03  9.3159331E-03
  1.9449993E+03  1.6633715E-02
  1.9550002E+03  2.5044393E-02
  1.9670002E+03  2.6735837E-02
  1.9759990E+03  3.2651518E-02
  1.9839996E+03  4.3402847E-02
  1.9950001E+03  3.6910132E-02
  2.0050002E+03  4.4123396E-02
  2.0149996E+03  5.0701205E-02
  2.0249994E+03  4.6626952E-02
  2.0349995E+03  6.0039330E-02
  2.0449998E+03  6.2968642E-02
  2.0550000E+03  7.8339122E-02
  2.0649993E+03  7.2088838E-02
  2.0739993E+03  6.9191791E-02
  2.0780002E+03  1.2599979E-01
  2.0849993E+03  1.6118878E-01
  2.0950005E+03  1.7779045E-01
  2.1050002E+03  1.4739348E-01
  2.1149990E+03  1.4529571E-01
  2.1250000E+03  1.7172977E-01
  2.1350002E+03  2.4050869E-01
  2.1449998E+03  1.6818205E-01
  2.1550005E+03  2.2039242E-01
  2.1649995E+03  2.1001041E-01
  2.1750002E+03  2.3687239E-01
  2.1849998E+03  2.0571783E-01
  2.1950000E+03  4.1713309E-01
  2.2050000E+03  3.1422409E-01
  2.2149998E+03  4.2497629E-01
  2.2249998E+03  3.4410033E-01
  2.2350005E+03  7.3358166E-01
  2.2449990E+03  7.5435996E-01
  2.2549993E+03  1.1293051E+00
  2.2650000E+03  4.0776441E-01
  2.2750000E+03  1.1347212E+00
  2.2850000E+03  9.3446827E-01
  2.2950002E+03  2.0026762E+00
  2.3050000E+03  4.6237323E-01
  2.3149995E+03  2.7624300E+00
  2.3250000E+03  1.7393923E+00
  2.3349995E+03  3.4445617E+00
  2.3449993E+03  1.8265212E+00
  2.3550000E+03  1.3025963E+00
  2.3649988E+03  2.1078172E+00
  2.3750000E+03  1.8562063E+00
  2.3849990E+03  4.6089063E+00
  2.3950000E+03  3.5190494E+00
  2.4050005E+03  8.5976000E+00
  2.4149993E+03  4.1001749E+00
  2.4249990E+03  6.4332547E+00
  2.4349990E+03  1.0061937E+01
  2.4450000E+03  1.6870358E+01
  2.4549990E+03  2.1069975E+01
  2.4649990E+03  9.6566887E+00
  2.4749993E+03  2.1235746E+01
  2.4850005E+03  4.1836872E+00
  2.4950000E+03  6.3944497E+00
  2.5050005E+03  1.6656029E+01
  2.5129988E+03  9.7942085E+00
  2.5179990E+03  9.9211273E+00
  2.5249998E+03  1.3120253E+01
  2.5350007E+03  5.4777939E+01
  2.5449988E+03  6.5987694E+01
  2.5550000E+03  7.7897095E+01
  2.5649990E+03  2.8526308E+01
  2.5749990E+03  7.3532768E+01
  2.5849993E+03  3.3640999E+01
  2.5949990E+03  5.4317871E+01
  2.6049995E+03  8.6993614E+01
  2.6149998E+03  6.7521042E+01
  2.6249990E+03  1.4754140E+02
  2.6350007E+03  3.0178342E+02
  2.6449995E+03  1.9949124E+02
  2.6549998E+03  4.0824808E+02
  2.6649995E+03  2.3409016E+02
  2.6749988E+03  2.4988583E+02
  2.6849988E+03  3.3581992E+02
  2.6949988E+03  1.6270592E+02
  2.7050000E+03  4.2290027E+02
  2.7150000E+03  3.4005109E+02
  2.7249995E+03  2.3503123E+02
  2.7350007E+03  2.7489587E+02
  2.7450002E+03  4.1516983E+02
  2.7549998E+03  4.1115891E+02
  2.7649983E+03  7.2629321E+02
  2.7750005E+03  1.0974268E+03
  2.7850000E+03  5.6717169E+02
  2.7949993E+03  5.3958704E+02
  2.8049995E+03  5.5595245E+02
  2.8150002E+03  9.6357983E+02
  2.8250007E+03  9.7385834E+02
  2.8350000E+03  7.0746204E+02
  2.8450002E+03  3.8101385E+02
  2.8550005E+03  1.2142677E+02
  2.8650000E+03  7.2636615E+02
  2.8749983E+03  9.7578668E+02
  2.8850000E+03  2.0129755E+03
  2.8949988E+03  2.9072341E+03
  2.9099988E+03  6.7515796E+03
  2.9299983E+03  6.8150708E+03
  2.9499990E+03  7.8602080E+03
  2.9700005E+03  7.1260171E+03
  2.9899980E+03  1.1277017E+04
  3.0099995E+03  1.2448689E+04
  3.0299995E+03  2.0396990E+04
  3.0499995E+03  2.2661494E+04
  3.0699995E+03  2.3447641E+04
  3.0899995E+03  1.8293145E+04
  3.1099995E+03  3.2577807E+04
  3.1299998E+03  2.2704967E+04
  3.1499995E+03  3.4363680E+04
  3.1699995E+03  5.2249797E+04
  3.1899995E+03  3.3926008E+04
  3.2099998E+03  4.3935922E+04
  3.2299993E+03  3.9031422E+04
  3.2499993E+03  7.4708195E+04
  3.2699995E+03  8.6167102E+04
  3.2899995E+03  9.8212828E+04
  3.3099998E+03  7.9148984E+04
  3.3299993E+03  8.8155477E+04
  3.3499995E+03  8.8774406E+04
  3.3699995E+03  4.8700074E+04
  3.3899993E+03  6.3229781E+04
  3.4099993E+03  7.7092266E+04
  3.4299995E+03  9.8169180E+04
  3.4499993E+03  1.1526880E+05
  3.4699998E+03  1.2788881E+05
  3.4899993E+03  1.5751523E+05
  3.5099995E+03  1.7735973E+05
  3.5299995E+03  1.3903652E+05
  3.5499995E+03  1.5279475E+05
  3.5699995E+03  9.6118688E+04
  3.5899995E+03  1.3057526E+05
  3.6099995E+03  2.0210223E+05
  3.6299993E+03  2.2899500E+05
  3.6399993E+03  2.1579359E+05
  3.6499995E+03  2.0349386E+05
  3.6699993E+03  2.5051583E+05
  3.6899995E+03  1.9949609E+05
  3.7099995E+03  1.8477414E+05
  3.7299998E+03  6.4296633E+04
  3.7499993E+03  8.2920141E+04
  3.7699993E+03  1.6970208E+05
  3.7899995E+03  1.8048916E+05
  3.8099993E+03  1.4601295E+05
  3.8299998E+03  5.6093000E+04
  3.8499995E+03  8.7887023E+04
  3.8699995E+03  8.8336789E+04
  3.8899995E+03  1.5835283E+05
  3.9099995E+03  2.2210550E+05
  3.9299993E+03  6.4363367E+04
  3.9499993E+03  1.6492716E+05
  3.9699998E+03  9.2858438E+04
  3.9899995E+03  3.7145366E+05
  4.0099995E+03  4.6472828E+05
  4.0299993E+03  4.4191781E+05
  4.0499993E+03  4.0970375E+05
  4.0699993E+03  3.5831372E+05
  4.0899995E+03  5.4921900E+05
  4.1099995E+03  4.6565025E+05
  4.1299995E+03  4.2168203E+05
  4.1499990E+03  3.8724391E+05
  4.1699990E+03  3.9365584E+05
  4.1899995E+03  4.2170866E+05
  4.2099995E+03  4.3939194E+05
  4.2299995E+03  4.0366444E+05
  4.2499995E+03  5.0822728E+05
  4.2699990E+03  4.6975681E+05
  4.2899995E+03  4.4665681E+05
  4.3100000E+03  4.0260894E+05
  4.3299995E+03  6.5199744E+05
  4.3499995E+03  6.9553019E+05
  4.3699995E+03  7.4788725E+05
  4.3899995E+03  6.1744656E+05
  4.4099995E+03  6.4816044E+05
  4.4299995E+03  7.3905331E+05
  4.4499995E+03  7.6950388E+05
  4.4699995E+03  8.5245681E+05
  4.4899995E+03  9.0217412E+05
  4.5099990E+03  1.1112648E+06
  4.5299995E+03  9.0320181E+05
  4.5499990E+03  9.7025281E+05
  4.5699995E+03  1.0884454E+06
  4.5899990E+03  1.0445587E+06
  4.6099990E+03  1.0809136E+06
  4.6299990E+03  1.0392415E+06
  4.6499990E+03  1.0671189E+06
  4.6699990E+03  1.1542332E+06
  4.6899990E+03  1.1189246E+06
  4.7099995E+03  1.0995075E+06
  4.7299990E+03  1.1322421E+06
  4.7499995E+03  1.1799489E+06
  4.7699995E+03  1.1801915E+06
  4.7899990E+03  1.1805208E+06
  4.8099995E+03  1.2081590E+06
  4.8299995E+03  1.2754300E+06
  4.8499990E+03  1.2152358E+06
  4.8700000E+03  1.1248348E+06
  4.8899990E+03  1.2370919E+06
  4.9099990E+03  1.2316755E+06
  4.9299990E+03  1.1891518E+06
  4.9499995E+03  1.2882034E+06
  4.9699995E+03  1.2387202E+06
  4.9899990E+03  1.1280161E+06
  5.0099995E+03  1.0393289E+06
  5.0299995E+03  1.1164006E+06
  5.0499995E+03  1.0966436E+06
  5.0699995E+03  1.1537706E+06
  5.0899995E+03  1.0332782E+06
  5.1099990E+03  1.0718935E+06
  5.1299995E+03  1.0051741E+06
  5.1499985E+03  9.6474106E+05
  5.1700000E+03  8.8687412E+05
  5.1899990E+03  9.7127031E+05
  5.2099990E+03  1.0582188E+06
  5.2299995E+03  1.2471230E+06
  5.2499995E+03  1.3225605E+06
  5.2699995E+03  1.1257676E+06
  5.2899990E+03  1.3685876E+06
  5.3099995E+03  1.5175624E+06
  5.3299990E+03  1.2593134E+06
  5.3499995E+03  1.4487559E+06
  5.3699995E+03  1.4416424E+06
  5.3899995E+03  1.3628842E+06
  5.4099990E+03  1.3718765E+06
  5.4299990E+03  1.3806992E+06
  5.4499990E+03  1.4801704E+06
  5.4699995E+03  1.4285711E+06
  5.4899995E+03  1.4431804E+06
  5.5099995E+03  1.4180801E+06
  5.5299985E+03  1.5006058E+06
  5.5499990E+03  1.5349408E+06
  5.5699990E+03  1.5031731E+06
  5.5899995E+03  1.4506009E+06
  5.6099990E+03  1.5580651E+06
  5.6299995E+03  1.5193219E+06
  5.6499990E+03  1.5482378E+06
  5.6699990E+03  1.4993672E+06
  5.6899995E+03  1.5713454E+06
  5.7099995E+03  1.4786648E+06
  5.7299990E+03  1.6620462E+06
  5.7499990E+03  1.5816810E+06
  5.7699990E+03  1.6229008E+06
  5.7899995E+03  1.5078719E+06
  5.8099985E+03  1.6342244E+06
  5.8300000E+03  1.7174661E+06
  5.8499990E+03  1.6412342E+06
  5.8699985E+03  1.6621049E+06
  5.8899985E+03  1.4465722E+06
  5.9099995E+03  1.6390344E+06
  5.9299985E+03  1.6510314E+06
  5.9499995E+03  1.6438874E+06
  5.9699990E+03  1.7008585E+06
  5.9899990E+03  1.6474154E+06
  6.0099990E+03  1.6176951E+06
  6.0299995E+03  1.6891436E+06
  6.0499990E+03  1.7211205E+06
  6.0699990E+03  1.7070366E+06
  6.0899995E+03  1.6144788E+06
  6.1099985E+03  1.6389444E+06
  6.1299995E+03  1.5138739E+06
  6.1499985E+03  1.5975740E+06
  6.1699985E+03  1.5168724E+06
  6.1900000E+03  1.6503410E+06
  6.2099995E+03  1.6244886E+06
  6.2299985E+03  1.5689411E+06
  6.2499990E+03  1.4941054E+06
  6.2699985E+03  1.5750521E+06
  6.2900000E+03  1.6284681E+06
  6.3099985E+03  1.5728400E+06
  6.3299995E+03  1.6120896E+06
  6.3499985E+03  1.6163394E+06
  6.3699985E+03  1.6031418E+06
  6.3899995E+03  1.6511558E+06
  6.4099990E+03  1.6174875E+06
  6.4299985E+03  1.6309502E+06
  6.4499985E+03  1.6284581E+06
  6.4699990E+03  1.6211955E+06
  6.4899990E+03  1.5718642E+06
  6.5099985E+03  1.6453371E+06
  6.5299990E+03  1.6472891E+06
  6.5499985E+03  1.6251270E+06
  6.5699985E+03  1.6097494E+06
  6.5899995E+03  1.6460565E+06
  6.6099985E+03  1.6548218E+06
  6.6299990E+03  1.6451954E+06
  6.6499985E+03  1.6503082E+06
  6.6699995E+03  1.6107875E+06
  6.6899990E+03  1.6699416E+06
  6.7099995E+03  1.5824361E+06
  6.7299990E+03  1.6684490E+06
  6.7499995E+03  1.6269081E+06
  6.7699985E+03  1.6439421E+06
  6.7899995E+03  1.6181740E+06
  6.8099995E+03  1.6299665E+06
  6.8300000E+03  1.6561299E+06
  6.8499985E+03  1.5923596E+06
  6.8699985E+03  1.6224536E+06
  6.8899985E+03  1.6547909E+06
  6.9099990E+03  1.6382034E+06
  6.9299995E+03  1.6126799E+06
  6.9499990E+03  1.5958461E+06
  6.9699985E+03  1.6172550E+06
  6.9899985E+03  1.5883519E+06
  7.0099985E+03  1.5474088E+06
  7.0299985E+03  1.5915201E+06
  7.0499990E+03  1.6157779E+06
  7.0699980E+03  1.5731101E+06
  7.0899990E+03  1.5548790E+06
  7.1099990E+03  1.5332512E+06
  7.1299995E+03  1.5001324E+06
  7.1499990E+03  1.5014791E+06
  7.1699995E+03  1.5304879E+06
  7.1899985E+03  1.4728681E+06
  7.2099985E+03  1.5196411E+06
  7.2299980E+03  1.5598210E+06
  7.2499990E+03  1.5506534E+06
  7.2699995E+03  1.5481204E+06
  7.2899990E+03  1.5095100E+06
  7.3099980E+03  1.5343270E+06
  7.3299980E+03  1.5329070E+06
  7.3499980E+03  1.5257616E+06
  7.3699985E+03  1.5697880E+06
  7.3899995E+03  1.5288800E+06
  7.4099985E+03  1.5135715E+06
  7.4299995E+03  1.5438544E+06
  7.4500000E+03  1.5479296E+06
  7.4700000E+03  1.5509266E+06
  7.4899990E+03  1.5384921E+06
  7.5099985E+03  1.5653770E+06
  7.5299995E+03  1.5808584E+06
  7.5499980E+03  1.5896782E+06
  7.5699985E+03  1.5752410E+06
  7.5899990E+03  1.5576640E+06
  7.6099980E+03  1.5597009E+06
  7.6299995E+03  1.5698479E+06
  7.6499995E+03  1.5778724E+06
  7.6699980E+03  1.5099066E+06
  7.6899990E+03  1.5720758E+06
  7.7099995E+03  1.5302140E+06
  7.7299985E+03  1.5356096E+06
  7.7499990E+03  1.5223625E+06
  7.7700000E+03  1.5654542E+06
  7.7900000E+03  1.5610891E+06
  7.8099995E+03  1.5558835E+06
  7.8299980E+03  1.5380526E+06
  7.8499980E+03  1.5200770E+06
  7.8699995E+03  1.5417996E+06
  7.8900000E+03  1.4926596E+06
  7.9099995E+03  1.4495360E+06
  7.9300000E+03  1.4542750E+06
  7.9499985E+03  1.4168064E+06
  7.9699990E+03  1.4871614E+06
  7.9900000E+03  1.4820266E+06
  8.0099980E+03  1.4782761E+06
  8.0299985E+03  1.4761796E+06
  8.0500000E+03  1.4678069E+06
  8.0699985E+03  1.4520952E+06
  8.0899990E+03  1.4149919E+06
  8.1099995E+03  1.4157540E+06
  8.1299976E+03  1.4438508E+06
  8.1499976E+03  1.4413672E+06
  8.1699980E+03  1.4473001E+06
  8.1899985E+03  1.4087876E+06
  8.2099990E+03  1.4064592E+06
  8.2300000E+03  1.4323361E+06
  8.2500000E+03  1.4348649E+06
  8.2700000E+03  1.4632970E+06
  8.2899980E+03  1.4489001E+06
  8.3099990E+03  1.3855244E+06
  8.3299980E+03  1.3939186E+06
  8.3500000E+03  1.3908146E+06
  8.3699990E+03  1.4083215E+06
  8.3899990E+03  1.3432792E+06
  8.4099971E+03  1.4174884E+06
  8.4300000E+03  1.3597182E+06
  8.4499990E+03  1.3931778E+06
  8.4699980E+03  1.3953762E+06
  8.4899980E+03  1.4108138E+06
  8.5099990E+03  1.3398925E+06
  8.5299990E+03  1.4091074E+06
  8.5499990E+03  1.3126458E+06
  8.5699990E+03  1.4195284E+06
  8.5900000E+03  1.3929625E+06
  8.6099980E+03  1.3957486E+06
  8.6299990E+03  1.4090141E+06
  8.6499990E+03  1.4244085E+06
  8.6699990E+03  1.3004675E+06
  8.6899990E+03  1.3420812E+06
  8.7099971E+03  1.3874218E+06
  8.7299990E+03  1.3951101E+06
  8.7499980E+03  1.3890352E+06
  8.7699980E+03  1.3991650E+06
  8.7899980E+03  1.3898796E+06
  8.8099990E+03  1.3442116E+06
  8.8299980E+03  1.3727739E+06
  8.8499980E+03  1.3964465E+06
  8.8699980E+03  1.3685128E+06
  8.8899990E+03  1.3927266E+06
  8.9099971E+03  1.4100194E+06
  8.9299980E+03  1.3612866E+06
  8.9499980E+03  1.3582195E+06
  8.9699990E+03  1.3657008E+06
  8.9899990E+03  1.3701656E+06
  9.0099980E+03  1.3198175E+06
  9.0299990E+03  1.3589316E+06
  9.0499990E+03  1.3962618E+06
  9.0699980E+03  1.3849821E+06
  9.0899990E+03  1.3265068E+06
  9.1099980E+03  1.3372122E+06
  9.1299980E+03  1.3709511E+06
  9.1499980E+03  1.3557399E+06
  9.1699980E+03  1.3548952E+06
  9.1899990E+03  1.3795152E+06
  9.2099990E+03  1.3380441E+06
  9.2299980E+03  1.3586520E+06
  9.2499980E+03  1.3337619E+06
  9.2699971E+03  1.3366499E+06
  9.2899990E+03  1.3278446E+06
  9.3099980E+03  1.3496591E+06
  9.3299990E+03  1.3387718E+06
  9.3499980E+03  1.3358519E+06
  9.3699990E+03  1.3029504E+06
  9.3900000E+03  1.3287245E+06
  9.4099980E+03  1.2887060E+06
  9.4299971E+03  1.3300170E+06
  9.4499990E+03  1.2873955E+06
  9.4700000E+03  1.3227110E+06
  9.4899980E+03  1.3256340E+06
  9.5100000E+03  1.3125656E+06
  9.5300000E+03  1.3128695E+06
  9.5500000E+03  1.2815179E+06
  9.5699990E+03  1.2767022E+06
  9.5899980E+03  1.3125921E+06
  9.6099980E+03  1.2852284E+06
  9.6299990E+03  1.2884264E+06
  9.6499990E+03  1.2526686E+06
  9.6699980E+03  1.2502321E+06
  9.6899980E+03  1.2805848E+06
  9.7100000E+03  1.2637668E+06
  9.7299990E+03  1.2492655E+06
  9.7499980E+03  1.2465631E+06
  9.7699961E+03  1.2509771E+06
  9.7899980E+03  1.2200066E+06
  9.8099980E+03  1.2703908E+06
  9.8299990E+03  1.2518925E+06
  9.8499980E+03  1.2689469E+06
  9.8700000E+03  1.2556102E+06
  9.8899980E+03  1.2555062E+06
  9.9099990E+03  1.2504051E+06
  9.9300000E+03  1.2511421E+06
  9.9499980E+03  1.2502659E+06
  9.9699980E+03  1.2526832E+06
  9.9899990E+03  1.2450676E+06
  1.0024998E+04  1.2340278E+06
  1.0074998E+04  1.2167991E+06
  1.0124997E+04  1.2214585E+06
  1.0174997E+04  1.2036249E+06
  1.0224998E+04  1.2052866E+06
  1.0274997E+04  1.2069308E+06
  1.0325000E+04  1.1815575E+06
  1.0374999E+04  1.1717366E+06
  1.0425000E+04  1.1789998E+06
  1.0474998E+04  1.1669820E+06
  1.0524997E+04  1.1687422E+06
  1.0574999E+04  1.1520899E+06
  1.0625000E+04  1.1482468E+06
  1.0674997E+04  1.1249536E+06
  1.0724998E+04  1.1252640E+06
  1.0774999E+04  1.1144880E+06
  1.0824997E+04  1.0965328E+06
  1.0874997E+04  1.0976539E+06
  1.0924999E+04  1.1095979E+06
  1.0974996E+04  1.0898780E+06
  1.1025000E+04  1.0944262E+06
  1.1074998E+04  1.0918462E+06
  1.1124999E+04  1.0847934E+06
  1.1174998E+04  1.0710354E+06
  1.1224999E+04  1.0719796E+06
  1.1274997E+04  1.0537809E+06
  1.1325000E+04  1.0505470E+06
  1.1375000E+04  1.0406912E+06
  1.1425000E+04  1.0291201E+06
  1.1474997E+04  1.0434036E+06
  1.1525000E+04  1.0407794E+06
  1.1574998E+04  1.0245531E+06
  1.1625000E+04  1.0104059E+06
  1.1674998E+04  1.0115268E+06
  1.1724997E+04  1.0201826E+06
  1.1775001E+04  1.0012928E+06
  1.1824999E+04  9.9346300E+05
  1.1875000E+04  9.7830188E+05
  1.1925000E+04  9.9806444E+05
  1.1975001E+04  9.5732831E+05
  1.2024998E+04  9.8077850E+05
  1.2074996E+04  9.6848744E+05
  1.2125000E+04  9.7056088E+05
  1.2175000E+04  9.7434738E+05
  1.2225001E+04  9.6644381E+05
  1.2275001E+04  9.6011188E+05
  1.2324996E+04  9.5271044E+05
  1.2374996E+04  9.5171869E+05
  1.2424998E+04  9.4243912E+05
  1.2475000E+04  9.4356556E+05
  1.2524997E+04  9.3112456E+05
  1.2574997E+04  9.3181131E+05
  1.2624999E+04  9.2721012E+05
  1.2674997E+04  9.1632175E+05
  1.2724999E+04  9.1823169E+05
  1.2774999E+04  9.2174594E+05
  1.2825000E+04  8.8688131E+05
  1.2875001E+04  8.9905125E+05
  1.2924997E+04  8.8620088E+05
  1.2975001E+04  9.0035138E+05
  1.3024998E+04  8.8501425E+05
  1.3074999E+04  8.9286881E+05
  1.3125000E+04  8.7385375E+05
  1.3174998E+04  8.7300719E+05
  1.3224998E+04  8.7544369E+05
  1.3274997E+04  8.5836500E+05
  1.3324997E+04  8.6846394E+05
  1.3374999E+04  8.5886594E+05
  1.3424999E+04  8.6669412E+05
  1.3474999E+04  8.6017050E+05
  1.3525001E+04  8.5804412E+05
  1.3574999E+04  8.4190194E+05
  1.3624997E+04  8.3792619E+05
  1.3674997E+04  8.4250712E+05
  1.3724995E+04  8.4617962E+05
  1.3774998E+04  8.3923344E+05
  1.3824998E+04  8.4023050E+05
  1.3874996E+04  8.3021344E+05
  1.3925000E+04  8.3634631E+05
  1.3974996E+04  8.3550400E+05
  1.4024997E+04  8.1934888E+05
  1.4075001E+04  8.2903625E+05
  1.4124996E+04  8.1698444E+05
  1.4175000E+04  8.2696131E+05
  1.4225000E+04  8.1114181E+05
  1.4274994E+04  7.9374888E+05
  1.4325001E+04  8.1281769E+05
  1.4374998E+04  8.1535925E+05
  1.4424999E+04  7.8866031E+05
  1.4475000E+04  8.0679325E+05
  1.4524997E+04  7.9521312E+05
  1.4569999E+04  7.9971406E+05
  1.4620000E+04  7.9966431E+05
  1.4674998E+04  7.9882475E+05
  1.4725000E+04  7.8201088E+05
  1.4775002E+04  7.8702956E+05
  1.4824998E+04  7.8550125E+05
  1.4874996E+04  7.7328288E+05
  1.4924997E+04  7.9305612E+05
  1.4974999E+04  7.7945306E+05
  1.5024999E+04  7.6686456E+05
  1.5075000E+04  7.6125538E+05
  1.5124999E+04  7.7541600E+05
  1.5175000E+04  7.7635131E+05
  1.5225002E+04  7.7168281E+05
  1.5274998E+04  7.7781275E+05
  1.5324995E+04  7.7024344E+05
  1.5374997E+04  7.7568038E+05
  1.5425001E+04  7.7368356E+05
  1.5474996E+04  7.7138269E+05
  1.5524994E+04  7.5837256E+05
  1.5575001E+04  7.5122756E+05
  1.5624998E+04  7.6877181E+05
  1.5674997E+04  7.4332944E+05
  1.5724994E+04  7.5584138E+05
  1.5774996E+04  7.2848531E+05
  1.5825001E+04  7.4192575E+05
  1.5874995E+04  7.1204144E+05
  1.5925002E+04  7.2659119E+05
  1.5975001E+04  7.4273194E+05
  1.6049998E+04  7.3643588E+05
  1.6150001E+04  7.2724275E+05
  1.6249997E+04  7.2553900E+05
  1.6350000E+04  7.1917119E+05
  1.6449996E+04  7.0235169E+05
  1.6549998E+04  6.9750694E+05
  1.6649994E+04  6.8627294E+05
  1.6749998E+04  6.6894506E+05
  1.6849998E+04  6.5187306E+05
  1.6950000E+04  6.5365819E+05
  1.7049996E+04  6.2901069E+05
  1.7150000E+04  6.2489856E+05
  1.7249992E+04  6.0314050E+05
  1.7349994E+04  5.9063850E+05
  1.7449992E+04  5.8360406E+05
  1.7550000E+04  5.7287412E+05
  1.7649998E+04  5.6430906E+05
  1.7749994E+04  5.5000512E+05
  1.7849994E+04  5.4556244E+05
  1.7949998E+04  5.3254350E+05
  1.8050002E+04  5.1973253E+05
  1.8150002E+04  5.1128797E+05
  1.8249994E+04  5.0052012E+05
  1.8349992E+04  4.9023528E+05
  1.8449992E+04  4.7732116E+05
  1.8549998E+04  4.7383066E+05
  1.8650002E+04  4.5785581E+05
  1.8750002E+04  4.4908444E+05
  1.8850000E+04  4.4656944E+05
  1.8950004E+04  4.2414931E+05
  1.9049996E+04  4.3292353E+05
  1.9149998E+04  4.2291781E+05
  1.9249992E+04  4.1659375E+05
  1.9350000E+04  4.0325316E+05
  1.9449992E+04  3.9406862E+05
  1.9550002E+04  3.9389131E+05
  1.9649992E+04  3.8557053E+05
  1.9749992E+04  3.7621900E+05
  1.9849992E+04  3.7151053E+05
  1.9950002E+04  3.6596819E+05
  2.0050002E+04  3.6427597E+05
  2.0149996E+04  3.5912000E+05
  2.0249994E+04  3.4671628E+05
  2.0349994E+04  3.4086091E+05
  2.0449996E+04  3.4091353E+05
  2.0550000E+04  3.3360700E+05
  2.0649992E+04  3.2633772E+05
  2.0749998E+04  3.2189597E+05
  2.0849992E+04  3.1566138E+05
  2.0950004E+04  3.0789947E+05
  2.1050002E+04  3.0714062E+05
  2.1149992E+04  3.0031031E+05
  2.1250000E+04  2.9492069E+05
  2.1350002E+04  2.9304047E+05
  2.1449996E+04  2.8755534E+05
  2.1550006E+04  2.8265353E+05
  2.1649994E+04  2.7645603E+05
  2.1750002E+04  2.7103669E+05
  2.1849998E+04  2.6770147E+05
  2.1950002E+04  2.6419647E+05
  2.2050000E+04  2.5617248E+05
  2.2149996E+04  2.5684405E+05
  2.2249998E+04  2.4874181E+05
  2.2350004E+04  2.4584200E+05
  2.2449990E+04  2.4243120E+05
  2.2549994E+04  2.3970041E+05
  2.2650000E+04  2.3357891E+05
  2.2750000E+04  2.3308041E+05
  2.2850000E+04  2.2691034E+05
  2.2950004E+04  1.9248547E+05
  2.3050000E+04  2.0680156E+05
  2.3149996E+04  2.0425264E+05
  2.3250000E+04  1.7478950E+05
  2.3349996E+04  1.8825516E+05
  2.3449994E+04  1.8836575E+05
  2.3550002E+04  1.6051497E+05
  2.3649988E+04  1.7643050E+05
  2.3750000E+04  1.7409948E+05
  2.3849990E+04  1.5201198E+05
  2.3950002E+04  1.6446527E+05
  2.4050006E+04  1.6579689E+05
  2.4149992E+04  1.4727686E+05
  2.4249990E+04  1.5587286E+05
  2.4349990E+04  1.5734006E+05
  2.4450002E+04  1.4602908E+05
  2.4549990E+04  1.4526706E+05
  2.4649992E+04  1.5178514E+05
  2.4749992E+04  1.4546877E+05
  2.4850006E+04  1.3707694E+05
  2.4950000E+04  1.4274039E+05
  2.5050006E+04  1.4717438E+05
  2.5149994E+04  1.3258752E+05
  2.5249998E+04  1.3919733E+05
  2.5350004E+04  1.3946719E+05
  2.5449988E+04  1.3487781E+05
  2.5549998E+04  1.3262361E+05
  2.5649990E+04  1.3360720E+05
  2.5749990E+04  1.3428167E+05
  2.5849994E+04  1.2534611E+05
  2.5949990E+04  1.2786170E+05
  2.6049996E+04  1.2915247E+05
  2.6149998E+04  1.2588574E+05
  2.6249988E+04  1.2385695E+05
  2.6350008E+04  1.2436717E+05
  2.6449996E+04  1.2315403E+05
  2.6549994E+04  1.2065680E+05
  2.6649994E+04  1.1788586E+05
  2.6749988E+04  1.2115487E+05
  2.6849986E+04  1.1923509E+05
  2.6949986E+04  1.1558200E+05
  2.7050002E+04  1.1633527E+05
  2.7149998E+04  1.1511704E+05
  2.7249994E+04  1.1454262E+05
  2.7350006E+04  1.1142999E+05
  2.7450004E+04  1.1178955E+05
  2.7549996E+04  1.1133693E+05
  2.7649982E+04  1.0924209E+05
  2.7750004E+04  1.0705194E+05
  2.7850000E+04  1.0693059E+05
  2.7949992E+04  1.0676003E+05
  2.8049994E+04  1.0527235E+05
  2.8150002E+04  1.0338945E+05
  2.8250006E+04  1.0269178E+05
  2.8350000E+04  1.0226864E+05
  2.8450000E+04  1.0067128E+05
  2.8550002E+04  9.9445000E+04
  2.8650002E+04  9.8444492E+04
  2.8749982E+04  9.7496633E+04
  2.8849998E+04  9.6346555E+04
  2.8949986E+04  9.5295594E+04
  2.9049994E+04  9.4127203E+04
  2.9149986E+04  9.3278609E+04
  2.9249984E+04  9.1241641E+04
  2.9349980E+04  9.1185141E+04
  2.9450000E+04  8.9711094E+04
  2.9550004E+04  8.8764094E+04
  2.9649982E+04  8.8145062E+04
  2.9749992E+04  8.7157562E+04
  2.9849994E+04  8.5898062E+04
  2.9949984E+04  8.4800484E+04
  3.0049996E+04  8.3819758E+04
  3.0149994E+04  8.3165203E+04
  3.0249994E+04  8.1858727E+04
  3.0349996E+04  8.0669883E+04
  3.0449996E+04  8.0242469E+04
  3.0549996E+04  7.9068125E+04
  3.0649996E+04  7.8071797E+04
  3.0749994E+04  7.7409469E+04
  3.0849996E+04  7.6033609E+04
  3.0949994E+04  7.5314969E+04
  3.1049996E+04  7.4799359E+04
  3.1149996E+04  7.3240531E+04
  3.1249996E+04  7.2899852E+04
  3.1349996E+04  7.2132695E+04
  3.1449996E+04  7.1251922E+04
  3.1549998E+04  7.0244609E+04
  3.1649996E+04  6.9297477E+04
  3.1749998E+04  6.8820523E+04
  3.1849996E+04  6.7961969E+04
  3.1949994E+04  6.7312094E+04
  3.2099996E+04  6.6022711E+04
  3.2299992E+04  6.4431273E+04
  3.2499994E+04  6.2955898E+04
  3.2699996E+04  6.1465887E+04
  3.2899996E+04  6.0031707E+04
  3.3099996E+04  5.8682617E+04
  3.3299992E+04  5.7269805E+04
  3.3499996E+04  5.6228820E+04
  3.3699996E+04  5.4893316E+04
  3.3899996E+04  5.3575492E+04
  3.4099996E+04  5.2307395E+04
  3.4299996E+04  5.1404570E+04
  3.4499992E+04  5.0373520E+04
  3.4699996E+04  4.9218816E+04
  3.4899996E+04  4.8198555E+04
  3.5099996E+04  4.7247207E+04
  3.5299996E+04  4.6069375E+04
  3.5499996E+04  4.5231887E+04
  3.5699992E+04  4.4229910E+04
  3.5899992E+04  4.3259086E+04
  3.6099996E+04  4.2497777E+04
  3.6299992E+04  4.1610504E+04
  3.6499992E+04  4.0590188E+04
  3.6699992E+04  3.9715449E+04
  3.6899992E+04  3.8658027E+04
  3.7099996E+04  3.7771570E+04
  3.7299996E+04  3.7302613E+04
  3.7499992E+04  3.6222641E+04
  3.7699996E+04  3.5815473E+04
  3.7899996E+04  3.5055551E+04
  3.8099992E+04  3.4475676E+04
  3.8299996E+04  3.3905953E+04
  3.8499996E+04  3.3277559E+04
  3.8699996E+04  3.2438953E+04
  3.8899992E+04  3.1889660E+04
  3.9099996E+04  3.1364648E+04
  3.9299992E+04  3.0763289E+04
  3.9499992E+04  2.9976875E+04
  3.9699992E+04  2.9489160E+04
  3.9900000E+04  2.8694949E+04
  4.0099996E+04  2.8332119E+04
  4.0299992E+04  2.7924031E+04
  4.0499996E+04  2.7343438E+04
  4.0699992E+04  2.6854766E+04
  4.0899992E+04  2.6383324E+04
  4.1099996E+04  2.5915301E+04
  4.1299996E+04  2.5490426E+04
  4.1499992E+04  2.4967527E+04
  4.1699992E+04  2.4511953E+04
  4.1899996E+04  2.4020998E+04
  4.2099996E+04  2.3506361E+04
  4.2299992E+04  2.3286717E+04
  4.2499996E+04  2.2753113E+04
  4.2699992E+04  2.2437160E+04
  4.2899992E+04  2.0580605E+04
  4.3099996E+04  1.8668428E+04
  4.3299996E+04  1.9003131E+04
  4.3499992E+04  1.7504029E+04
  4.3699996E+04  1.6777207E+04
  4.3899996E+04  1.6273800E+04
  4.4099992E+04  1.5118838E+04
  4.4299992E+04  1.4888186E+04
  4.4499996E+04  1.4548241E+04
  4.4699996E+04  1.3649454E+04
  4.4899996E+04  1.3909343E+04
  4.5099992E+04  1.3357291E+04
  4.5299992E+04  1.2810935E+04
  4.5499996E+04  1.2936943E+04
  4.5699992E+04  1.2819089E+04
  4.5899996E+04  1.2103217E+04
  4.6099996E+04  1.2431672E+04
  4.6299992E+04  1.2083390E+04
  4.6499988E+04  1.2045705E+04
  4.6699992E+04  1.2109445E+04
  4.6899992E+04  1.1797263E+04
  4.7099992E+04  1.1543260E+04
  4.7299992E+04  1.1813945E+04
  4.7499996E+04  1.1444003E+04
  4.7699992E+04  1.1320753E+04
  4.7899992E+04  1.1281913E+04
  4.8099996E+04  1.0868318E+04
  4.8299992E+04  1.1158642E+04
  4.8499992E+04  1.0884220E+04
  4.8700000E+04  1.0614077E+04
  4.8899992E+04  1.0489150E+04
  4.9099988E+04  1.0380591E+04
  4.9299988E+04  1.0212061E+04
  4.9499996E+04  1.0011928E+04
  4.9699992E+04  1.0032480E+04
  4.9899988E+04  9.8611406E+03
  5.0099996E+04  9.7881162E+03
  5.0299996E+04  9.6654648E+03
  5.0499996E+04  9.3788467E+03
  5.0699996E+04  9.3710977E+03
  5.0899992E+04  9.2641562E+03
  5.1099992E+04  9.0564492E+03
  5.1299996E+04  9.0817402E+03
  5.1499988E+04  8.8758320E+03
  5.1699996E+04  8.9469688E+03
  5.1899992E+04  8.7357676E+03
  5.2099992E+04  8.6713252E+03
  5.2299996E+04  8.4807598E+03
  5.2499996E+04  8.4743584E+03
  5.2699996E+04  8.5395674E+03
  5.2899992E+04  8.2391230E+03
  5.3099988E+04  8.1316138E+03
  5.3299988E+04  8.1179131E+03
  5.3499992E+04  8.0310063E+03
  5.3699992E+04  7.9672471E+03
  5.3899992E+04  7.8981157E+03
  5.4099992E+04  7.8184600E+03
  5.4299984E+04  7.6348633E+03
  5.4499988E+04  7.6739292E+03
  5.4699996E+04  7.5090010E+03
  5.4899992E+04  7.4625161E+03
  5.5099992E+04  7.3574390E+03
  5.5299988E+04  7.5072163E+03
  5.5499988E+04  7.1911064E+03
  5.5699992E+04  7.2700928E+03
  5.5899992E+04  7.1124302E+03
  5.6099988E+04  7.1086133E+03
  5.6299996E+04  6.9294761E+03
  5.6499988E+04  6.9585151E+03
  5.6699988E+04  6.8785747E+03
  5.6899992E+04  6.7189448E+03
  5.7099996E+04  6.7604683E+03
  5.7299988E+04  6.6758384E+03
  5.7499988E+04  6.6038403E+03
  5.7699988E+04  6.5078975E+03
  5.7899996E+04  6.5045923E+03
  5.8099988E+04  6.3792002E+03
  5.8299996E+04  6.3257510E+03
  5.8499992E+04  6.2645195E+03
  5.8699988E+04  6.1452607E+03
  5.8899988E+04  6.0971914E+03
  5.9099992E+04  6.0474727E+03
  5.9299988E+04  5.9951792E+03
  5.9499996E+04  5.8976899E+03
  5.9699988E+04  5.8729355E+03
  5.9899992E+04  5.8070073E+03
  6.0099992E+04  5.7437041E+03
  6.0299992E+04  5.6789346E+03
  6.0499988E+04  5.5813428E+03
  6.0699992E+04  5.5265249E+03
  6.0899992E+04  5.4607261E+03
  6.1099988E+04  5.3862847E+03
  6.1299992E+04  5.3489888E+03
  6.1499988E+04  5.3004106E+03
  6.1699988E+04  5.2622446E+03
  6.1899996E+04  5.1980093E+03
  6.2099996E+04  5.1523711E+03
  6.2299988E+04  5.0721719E+03
  6.2499992E+04  4.9951074E+03
  6.2699988E+04  4.9421133E+03
  6.2899996E+04  4.8962603E+03
  6.3099984E+04  4.8344282E+03
  6.3299996E+04  4.8089077E+03
  6.3499984E+04  4.7405459E+03
  6.3699984E+04  4.7135171E+03
  6.3900000E+04  4.6401377E+03
  6.4199992E+04  4.5664370E+03
  6.4599984E+04  4.4566196E+03
  6.4999992E+04  4.3607417E+03
  6.5399992E+04  4.2632578E+03
  6.5799992E+04  4.1784312E+03
  6.6199984E+04  4.0795200E+03
  6.6599984E+04  3.9923579E+03
  6.6999992E+04  3.9076511E+03
  6.7399992E+04  3.8156296E+03
  6.7799992E+04  3.7343523E+03
  6.8199992E+04  3.6515549E+03
  6.8599992E+04  3.5763528E+03
  6.8999984E+04  3.4955234E+03
  6.9399984E+04  3.4209287E+03
  6.9800000E+04  3.3479629E+03
  7.0199992E+04  3.2720012E+03
  7.0599984E+04  3.2056287E+03
  7.0999977E+04  3.1362800E+03
  7.1399977E+04  3.0705701E+03
  7.1799984E+04  3.0042249E+03
  7.2199984E+04  2.9416155E+03
  7.2600000E+04  2.8784111E+03
  7.2999984E+04  2.8189592E+03
  7.3400000E+04  2.7583889E+03
  7.3799984E+04  2.7022852E+03
  7.4199992E+04  2.6420940E+03
  7.4599992E+04  2.5875706E+03
  7.5000000E+04  2.5359324E+03
  7.5399992E+04  2.4819285E+03
  7.5799992E+04  2.4352800E+03
  7.6199984E+04  2.3858391E+03
  7.6599992E+04  2.3376152E+03
  7.6999992E+04  2.2896907E+03
  7.7399992E+04  2.2447048E+03
  7.7799984E+04  2.2003962E+03
  7.8199984E+04  2.1565664E+03
  7.8599984E+04  2.1140613E+03
  7.8999984E+04  2.0724248E+03
  7.9399984E+04  2.0318765E+03
  7.9800000E+04  1.9927443E+03
  8.0199992E+04  1.9521819E+03
  8.0599984E+04  1.9144130E+03
  8.0999992E+04  1.8791292E+03
  8.1399977E+04  1.8419443E+03
  8.1799984E+04  1.8083782E+03
  8.2199984E+04  1.7743176E+03
  8.2599992E+04  1.7404985E+03
  8.2999984E+04  1.7080138E+03
  8.3400000E+04  1.6749321E+03
  8.3799992E+04  1.6436914E+03
  8.4199992E+04  1.6145614E+03
  8.4599977E+04  1.5844338E+03
  8.4999977E+04  1.5554259E+03
  8.5399984E+04  1.5273035E+03
  8.5799984E+04  1.4996881E+03
  8.6199992E+04  1.4726704E+03
  8.6599992E+04  1.4464888E+03
  8.6999984E+04  1.4205262E+03
  8.7399992E+04  1.3952238E+03
  8.7799992E+04  1.3702246E+03
  8.8199984E+04  1.3453785E+03
  8.8599977E+04  1.3218843E+03
  8.8999992E+04  1.2982333E+03
  8.9399977E+04  1.2764609E+03
  8.9799977E+04  1.2531549E+03
  9.0199984E+04  1.2325725E+03
  9.0599984E+04  1.2116615E+03
  9.0999992E+04  1.1891591E+03
  9.1400000E+04  1.1700244E+03
  9.1799969E+04  1.1501951E+03
  9.2199969E+04  1.1313291E+03
  9.2599984E+04  1.1121738E+03
  9.3000000E+04  1.0936104E+03
  9.3399984E+04  1.0751514E+03
  9.3799984E+04  1.0574376E+03
  9.4199977E+04  1.0399429E+03
  9.4599984E+04  1.0224529E+03
  9.4999969E+04  1.0057631E+03
  9.5399984E+04  9.8943994E+02
  9.5799984E+04  9.7343640E+02
  9.6199992E+04  9.5750122E+02
  9.6599984E+04  9.4211945E+02
  9.7000000E+04  9.2699780E+02
  9.7399977E+04  9.1074280E+02
  9.7799984E+04  8.9708490E+02
  9.8199977E+04  8.8322858E+02
  9.8599977E+04  8.6929541E+02
  9.8999992E+04  8.5559650E+02
  9.9399984E+04  8.4197546E+02
  9.9799977E+04  8.2888538E+02
  1.0019999E+05  8.1597650E+02
  1.9999991E+05  5.2982838E+01
  3.9999994E+05  3.3319693E+00
  5.9999981E+05  6.5489841E-01
  7.9999994E+05  2.0583166E-01
