  9.2499988E+02  1.3624255E-11
  9.3499982E+02  2.1500151E-11
  9.4500000E+02  3.5401786E-11
  9.5500000E+02  3.0992875E-11
  9.6499988E+02  7.6335764E-11
  9.7499982E+02  7.1520345E-11
  9.8499976E+02  1.2288362E-10
  9.9499988E+02  2.2097695E-10
  1.0049999E+03  2.6402369E-10
  1.0149997E+03  3.7869877E-10
  1.0249998E+03  6.0302408E-10
  1.0349998E+03  1.4214734E-09
  1.0449998E+03  1.9023900E-09
  1.0549999E+03  1.9177413E-09
  1.0649999E+03  4.9799280E-09
  1.0750000E+03  7.0761415E-09
  1.0849996E+03  1.4503540E-08
  1.0949999E+03  2.0889555E-08
  1.1049999E+03  2.5957950E-08
  1.1149999E+03  3.7799822E-08
  1.1249999E+03  9.1428006E-08
  1.1349996E+03  1.6881897E-07
  1.1449999E+03  2.7644094E-07
  1.1549999E+03  4.0490985E-07
  1.1650000E+03  5.1182229E-07
  1.1749995E+03  8.4008974E-07
  1.1849996E+03  9.7425209E-07
  1.1949998E+03  1.0540430E-06
  1.2049996E+03  8.1875794E-07
  1.2149998E+03  1.4545657E-07
  1.2249996E+03  1.3395322E-06
  1.2349996E+03  4.2504057E-06
  1.2449998E+03  6.6330699E-06
  1.2549996E+03  9.6980348E-06
  1.2650000E+03  1.2795821E-05
  1.2749998E+03  1.7519584E-05
  1.2849995E+03  1.8799192E-05
  1.2949998E+03  2.2826049E-05
  1.3049995E+03  3.0808500E-05
  1.3149998E+03  3.7056219E-05
  1.3249998E+03  4.2397969E-05
  1.3349996E+03  4.6734807E-05
  1.3449995E+03  6.3662679E-05
  1.3549996E+03  8.2880179E-05
  1.3649999E+03  9.0857939E-05
  1.3749999E+03  9.4895389E-05
  1.3849996E+03  1.1220147E-04
  1.3949999E+03  1.2584774E-04
  1.4050001E+03  1.7389038E-04
  1.4149998E+03  2.1957952E-04
  1.4249998E+03  2.4443015E-04
  1.4350000E+03  3.4059602E-04
  1.4419998E+03  5.0416152E-04
  1.4469999E+03  4.0093166E-04
  1.4549994E+03  4.9021025E-04
  1.4650000E+03  7.3334115E-04
  1.4749995E+03  8.9773559E-04
  1.4849996E+03  9.2080928E-04
  1.4949998E+03  1.4070614E-03
  1.5049996E+03  1.9415265E-03
  1.5119995E+03  1.0787965E-03
  1.5169994E+03  1.6761790E-03
  1.5250001E+03  2.9803314E-03
  1.5349994E+03  4.2474377E-03
  1.5449994E+03  2.8672151E-03
  1.5549998E+03  4.8231622E-03
  1.5649999E+03  4.4080950E-03
  1.5750001E+03  9.1163106E-03
  1.5850000E+03  9.5040081E-03
  1.5949996E+03  9.1644190E-03
  1.6049999E+03  9.6133277E-03
  1.6150000E+03  9.9444306E-03
  1.6249996E+03  9.5463563E-03
  1.6350000E+03  1.2703840E-02
  1.6449996E+03  1.6975112E-02
  1.6549999E+03  1.3916577E-02
  1.6649993E+03  2.2044994E-02
  1.6720000E+03  1.8220903E-02
  1.6770001E+03  2.8149858E-02
  1.6849998E+03  3.7661035E-02
  1.6950000E+03  5.2667413E-02
  1.7049995E+03  5.4245494E-02
  1.7150000E+03  5.8296286E-02
  1.7249993E+03  7.9611406E-02
  1.7349994E+03  9.1359124E-02
  1.7449993E+03  1.2681395E-01
  1.7550001E+03  1.2982503E-01
  1.7649998E+03  1.6293286E-01
  1.7749995E+03  1.4766209E-01
  1.7849995E+03  2.7367395E-01
  1.7949999E+03  2.3340432E-01
  1.8050001E+03  3.8654724E-01
  1.8150001E+03  2.8485194E-01
  1.8249994E+03  4.4519705E-01
  1.8349993E+03  3.9566106E-01
  1.8449993E+03  5.4422289E-01
  1.8549998E+03  4.5062035E-01
  1.8650002E+03  7.3106158E-01
  1.8750001E+03  6.8313175E-01
  1.8850000E+03  8.5196912E-01
  1.8950002E+03  1.0642028E+00
  1.9049996E+03  1.1148276E+00
  1.9149999E+03  1.5719703E+00
  1.9249993E+03  1.3439128E+00
  1.9350001E+03  9.7147799E-01
  1.9449993E+03  1.8341602E+00
  1.9550002E+03  2.5288844E+00
  1.9670002E+03  2.7397950E+00
  1.9759990E+03  3.1423264E+00
  1.9839996E+03  3.8959100E+00
  1.9950001E+03  3.5170355E+00
  2.0050002E+03  4.0450740E+00
  2.0149996E+03  4.6116633E+00
  2.0249994E+03  4.2664504E+00
  2.0349995E+03  5.3663144E+00
  2.0449998E+03  5.6955543E+00
  2.0550000E+03  6.6588478E+00
  2.0649993E+03  6.3907871E+00
  2.0739993E+03  6.1575632E+00
  2.0780002E+03  1.0312406E+01
  2.0849993E+03  1.3094422E+01
  2.0950005E+03  1.4222034E+01
  2.1050002E+03  1.3165598E+01
  2.1149990E+03  1.3385025E+01
  2.1250000E+03  1.4991314E+01
  2.1350002E+03  1.8805138E+01
  2.1449998E+03  1.5283769E+01
  2.1550005E+03  1.7811970E+01
  2.1649995E+03  1.7627726E+01
  2.1750002E+03  1.8983875E+01
  2.1849998E+03  1.7741287E+01
  2.1950000E+03  2.8105482E+01
  2.2050000E+03  2.3844395E+01
  2.2149998E+03  2.8196098E+01
  2.2249998E+03  2.5616137E+01
  2.2350005E+03  4.0803722E+01
  2.2449990E+03  4.5774368E+01
  2.2549993E+03  5.3799618E+01
  2.2650000E+03  3.0354685E+01
  2.2750000E+03  5.5253330E+01
  2.2850000E+03  5.6380524E+01
  2.2950002E+03  8.7191048E+01
  2.3050000E+03  3.6718002E+01
  2.3149995E+03  1.0563411E+02
  2.3250000E+03  8.7673515E+01
  2.3349995E+03  1.2933603E+02
  2.3449993E+03  8.2450699E+01
  2.3550000E+03  7.5217201E+01
  2.3649988E+03  9.8049126E+01
  2.3750000E+03  9.5889305E+01
  2.3849990E+03  1.5413133E+02
  2.3950000E+03  1.4405902E+02
  2.4050005E+03  2.3883743E+02
  2.4149993E+03  1.5785107E+02
  2.4249990E+03  1.9695035E+02
  2.4349990E+03  2.7369153E+02
  2.4450000E+03  3.5931909E+02
  2.4549990E+03  4.0929181E+02
  2.4649990E+03  2.8341995E+02
  2.4749993E+03  4.6376202E+02
  2.4850005E+03  2.0064641E+02
  2.4950000E+03  2.2414465E+02
  2.5050005E+03  4.1605551E+02
  2.5129988E+03  3.0761261E+02
  2.5179990E+03  3.2323135E+02
  2.5249998E+03  3.7908929E+02
  2.5350007E+03  7.2875842E+02
  2.5449988E+03  8.7008380E+02
  2.5550000E+03  9.7374261E+02
  2.5649990E+03  6.0146997E+02
  2.5749990E+03  8.6845026E+02
  2.5849993E+03  7.1583673E+02
  2.5949990E+03  8.1500305E+02
  2.6049995E+03  1.0634094E+03
  2.6149998E+03  1.0030093E+03
  2.6249990E+03  1.4028079E+03
  2.6350007E+03  2.0003685E+03
  2.6449995E+03  1.7207638E+03
  2.6549998E+03  2.1867437E+03
  2.6649995E+03  2.0574856E+03
  2.6749988E+03  1.7749935E+03
  2.6849988E+03  2.3215227E+03
  2.6949988E+03  1.7696499E+03
  2.7050000E+03  2.5327061E+03
  2.7150000E+03  2.5179165E+03
  2.7249995E+03  2.2746169E+03
  2.7350007E+03  2.4047219E+03
  2.7450002E+03  3.1434973E+03
  2.7549998E+03  3.0649790E+03
  2.7649983E+03  3.8719868E+03
  2.7750005E+03  4.9078926E+03
  2.7850000E+03  3.5503970E+03
  2.7949993E+03  4.3205547E+03
  2.8049995E+03  4.4355542E+03
  2.8150002E+03  4.6241655E+03
  2.8250007E+03  4.9249946E+03
  2.8350000E+03  4.5037480E+03
  2.8450002E+03  3.6516543E+03
  2.8550005E+03  2.0759761E+03
  2.8650000E+03  5.1175171E+03
  2.8749983E+03  5.5487070E+03
  2.8850000E+03  7.4068154E+03
  2.8949988E+03  8.5761533E+03
  2.9099988E+03  1.3705137E+04
  2.9299983E+03  1.4088723E+04
  2.9499990E+03  1.4974958E+04
  2.9700005E+03  1.4090592E+04
  2.9899980E+03  1.8359865E+04
  3.0099995E+03  2.1577090E+04
  3.0299995E+03  3.0571891E+04
  3.0499995E+03  3.5729812E+04
  3.0699995E+03  2.7944500E+04
  3.0899995E+03  1.9568375E+04
  3.1099995E+03  3.4270988E+04
  3.1299998E+03  2.9315648E+04
  3.1499995E+03  4.0872074E+04
  3.1699995E+03  5.9567844E+04
  3.1899995E+03  4.7542836E+04
  3.2099998E+03  5.5635594E+04
  3.2299993E+03  6.0000559E+04
  3.2499993E+03  9.7256906E+04
  3.2699995E+03  1.2250546E+05
  3.2899995E+03  1.4132581E+05
  3.3099998E+03  1.1442527E+05
  3.3299993E+03  1.2213616E+05
  3.3499995E+03  1.1679145E+05
  3.3699995E+03  7.1996891E+04
  3.3899993E+03  1.0061429E+05
  3.4099993E+03  1.1352116E+05
  3.4299995E+03  1.5285919E+05
  3.4499993E+03  1.7469152E+05
  3.4699998E+03  2.0266977E+05
  3.4899993E+03  2.3902564E+05
  3.5099995E+03  2.8980081E+05
  3.5299995E+03  2.4777936E+05
  3.5499995E+03  3.0258222E+05
  3.5699995E+03  2.4579922E+05
  3.5899995E+03  2.5532183E+05
  3.6099995E+03  3.1356606E+05
  3.6299993E+03  3.1440888E+05
  3.6399993E+03  3.0668428E+05
  3.6499995E+03  2.4610027E+05
  3.6699993E+03  3.2557775E+05
  3.6899995E+03  2.2560106E+05
  3.7099995E+03  1.7434592E+05
  3.7299998E+03  8.5162914E+04
  3.7499993E+03  1.0444583E+05
  3.7699993E+03  2.3944052E+05
  3.7899995E+03  2.6709994E+05
  3.8099993E+03  2.3043473E+05
  3.8299998E+03  9.9532281E+04
  3.8499995E+03  1.7744898E+05
  3.8699995E+03  1.6327642E+05
  3.8899995E+03  1.8357775E+05
  3.9099995E+03  2.6958619E+05
  3.9299993E+03  1.1533062E+05
  3.9499993E+03  2.3439430E+05
  3.9699998E+03  1.6433084E+05
  3.9899995E+03  4.7810725E+05
  4.0099995E+03  5.8826694E+05
  4.0299993E+03  4.9162809E+05
  4.0499993E+03  4.9868188E+05
  4.0699993E+03  4.2285794E+05
  4.0899995E+03  6.9799250E+05
  4.1099995E+03  5.0432247E+05
  4.1299995E+03  5.4090681E+05
  4.1499990E+03  5.0880031E+05
  4.1699990E+03  5.4479194E+05
  4.1899995E+03  5.4346594E+05
  4.2099995E+03  4.4536469E+05
  4.2299995E+03  2.5053217E+05
  4.2499995E+03  4.4377853E+05
  4.2699990E+03  4.4737953E+05
  4.2899995E+03  4.5816094E+05
  4.3100000E+03  4.6681706E+05
  4.3299995E+03  7.0731519E+05
  4.3499995E+03  8.1182025E+05
  4.3699995E+03  8.5230456E+05
  4.3899995E+03  6.7693144E+05
  4.4099995E+03  6.9060275E+05
  4.4299995E+03  7.6521838E+05
  4.4499995E+03  8.0487044E+05
  4.4699995E+03  9.3662412E+05
  4.4899995E+03  9.7312888E+05
  4.5099990E+03  1.1894819E+06
  4.5299995E+03  9.1295019E+05
  4.5499990E+03  1.0585470E+06
  4.5699995E+03  1.1827330E+06
  4.5899990E+03  1.1100056E+06
  4.6099990E+03  1.1381890E+06
  4.6299990E+03  1.1529281E+06
  4.6499990E+03  1.0932711E+06
  4.6699990E+03  1.2205146E+06
  4.6899990E+03  1.1482808E+06
  4.7099995E+03  1.0870595E+06
  4.7299990E+03  1.0691975E+06
  4.7499995E+03  1.0312426E+06
  4.7699995E+03  9.1005450E+05
  4.7899990E+03  9.8430631E+05
  4.8099995E+03  1.1726288E+06
  4.8299995E+03  1.1647786E+06
  4.8499990E+03  1.2221386E+06
  4.8700000E+03  1.1366846E+06
  4.8899990E+03  1.1743085E+06
  4.9099990E+03  1.1714340E+06
  4.9299990E+03  1.0745581E+06
  4.9499995E+03  1.0668915E+06
  4.9699995E+03  1.0142291E+06
  4.9899990E+03  8.9702981E+05
  5.0099995E+03  7.9308756E+05
  5.0299995E+03  8.6030562E+05
  5.0499995E+03  7.9779812E+05
  5.0699995E+03  7.6170575E+05
  5.0899995E+03  7.3935838E+05
  5.1099990E+03  7.5522362E+05
  5.1299995E+03  7.1713700E+05
  5.1499985E+03  6.6622375E+05
  5.1700000E+03  6.5592012E+05
  5.1899990E+03  7.3707169E+05
  5.2099990E+03  8.5142156E+05
  5.2299995E+03  1.2105554E+06
  5.2499995E+03  1.3510589E+06
  5.2699995E+03  1.0384104E+06
  5.2899990E+03  1.3658951E+06
  5.3099995E+03  1.5012619E+06
  5.3299990E+03  1.2349660E+06
  5.3499995E+03  1.3872886E+06
  5.3699995E+03  1.3478408E+06
  5.3899995E+03  1.3330590E+06
  5.4099990E+03  1.2955468E+06
  5.4299990E+03  1.2869151E+06
  5.4499990E+03  1.2918195E+06
  5.4699995E+03  1.3941979E+06
  5.4899995E+03  1.4388058E+06
  5.5099995E+03  1.3844524E+06
  5.5299985E+03  1.5025768E+06
  5.5499990E+03  1.5212424E+06
  5.5699990E+03  1.4782801E+06
  5.5899995E+03  1.3924901E+06
  5.6099990E+03  1.4919886E+06
  5.6299995E+03  1.5569988E+06
  5.6499990E+03  1.6192829E+06
  5.6699990E+03  1.5679196E+06
  5.6899995E+03  1.5939194E+06
  5.7099995E+03  1.5274259E+06
  5.7299990E+03  1.6588335E+06
  5.7499990E+03  1.6489090E+06
  5.7699990E+03  1.6559428E+06
  5.7899995E+03  1.5894574E+06
  5.8099985E+03  1.6547596E+06
  5.8300000E+03  1.7047192E+06
  5.8499990E+03  1.6499310E+06
  5.8699985E+03  1.6554354E+06
  5.8899985E+03  1.4379932E+06
  5.9099995E+03  1.6558604E+06
  5.9299985E+03  1.6554238E+06
  5.9499995E+03  1.6589981E+06
  5.9699990E+03  1.6864829E+06
  5.9899990E+03  1.6754500E+06
  6.0099990E+03  1.6568076E+06
  6.0299995E+03  1.6947386E+06
  6.0499990E+03  1.7151509E+06
  6.0699990E+03  1.7003908E+06
  6.0899995E+03  1.6599858E+06
  6.1099985E+03  1.6616500E+06
  6.1299995E+03  1.5495652E+06
  6.1499985E+03  1.6489704E+06
  6.1699985E+03  1.4706579E+06
  6.1900000E+03  1.6608616E+06
  6.2099995E+03  1.6342578E+06
  6.2299985E+03  1.5968955E+06
  6.2499990E+03  1.5488855E+06
  6.2699985E+03  1.6067718E+06
  6.2900000E+03  1.6492264E+06
  6.3099985E+03  1.6118228E+06
  6.3299995E+03  1.6369111E+06
  6.3499985E+03  1.6524032E+06
  6.3699985E+03  1.6516991E+06
  6.3899995E+03  1.6804034E+06
  6.4099990E+03  1.6394012E+06
  6.4299985E+03  1.6467139E+06
  6.4499985E+03  1.6046420E+06
  6.4699990E+03  1.5946465E+06
  6.4899990E+03  1.5819714E+06
  6.5099985E+03  1.6490706E+06
  6.5299990E+03  1.6866934E+06
  6.5499985E+03  1.6538414E+06
  6.5699985E+03  1.6425658E+06
  6.5899995E+03  1.6603698E+06
  6.6099985E+03  1.6736185E+06
  6.6299990E+03  1.6772491E+06
  6.6499985E+03  1.6779949E+06
  6.6699995E+03  1.6414416E+06
  6.6899990E+03  1.6486455E+06
  6.7099995E+03  1.5830218E+06
  6.7299990E+03  1.6319342E+06
  6.7499995E+03  1.5973896E+06
  6.7699985E+03  1.6127071E+06
  6.7899995E+03  1.5903095E+06
  6.8099995E+03  1.6037278E+06
  6.8300000E+03  1.6274602E+06
  6.8499985E+03  1.6007095E+06
  6.8699985E+03  1.6116779E+06
  6.8899985E+03  1.6266185E+06
  6.9099990E+03  1.6322858E+06
  6.9299995E+03  1.6252311E+06
  6.9499990E+03  1.6278239E+06
  6.9699985E+03  1.6545552E+06
  6.9899985E+03  1.6286004E+06
  7.0099985E+03  1.6350370E+06
  7.0299985E+03  1.6504455E+06
  7.0499990E+03  1.6625450E+06
  7.0699980E+03  1.6236078E+06
  7.0899990E+03  1.5712171E+06
  7.1099990E+03  1.5196135E+06
  7.1299995E+03  1.4787156E+06
  7.1499990E+03  1.4435571E+06
  7.1699995E+03  1.5057188E+06
  7.1899985E+03  1.4822690E+06
  7.2099985E+03  1.4821011E+06
  7.2299980E+03  1.5509564E+06
  7.2499990E+03  1.5486462E+06
  7.2699995E+03  1.5791270E+06
  7.2899990E+03  1.5808952E+06
  7.3099980E+03  1.5940418E+06
  7.3299980E+03  1.5783432E+06
  7.3499980E+03  1.5832941E+06
  7.3699985E+03  1.6134838E+06
  7.3899995E+03  1.6012439E+06
  7.4099985E+03  1.5852021E+06
  7.4299995E+03  1.6096401E+06
  7.4500000E+03  1.5995160E+06
  7.4700000E+03  1.6156724E+06
  7.4899990E+03  1.6105480E+06
  7.5099985E+03  1.6195490E+06
  7.5299995E+03  1.6283646E+06
  7.5499980E+03  1.6315136E+06
  7.5699985E+03  1.6252708E+06
  7.5899990E+03  1.6122695E+06
  7.6099980E+03  1.6085554E+06
  7.6299995E+03  1.6030450E+06
  7.6499995E+03  1.5879148E+06
  7.6699980E+03  1.5042072E+06
  7.6899990E+03  1.5615006E+06
  7.7099995E+03  1.5143066E+06
  7.7299985E+03  1.5457605E+06
  7.7499990E+03  1.5274431E+06
  7.7700000E+03  1.5522252E+06
  7.7900000E+03  1.5525219E+06
  7.8099995E+03  1.5495836E+06
  7.8299980E+03  1.5295728E+06
  7.8499980E+03  1.5230725E+06
  7.8699995E+03  1.5547556E+06
  7.8900000E+03  1.5445230E+06
  7.9099995E+03  1.5269684E+06
  7.9300000E+03  1.5241280E+06
  7.9499985E+03  1.5072901E+06
  7.9699990E+03  1.5459361E+06
  7.9900000E+03  1.5424549E+06
  8.0099980E+03  1.5365241E+06
  8.0299985E+03  1.5341962E+06
  8.0500000E+03  1.5302444E+06
  8.0699985E+03  1.5329664E+06
  8.0899990E+03  1.5253960E+06
  8.1099995E+03  1.5364399E+06
  8.1299976E+03  1.5473575E+06
  8.1499976E+03  1.5456145E+06
  8.1699980E+03  1.5404831E+06
  8.1899985E+03  1.4474291E+06
  8.2099990E+03  1.5097472E+06
  8.2300000E+03  1.5187146E+06
  8.2500000E+03  1.5175592E+06
  8.2700000E+03  1.5344650E+06
  8.2899980E+03  1.5261389E+06
  8.3099990E+03  1.5021076E+06
  8.3299980E+03  1.4708519E+06
  8.3500000E+03  1.4916946E+06
  8.3699990E+03  1.4878552E+06
  8.3899990E+03  1.4140851E+06
  8.4099971E+03  1.4804475E+06
  8.4300000E+03  1.4149574E+06
  8.4499990E+03  1.4411911E+06
  8.4699980E+03  1.4338158E+06
  8.4899980E+03  1.4443684E+06
  8.5099990E+03  1.3866069E+06
  8.5299990E+03  1.4458171E+06
  8.5499990E+03  1.3741784E+06
  8.5699990E+03  1.4563581E+06
  8.5900000E+03  1.4419764E+06
  8.6099980E+03  1.4368614E+06
  8.6299990E+03  1.4458898E+06
  8.6499990E+03  1.4598550E+06
  8.6699990E+03  1.3539436E+06
  8.6899990E+03  1.3883272E+06
  8.7099971E+03  1.4406562E+06
  8.7299990E+03  1.4391538E+06
  8.7499980E+03  1.4332714E+06
  8.7699980E+03  1.4283091E+06
  8.7899980E+03  1.4359570E+06
  8.8099990E+03  1.3854690E+06
  8.8299980E+03  1.4043740E+06
  8.8499980E+03  1.4219876E+06
  8.8699980E+03  1.4142416E+06
  8.8899990E+03  1.4329111E+06
  8.9099971E+03  1.4311839E+06
  8.9299980E+03  1.4126391E+06
  8.9499980E+03  1.4008299E+06
  8.9699990E+03  1.4062485E+06
  8.9899990E+03  1.4109528E+06
  9.0099980E+03  1.3556901E+06
  9.0299990E+03  1.3909495E+06
  9.0499990E+03  1.4127750E+06
  9.0699980E+03  1.4083834E+06
  9.0899990E+03  1.3642585E+06
  9.1099980E+03  1.3735274E+06
  9.1299980E+03  1.3882159E+06
  9.1499980E+03  1.3875084E+06
  9.1699980E+03  1.3849124E+06
  9.1899990E+03  1.3920499E+06
  9.2099990E+03  1.3694888E+06
  9.2299980E+03  1.3753232E+06
  9.2499980E+03  1.3574062E+06
  9.2699971E+03  1.3562026E+06
  9.2899990E+03  1.3456546E+06
  9.3099980E+03  1.3600905E+06
  9.3299990E+03  1.3553474E+06
  9.3499980E+03  1.3460220E+06
  9.3699990E+03  1.3282671E+06
  9.3900000E+03  1.3448325E+06
  9.4099980E+03  1.3222746E+06
  9.4299971E+03  1.3393796E+06
  9.4499990E+03  1.3130448E+06
  9.4700000E+03  1.3330871E+06
  9.4899980E+03  1.3340840E+06
  9.5100000E+03  1.3273116E+06
  9.5300000E+03  1.3214146E+06
  9.5500000E+03  1.2989082E+06
  9.5699990E+03  1.3030286E+06
  9.5899980E+03  1.3202934E+06
  9.6099980E+03  1.2972216E+06
  9.6299990E+03  1.3083321E+06
  9.6499990E+03  1.2617711E+06
  9.6699980E+03  1.2669116E+06
  9.6899980E+03  1.2910166E+06
  9.7100000E+03  1.2767130E+06
  9.7299990E+03  1.2623574E+06
  9.7499980E+03  1.2665368E+06
  9.7699961E+03  1.2733949E+06
  9.7899980E+03  1.2427259E+06
  9.8099980E+03  1.2837789E+06
  9.8299990E+03  1.2693199E+06
  9.8499980E+03  1.2814886E+06
  9.8700000E+03  1.2727421E+06
  9.8899980E+03  1.2700654E+06
  9.9099990E+03  1.2676676E+06
  9.9300000E+03  1.2648965E+06
  9.9499980E+03  1.2630516E+06
  9.9699980E+03  1.2604528E+06
  9.9899990E+03  1.2585818E+06
  1.0024998E+04  1.2473351E+06
  1.0074998E+04  1.2377319E+06
  1.0124997E+04  1.2353129E+06
  1.0174997E+04  1.2235659E+06
  1.0224998E+04  1.2159526E+06
  1.0274997E+04  1.2132825E+06
  1.0325000E+04  1.1929014E+06
  1.0374999E+04  1.1865762E+06
  1.0425000E+04  1.1887751E+06
  1.0474998E+04  1.1742951E+06
  1.0524997E+04  1.1747616E+06
  1.0574999E+04  1.1600066E+06
  1.0625000E+04  1.1569234E+06
  1.0674997E+04  1.1413511E+06
  1.0724998E+04  1.1366290E+06
  1.0774999E+04  1.1285059E+06
  1.0824997E+04  1.1097142E+06
  1.0874997E+04  1.1133902E+06
  1.0924999E+04  1.1150901E+06
  1.0974996E+04  1.1033270E+06
  1.1025000E+04  1.1006870E+06
  1.1074998E+04  1.0978050E+06
  1.1124999E+04  1.0889940E+06
  1.1174998E+04  1.0780946E+06
  1.1224999E+04  1.0764945E+06
  1.1274997E+04  1.0555888E+06
  1.1325000E+04  1.0563924E+06
  1.1375000E+04  1.0405165E+06
  1.1425000E+04  1.0251949E+06
  1.1474997E+04  1.0406857E+06
  1.1525000E+04  1.0392762E+06
  1.1574998E+04  1.0264371E+06
  1.1625000E+04  1.0069492E+06
  1.1674998E+04  1.0085141E+06
  1.1724997E+04  1.0144004E+06
  1.1775001E+04  9.9216319E+05
  1.1824999E+04  9.8659275E+05
  1.1875000E+04  9.7474875E+05
  1.1925000E+04  9.9069969E+05
  1.1975001E+04  9.5688169E+05
  1.2024998E+04  9.7395256E+05
  1.2074996E+04  9.6228644E+05
  1.2125000E+04  9.6505144E+05
  1.2175000E+04  9.6255481E+05
  1.2225001E+04  9.5656231E+05
  1.2275001E+04  9.4896056E+05
  1.2324996E+04  9.4341025E+05
  1.2374996E+04  9.3998425E+05
  1.2424998E+04  9.3055488E+05
  1.2475000E+04  9.3003344E+05
  1.2524997E+04  9.1914125E+05
  1.2574997E+04  9.1916062E+05
  1.2624999E+04  9.1272144E+05
  1.2674997E+04  9.0401088E+05
  1.2724999E+04  9.0366731E+05
  1.2774999E+04  9.0177819E+05
  1.2825000E+04  8.7707819E+05
  1.2875001E+04  8.8448338E+05
  1.2924997E+04  8.7379756E+05
  1.2975001E+04  8.8128544E+05
  1.3024998E+04  8.7284519E+05
  1.3074999E+04  8.7321188E+05
  1.3125000E+04  8.4791675E+05
  1.3174998E+04  8.5119500E+05
  1.3224998E+04  8.5868562E+05
  1.3274997E+04  8.4654300E+05
  1.3324997E+04  8.4540019E+05
  1.3374999E+04  8.4484031E+05
  1.3424999E+04  8.4466262E+05
  1.3474999E+04  8.4023162E+05
  1.3525001E+04  8.3623412E+05
  1.3574999E+04  8.2726450E+05
  1.3624997E+04  8.1962119E+05
  1.3674997E+04  8.2359050E+05
  1.3724995E+04  8.2348075E+05
  1.3774998E+04  8.1763225E+05
  1.3824998E+04  8.1612431E+05
  1.3874996E+04  8.0645675E+05
  1.3925000E+04  8.1038956E+05
  1.3974996E+04  8.0749506E+05
  1.4024997E+04  7.9705525E+05
  1.4075001E+04  8.0142388E+05
  1.4124996E+04  7.9374019E+05
  1.4175000E+04  7.9638100E+05
  1.4225000E+04  7.8686412E+05
  1.4274994E+04  7.6795875E+05
  1.4325001E+04  7.8428806E+05
  1.4374998E+04  7.8398319E+05
  1.4424999E+04  7.6959556E+05
  1.4475000E+04  7.7838444E+05
  1.4524997E+04  7.6957088E+05
  1.4569999E+04  7.6839138E+05
  1.4620000E+04  7.7077631E+05
  1.4674998E+04  7.6826350E+05
  1.4725000E+04  7.5857206E+05
  1.4775002E+04  7.5776075E+05
  1.4824998E+04  7.5853794E+05
  1.4874996E+04  7.4110325E+05
  1.4924997E+04  7.5938350E+05
  1.4974999E+04  7.5146494E+05
  1.5024999E+04  7.1324588E+05
  1.5075000E+04  7.2957569E+05
  1.5124999E+04  7.4687681E+05
  1.5175000E+04  7.4279744E+05
  1.5225002E+04  7.4133944E+05
  1.5274998E+04  7.4309831E+05
  1.5324995E+04  7.3894738E+05
  1.5374997E+04  7.4135225E+05
  1.5425001E+04  7.4190531E+05
  1.5474996E+04  7.3922731E+05
  1.5524994E+04  7.3053481E+05
  1.5575001E+04  7.2917475E+05
  1.5624998E+04  7.3195350E+05
  1.5674997E+04  7.2080575E+05
  1.5724994E+04  7.2157706E+05
  1.5774996E+04  6.9707200E+05
  1.5825001E+04  7.1356894E+05
  1.5874995E+04  7.0057575E+05
  1.5925002E+04  7.0876512E+05
  1.5975001E+04  7.1122931E+05
  1.6049998E+04  7.0919025E+05
  1.6150001E+04  6.9796469E+05
  1.6249997E+04  6.9389519E+05
  1.6350000E+04  6.8808238E+05
  1.6449996E+04  6.7690225E+05
  1.6549998E+04  6.6775644E+05
  1.6649994E+04  6.5440538E+05
  1.6749998E+04  6.3414025E+05
  1.6849998E+04  6.2832088E+05
  1.6950000E+04  6.2039112E+05
  1.7049996E+04  6.0253469E+05
  1.7150000E+04  5.9044319E+05
  1.7249992E+04  5.7917394E+05
  1.7349994E+04  5.7005119E+05
  1.7449992E+04  5.5885981E+05
  1.7550000E+04  5.4924294E+05
  1.7649998E+04  5.4043688E+05
  1.7749994E+04  5.2818288E+05
  1.7849994E+04  5.2160741E+05
  1.7949998E+04  5.1074881E+05
  1.8050002E+04  4.9969344E+05
  1.8150002E+04  4.9213241E+05
  1.8249994E+04  4.8161912E+05
  1.8349992E+04  4.7194247E+05
  1.8449992E+04  4.5891625E+05
  1.8549998E+04  4.5623675E+05
  1.8650002E+04  4.4424097E+05
  1.8750002E+04  4.3476791E+05
  1.8850000E+04  4.3054900E+05
  1.8950004E+04  4.1470747E+05
  1.9049996E+04  4.1583622E+05
  1.9149998E+04  4.0728234E+05
  1.9249992E+04  4.0098812E+05
  1.9350000E+04  3.8787891E+05
  1.9449992E+04  3.8008684E+05
  1.9550002E+04  3.7701628E+05
  1.9649992E+04  3.7300375E+05
  1.9749992E+04  3.6000278E+05
  1.9849992E+04  3.5493134E+05
  1.9950002E+04  3.5131547E+05
  2.0050002E+04  3.5035944E+05
  2.0149996E+04  3.4477522E+05
  2.0249994E+04  3.3601319E+05
  2.0349994E+04  3.3094500E+05
  2.0449996E+04  3.2732888E+05
  2.0550000E+04  3.2132291E+05
  2.0649992E+04  3.1472003E+05
  2.0749998E+04  3.1025872E+05
  2.0849992E+04  3.0511478E+05
  2.0950004E+04  2.9754775E+05
  2.1050002E+04  2.9506753E+05
  2.1149992E+04  2.8942069E+05
  2.1250000E+04  2.8537644E+05
  2.1350002E+04  2.8155225E+05
  2.1449996E+04  2.7683719E+05
  2.1550006E+04  2.7235106E+05
  2.1649994E+04  2.6783181E+05
  2.1750002E+04  2.6242791E+05
  2.1849998E+04  2.5899772E+05
  2.1950002E+04  2.5484467E+05
  2.2050000E+04  2.4616145E+05
  2.2149996E+04  2.4756052E+05
  2.2249998E+04  2.4071347E+05
  2.2350004E+04  2.3812669E+05
  2.2449990E+04  2.3486667E+05
  2.2549994E+04  2.3216578E+05
  2.2650000E+04  2.2613270E+05
  2.2750000E+04  2.2517542E+05
  2.2850000E+04  2.2022167E+05
  2.2950004E+04  2.0284255E+05
  2.3050000E+04  2.0780136E+05
  2.3149996E+04  2.0598194E+05
  2.3250000E+04  1.8886045E+05
  2.3349996E+04  1.9344434E+05
  2.3449994E+04  1.9510705E+05
  2.3550002E+04  1.7893716E+05
  2.3649988E+04  1.8574573E+05
  2.3750000E+04  1.8536014E+05
  2.3849990E+04  1.7131150E+05
  2.3950002E+04  1.7635962E+05
  2.4050006E+04  1.7651134E+05
  2.4149992E+04  1.6574461E+05
  2.4249990E+04  1.6833320E+05
  2.4349990E+04  1.6851645E+05
  2.4450002E+04  1.6167056E+05
  2.4549990E+04  1.5962498E+05
  2.4649992E+04  1.6198433E+05
  2.4749992E+04  1.5733236E+05
  2.4850006E+04  1.5260936E+05
  2.4950000E+04  1.5414217E+05
  2.5050006E+04  1.5433077E+05
  2.5149994E+04  1.4797197E+05
  2.5249998E+04  1.4889984E+05
  2.5350004E+04  1.4770389E+05
  2.5449988E+04  1.4446916E+05
  2.5549998E+04  1.4290178E+05
  2.5649990E+04  1.4154358E+05
  2.5749990E+04  1.4079292E+05
  2.5849994E+04  1.3666689E+05
  2.5949990E+04  1.3624783E+05
  2.6049996E+04  1.3531475E+05
  2.6149998E+04  1.3353255E+05
  2.6249988E+04  1.3104648E+05
  2.6350008E+04  1.2991245E+05
  2.6449996E+04  1.2816203E+05
  2.6549994E+04  1.2685638E+05
  2.6649994E+04  1.2408673E+05
  2.6749988E+04  1.2457176E+05
  2.6849986E+04  1.2287218E+05
  2.6949986E+04  1.2097648E+05
  2.7050002E+04  1.1970769E+05
  2.7149998E+04  1.1829089E+05
  2.7249994E+04  1.1678506E+05
  2.7350006E+04  1.1529289E+05
  2.7450004E+04  1.1405945E+05
  2.7549996E+04  1.1278627E+05
  2.7649982E+04  1.1104071E+05
  2.7750004E+04  1.0957146E+05
  2.7850000E+04  1.0838288E+05
  2.7949992E+04  1.0724711E+05
  2.8049994E+04  1.0579426E+05
  2.8150002E+04  1.0434028E+05
  2.8250006E+04  1.0314968E+05
  2.8350000E+04  1.0204365E+05
  2.8450000E+04  1.0062940E+05
  2.8550002E+04  9.9389531E+04
  2.8650002E+04  9.8182883E+04
  2.8749982E+04  9.7059078E+04
  2.8849998E+04  9.5812453E+04
  2.8949986E+04  9.4634812E+04
  2.9049994E+04  9.3368305E+04
  2.9149986E+04  9.2276609E+04
  2.9249984E+04  9.0290516E+04
  2.9349980E+04  8.9912492E+04
  2.9450000E+04  8.8872766E+04
  2.9550004E+04  8.7832188E+04
  2.9649982E+04  8.6842312E+04
  2.9749992E+04  8.5825258E+04
  2.9849994E+04  8.4693055E+04
  2.9949984E+04  8.3590914E+04
  3.0049996E+04  8.2647430E+04
  3.0149994E+04  8.1735398E+04
  3.0249994E+04  8.0611266E+04
  3.0349996E+04  7.9704648E+04
  3.0449996E+04  7.8861008E+04
  3.0549996E+04  7.7841016E+04
  3.0649996E+04  7.6852664E+04
  3.0749994E+04  7.6054828E+04
  3.0849996E+04  7.4877750E+04
  3.0949994E+04  7.4217695E+04
  3.1049996E+04  7.3392617E+04
  3.1149996E+04  7.2126234E+04
  3.1249996E+04  7.1673078E+04
  3.1349996E+04  7.0825578E+04
  3.1449996E+04  7.0010250E+04
  3.1549998E+04  6.9112969E+04
  3.1649996E+04  6.8236914E+04
  3.1749998E+04  6.7617141E+04
  3.1849996E+04  6.6840414E+04
  3.1949994E+04  6.6090523E+04
  3.2099996E+04  6.4929523E+04
  3.2299992E+04  6.3420195E+04
  3.2499994E+04  6.2007156E+04
  3.2699996E+04  6.0588609E+04
  3.2899996E+04  5.9252082E+04
  3.3099996E+04  5.7902066E+04
  3.3299992E+04  5.6546164E+04
  3.3499996E+04  5.5446656E+04
  3.3699996E+04  5.4200020E+04
  3.3899996E+04  5.2952637E+04
  3.4099996E+04  5.1708012E+04
  3.4299996E+04  5.0780148E+04
  3.4499992E+04  4.9727832E+04
  3.4699996E+04  4.8658762E+04
  3.4899996E+04  4.7632527E+04
  3.5099996E+04  4.6660094E+04
  3.5299996E+04  4.5637039E+04
  3.5499996E+04  4.4723695E+04
  3.5699992E+04  4.3771746E+04
  3.5899992E+04  4.2870309E+04
  3.6099996E+04  4.2023688E+04
  3.6299992E+04  4.1164496E+04
  3.6499992E+04  4.0287613E+04
  3.6699992E+04  3.9427355E+04
  3.6899992E+04  3.8566719E+04
  3.7099996E+04  3.7779777E+04
  3.7299996E+04  3.7132020E+04
  3.7499992E+04  3.6335156E+04
  3.7699996E+04  3.5690891E+04
  3.7899996E+04  3.4979492E+04
  3.8099992E+04  3.4319957E+04
  3.8299996E+04  3.3682516E+04
  3.8499996E+04  3.3036105E+04
  3.8699996E+04  3.2267906E+04
  3.8899992E+04  3.1747752E+04
  3.9099996E+04  3.1179832E+04
  3.9299992E+04  3.0585225E+04
  3.9499992E+04  2.9911684E+04
  3.9699992E+04  2.9410281E+04
  3.9900000E+04  2.8737543E+04
  4.0099996E+04  2.8289947E+04
  4.0299992E+04  2.7824285E+04
  4.0499996E+04  2.7240078E+04
  4.0699992E+04  2.6791088E+04
  4.0899992E+04  2.6315762E+04
  4.1099996E+04  2.5832781E+04
  4.1299996E+04  2.5384410E+04
  4.1499992E+04  2.4915027E+04
  4.1699992E+04  2.4468621E+04
  4.1899996E+04  2.3941598E+04
  4.2099996E+04  2.3502109E+04
  4.2299992E+04  2.3200389E+04
  4.2499996E+04  2.2755197E+04
  4.2699992E+04  2.2387572E+04
  4.2899992E+04  2.1217223E+04
  4.3099996E+04  2.0168578E+04
  4.3299996E+04  2.0095619E+04
  4.3499992E+04  1.9050980E+04
  4.3699996E+04  1.8447531E+04
  4.3899996E+04  1.8080631E+04
  4.4099992E+04  1.7210348E+04
  4.4299992E+04  1.6911324E+04
  4.4499996E+04  1.6615635E+04
  4.4699996E+04  1.5890142E+04
  4.4899996E+04  1.5936516E+04
  4.5099992E+04  1.5428386E+04
  4.5299992E+04  1.4987520E+04
  4.5499996E+04  1.4951768E+04
  4.5699992E+04  1.4855278E+04
  4.5899996E+04  1.4277988E+04
  4.6099996E+04  1.4361065E+04
  4.6299992E+04  1.4101594E+04
  4.6499988E+04  1.4057389E+04
  4.6699992E+04  1.3965913E+04
  4.6899992E+04  1.3718085E+04
  4.7099992E+04  1.3469201E+04
  4.7299992E+04  1.3543122E+04
  4.7499996E+04  1.3181524E+04
  4.7699992E+04  1.3025191E+04
  4.7899992E+04  1.2911888E+04
  4.8099996E+04  1.2539314E+04
  4.8299992E+04  1.2635769E+04
  4.8499992E+04  1.2419980E+04
  4.8700000E+04  1.2110881E+04
  4.8899992E+04  1.1945062E+04
  4.9099988E+04  1.1839355E+04
  4.9299988E+04  1.1612668E+04
  4.9499996E+04  1.1411079E+04
  4.9699992E+04  1.1323545E+04
  4.9899988E+04  1.1161244E+04
  5.0099996E+04  1.1028629E+04
  5.0299996E+04  1.0903576E+04
  5.0499996E+04  1.0630364E+04
  5.0699996E+04  1.0560438E+04
  5.0899992E+04  1.0462637E+04
  5.1099992E+04  1.0227965E+04
  5.1299996E+04  1.0216939E+04
  5.1499988E+04  9.9975439E+03
  5.1699996E+04  9.9826396E+03
  5.1899992E+04  9.7605352E+03
  5.2099992E+04  9.6800508E+03
  5.2299996E+04  9.5031348E+03
  5.2499996E+04  9.4502764E+03
  5.2699996E+04  9.3813975E+03
  5.2899992E+04  9.1427188E+03
  5.3099988E+04  9.0567412E+03
  5.3299988E+04  8.9672861E+03
  5.3499992E+04  8.8685127E+03
  5.3699992E+04  8.7751406E+03
  5.3899992E+04  8.6770732E+03
  5.4099992E+04  8.5661826E+03
  5.4299984E+04  8.3787500E+03
  5.4499988E+04  8.3601094E+03
  5.4699996E+04  8.2516162E+03
  5.4899992E+04  8.1333579E+03
  5.5099992E+04  8.0457568E+03
  5.5299988E+04  8.0405151E+03
  5.5499988E+04  7.8235508E+03
  5.5699992E+04  7.8181025E+03
  5.5899992E+04  7.6831699E+03
  5.6099988E+04  7.5967651E+03
  5.6299996E+04  7.4792993E+03
  5.6499988E+04  7.4348228E+03
  5.6699988E+04  7.3460210E+03
  5.6899992E+04  7.2147612E+03
  5.7099996E+04  7.1782891E+03
  5.7299988E+04  7.0791577E+03
  5.7499988E+04  6.9982065E+03
  5.7699988E+04  6.9020239E+03
  5.7899996E+04  6.8490288E+03
  5.8099988E+04  6.7378965E+03
  5.8299996E+04  6.6641455E+03
  5.8499992E+04  6.5938901E+03
  5.8699988E+04  6.4895557E+03
  5.8899988E+04  6.4147183E+03
  5.9099992E+04  6.3560586E+03
  5.9299988E+04  6.2762964E+03
  5.9499996E+04  6.1968213E+03
  5.9699988E+04  6.1378262E+03
  5.9899992E+04  6.0614175E+03
  6.0099992E+04  5.9913125E+03
  6.0299992E+04  5.9157856E+03
  6.0499988E+04  5.8317607E+03
  6.0699992E+04  5.7642520E+03
  6.0899992E+04  5.6992314E+03
  6.1099988E+04  5.6231299E+03
  6.1299992E+04  5.5659438E+03
  6.1499988E+04  5.5017134E+03
  6.1699988E+04  5.4371084E+03
  6.1899996E+04  5.3763662E+03
  6.2099996E+04  5.3152207E+03
  6.2299988E+04  5.2465952E+03
  6.2499992E+04  5.1785430E+03
  6.2699988E+04  5.1121152E+03
  6.2899996E+04  5.0628018E+03
  6.3099984E+04  4.9988745E+03
  6.3299996E+04  4.9513506E+03
  6.3499984E+04  4.8862031E+03
  6.3699984E+04  4.8367207E+03
  6.3900000E+04  4.7732744E+03
  6.4199992E+04  4.6923003E+03
  6.4599984E+04  4.5820127E+03
  6.4999992E+04  4.4763027E+03
  6.5399992E+04  4.3745029E+03
  6.5799992E+04  4.2755366E+03
  6.6199984E+04  4.1768311E+03
  6.6599984E+04  4.0818792E+03
  6.6999992E+04  3.9893931E+03
  6.7399992E+04  3.8984768E+03
  6.7799992E+04  3.8108979E+03
  6.8199992E+04  3.7246135E+03
  6.8599992E+04  3.6429583E+03
  6.8999984E+04  3.5620710E+03
  6.9399984E+04  3.4833481E+03
  6.9800000E+04  3.4073491E+03
  7.0199992E+04  3.3314004E+03
  7.0599984E+04  3.2598975E+03
  7.0999977E+04  3.1897146E+03
  7.1399977E+04  3.1209692E+03
  7.1799984E+04  3.0538445E+03
  7.2199984E+04  2.9891692E+03
  7.2600000E+04  2.9257285E+03
  7.2999984E+04  2.8639922E+03
  7.3400000E+04  2.8028625E+03
  7.3799984E+04  2.7448943E+03
  7.4199992E+04  2.6852710E+03
  7.4599992E+04  2.6304893E+03
  7.5000000E+04  2.5762510E+03
  7.5399992E+04  2.5220859E+03
  7.5799992E+04  2.4742278E+03
  7.6199984E+04  2.4239897E+03
  7.6599992E+04  2.3751116E+03
  7.6999992E+04  2.3269893E+03
  7.7399992E+04  2.2809270E+03
  7.7799984E+04  2.2356870E+03
  7.8199984E+04  2.1914353E+03
  7.8599984E+04  2.1482710E+03
  7.8999984E+04  2.1061079E+03
  7.9399984E+04  2.0651616E+03
  7.9800000E+04  2.0251047E+03
  8.0199992E+04  1.9846309E+03
  8.0599984E+04  1.9472360E+03
  8.0999992E+04  1.9102510E+03
  8.1399977E+04  1.8737844E+03
  8.1799984E+04  1.8387252E+03
  8.2199984E+04  1.8040353E+03
  8.2599992E+04  1.7700947E+03
  8.2999984E+04  1.7369974E+03
  8.3400000E+04  1.7039635E+03
  8.3799992E+04  1.6719633E+03
  8.4199992E+04  1.6420338E+03
  8.4599977E+04  1.6116473E+03
  8.4999977E+04  1.5824359E+03
  8.5399984E+04  1.5539062E+03
  8.5799984E+04  1.5258899E+03
  8.6199992E+04  1.4984266E+03
  8.6599992E+04  1.4716057E+03
  8.6999984E+04  1.4451639E+03
  8.7399992E+04  1.4196365E+03
  8.7799992E+04  1.3944154E+03
  8.8199984E+04  1.3696895E+03
  8.8599977E+04  1.3456882E+03
  8.8999992E+04  1.3220140E+03
  8.9399977E+04  1.2992749E+03
  8.9799977E+04  1.2759532E+03
  9.0199984E+04  1.2547059E+03
  9.0599984E+04  1.2332329E+03
  9.0999992E+04  1.2108595E+03
  9.1400000E+04  1.1911748E+03
  9.1799969E+04  1.1706250E+03
  9.2199969E+04  1.1514933E+03
  9.2599984E+04  1.1320763E+03
  9.3000000E+04  1.1131243E+03
  9.3399984E+04  1.0944985E+03
  9.3799984E+04  1.0763632E+03
  9.4199977E+04  1.0585383E+03
  9.4599984E+04  1.0410177E+03
  9.4999969E+04  1.0239213E+03
  9.5399984E+04  1.0071980E+03
  9.5799984E+04  9.9084137E+02
  9.6199992E+04  9.7476166E+02
  9.6599984E+04  9.5899481E+02
  9.7000000E+04  9.4357422E+02
  9.7399977E+04  9.2781879E+02
  9.7799984E+04  9.1350946E+02
  9.8199977E+04  8.9908960E+02
  9.8599977E+04  8.8487329E+02
  9.8999992E+04  8.7089484E+02
  9.9399984E+04  8.5718915E+02
  9.9799977E+04  8.4378815E+02
  1.0019999E+05  8.3064807E+02
  1.9999991E+05  5.3852150E+01
  3.9999994E+05  3.3894207E+00
  5.9999981E+05  6.6909927E-01
  7.9999994E+05  2.1112946E-01
