  9.2499988E+02  2.2448342E-14
  9.3499982E+02  3.4360512E-14
  9.4500000E+02  5.7432242E-14
  9.5500000E+02  9.8455979E-14
  9.6499988E+02  1.8556601E-13
  9.7499982E+02  2.7860323E-13
  9.8499976E+02  4.8435881E-13
  9.9499988E+02  8.3678301E-13
  1.0049999E+03  1.3145421E-12
  1.0149997E+03  2.0998472E-12
  1.0249998E+03  2.5375277E-12
  1.0349998E+03  6.0472144E-12
  1.0449998E+03  9.6713332E-12
  1.0549999E+03  1.2222733E-11
  1.0649999E+03  2.2697818E-11
  1.0750000E+03  3.4158211E-11
  1.0849996E+03  5.3241401E-11
  1.0949999E+03  7.0905407E-11
  1.1049999E+03  9.7408658E-11
  1.1149999E+03  1.4158419E-10
  1.1249999E+03  2.4910449E-10
  1.1349996E+03  4.1673226E-10
  1.1449999E+03  6.1089367E-10
  1.1549999E+03  8.7672103E-10
  1.1650000E+03  1.1969075E-09
  1.1749995E+03  1.8087019E-09
  1.1849996E+03  2.3955213E-09
  1.1949998E+03  3.1035092E-09
  1.2049996E+03  3.2034746E-09
  1.2149998E+03  7.9027895E-10
  1.2249996E+03  5.3283040E-09
  1.2349996E+03  1.0893518E-08
  1.2449998E+03  1.5448483E-08
  1.2549996E+03  2.0183968E-08
  1.2650000E+03  2.6697197E-08
  1.2749998E+03  3.5327460E-08
  1.2849995E+03  3.9112408E-08
  1.2949998E+03  5.0731291E-08
  1.3049995E+03  6.1935545E-08
  1.3149998E+03  8.4772452E-08
  1.3249998E+03  9.6136830E-08
  1.3349996E+03  1.1106732E-07
  1.3449995E+03  1.4622006E-07
  1.3549996E+03  1.9884719E-07
  1.3649999E+03  2.1934017E-07
  1.3749999E+03  2.5523698E-07
  1.3849996E+03  2.9402560E-07
  1.3949999E+03  3.4763153E-07
  1.4050001E+03  4.9352536E-07
  1.4149998E+03  6.1589515E-07
  1.4249998E+03  7.4768718E-07
  1.4350000E+03  1.0017552E-06
  1.4419998E+03  1.4093405E-06
  1.4469999E+03  1.2357397E-06
  1.4549994E+03  1.5308146E-06
  1.4650000E+03  2.2429590E-06
  1.4749995E+03  2.7151634E-06
  1.4849996E+03  3.0198789E-06
  1.4949998E+03  4.5042279E-06
  1.5049996E+03  6.2207691E-06
  1.5119995E+03  3.8877210E-06
  1.5169994E+03  6.0824718E-06
  1.5250001E+03  1.6008225E-05
  1.5349994E+03  2.5235202E-05
  1.5449994E+03  1.8156241E-05
  1.5549998E+03  3.2015752E-05
  1.5649999E+03  3.0869585E-05
  1.5750001E+03  7.8343743E-05
  1.5850000E+03  8.4295454E-05
  1.5949996E+03  8.2645034E-05
  1.6049999E+03  8.7374610E-05
  1.6150000E+03  9.2641167E-05
  1.6249996E+03  9.2126553E-05
  1.6350000E+03  1.2696651E-04
  1.6449996E+03  1.7834101E-04
  1.6549999E+03  1.4070624E-04
  1.6649993E+03  2.3446081E-04
  1.6720000E+03  1.8223601E-04
  1.6770001E+03  3.2396315E-04
  1.6849998E+03  4.3614776E-04
  1.6950000E+03  6.3423818E-04
  1.7049995E+03  6.8372535E-04
  1.7150000E+03  7.1441865E-04
  1.7249993E+03  1.0518210E-03
  1.7349994E+03  1.2501228E-03
  1.7449993E+03  1.8183263E-03
  1.7550001E+03  1.8223696E-03
  1.7649998E+03  2.7202638E-03
  1.7749995E+03  2.0380211E-03
  1.7849995E+03  4.8711738E-03
  1.7949999E+03  3.7068515E-03
  1.8050001E+03  8.5075321E-03
  1.8150001E+03  4.6504014E-03
  1.8249994E+03  8.9016790E-03
  1.8349993E+03  7.1311626E-03
  1.8449993E+03  1.0960048E-02
  1.8549998E+03  7.5074565E-03
  1.8650002E+03  1.6909644E-02
  1.8750001E+03  1.3981112E-02
  1.8850000E+03  1.9551132E-02
  1.8950002E+03  2.5358742E-02
  1.9049996E+03  2.6430313E-02
  1.9149999E+03  4.3003693E-02
  1.9249993E+03  3.1843588E-02
  1.9350001E+03  2.5188476E-02
  1.9449993E+03  4.9072597E-02
  1.9550002E+03  7.8666881E-02
  1.9670002E+03  8.1560954E-02
  1.9759990E+03  1.0414600E-01
  1.9839996E+03  1.4324689E-01
  1.9950001E+03  1.1375749E-01
  2.0050002E+03  1.3255855E-01
  2.0149996E+03  1.5062924E-01
  2.0249994E+03  1.2914468E-01
  2.0349995E+03  1.6753301E-01
  2.0449998E+03  1.7707792E-01
  2.0550000E+03  2.2545862E-01
  2.0649993E+03  1.9705008E-01
  2.0739993E+03  1.8486001E-01
  2.0780002E+03  4.7419611E-01
  2.0849993E+03  6.8245250E-01
  2.0950005E+03  8.0896240E-01
  2.1050002E+03  5.8159035E-01
  2.1149990E+03  4.6522078E-01
  2.1250000E+03  5.7770246E-01
  2.1350002E+03  9.9162310E-01
  2.1449998E+03  5.6503105E-01
  2.1550005E+03  8.2712036E-01
  2.1649995E+03  7.2030789E-01
  2.1750002E+03  8.7895393E-01
  2.1849998E+03  6.4784944E-01
  2.1950000E+03  1.8788855E+00
  2.2050000E+03  1.1423583E+00
  2.2149998E+03  1.8648431E+00
  2.2249998E+03  1.4678560E+00
  2.2350005E+03  5.2842798E+00
  2.2449990E+03  4.4911776E+00
  2.2549993E+03  7.6939154E+00
  2.2650000E+03  1.3395097E+00
  2.2750000E+03  6.2610197E+00
  2.2850000E+03  4.5628839E+00
  2.2950002E+03  1.2233212E+01
  2.3050000E+03  1.4114836E+00
  2.3149995E+03  1.7319578E+01
  2.3250000E+03  7.8717995E+00
  2.3349995E+03  2.2290739E+01
  2.3449993E+03  1.0775111E+01
  2.3550000E+03  5.0603318E+00
  2.3649988E+03  1.0403028E+01
  2.3750000E+03  8.7006340E+00
  2.3849990E+03  2.6553083E+01
  2.3950000E+03  1.9250341E+01
  2.4050005E+03  5.2050003E+01
  2.4149993E+03  2.1776949E+01
  2.4249990E+03  4.5207035E+01
  2.4349990E+03  6.7179123E+01
  2.4450000E+03  1.2382100E+02
  2.4549990E+03  1.5184909E+02
  2.4649990E+03  5.4883476E+01
  2.4749993E+03  1.0328510E+02
  2.4850005E+03  1.0586570E+01
  2.4950000E+03  2.5341776E+01
  2.5050005E+03  8.5162300E+01
  2.5129988E+03  3.7235653E+01
  2.5179990E+03  2.6891085E+01
  2.5249998E+03  3.7210487E+01
  2.5350007E+03  3.1220944E+02
  2.5449988E+03  3.2123709E+02
  2.5550000E+03  6.2586603E+02
  2.5649990E+03  1.9787128E+02
  2.5749990E+03  5.3779718E+02
  2.5849993E+03  2.5410878E+02
  2.5949990E+03  4.0288605E+02
  2.6049995E+03  6.0584637E+02
  2.6149998E+03  4.6184369E+02
  2.6249990E+03  9.6820966E+02
  2.6350007E+03  2.4919011E+03
  2.6449995E+03  2.2672295E+03
  2.6549998E+03  7.1439541E+03
  2.6649995E+03  2.7583608E+03
  2.6749988E+03  2.6768110E+03
  2.6849988E+03  4.4404443E+03
  2.6949988E+03  1.4773623E+03
  2.7050000E+03  4.8508652E+03
  2.7150000E+03  2.5490415E+03
  2.7249995E+03  1.2762188E+03
  2.7350007E+03  1.8288115E+03
  2.7450002E+03  2.1642446E+03
  2.7549998E+03  2.6511697E+03
  2.7649983E+03  4.5098770E+03
  2.7750005E+03  6.3736074E+03
  2.7850000E+03  2.8779216E+03
  2.7949993E+03  1.4917854E+03
  2.8049995E+03  1.7977601E+03
  2.8150002E+03  4.6486021E+03
  2.8250007E+03  5.7515703E+03
  2.8350000E+03  3.7206321E+03
  2.8450002E+03  1.4401356E+03
  2.8550005E+03  3.1783936E+02
  2.8650000E+03  2.9887673E+03
  2.8749983E+03  5.5942852E+03
  2.8850000E+03  1.1496315E+04
  2.8949988E+03  2.1360594E+04
  2.9099988E+03  4.9164277E+04
  2.9299983E+03  5.3620965E+04
  2.9499990E+03  5.8619309E+04
  2.9700005E+03  5.7093551E+04
  2.9899980E+03  7.7271648E+04
  3.0099995E+03  7.6572453E+04
  3.0299995E+03  1.0036205E+05
  3.0499995E+03  1.0666782E+05
  3.0699995E+03  1.0934770E+05
  3.0899995E+03  9.2201594E+04
  3.1099995E+03  1.3466356E+05
  3.1299998E+03  9.8216172E+04
  3.1499995E+03  1.2106718E+05
  3.1699995E+03  1.6218542E+05
  3.1899995E+03  1.1903849E+05
  3.2099998E+03  1.3858261E+05
  3.2299993E+03  1.1575096E+05
  3.2499993E+03  2.1483331E+05
  3.2699995E+03  2.4477842E+05
  3.2899995E+03  2.5240608E+05
  3.3099998E+03  2.1176084E+05
  3.3299993E+03  2.2903166E+05
  3.3499995E+03  2.1664378E+05
  3.3699995E+03  1.2789534E+05
  3.3899993E+03  1.5973650E+05
  3.4099993E+03  1.8761980E+05
  3.4299995E+03  2.2465845E+05
  3.4499993E+03  2.6696856E+05
  3.4699998E+03  2.8236288E+05
  3.4899993E+03  3.3945916E+05
  3.5099995E+03  3.5495800E+05
  3.5299995E+03  2.8220291E+05
  3.5499995E+03  2.9506100E+05
  3.5699995E+03  1.7634617E+05
  3.5899995E+03  2.4688283E+05
  3.6099995E+03  3.8467997E+05
  3.6299993E+03  4.2405316E+05
  3.6399993E+03  4.0278966E+05
  3.6499995E+03  4.0938003E+05
  3.6699993E+03  4.7200378E+05
  3.6899995E+03  4.0982153E+05
  3.7099995E+03  4.2131728E+05
  3.7299998E+03  1.6537328E+05
  3.7499993E+03  2.0569295E+05
  3.7699993E+03  3.3440506E+05
  3.7899995E+03  3.4093009E+05
  3.8099993E+03  2.8114647E+05
  3.8299998E+03  1.1244283E+05
  3.8499995E+03  1.5384486E+05
  3.8699995E+03  1.7340605E+05
  3.8899995E+03  3.4317044E+05
  3.9099995E+03  4.4688712E+05
  3.9299993E+03  1.4054225E+05
  3.9499993E+03  3.3661509E+05
  3.9699998E+03  1.9972644E+05
  3.9899995E+03  6.8351075E+05
  4.0099995E+03  8.1838200E+05
  4.0299993E+03  8.1607844E+05
  4.0499993E+03  7.4590988E+05
  4.0699993E+03  6.7059588E+05
  4.0899995E+03  9.5468662E+05
  4.1099995E+03  9.0741469E+05
  4.1299995E+03  7.7814162E+05
  4.1499990E+03  7.0704881E+05
  4.1699990E+03  7.3063562E+05
  4.1899995E+03  7.5457781E+05
  4.2099995E+03  8.2800462E+05
  4.2299995E+03  8.5655512E+05
  4.2499995E+03  9.3402694E+05
  4.2699990E+03  8.6531538E+05
  4.2899995E+03  7.9290788E+05
  4.3100000E+03  6.6593125E+05
  4.3299995E+03  1.0975532E+06
  4.3499995E+03  1.1216681E+06
  4.3699995E+03  1.2198664E+06
  4.3899995E+03  1.0376526E+06
  4.4099995E+03  1.1125850E+06
  4.4299995E+03  1.2564616E+06
  4.4499995E+03  1.2826714E+06
  4.4699995E+03  1.4186435E+06
  4.4899995E+03  1.4814730E+06
  4.5099990E+03  1.7786755E+06
  4.5299995E+03  1.4959062E+06
  4.5499990E+03  1.5726801E+06
  4.5699995E+03  1.7443089E+06
  4.5899990E+03  1.6643022E+06
  4.6099990E+03  1.7235304E+06
  4.6299990E+03  1.6506780E+06
  4.6499990E+03  1.7032052E+06
  4.6699990E+03  1.8015352E+06
  4.6899990E+03  1.7473244E+06
  4.7099995E+03  1.7306478E+06
  4.7299990E+03  1.8041109E+06
  4.7499995E+03  1.9093375E+06
  4.7699995E+03  1.9463441E+06
  4.7899990E+03  1.9306176E+06
  4.8099995E+03  1.9103619E+06
  4.8299995E+03  2.0129442E+06
  4.8499990E+03  1.8895518E+06
  4.8700000E+03  1.7468272E+06
  4.8899990E+03  1.9342311E+06
  4.9099990E+03  1.9224126E+06
  4.9299990E+03  1.8842161E+06
  4.9499995E+03  2.0567529E+06
  4.9699995E+03  1.9828859E+06
  4.9899990E+03  1.8204156E+06
  5.0099995E+03  1.7133031E+06
  5.0299995E+03  1.8293982E+06
  5.0499995E+03  1.8413794E+06
  5.0699995E+03  1.9646476E+06
  5.0899995E+03  1.7751811E+06
  5.1099990E+03  1.8431172E+06
  5.1299995E+03  1.7501829E+06
  5.1499985E+03  1.6920149E+06
  5.1700000E+03  1.5612582E+06
  5.1899990E+03  1.6734465E+06
  5.2099990E+03  1.7923350E+06
  5.2299995E+03  1.9257490E+06
  5.2499995E+03  2.0156672E+06
  5.2699995E+03  1.7425308E+06
  5.2899990E+03  2.0648629E+06
  5.3099995E+03  2.2555005E+06
  5.3299990E+03  1.9143718E+06
  5.3499995E+03  2.1767532E+06
  5.3699995E+03  2.1782058E+06
  5.3899995E+03  2.0720768E+06
  5.4099990E+03  2.0612899E+06
  5.4299990E+03  2.0939200E+06
  5.4499990E+03  2.2517108E+06
  5.4699995E+03  2.1417235E+06
  5.4899995E+03  2.1543960E+06
  5.5099995E+03  2.1266240E+06
  5.5299985E+03  2.2121645E+06
  5.5499990E+03  2.2655970E+06
  5.5699990E+03  2.2217915E+06
  5.5899995E+03  2.1455200E+06
  5.6099990E+03  2.2900542E+06
  5.6299995E+03  2.2244878E+06
  5.6499990E+03  2.2591595E+06
  5.6699990E+03  2.1899315E+06
  5.6899995E+03  2.2872010E+06
  5.7099995E+03  2.1794620E+06
  5.7299990E+03  2.4318540E+06
  5.7499990E+03  2.3027298E+06
  5.7699990E+03  2.3568382E+06
  5.7899995E+03  2.2152838E+06
  5.8099985E+03  2.3705910E+06
  5.8300000E+03  2.4746142E+06
  5.8499990E+03  2.3763718E+06
  5.8699985E+03  2.4009880E+06
  5.8899985E+03  2.1412440E+06
  5.9099995E+03  2.3616938E+06
  5.9299985E+03  2.3749312E+06
  5.9499995E+03  2.3733570E+06
  5.9699990E+03  2.4371820E+06
  5.9899990E+03  2.3745250E+06
  6.0099990E+03  2.3246412E+06
  6.0299995E+03  2.4101615E+06
  6.0499990E+03  2.4524062E+06
  6.0699990E+03  2.4336138E+06
  6.0899995E+03  2.3038878E+06
  6.1099985E+03  2.3308108E+06
  6.1299995E+03  2.1724592E+06
  6.1499985E+03  2.2753898E+06
  6.1699985E+03  2.1814940E+06
  6.1900000E+03  2.3476435E+06
  6.2099995E+03  2.3264898E+06
  6.2299985E+03  2.2353820E+06
  6.2499990E+03  2.1393138E+06
  6.2699985E+03  2.2621492E+06
  6.2900000E+03  2.3137732E+06
  6.3099985E+03  2.2381960E+06
  6.3299995E+03  2.2811452E+06
  6.3499985E+03  2.2830560E+06
  6.3699985E+03  2.2648428E+06
  6.3899995E+03  2.3192390E+06
  6.4099990E+03  2.2723310E+06
  6.4299985E+03  2.2944832E+06
  6.4499985E+03  2.2930442E+06
  6.4699990E+03  2.2805992E+06
  6.4899990E+03  2.2084272E+06
  6.5099985E+03  2.3015518E+06
  6.5299990E+03  2.3002852E+06
  6.5499985E+03  2.2679950E+06
  6.5699985E+03  2.2107435E+06
  6.5899995E+03  2.2894715E+06
  6.6099985E+03  2.3071968E+06
  6.6299990E+03  2.2884122E+06
  6.6499985E+03  2.2908548E+06
  6.6699995E+03  2.2366590E+06
  6.6899990E+03  2.3265885E+06
  6.7099995E+03  2.2176028E+06
  6.7299990E+03  2.3213058E+06
  6.7499995E+03  2.2712715E+06
  6.7699985E+03  2.2914910E+06
  6.7899995E+03  2.2624038E+06
  6.8099995E+03  2.2640815E+06
  6.8300000E+03  2.2962278E+06
  6.8499985E+03  2.2064852E+06
  6.8699985E+03  2.2484145E+06
  6.8899985E+03  2.2899792E+06
  6.9099990E+03  2.2585948E+06
  6.9299995E+03  2.2238478E+06
  6.9499990E+03  2.1869665E+06
  6.9699985E+03  2.2061515E+06
  6.9899985E+03  2.1810538E+06
  7.0099985E+03  2.1063740E+06
  7.0299985E+03  2.1666718E+06
  7.0499990E+03  2.2029818E+06
  7.0699980E+03  2.1550372E+06
  7.0899990E+03  2.1411720E+06
  7.1099990E+03  2.1258638E+06
  7.1299995E+03  2.0785315E+06
  7.1499990E+03  2.0831318E+06
  7.1699995E+03  2.1078742E+06
  7.1899985E+03  2.0208120E+06
  7.2099985E+03  2.0924508E+06
  7.2299980E+03  2.1293218E+06
  7.2499990E+03  2.1193815E+06
  7.2699995E+03  2.1055975E+06
  7.2899990E+03  2.0316072E+06
  7.3099980E+03  2.0752154E+06
  7.3299980E+03  2.0746344E+06
  7.3499980E+03  2.0630804E+06
  7.3699985E+03  2.1127252E+06
  7.3899995E+03  2.0523954E+06
  7.4099985E+03  2.0274720E+06
  7.4299995E+03  2.0686404E+06
  7.4500000E+03  2.0756712E+06
  7.4700000E+03  2.0803024E+06
  7.4899990E+03  2.0577245E+06
  7.5099985E+03  2.0873918E+06
  7.5299995E+03  2.1095388E+06
  7.5499980E+03  2.1195930E+06
  7.5699985E+03  2.0965082E+06
  7.5899990E+03  2.0793921E+06
  7.6099980E+03  2.0807071E+06
  7.6299995E+03  2.0945324E+06
  7.6499995E+03  2.1081858E+06
  7.6699980E+03  2.0223452E+06
  7.6899990E+03  2.1008368E+06
  7.7099995E+03  2.0479962E+06
  7.7299985E+03  2.0536164E+06
  7.7499990E+03  2.0343119E+06
  7.7700000E+03  2.0929300E+06
  7.7900000E+03  2.0841836E+06
  7.8099995E+03  2.0748201E+06
  7.8299980E+03  2.0529900E+06
  7.8499980E+03  2.0301928E+06
  7.8699995E+03  2.0429394E+06
  7.8900000E+03  1.9712912E+06
  7.9099995E+03  1.9061816E+06
  7.9300000E+03  1.9083204E+06
  7.9499985E+03  1.8671399E+06
  7.9699990E+03  1.9540975E+06
  7.9900000E+03  1.9518210E+06
  8.0099980E+03  1.9387402E+06
  8.0299985E+03  1.9397279E+06
  8.0500000E+03  1.9212060E+06
  8.0699985E+03  1.9071260E+06
  8.0899990E+03  1.8434266E+06
  8.1099995E+03  1.8399590E+06
  8.1299976E+03  1.8749200E+06
  8.1499976E+03  1.8706068E+06
  8.1699980E+03  1.8783919E+06
  8.1899985E+03  1.8362595E+06
  8.2099990E+03  1.8283301E+06
  8.2300000E+03  1.8540498E+06
  8.2500000E+03  1.8710311E+06
  8.2700000E+03  1.8972459E+06
  8.2899980E+03  1.8782912E+06
  8.3099990E+03  1.7933202E+06
  8.3299980E+03  1.8086088E+06
  8.3500000E+03  1.8045469E+06
  8.3699990E+03  1.8294358E+06
  8.3899990E+03  1.7582674E+06
  8.4099971E+03  1.8417976E+06
  8.4300000E+03  1.7739582E+06
  8.4499990E+03  1.8228709E+06
  8.4699980E+03  1.8163732E+06
  8.4899980E+03  1.8404916E+06
  8.5099990E+03  1.7394621E+06
  8.5299990E+03  1.8322795E+06
  8.5499990E+03  1.7031259E+06
  8.5699990E+03  1.8421451E+06
  8.5900000E+03  1.8008495E+06
  8.6099980E+03  1.8066724E+06
  8.6299990E+03  1.8254206E+06
  8.6499990E+03  1.8392942E+06
  8.6699990E+03  1.6813158E+06
  8.6899990E+03  1.7421814E+06
  8.7099971E+03  1.7897091E+06
  8.7299990E+03  1.8006476E+06
  8.7499980E+03  1.7824860E+06
  8.7699980E+03  1.8063508E+06
  8.7899980E+03  1.7868766E+06
  8.8099990E+03  1.7319818E+06
  8.8299980E+03  1.7703859E+06
  8.8499980E+03  1.7959672E+06
  8.8699980E+03  1.7540236E+06
  8.8899990E+03  1.7854185E+06
  8.9099971E+03  1.8106788E+06
  8.9299980E+03  1.7488152E+06
  8.9499980E+03  1.7436419E+06
  8.9699990E+03  1.7518875E+06
  8.9899990E+03  1.7561744E+06
  9.0099980E+03  1.6960399E+06
  9.0299990E+03  1.7485508E+06
  9.0499990E+03  1.7940502E+06
  9.0699980E+03  1.7699818E+06
  9.0899990E+03  1.6984612E+06
  9.1099980E+03  1.7116662E+06
  9.1299980E+03  1.7560596E+06
  9.1499980E+03  1.7355218E+06
  9.1699980E+03  1.7338735E+06
  9.1899990E+03  1.7631350E+06
  9.2099990E+03  1.7069865E+06
  9.2299980E+03  1.7304196E+06
  9.2499980E+03  1.7020302E+06
  9.2699971E+03  1.7101261E+06
  9.2899990E+03  1.6991906E+06
  9.3099980E+03  1.7216715E+06
  9.3299990E+03  1.7058586E+06
  9.3499980E+03  1.7038262E+06
  9.3699990E+03  1.6634340E+06
  9.3900000E+03  1.6916476E+06
  9.4099980E+03  1.6353251E+06
  9.4299971E+03  1.6896562E+06
  9.4499990E+03  1.6394392E+06
  9.4700000E+03  1.6815868E+06
  9.4899980E+03  1.6846301E+06
  9.5100000E+03  1.6670541E+06
  9.5300000E+03  1.6664109E+06
  9.5500000E+03  1.6308126E+06
  9.5699990E+03  1.6211655E+06
  9.5899980E+03  1.6630346E+06
  9.6099980E+03  1.6287066E+06
  9.6299990E+03  1.6269042E+06
  9.6499990E+03  1.5905542E+06
  9.6699980E+03  1.5889374E+06
  9.6899980E+03  1.6207821E+06
  9.7100000E+03  1.6000468E+06
  9.7299990E+03  1.5856369E+06
  9.7499980E+03  1.5783858E+06
  9.7699961E+03  1.5801008E+06
  9.7899980E+03  1.5464502E+06
  9.8099980E+03  1.6011416E+06
  9.8299990E+03  1.5828585E+06
  9.8499980E+03  1.5962792E+06
  9.8700000E+03  1.5779820E+06
  9.8899980E+03  1.5784244E+06
  9.9099990E+03  1.5711772E+06
  9.9300000E+03  1.5748644E+06
  9.9499980E+03  1.5739056E+06
  9.9699980E+03  1.5742300E+06
  9.9899990E+03  1.5630632E+06
  1.0024998E+04  1.5514936E+06
  1.0074998E+04  1.5295632E+06
  1.0124997E+04  1.5295976E+06
  1.0174997E+04  1.5036125E+06
  1.0224998E+04  1.5051940E+06
  1.0274997E+04  1.5062102E+06
  1.0325000E+04  1.4727151E+06
  1.0374999E+04  1.4599896E+06
  1.0425000E+04  1.4671982E+06
  1.0474998E+04  1.4493458E+06
  1.0524997E+04  1.4508780E+06
  1.0574999E+04  1.4309578E+06
  1.0625000E+04  1.4225605E+06
  1.0674997E+04  1.3928359E+06
  1.0724998E+04  1.3928488E+06
  1.0774999E+04  1.3766421E+06
  1.0824997E+04  1.3545670E+06
  1.0874997E+04  1.3513778E+06
  1.0924999E+04  1.3657708E+06
  1.0974996E+04  1.3384988E+06
  1.1025000E+04  1.3448881E+06
  1.1074998E+04  1.3396526E+06
  1.1124999E+04  1.3292205E+06
  1.1174998E+04  1.3121339E+06
  1.1224999E+04  1.3120112E+06
  1.1274997E+04  1.2881025E+06
  1.1325000E+04  1.2831565E+06
  1.1375000E+04  1.2712894E+06
  1.1425000E+04  1.2546450E+06
  1.1474997E+04  1.2727758E+06
  1.1525000E+04  1.2660382E+06
  1.1574998E+04  1.2450301E+06
  1.1625000E+04  1.2275686E+06
  1.1674998E+04  1.2275244E+06
  1.1724997E+04  1.2370824E+06
  1.1775001E+04  1.2137186E+06
  1.1824999E+04  1.2029378E+06
  1.1875000E+04  1.1840128E+06
  1.1925000E+04  1.2065840E+06
  1.1975001E+04  1.1580415E+06
  1.2024998E+04  1.1822231E+06
  1.2074996E+04  1.1663294E+06
  1.2125000E+04  1.1671844E+06
  1.2175000E+04  1.1722566E+06
  1.2225001E+04  1.1612501E+06
  1.2275001E+04  1.1524342E+06
  1.2324996E+04  1.1432278E+06
  1.2374996E+04  1.1398878E+06
  1.2424998E+04  1.1284379E+06
  1.2475000E+04  1.1288994E+06
  1.2524997E+04  1.1133248E+06
  1.2574997E+04  1.1123745E+06
  1.2624999E+04  1.1060861E+06
  1.2674997E+04  1.0920541E+06
  1.2724999E+04  1.0940049E+06
  1.2774999E+04  1.0963536E+06
  1.2825000E+04  1.0535338E+06
  1.2875001E+04  1.0673664E+06
  1.2924997E+04  1.0542310E+06
  1.2975001E+04  1.0668651E+06
  1.3024998E+04  1.0472099E+06
  1.3074999E+04  1.0547959E+06
  1.3125000E+04  1.0345713E+06
  1.3174998E+04  1.0307058E+06
  1.3224998E+04  1.0319736E+06
  1.3274997E+04  1.0105969E+06
  1.3324997E+04  1.0210620E+06
  1.3374999E+04  1.0089142E+06
  1.3424999E+04  1.0175499E+06
  1.3474999E+04  1.0077925E+06
  1.3525001E+04  1.0047826E+06
  1.3574999E+04  9.8345231E+05
  1.3624997E+04  9.8000219E+05
  1.3674997E+04  9.8143088E+05
  1.3724995E+04  9.8355306E+05
  1.3774998E+04  9.7575050E+05
  1.3824998E+04  9.7495362E+05
  1.3874996E+04  9.6412394E+05
  1.3925000E+04  9.6851956E+05
  1.3974996E+04  9.6621250E+05
  1.4024997E+04  9.4669469E+05
  1.4075001E+04  9.5580206E+05
  1.4124996E+04  9.4102288E+05
  1.4175000E+04  9.5136369E+05
  1.4225000E+04  9.3104056E+05
  1.4274994E+04  9.1312375E+05
  1.4325001E+04  9.3114019E+05
  1.4374998E+04  9.3408162E+05
  1.4424999E+04  8.9991650E+05
  1.4475000E+04  9.2082425E+05
  1.4524997E+04  9.0522831E+05
  1.4569999E+04  9.1023975E+05
  1.4620000E+04  9.0832488E+05
  1.4674998E+04  9.0689975E+05
  1.4725000E+04  8.8657312E+05
  1.4775002E+04  8.8924588E+05
  1.4824998E+04  8.8634362E+05
  1.4874996E+04  8.7298881E+05
  1.4924997E+04  8.9197681E+05
  1.4974999E+04  8.7549669E+05
  1.5024999E+04  8.6370512E+05
  1.5075000E+04  8.5347600E+05
  1.5124999E+04  8.6671494E+05
  1.5175000E+04  8.6722956E+05
  1.5225002E+04  8.5920219E+05
  1.5274998E+04  8.6422738E+05
  1.5324995E+04  8.5447500E+05
  1.5374997E+04  8.5936500E+05
  1.5425001E+04  8.5440394E+05
  1.5474996E+04  8.5169256E+05
  1.5524994E+04  8.3661850E+05
  1.5575001E+04  8.2516700E+05
  1.5624998E+04  8.4643594E+05
  1.5674997E+04  8.1614450E+05
  1.5724994E+04  8.2764562E+05
  1.5774996E+04  7.9969875E+05
  1.5825001E+04  8.1180238E+05
  1.5874995E+04  7.7436300E+05
  1.5925002E+04  7.9268138E+05
  1.5975001E+04  8.0876338E+05
  1.6049998E+04  7.9940938E+05
  1.6150001E+04  7.8598669E+05
  1.6249997E+04  7.8493175E+05
  1.6350000E+04  7.7488006E+05
  1.6449996E+04  7.5476812E+05
  1.6549998E+04  7.5096981E+05
  1.6649994E+04  7.3931306E+05
  1.6749998E+04  7.2076288E+05
  1.6849998E+04  6.9950838E+05
  1.6950000E+04  7.0376212E+05
  1.7049996E+04  6.7696050E+05
  1.7150000E+04  6.7267506E+05
  1.7249992E+04  6.4913662E+05
  1.7349994E+04  6.3286456E+05
  1.7449992E+04  6.2754969E+05
  1.7550000E+04  6.1641831E+05
  1.7649998E+04  6.0670812E+05
  1.7749994E+04  5.9183219E+05
  1.7849994E+04  5.8609450E+05
  1.7949998E+04  5.7287069E+05
  1.8050002E+04  5.5949844E+05
  1.8150002E+04  5.4843262E+05
  1.8249994E+04  5.3803925E+05
  1.8349992E+04  5.2792844E+05
  1.8449992E+04  5.1357759E+05
  1.8549998E+04  5.0925928E+05
  1.8650002E+04  4.9233147E+05
  1.8750002E+04  4.8073938E+05
  1.8850000E+04  4.7998878E+05
  1.8950004E+04  4.5663988E+05
  1.9049996E+04  4.6531262E+05
  1.9149998E+04  4.5462022E+05
  1.9249992E+04  4.4773378E+05
  1.9350000E+04  4.3383072E+05
  1.9449992E+04  4.2322712E+05
  1.9550002E+04  4.2338312E+05
  1.9649992E+04  4.1416784E+05
  1.9749992E+04  4.0531941E+05
  1.9849992E+04  3.9972566E+05
  1.9950002E+04  3.9341841E+05
  2.0050002E+04  3.9086262E+05
  2.0149996E+04  3.8580538E+05
  2.0249994E+04  3.7279881E+05
  2.0349994E+04  3.6560516E+05
  2.0449996E+04  3.6587581E+05
  2.0550000E+04  3.5804144E+05
  2.0649992E+04  3.5018266E+05
  2.0749998E+04  3.4524912E+05
  2.0849992E+04  3.3890375E+05
  2.0950004E+04  3.3068012E+05
  2.1050002E+04  3.2954381E+05
  2.1149992E+04  3.2240109E+05
  2.1250000E+04  3.1663719E+05
  2.1350002E+04  3.1424816E+05
  2.1449996E+04  3.0845112E+05
  2.1550006E+04  3.0333156E+05
  2.1649994E+04  2.9543244E+05
  2.1750002E+04  2.9075481E+05
  2.1849998E+04  2.8706591E+05
  2.1950002E+04  2.8350219E+05
  2.2050000E+04  2.7580716E+05
  2.2149996E+04  2.7521144E+05
  2.2249998E+04  2.6771309E+05
  2.2350004E+04  2.6398772E+05
  2.2449990E+04  2.6034086E+05
  2.2549994E+04  2.5684409E+05
  2.2650000E+04  2.5101216E+05
  2.2750000E+04  2.4977112E+05
  2.2850000E+04  2.4342644E+05
  2.2950004E+04  2.1038861E+05
  2.3050000E+04  2.2383352E+05
  2.3149996E+04  2.2106748E+05
  2.3250000E+04  1.9226147E+05
  2.3349996E+04  2.0507338E+05
  2.3449994E+04  2.0593147E+05
  2.3550002E+04  1.7774164E+05
  2.3649988E+04  1.9279111E+05
  2.3750000E+04  1.9115077E+05
  2.3849990E+04  1.6812583E+05
  2.3950002E+04  1.8011645E+05
  2.4050006E+04  1.8177411E+05
  2.4149992E+04  1.6285075E+05
  2.4249990E+04  1.7074839E+05
  2.4349990E+04  1.7235419E+05
  2.4450002E+04  1.6054250E+05
  2.4549990E+04  1.5956248E+05
  2.4649992E+04  1.6608261E+05
  2.4749992E+04  1.5924505E+05
  2.4850006E+04  1.5060222E+05
  2.4950000E+04  1.5614536E+05
  2.5050006E+04  1.6026241E+05
  2.5149994E+04  1.4539300E+05
  2.5249998E+04  1.5188389E+05
  2.5350004E+04  1.5192484E+05
  2.5449988E+04  1.4694697E+05
  2.5549998E+04  1.4466192E+05
  2.5649990E+04  1.4538580E+05
  2.5749990E+04  1.4599170E+05
  2.5849994E+04  1.3657669E+05
  2.5949990E+04  1.3924088E+05
  2.6049996E+04  1.4017241E+05
  2.6149998E+04  1.3657364E+05
  2.6249988E+04  1.3436514E+05
  2.6350008E+04  1.3478491E+05
  2.6449996E+04  1.3343930E+05
  2.6549994E+04  1.3062423E+05
  2.6649994E+04  1.2766722E+05
  2.6749988E+04  1.3067898E+05
  2.6849986E+04  1.2880859E+05
  2.6949986E+04  1.2500680E+05
  2.7050002E+04  1.2553089E+05
  2.7149998E+04  1.2415815E+05
  2.7249994E+04  1.2344647E+05
  2.7350006E+04  1.2027389E+05
  2.7450004E+04  1.2048412E+05
  2.7549996E+04  1.1967069E+05
  2.7649982E+04  1.1759948E+05
  2.7750004E+04  1.1533451E+05
  2.7850000E+04  1.1504691E+05
  2.7949992E+04  1.1470748E+05
  2.8049994E+04  1.1312015E+05
  2.8150002E+04  1.1121009E+05
  2.8250006E+04  1.1029666E+05
  2.8350000E+04  1.0975904E+05
  2.8450000E+04  1.0801135E+05
  2.8550002E+04  1.0671527E+05
  2.8650002E+04  1.0557230E+05
  2.8749982E+04  1.0433794E+05
  2.8849998E+04  1.0325367E+05
  2.8949986E+04  1.0212361E+05
  2.9049994E+04  1.0087258E+05
  2.9149986E+04  9.9933445E+04
  2.9249984E+04  9.7908297E+04
  2.9349980E+04  9.7688367E+04
  2.9450000E+04  9.6018203E+04
  2.9550004E+04  9.5058773E+04
  2.9649982E+04  9.4337375E+04
  2.9749992E+04  9.3244469E+04
  2.9849994E+04  9.1944250E+04
  2.9949984E+04  9.0739156E+04
  3.0049996E+04  8.9673078E+04
  3.0149994E+04  8.8942469E+04
  3.0249994E+04  8.7601969E+04
  3.0349996E+04  8.6113586E+04
  3.0449996E+04  8.5776438E+04
  3.0549996E+04  8.4541703E+04
  3.0649996E+04  8.3461586E+04
  3.0749994E+04  8.2760281E+04
  3.0849996E+04  8.1329992E+04
  3.0949994E+04  8.0502453E+04
  3.1049996E+04  7.9945672E+04
  3.1149996E+04  7.8311148E+04
  3.1249996E+04  7.7895633E+04
  3.1349996E+04  7.7088984E+04
  3.1449996E+04  7.6157711E+04
  3.1549998E+04  7.5047430E+04
  3.1649996E+04  7.4096320E+04
  3.1749998E+04  7.3525664E+04
  3.1849996E+04  7.2600469E+04
  3.1949994E+04  7.1921602E+04
  3.2099996E+04  7.0523438E+04
  3.2299992E+04  6.8858383E+04
  3.2499994E+04  6.7253781E+04
  3.2699996E+04  6.5665547E+04
  3.2899996E+04  6.4058652E+04
  3.3099996E+04  6.2692004E+04
  3.3299992E+04  6.1173406E+04
  3.3499996E+04  6.0042309E+04
  3.3699996E+04  5.8611922E+04
  3.3899996E+04  5.7207734E+04
  3.4099996E+04  5.5848547E+04
  3.4299996E+04  5.4885340E+04
  3.4499992E+04  5.3791895E+04
  3.4699996E+04  5.2554094E+04
  3.4899996E+04  5.1458598E+04
  3.5099996E+04  5.0439621E+04
  3.5299996E+04  4.9177352E+04
  3.5499996E+04  4.8284016E+04
  3.5699992E+04  4.7194738E+04
  3.5899992E+04  4.6164652E+04
  3.6099996E+04  4.5362570E+04
  3.6299992E+04  4.4418082E+04
  3.6499992E+04  4.3304875E+04
  3.6699992E+04  4.2381047E+04
  3.6899992E+04  4.1225637E+04
  3.7099996E+04  4.0284199E+04
  3.7299996E+04  3.9774832E+04
  3.7499992E+04  3.8558723E+04
  3.7699996E+04  3.8187797E+04
  3.7899996E+04  3.7368809E+04
  3.8099992E+04  3.6762117E+04
  3.8299996E+04  3.6158301E+04
  3.8499996E+04  3.5498945E+04
  3.8699996E+04  3.4639957E+04
  3.8899992E+04  3.4013312E+04
  3.9099996E+04  3.3446914E+04
  3.9299992E+04  3.2809781E+04
  3.9499992E+04  3.1971311E+04
  3.9699992E+04  3.1453990E+04
  3.9900000E+04  3.0607000E+04
  4.0099996E+04  3.0208742E+04
  4.0299992E+04  2.9770477E+04
  4.0499996E+04  2.9137240E+04
  4.0699992E+04  2.8626434E+04
  4.0899992E+04  2.8124197E+04
  4.1099996E+04  2.7637039E+04
  4.1299996E+04  2.7180068E+04
  4.1499992E+04  2.6614674E+04
  4.1699992E+04  2.6123840E+04
  4.1899996E+04  2.5626113E+04
  4.2099996E+04  2.5066512E+04
  4.2299992E+04  2.4825826E+04
  4.2499996E+04  2.4254832E+04
  4.2699992E+04  2.3914514E+04
  4.2899992E+04  2.2093342E+04
  4.3099996E+04  2.0406266E+04
  4.3299996E+04  2.0760719E+04
  4.3499992E+04  1.9199900E+04
  4.3699996E+04  1.8529793E+04
  4.3899996E+04  1.8065580E+04
  4.4099992E+04  1.6710957E+04
  4.4299992E+04  1.6589779E+04
  4.4499996E+04  1.6176740E+04
  4.4699996E+04  1.5140858E+04
  4.4899996E+04  1.5512319E+04
  4.5099992E+04  1.4903482E+04
  4.5299992E+04  1.4197554E+04
  4.5499996E+04  1.4379094E+04
  4.5699992E+04  1.4254775E+04
  4.5899996E+04  1.3374783E+04
  4.6099996E+04  1.3776077E+04
  4.6299992E+04  1.3375961E+04
  4.6499988E+04  1.3319169E+04
  4.6699992E+04  1.3329701E+04
  4.6899992E+04  1.3032997E+04
  4.7099992E+04  1.2714007E+04
  4.7299992E+04  1.3002765E+04
  4.7499996E+04  1.2621330E+04
  4.7699992E+04  1.2479287E+04
  4.7899992E+04  1.2353128E+04
  4.8099996E+04  1.1965000E+04
  4.8299992E+04  1.2257727E+04
  4.8499992E+04  1.1940306E+04
  4.8700000E+04  1.1655152E+04
  4.8899992E+04  1.1563950E+04
  4.9099988E+04  1.1381646E+04
  4.9299988E+04  1.1212141E+04
  4.9499996E+04  1.1023007E+04
  4.9699992E+04  1.1008442E+04
  4.9899988E+04  1.0788445E+04
  5.0099996E+04  1.0760564E+04
  5.0299996E+04  1.0618877E+04
  5.0499996E+04  1.0289564E+04
  5.0699996E+04  1.0242841E+04
  5.0899992E+04  1.0155818E+04
  5.1099992E+04  9.9147432E+03
  5.1299996E+04  9.9004297E+03
  5.1499988E+04  9.7053623E+03
  5.1699996E+04  9.7844697E+03
  5.1899992E+04  9.5377344E+03
  5.2099992E+04  9.4285645E+03
  5.2299996E+04  9.2579746E+03
  5.2499996E+04  9.2437480E+03
  5.2699996E+04  9.3009580E+03
  5.2899992E+04  8.9558613E+03
  5.3099988E+04  8.8467041E+03
  5.3299988E+04  8.8206191E+03
  5.3499992E+04  8.7232031E+03
  5.3699992E+04  8.6353535E+03
  5.3899992E+04  8.5659414E+03
  5.4099992E+04  8.4669414E+03
  5.4299984E+04  8.2743604E+03
  5.4499988E+04  8.3027793E+03
  5.4699996E+04  8.1379199E+03
  5.4899992E+04  8.0719863E+03
  5.5099992E+04  7.9569087E+03
  5.5299988E+04  8.0840020E+03
  5.5499988E+04  7.7677788E+03
  5.5699992E+04  7.8422676E+03
  5.5899992E+04  7.6644829E+03
  5.6099988E+04  7.6496748E+03
  5.6299996E+04  7.4655117E+03
  5.6499988E+04  7.4863955E+03
  5.6699988E+04  7.3921914E+03
  5.6899992E+04  7.2231382E+03
  5.7099996E+04  7.2520083E+03
  5.7299988E+04  7.1638384E+03
  5.7499988E+04  7.0832100E+03
  5.7699988E+04  6.9768208E+03
  5.7899996E+04  6.9629780E+03
  5.8099988E+04  6.8327607E+03
  5.8299996E+04  6.7711069E+03
  5.8499992E+04  6.7040825E+03
  5.8699988E+04  6.5759292E+03
  5.8899988E+04  6.5214653E+03
  5.9099992E+04  6.4678013E+03
  5.9299988E+04  6.4076421E+03
  5.9499996E+04  6.3018521E+03
  5.9699988E+04  6.2713281E+03
  5.9899992E+04  6.1999097E+03
  6.0099992E+04  6.1310747E+03
  6.0299992E+04  6.0599067E+03
  6.0499988E+04  5.9588730E+03
  6.0699992E+04  5.8989136E+03
  6.0899992E+04  5.8262036E+03
  6.1099988E+04  5.7460435E+03
  6.1299992E+04  5.7039971E+03
  6.1499988E+04  5.6492290E+03
  6.1699988E+04  5.6082119E+03
  6.1899996E+04  5.5393853E+03
  6.2099996E+04  5.4889131E+03
  6.2299988E+04  5.4008296E+03
  6.2499992E+04  5.3214727E+03
  6.2699988E+04  5.2668789E+03
  6.2899996E+04  5.2144888E+03
  6.3099984E+04  5.1466685E+03
  6.3299996E+04  5.1195542E+03
  6.3499984E+04  5.0469028E+03
  6.3699984E+04  5.0163745E+03
  6.3900000E+04  4.9383350E+03
  6.4199992E+04  4.8583804E+03
  6.4599984E+04  4.7417095E+03
  6.4999992E+04  4.6377856E+03
  6.5399992E+04  4.5339282E+03
  6.5799992E+04  4.4435581E+03
  6.6199984E+04  4.3374121E+03
  6.6599984E+04  4.2448691E+03
  6.6999992E+04  4.1540508E+03
  6.7399992E+04  4.0557136E+03
  6.7799992E+04  3.9697268E+03
  6.8199992E+04  3.8815842E+03
  6.8599992E+04  3.8015461E+03
  6.8999984E+04  3.7150276E+03
  6.9399984E+04  3.6357197E+03
  6.9800000E+04  3.5581335E+03
  7.0199992E+04  3.4772610E+03
  7.0599984E+04  3.4069819E+03
  7.0999977E+04  3.3329045E+03
  7.1399977E+04  3.2633723E+03
  7.1799984E+04  3.1926921E+03
  7.2199984E+04  3.1258323E+03
  7.2600000E+04  3.0586025E+03
  7.2999984E+04  2.9956260E+03
  7.3400000E+04  2.9311074E+03
  7.3799984E+04  2.8718911E+03
  7.4199992E+04  2.8081653E+03
  7.4599992E+04  2.7499709E+03
  7.5000000E+04  2.6949304E+03
  7.5399992E+04  2.6378525E+03
  7.5799992E+04  2.5879236E+03
  7.6199984E+04  2.5352622E+03
  7.6599992E+04  2.4840696E+03
  7.6999992E+04  2.4329751E+03
  7.7399992E+04  2.3852542E+03
  7.7799984E+04  2.3380107E+03
  7.8199984E+04  2.2913594E+03
  7.8599984E+04  2.2465100E+03
  7.8999984E+04  2.2022080E+03
  7.9399984E+04  2.1588015E+03
  7.9800000E+04  2.1173352E+03
  8.0199992E+04  2.0744792E+03
  8.0599984E+04  2.0341652E+03
  8.0999992E+04  1.9966681E+03
  8.1399977E+04  1.9568525E+03
  8.1799984E+04  1.9210956E+03
  8.2199984E+04  1.8850485E+03
  8.2599992E+04  1.8490553E+03
  8.2999984E+04  1.8147612E+03
  8.3400000E+04  1.7794666E+03
  8.3799992E+04  1.7465865E+03
  8.4199992E+04  1.7154181E+03
  8.4599977E+04  1.6835498E+03
  8.4999977E+04  1.6526204E+03
  8.5399984E+04  1.6225566E+03
  8.5799984E+04  1.5931342E+03
  8.6199992E+04  1.5643890E+03
  8.6599992E+04  1.5365583E+03
  8.6999984E+04  1.5090729E+03
  8.7399992E+04  1.4820739E+03
  8.7799992E+04  1.4555033E+03
  8.8199984E+04  1.4289170E+03
  8.8599977E+04  1.4040942E+03
  8.8999992E+04  1.3788973E+03
  8.9399977E+04  1.3557449E+03
  8.9799977E+04  1.3310800E+03
  9.0199984E+04  1.3091134E+03
  9.0599984E+04  1.2870232E+03
  9.0999992E+04  1.2631317E+03
  9.1400000E+04  1.2425845E+03
  9.1799969E+04  1.2217666E+03
  9.2199969E+04  1.2015718E+03
  9.2599984E+04  1.1812397E+03
  9.3000000E+04  1.1615172E+03
  9.3399984E+04  1.1418302E+03
  9.3799984E+04  1.1230350E+03
  9.4199977E+04  1.1044750E+03
  9.4599984E+04  1.0858511E+03
  9.4999969E+04  1.0681274E+03
  9.5399984E+04  1.0506616E+03
  9.5799984E+04  1.0337374E+03
  9.6199992E+04  1.0166912E+03
  9.6599984E+04  1.0004973E+03
  9.7000000E+04  9.8441461E+02
  9.7399977E+04  9.6713318E+02
  9.7799984E+04  9.5254236E+02
  9.8199977E+04  9.3788324E+02
  9.8599977E+04  9.2304272E+02
  9.8999992E+04  9.0856433E+02
  9.9399984E+04  8.9398413E+02
  9.9799977E+04  8.8009961E+02
  1.0019999E+05  8.6637000E+02
  1.9999991E+05  5.6136093E+01
  3.9999994E+05  3.5215132E+00
  5.9999981E+05  6.9113815E-01
  7.9999994E+05  2.1699236E-01
