  9.2499988E+02  1.5922190E-12
  9.3499982E+02  2.3977159E-12
  9.4500000E+02  3.5426677E-12
  9.5500000E+02  5.5372447E-12
  9.6499988E+02  1.0515636E-11
  9.7499982E+02  1.4476064E-11
  9.8499976E+02  2.4487414E-11
  9.9499988E+02  4.1260748E-11
  1.0049999E+03  5.9507434E-11
  1.0149997E+03  9.0165854E-11
  1.0249998E+03  1.1768239E-10
  1.0349998E+03  2.7447566E-10
  1.0449998E+03  4.0301243E-10
  1.0549999E+03  4.7014420E-10
  1.0649999E+03  9.5373609E-10
  1.0750000E+03  1.3638509E-09
  1.0849996E+03  2.2460467E-09
  1.0949999E+03  2.9374514E-09
  1.1049999E+03  4.0017434E-09
  1.1149999E+03  5.4448228E-09
  1.1249999E+03  1.0164092E-08
  1.1349996E+03  1.6940971E-08
  1.1449999E+03  2.5233739E-08
  1.1549999E+03  3.5314532E-08
  1.1650000E+03  4.6510625E-08
  1.1749995E+03  6.9797821E-08
  1.1849996E+03  9.0624170E-08
  1.1949998E+03  1.1455337E-07
  1.2049996E+03  1.1848730E-07
  1.2149998E+03  2.7183942E-08
  1.2249996E+03  1.9121039E-07
  1.2349996E+03  4.0614495E-07
  1.2449998E+03  5.6786138E-07
  1.2549996E+03  7.3907904E-07
  1.2650000E+03  9.6543090E-07
  1.2749998E+03  1.2491608E-06
  1.2849995E+03  1.3800568E-06
  1.2949998E+03  1.7236689E-06
  1.3049995E+03  2.1710182E-06
  1.3149998E+03  2.8234967E-06
  1.3249998E+03  3.1816719E-06
  1.3349996E+03  3.5795706E-06
  1.3449995E+03  4.7279482E-06
  1.3549996E+03  6.2915233E-06
  1.3649999E+03  6.9409193E-06
  1.3749999E+03  7.8503954E-06
  1.3849996E+03  8.9409641E-06
  1.3949999E+03  1.0363899E-05
  1.4050001E+03  1.4430560E-05
  1.4149998E+03  1.7941546E-05
  1.4249998E+03  2.1483878E-05
  1.4350000E+03  2.8450386E-05
  1.4419998E+03  4.0159717E-05
  1.4469999E+03  3.4646771E-05
  1.4549994E+03  4.2449177E-05
  1.4650000E+03  6.1638362E-05
  1.4749995E+03  7.3970892E-05
  1.4849996E+03  8.0817685E-05
  1.4949998E+03  1.1910871E-04
  1.5049996E+03  1.6182382E-04
  1.5119995E+03  1.0110349E-04
  1.5169994E+03  1.5476048E-04
  1.5250001E+03  3.8275504E-04
  1.5349994E+03  6.0028542E-04
  1.5449994E+03  4.2265659E-04
  1.5549998E+03  7.4052688E-04
  1.5649999E+03  6.9351593E-04
  1.5750001E+03  1.8335284E-03
  1.5850000E+03  1.8825965E-03
  1.5949996E+03  1.7792471E-03
  1.6049999E+03  1.8358249E-03
  1.6150000E+03  1.8790248E-03
  1.6249996E+03  1.8305754E-03
  1.6350000E+03  2.4810424E-03
  1.6449996E+03  3.4306629E-03
  1.6549999E+03  2.6562260E-03
  1.6649993E+03  4.4879541E-03
  1.6720000E+03  3.4792346E-03
  1.6770001E+03  6.2157684E-03
  1.6849998E+03  8.6247670E-03
  1.6950000E+03  1.2718071E-02
  1.7049995E+03  1.3550358E-02
  1.7150000E+03  1.3943562E-02
  1.7249993E+03  2.0163344E-02
  1.7349994E+03  2.4092859E-02
  1.7449993E+03  3.4576289E-02
  1.7550001E+03  3.4381494E-02
  1.7649998E+03  4.9846113E-02
  1.7749995E+03  3.7455399E-02
  1.7849995E+03  8.9605570E-02
  1.7949999E+03  6.8296656E-02
  1.8050001E+03  1.4412411E-01
  1.8150001E+03  8.3767608E-02
  1.8249994E+03  1.5618488E-01
  1.8349993E+03  1.2590130E-01
  1.8449993E+03  1.8276522E-01
  1.8549998E+03  1.2747084E-01
  1.8650002E+03  2.6632795E-01
  1.8750001E+03  2.2742483E-01
  1.8850000E+03  3.0624449E-01
  1.8950002E+03  3.9027411E-01
  1.9049996E+03  4.0288058E-01
  1.9149999E+03  6.3142830E-01
  1.9249993E+03  4.6989679E-01
  1.9350001E+03  3.2364491E-01
  1.9449993E+03  7.0030296E-01
  1.9550002E+03  1.0698671E+00
  1.9670002E+03  1.1167356E+00
  1.9759990E+03  1.3644922E+00
  1.9839996E+03  1.8038180E+00
  1.9950001E+03  1.4891270E+00
  2.0050002E+03  1.7196534E+00
  2.0149996E+03  1.9401610E+00
  2.0249994E+03  1.6726243E+00
  2.0349995E+03  2.1684861E+00
  2.0449998E+03  2.2433591E+00
  2.0550000E+03  2.7937672E+00
  2.0649993E+03  2.4769964E+00
  2.0739993E+03  2.2950947E+00
  2.0780002E+03  5.3025131E+00
  2.0849993E+03  7.3418021E+00
  2.0950005E+03  8.1715965E+00
  2.1050002E+03  6.7407694E+00
  2.1149990E+03  5.9952583E+00
  2.1250000E+03  6.9374356E+00
  2.1350002E+03  1.0148477E+01
  2.1449998E+03  7.1000824E+00
  2.1550005E+03  9.0386190E+00
  2.1649995E+03  8.5446091E+00
  2.1750002E+03  9.4250422E+00
  2.1849998E+03  7.8353472E+00
  2.1950000E+03  1.6688606E+01
  2.2050000E+03  1.1941182E+01
  2.2149998E+03  1.6259594E+01
  2.2249998E+03  1.3969326E+01
  2.2350005E+03  3.0015848E+01
  2.2449990E+03  3.1434654E+01
  2.2549993E+03  4.2170208E+01
  2.2650000E+03  1.4683865E+01
  2.2750000E+03  3.8376270E+01
  2.2850000E+03  3.5572716E+01
  2.2950002E+03  6.7442528E+01
  2.3050000E+03  1.6891571E+01
  2.3149995E+03  8.7666397E+01
  2.3250000E+03  5.6538265E+01
  2.3349995E+03  1.0699693E+02
  2.3449993E+03  5.8871925E+01
  2.3550000E+03  4.2081009E+01
  2.3649988E+03  6.7159981E+01
  2.3750000E+03  6.0899090E+01
  2.3849990E+03  1.2510920E+02
  2.3950000E+03  1.0519711E+02
  2.4050005E+03  2.1434727E+02
  2.4149993E+03  1.1932655E+02
  2.4249990E+03  1.7345187E+02
  2.4349990E+03  2.5111002E+02
  2.4450000E+03  3.8415515E+02
  2.4549990E+03  4.4707126E+02
  2.4649990E+03  2.3567282E+02
  2.4749993E+03  4.3569901E+02
  2.4850005E+03  9.8075089E+01
  2.4950000E+03  1.4519746E+02
  2.5050005E+03  3.6591269E+02
  2.5129988E+03  2.0718884E+02
  2.5179990E+03  1.8281328E+02
  2.5249998E+03  2.2906671E+02
  2.5350007E+03  8.0502863E+02
  2.5449988E+03  9.3592596E+02
  2.5550000E+03  1.2253586E+03
  2.5649990E+03  5.8268842E+02
  2.5749990E+03  1.1178777E+03
  2.5849993E+03  7.3461078E+02
  2.5949990E+03  9.9217993E+02
  2.6049995E+03  1.4162693E+03
  2.6149998E+03  1.1929122E+03
  2.6249990E+03  1.9714104E+03
  2.6350007E+03  3.8494624E+03
  2.6449995E+03  2.9598970E+03
  2.6549998E+03  7.1642632E+03
  2.6649995E+03  3.6399585E+03
  2.6749988E+03  3.5059729E+03
  2.6849988E+03  5.1274170E+03
  2.6949988E+03  2.4116973E+03
  2.7050000E+03  5.3932827E+03
  2.7150000E+03  3.9671006E+03
  2.7249995E+03  2.8593796E+03
  2.7350007E+03  3.3908960E+03
  2.7450002E+03  4.4541831E+03
  2.7549998E+03  4.7346113E+03
  2.7649983E+03  7.0273882E+03
  2.7750005E+03  9.8617725E+03
  2.7850000E+03  5.5580596E+03
  2.7949993E+03  4.6353179E+03
  2.8049995E+03  5.1965830E+03
  2.8150002E+03  8.0721445E+03
  2.8250007E+03  8.8142910E+03
  2.8350000E+03  6.9818105E+03
  2.8450002E+03  4.3321826E+03
  2.8550005E+03  1.6266344E+03
  2.8650000E+03  6.9414648E+03
  2.8749983E+03  8.9675381E+03
  2.8850000E+03  1.4103908E+04
  2.8949988E+03  2.1486904E+04
  2.9099988E+03  5.6313582E+04
  2.9299983E+03  5.6069648E+04
  2.9499990E+03  6.1511098E+04
  2.9700005E+03  5.5444980E+04
  2.9899980E+03  7.7806820E+04
  3.0099995E+03  8.2260805E+04
  3.0299995E+03  1.1472821E+05
  3.0499995E+03  1.2378230E+05
  3.0699995E+03  1.2329398E+05
  3.0899995E+03  8.5083664E+04
  3.1099995E+03  1.4438170E+05
  3.1299998E+03  1.0654152E+05
  3.1499995E+03  1.4013447E+05
  3.1699995E+03  1.8857838E+05
  3.1899995E+03  1.3988153E+05
  3.2099998E+03  1.5600780E+05
  3.2299993E+03  1.4448378E+05
  3.2499993E+03  2.5503009E+05
  3.2699995E+03  3.0175922E+05
  3.2899995E+03  3.2298719E+05
  3.3099998E+03  2.5780327E+05
  3.3299993E+03  2.7846028E+05
  3.3499995E+03  2.6228478E+05
  3.3699995E+03  1.4648170E+05
  3.3899993E+03  1.8689631E+05
  3.4099993E+03  2.1268977E+05
  3.4299995E+03  2.6781741E+05
  3.4499993E+03  3.2458716E+05
  3.4699998E+03  3.5752550E+05
  3.4899993E+03  4.3224981E+05
  3.5099995E+03  4.7877131E+05
  3.5299995E+03  3.9974359E+05
  3.5499995E+03  4.3548884E+05
  3.5699995E+03  3.0469950E+05
  3.5899995E+03  3.5512844E+05
  3.6099995E+03  5.1126850E+05
  3.6299993E+03  5.2146075E+05
  3.6399993E+03  5.0045891E+05
  3.6499995E+03  5.0396984E+05
  3.6699993E+03  5.8852931E+05
  3.6899995E+03  4.5265197E+05
  3.7099995E+03  4.1962028E+05
  3.7299998E+03  1.7052892E+05
  3.7499993E+03  2.1731977E+05
  3.7699993E+03  4.2842334E+05
  3.7899995E+03  4.5281622E+05
  3.8099993E+03  3.7265597E+05
  3.8299998E+03  1.4879889E+05
  3.8499995E+03  2.4029333E+05
  3.8699995E+03  2.2937683E+05
  3.8899995E+03  3.5823272E+05
  3.9099995E+03  5.3742269E+05
  3.9299993E+03  1.9382673E+05
  3.9499993E+03  4.5398728E+05
  3.9699998E+03  2.8774450E+05
  3.9899995E+03  8.5921588E+05
  4.0099995E+03  9.7811781E+05
  4.0299993E+03  9.0466619E+05
  4.0499993E+03  8.5670769E+05
  4.0699993E+03  7.6632056E+05
  4.0899995E+03  1.1268369E+06
  4.1099995E+03  9.5701500E+05
  4.1299995E+03  9.1216456E+05
  4.1499990E+03  8.4205794E+05
  4.1699990E+03  8.7815369E+05
  4.1899995E+03  8.8436069E+05
  4.2099995E+03  8.9283362E+05
  4.2299995E+03  7.8778994E+05
  4.2499995E+03  9.4608238E+05
  4.2699990E+03  8.7068756E+05
  4.2899995E+03  8.2807550E+05
  4.3100000E+03  7.5179900E+05
  4.3299995E+03  1.1957909E+06
  4.3499995E+03  1.2510386E+06
  4.3699995E+03  1.3453131E+06
  4.3899995E+03  1.1178390E+06
  4.4099995E+03  1.1861180E+06
  4.4299995E+03  1.3312711E+06
  4.4499995E+03  1.3722579E+06
  4.4699995E+03  1.5097115E+06
  4.4899995E+03  1.5752822E+06
  4.5099990E+03  1.8958809E+06
  4.5299995E+03  1.5719288E+06
  4.5499990E+03  1.7004262E+06
  4.5699995E+03  1.8597734E+06
  4.5899990E+03  1.7708771E+06
  4.6099990E+03  1.8239176E+06
  4.6299990E+03  1.7776152E+06
  4.6499990E+03  1.7973776E+06
  4.6699990E+03  1.9321290E+06
  4.6899990E+03  1.8637898E+06
  4.7099995E+03  1.8191249E+06
  4.7299990E+03  1.8618680E+06
  4.7499995E+03  1.8964805E+06
  4.7699995E+03  1.8642185E+06
  4.7899990E+03  1.8953156E+06
  4.8099995E+03  1.9592119E+06
  4.8299995E+03  2.0247329E+06
  4.8499990E+03  1.9545760E+06
  4.8700000E+03  1.7855856E+06
  4.8899990E+03  1.9304501E+06
  4.9099990E+03  1.9325700E+06
  4.9299990E+03  1.8415902E+06
  4.9499995E+03  1.9578896E+06
  4.9699995E+03  1.9137954E+06
  4.9899990E+03  1.7431026E+06
  5.0099995E+03  1.5929292E+06
  5.0299995E+03  1.7113200E+06
  5.0499995E+03  1.6463838E+06
  5.0699995E+03  1.7031832E+06
  5.0899995E+03  1.5732050E+06
  5.1099990E+03  1.6020331E+06
  5.1299995E+03  1.5280101E+06
  5.1499985E+03  1.4384681E+06
  5.1700000E+03  1.2708955E+06
  5.1899990E+03  1.3843661E+06
  5.2099990E+03  1.5952529E+06
  5.2299995E+03  1.9006820E+06
  5.2499995E+03  2.0486080E+06
  5.2699995E+03  1.6950541E+06
  5.2899990E+03  2.0795370E+06
  5.3099995E+03  2.2791495E+06
  5.3299990E+03  1.8989889E+06
  5.3499995E+03  2.1642490E+06
  5.3699995E+03  2.1234668E+06
  5.3899995E+03  2.0543112E+06
  5.4099990E+03  2.0282096E+06
  5.4299990E+03  2.0429392E+06
  5.4499990E+03  2.1482128E+06
  5.4699995E+03  2.1441160E+06
  5.4899995E+03  2.1782700E+06
  5.5099995E+03  2.1281130E+06
  5.5299985E+03  2.2297810E+06
  5.5499990E+03  2.2696330E+06
  5.5699990E+03  2.2033345E+06
  5.5899995E+03  2.1246628E+06
  5.6099990E+03  2.2667120E+06
  5.6299995E+03  2.2534882E+06
  5.6499990E+03  2.2894895E+06
  5.6699990E+03  2.2212198E+06
  5.6899995E+03  2.2877828E+06
  5.7099995E+03  2.1780752E+06
  5.7299990E+03  2.4005295E+06
  5.7499990E+03  2.3183400E+06
  5.7699990E+03  2.3570645E+06
  5.7899995E+03  2.2256222E+06
  5.8099985E+03  2.3595420E+06
  5.8300000E+03  2.4453522E+06
  5.8499990E+03  2.3550158E+06
  5.8699985E+03  2.3781372E+06
  5.8899985E+03  2.0836896E+06
  5.9099995E+03  2.3504762E+06
  5.9299985E+03  2.3558612E+06
  5.9499995E+03  2.3533512E+06
  5.9699990E+03  2.4054712E+06
  5.9899990E+03  2.3596152E+06
  6.0099990E+03  2.3159845E+06
  6.0299995E+03  2.3829122E+06
  6.0499990E+03  2.4207055E+06
  6.0699990E+03  2.3964975E+06
  6.0899995E+03  2.2981995E+06
  6.1099985E+03  2.3177928E+06
  6.1299995E+03  2.1638372E+06
  6.1499985E+03  2.2718040E+06
  6.1699985E+03  2.1298362E+06
  6.1900000E+03  2.3260128E+06
  6.2099995E+03  2.3043140E+06
  6.2299985E+03  2.2356732E+06
  6.2499990E+03  2.1571560E+06
  6.2699985E+03  2.2525662E+06
  6.2900000E+03  2.2976808E+06
  6.3099985E+03  2.2254225E+06
  6.3299995E+03  2.2624348E+06
  6.3499985E+03  2.2754882E+06
  6.3699985E+03  2.2651212E+06
  6.3899995E+03  2.3120425E+06
  6.4099990E+03  2.2561022E+06
  6.4299985E+03  2.2767150E+06
  6.4499985E+03  2.2527472E+06
  6.4699990E+03  2.2358712E+06
  6.4899990E+03  2.1923275E+06
  6.5099985E+03  2.2819948E+06
  6.5299990E+03  2.2972815E+06
  6.5499985E+03  2.2564915E+06
  6.5699985E+03  2.2003575E+06
  6.5899995E+03  2.2635338E+06
  6.6099985E+03  2.2885720E+06
  6.6299990E+03  2.2725568E+06
  6.6499985E+03  2.2732202E+06
  6.6699995E+03  2.2295462E+06
  6.6899990E+03  2.2941812E+06
  6.7099995E+03  2.2025415E+06
  6.7299990E+03  2.2862052E+06
  6.7499995E+03  2.2426628E+06
  6.7699985E+03  2.2618998E+06
  6.7899995E+03  2.2326598E+06
  6.8099995E+03  2.2367868E+06
  6.8300000E+03  2.2653778E+06
  6.8499985E+03  2.1897852E+06
  6.8699985E+03  2.2211955E+06
  6.8899985E+03  2.2434748E+06
  6.9099990E+03  2.2260880E+06
  6.9299995E+03  2.2066680E+06
  6.9499990E+03  2.1964042E+06
  6.9699985E+03  2.2104940E+06
  6.9899985E+03  2.1818250E+06
  7.0099985E+03  2.1339735E+06
  7.0299985E+03  2.1755908E+06
  7.0499990E+03  2.1918398E+06
  7.0699980E+03  2.1527010E+06
  7.0899990E+03  2.1428210E+06
  7.1099990E+03  2.1454638E+06
  7.1299995E+03  2.1065435E+06
  7.1499990E+03  2.0868904E+06
  7.1699995E+03  2.1201122E+06
  7.1899985E+03  2.0419458E+06
  7.2099985E+03  2.0846239E+06
  7.2299980E+03  2.1277362E+06
  7.2499990E+03  2.1124290E+06
  7.2699995E+03  2.1160048E+06
  7.2899990E+03  2.0671229E+06
  7.3099980E+03  2.0923472E+06
  7.3299980E+03  2.0804540E+06
  7.3499980E+03  2.0756328E+06
  7.3699985E+03  2.1096732E+06
  7.3899995E+03  2.0599834E+06
  7.4099985E+03  2.0285700E+06
  7.4299995E+03  2.0713021E+06
  7.4500000E+03  2.0677298E+06
  7.4700000E+03  2.0789522E+06
  7.4899990E+03  2.0624928E+06
  7.5099985E+03  2.0799776E+06
  7.5299995E+03  2.0912671E+06
  7.5499980E+03  2.0989730E+06
  7.5699985E+03  2.0798758E+06
  7.5899990E+03  2.0629122E+06
  7.6099980E+03  2.0598249E+06
  7.6299995E+03  2.0699419E+06
  7.6499995E+03  2.0747115E+06
  7.6699980E+03  1.9886608E+06
  7.6899990E+03  2.0650339E+06
  7.7099995E+03  2.0156745E+06
  7.7299985E+03  2.0295319E+06
  7.7499990E+03  2.0053336E+06
  7.7700000E+03  2.0561132E+06
  7.7900000E+03  2.0437068E+06
  7.8099995E+03  2.0349828E+06
  7.8299980E+03  2.0094848E+06
  7.8499980E+03  1.9996861E+06
  7.8699995E+03  2.0266382E+06
  7.8900000E+03  1.9958006E+06
  7.9099995E+03  1.9516414E+06
  7.9300000E+03  1.9379751E+06
  7.9499985E+03  1.9062420E+06
  7.9699990E+03  1.9720085E+06
  7.9900000E+03  1.9632694E+06
  8.0099980E+03  1.9472544E+06
  8.0299985E+03  1.9454536E+06
  8.0500000E+03  1.9318449E+06
  8.0699985E+03  1.9271990E+06
  8.0899990E+03  1.8895916E+06
  8.1099995E+03  1.9005596E+06
  8.1299976E+03  1.9215436E+06
  8.1499976E+03  1.9134289E+06
  8.1699980E+03  1.9125944E+06
  8.1899985E+03  1.8424379E+06
  8.2099990E+03  1.8582878E+06
  8.2300000E+03  1.8738506E+06
  8.2500000E+03  1.8823228E+06
  8.2700000E+03  1.9079322E+06
  8.2899980E+03  1.8926535E+06
  8.3099990E+03  1.8368550E+06
  8.3299980E+03  1.8271770E+06
  8.3500000E+03  1.8331302E+06
  8.3699990E+03  1.8469129E+06
  8.3899990E+03  1.7632982E+06
  8.4099971E+03  1.8480828E+06
  8.4300000E+03  1.7835006E+06
  8.4499990E+03  1.8267749E+06
  8.4699980E+03  1.8151129E+06
  8.4899980E+03  1.8348992E+06
  8.5099990E+03  1.7512188E+06
  8.5299990E+03  1.8290694E+06
  8.5499990E+03  1.7184831E+06
  8.5699990E+03  1.8365026E+06
  8.5900000E+03  1.8015132E+06
  8.6099980E+03  1.7982364E+06
  8.6299990E+03  1.8113585E+06
  8.6499990E+03  1.8254984E+06
  8.6699990E+03  1.6803635E+06
  8.6899990E+03  1.7277636E+06
  8.7099971E+03  1.7779895E+06
  8.7299990E+03  1.7811220E+06
  8.7499980E+03  1.7721039E+06
  8.7699980E+03  1.7807332E+06
  8.7899980E+03  1.7705421E+06
  8.8099990E+03  1.7105766E+06
  8.8299980E+03  1.7432791E+06
  8.8499980E+03  1.7653275E+06
  8.8699980E+03  1.7348701E+06
  8.8899990E+03  1.7660654E+06
  8.9099971E+03  1.7765114E+06
  8.9299980E+03  1.7302961E+06
  8.9499980E+03  1.7217720E+06
  8.9699990E+03  1.7301155E+06
  8.9899990E+03  1.7347321E+06
  9.0099980E+03  1.6636940E+06
  9.0299990E+03  1.7129292E+06
  9.0499990E+03  1.7498924E+06
  9.0699980E+03  1.7342159E+06
  9.0899990E+03  1.6723815E+06
  9.1099980E+03  1.6827050E+06
  9.1299980E+03  1.7137569E+06
  9.1499980E+03  1.7011882E+06
  9.1699980E+03  1.6984800E+06
  9.1899990E+03  1.7187066E+06
  9.2099990E+03  1.6767854E+06
  9.2299980E+03  1.6944232E+06
  9.2499980E+03  1.6668942E+06
  9.2699971E+03  1.6715466E+06
  9.2899990E+03  1.6618248E+06
  9.3099980E+03  1.6821189E+06
  9.3299990E+03  1.6703705E+06
  9.3499980E+03  1.6633618E+06
  9.3699990E+03  1.6330969E+06
  9.3900000E+03  1.6560988E+06
  9.4099980E+03  1.6062665E+06
  9.4299971E+03  1.6505531E+06
  9.4499990E+03  1.6045089E+06
  9.4700000E+03  1.6410908E+06
  9.4899980E+03  1.6442214E+06
  9.5100000E+03  1.6301058E+06
  9.5300000E+03  1.6253450E+06
  9.5500000E+03  1.5942144E+06
  9.5699990E+03  1.5902732E+06
  9.5899980E+03  1.6227676E+06
  9.6099980E+03  1.5934206E+06
  9.6299990E+03  1.5947304E+06
  9.6499990E+03  1.5537396E+06
  9.6699980E+03  1.5550145E+06
  9.6899980E+03  1.5828264E+06
  9.7100000E+03  1.5646446E+06
  9.7299990E+03  1.5487089E+06
  9.7499980E+03  1.5459285E+06
  9.7699961E+03  1.5498680E+06
  9.7899980E+03  1.5166161E+06
  9.8099980E+03  1.5635216E+06
  9.8299990E+03  1.5461710E+06
  9.8499980E+03  1.5600514E+06
  9.8700000E+03  1.5434866E+06
  9.8899980E+03  1.5430284E+06
  9.9099990E+03  1.5378802E+06
  9.9300000E+03  1.5391031E+06
  9.9499980E+03  1.5365378E+06
  9.9699980E+03  1.5360264E+06
  9.9899990E+03  1.5276549E+06
  1.0024998E+04  1.5158449E+06
  1.0074998E+04  1.4978675E+06
  1.0124997E+04  1.4963032E+06
  1.0174997E+04  1.4751564E+06
  1.0224998E+04  1.4717909E+06
  1.0274997E+04  1.4702054E+06
  1.0325000E+04  1.4428538E+06
  1.0374999E+04  1.4312204E+06
  1.0425000E+04  1.4364510E+06
  1.0474998E+04  1.4187198E+06
  1.0524997E+04  1.4186380E+06
  1.0574999E+04  1.3986512E+06
  1.0625000E+04  1.3920256E+06
  1.0674997E+04  1.3676114E+06
  1.0724998E+04  1.3664178E+06
  1.0774999E+04  1.3505858E+06
  1.0824997E+04  1.3261465E+06
  1.0874997E+04  1.3275185E+06
  1.0924999E+04  1.3375210E+06
  1.0974996E+04  1.3137272E+06
  1.1025000E+04  1.3177374E+06
  1.1074998E+04  1.3153880E+06
  1.1124999E+04  1.3044125E+06
  1.1174998E+04  1.2880901E+06
  1.1224999E+04  1.2877929E+06
  1.1274997E+04  1.2632390E+06
  1.1325000E+04  1.2612439E+06
  1.1375000E+04  1.2475309E+06
  1.1425000E+04  1.2313249E+06
  1.1474997E+04  1.2463966E+06
  1.1525000E+04  1.2423836E+06
  1.1574998E+04  1.2241099E+06
  1.1625000E+04  1.2042354E+06
  1.1674998E+04  1.2052475E+06
  1.1724997E+04  1.2128302E+06
  1.1775001E+04  1.1891012E+06
  1.1824999E+04  1.1770734E+06
  1.1875000E+04  1.1623462E+06
  1.1925000E+04  1.1834564E+06
  1.1975001E+04  1.1352379E+06
  1.2024998E+04  1.1589312E+06
  1.2074996E+04  1.1432819E+06
  1.2125000E+04  1.1471965E+06
  1.2175000E+04  1.1499926E+06
  1.2225001E+04  1.1405041E+06
  1.2275001E+04  1.1309068E+06
  1.2324996E+04  1.1239825E+06
  1.2374996E+04  1.1201336E+06
  1.2424998E+04  1.1075978E+06
  1.2475000E+04  1.1085649E+06
  1.2524997E+04  1.0946652E+06
  1.2574997E+04  1.0943635E+06
  1.2624999E+04  1.0867521E+06
  1.2674997E+04  1.0743965E+06
  1.2724999E+04  1.0761135E+06
  1.2774999E+04  1.0762011E+06
  1.2825000E+04  1.0394475E+06
  1.2875001E+04  1.0511166E+06
  1.2924997E+04  1.0384676E+06
  1.2975001E+04  1.0497909E+06
  1.3024998E+04  1.0345300E+06
  1.3074999E+04  1.0394361E+06
  1.3125000E+04  1.0141017E+06
  1.3174998E+04  1.0133645E+06
  1.3224998E+04  1.0186405E+06
  1.3274997E+04  1.0001431E+06
  1.3324997E+04  1.0058701E+06
  1.3374999E+04  9.9840544E+05
  1.3424999E+04  1.0041513E+06
  1.3474999E+04  9.9611138E+05
  1.3525001E+04  9.9271400E+05
  1.3574999E+04  9.7480488E+05
  1.3624997E+04  9.7050475E+05
  1.3674997E+04  9.7292944E+05
  1.3724995E+04  9.7517344E+05
  1.3774998E+04  9.6683594E+05
  1.3824998E+04  9.6608381E+05
  1.3874996E+04  9.5533750E+05
  1.3925000E+04  9.5977675E+05
  1.3974996E+04  9.5660612E+05
  1.4024997E+04  9.3943588E+05
  1.4075001E+04  9.4796706E+05
  1.4124996E+04  9.3430075E+05
  1.4175000E+04  9.4320762E+05
  1.4225000E+04  9.2446850E+05
  1.4274994E+04  9.0360256E+05
  1.4325001E+04  9.2524694E+05
  1.4374998E+04  9.2746362E+05
  1.4424999E+04  8.9790675E+05
  1.4475000E+04  9.1690456E+05
  1.4524997E+04  9.0104981E+05
  1.4569999E+04  9.0438344E+05
  1.4620000E+04  9.0596306E+05
  1.4674998E+04  9.0299875E+05
  1.4725000E+04  8.8532219E+05
  1.4775002E+04  8.8741656E+05
  1.4824998E+04  8.8649794E+05
  1.4874996E+04  8.6336894E+05
  1.4924997E+04  8.9136794E+05
  1.4974999E+04  8.7628619E+05
  1.5024999E+04  8.3910694E+05
  1.5075000E+04  8.4788931E+05
  1.5124999E+04  8.6977812E+05
  1.5175000E+04  8.6844019E+05
  1.5225002E+04  8.6066500E+05
  1.5274998E+04  8.6634256E+05
  1.5324995E+04  8.5842112E+05
  1.5374997E+04  8.6126144E+05
  1.5425001E+04  8.6146581E+05
  1.5474996E+04  8.5582994E+05
  1.5524994E+04  8.4121388E+05
  1.5575001E+04  8.3603819E+05
  1.5624998E+04  8.4850369E+05
  1.5674997E+04  8.2289088E+05
  1.5724994E+04  8.3281050E+05
  1.5774996E+04  7.9412762E+05
  1.5825001E+04  8.1541281E+05
  1.5874995E+04  7.8662100E+05
  1.5925002E+04  8.0221831E+05
  1.5975001E+04  8.1214388E+05
  1.6049998E+04  8.0667775E+05
  1.6150001E+04  7.9406088E+05
  1.6249997E+04  7.9053862E+05
  1.6350000E+04  7.8092594E+05
  1.6449996E+04  7.6424900E+05
  1.6549998E+04  7.5853462E+05
  1.6649994E+04  7.4495275E+05
  1.6749998E+04  7.2351556E+05
  1.6849998E+04  7.0762888E+05
  1.6950000E+04  7.0807619E+05
  1.7049996E+04  6.8233869E+05
  1.7150000E+04  6.7307212E+05
  1.7249992E+04  6.5431481E+05
  1.7349994E+04  6.3907200E+05
  1.7449992E+04  6.3194181E+05
  1.7550000E+04  6.2149431E+05
  1.7649998E+04  6.1133981E+05
  1.7749994E+04  5.9645962E+05
  1.7849994E+04  5.9018562E+05
  1.7949998E+04  5.7705656E+05
  1.8050002E+04  5.6358025E+05
  1.8150002E+04  5.5209219E+05
  1.8249994E+04  5.4181719E+05
  1.8349992E+04  5.3098281E+05
  1.8449992E+04  5.1603453E+05
  1.8549998E+04  5.1274088E+05
  1.8650002E+04  4.9621988E+05
  1.8750002E+04  4.8361122E+05
  1.8850000E+04  4.8311647E+05
  1.8950004E+04  4.6043756E+05
  1.9049996E+04  4.6713972E+05
  1.9149998E+04  4.5688025E+05
  1.9249992E+04  4.4946206E+05
  1.9350000E+04  4.3552106E+05
  1.9449992E+04  4.2450181E+05
  1.9550002E+04  4.2457584E+05
  1.9649992E+04  4.1623628E+05
  1.9749992E+04  4.0518419E+05
  1.9849992E+04  3.9989775E+05
  1.9950002E+04  3.9438388E+05
  2.0050002E+04  3.9247453E+05
  2.0149996E+04  3.8704869E+05
  2.0249994E+04  3.7470053E+05
  2.0349994E+04  3.6780662E+05
  2.0449996E+04  3.6681266E+05
  2.0550000E+04  3.5939741E+05
  2.0649992E+04  3.5082759E+05
  2.0749998E+04  3.4642162E+05
  2.0849992E+04  3.4035966E+05
  2.0950004E+04  3.3125525E+05
  2.1050002E+04  3.3002847E+05
  2.1149992E+04  3.2319278E+05
  2.1250000E+04  3.1786359E+05
  2.1350002E+04  3.1443000E+05
  2.1449996E+04  3.0893425E+05
  2.1550006E+04  3.0395619E+05
  2.1649994E+04  2.9617188E+05
  2.1750002E+04  2.9149547E+05
  2.1849998E+04  2.8758672E+05
  2.1950002E+04  2.8388531E+05
  2.2050000E+04  2.7514853E+05
  2.2149996E+04  2.7562609E+05
  2.2249998E+04  2.6793375E+05
  2.2350004E+04  2.6445528E+05
  2.2449990E+04  2.6066231E+05
  2.2549994E+04  2.5753309E+05
  2.2650000E+04  2.5115902E+05
  2.2750000E+04  2.5004773E+05
  2.2850000E+04  2.4367898E+05
  2.2950004E+04  2.1635392E+05
  2.3050000E+04  2.2651384E+05
  2.3149996E+04  2.2444170E+05
  2.3250000E+04  1.9884047E+05
  2.3349996E+04  2.0876317E+05
  2.3449994E+04  2.1152866E+05
  2.3550002E+04  1.8586588E+05
  2.3649988E+04  1.9857692E+05
  2.3750000E+04  1.9865120E+05
  2.3849990E+04  1.7700733E+05
  2.3950002E+04  1.8668428E+05
  2.4050006E+04  1.8884759E+05
  2.4149992E+04  1.7149358E+05
  2.4249990E+04  1.7744944E+05
  2.4349990E+04  1.7926716E+05
  2.4450002E+04  1.6874766E+05
  2.4549990E+04  1.6648206E+05
  2.4649992E+04  1.7238194E+05
  2.4749992E+04  1.6567805E+05
  2.4850006E+04  1.5810000E+05
  2.4950000E+04  1.6268142E+05
  2.5050006E+04  1.6510739E+05
  2.5149994E+04  1.5335027E+05
  2.5249998E+04  1.5768056E+05
  2.5350004E+04  1.5718344E+05
  2.5449988E+04  1.5248423E+05
  2.5549998E+04  1.5078498E+05
  2.5649990E+04  1.5039041E+05
  2.5749990E+04  1.5050297E+05
  2.5849994E+04  1.4302072E+05
  2.5949990E+04  1.4461716E+05
  2.6049996E+04  1.4435277E+05
  2.6149998E+04  1.4187350E+05
  2.6249988E+04  1.3902878E+05
  2.6350008E+04  1.3859389E+05
  2.6449996E+04  1.3702567E+05
  2.6549994E+04  1.3513497E+05
  2.6649994E+04  1.3196383E+05
  2.6749988E+04  1.3388528E+05
  2.6849986E+04  1.3203808E+05
  2.6949986E+04  1.2936907E+05
  2.7050002E+04  1.2876429E+05
  2.7149998E+04  1.2729622E+05
  2.7249994E+04  1.2598318E+05
  2.7350006E+04  1.2387490E+05
  2.7450004E+04  1.2320899E+05
  2.7549996E+04  1.2192909E+05
  2.7649982E+04  1.1981201E+05
  2.7750004E+04  1.1806927E+05
  2.7850000E+04  1.1714036E+05
  2.7949992E+04  1.1635194E+05
  2.8049994E+04  1.1472416E+05
  2.8150002E+04  1.1312602E+05
  2.8250006E+04  1.1185445E+05
  2.8350000E+04  1.1094024E+05
  2.8450000E+04  1.0918428E+05
  2.8550002E+04  1.0790770E+05
  2.8650002E+04  1.0660498E+05
  2.8749982E+04  1.0535889E+05
  2.8849998E+04  1.0411366E+05
  2.8949986E+04  1.0290126E+05
  2.9049994E+04  1.0157346E+05
  2.9149986E+04  1.0048321E+05
  2.9249984E+04  9.8335422E+04
  2.9349980E+04  9.7942023E+04
  2.9450000E+04  9.6496008E+04
  2.9550004E+04  9.5472953E+04
  2.9649982E+04  9.4547344E+04
  2.9749992E+04  9.3427500E+04
  2.9849994E+04  9.2126062E+04
  2.9949984E+04  9.0873562E+04
  3.0049996E+04  8.9814938E+04
  3.0149994E+04  8.8967328E+04
  3.0249994E+04  8.7630797E+04
  3.0349996E+04  8.6383516E+04
  3.0449996E+04  8.5747992E+04
  3.0549996E+04  8.4569953E+04
  3.0649996E+04  8.3437531E+04
  3.0749994E+04  8.2680586E+04
  3.0849996E+04  8.1290414E+04
  3.0949994E+04  8.0498531E+04
  3.1049996E+04  7.9797188E+04
  3.1149996E+04  7.8082070E+04
  3.1249996E+04  7.7803039E+04
  3.1349996E+04  7.6958664E+04
  3.1449996E+04  7.6016781E+04
  3.1549998E+04  7.4861984E+04
  3.1649996E+04  7.3972227E+04
  3.1749998E+04  7.3335062E+04
  3.1849996E+04  7.2466773E+04
  3.1949994E+04  7.1718625E+04
  3.2099996E+04  7.0351594E+04
  3.2299992E+04  6.8688656E+04
  3.2499994E+04  6.7111109E+04
  3.2699996E+04  6.5521102E+04
  3.2899996E+04  6.3957723E+04
  3.3099996E+04  6.2523512E+04
  3.3299992E+04  6.1013723E+04
  3.3499996E+04  5.9874469E+04
  3.3699996E+04  5.8479230E+04
  3.3899996E+04  5.7033988E+04
  3.4099996E+04  5.5715715E+04
  3.4299996E+04  5.4738035E+04
  3.4499992E+04  5.3627305E+04
  3.4699996E+04  5.2410164E+04
  3.4899996E+04  5.1303945E+04
  3.5099996E+04  5.0265324E+04
  3.5299996E+04  4.9056418E+04
  3.5499996E+04  4.8119598E+04
  3.5699992E+04  4.7052852E+04
  3.5899992E+04  4.6038961E+04
  3.6099996E+04  4.5189121E+04
  3.6299992E+04  4.4249398E+04
  3.6499992E+04  4.3194586E+04
  3.6699992E+04  4.2249586E+04
  3.6899992E+04  4.1184137E+04
  3.7099996E+04  4.0292410E+04
  3.7299996E+04  3.9720672E+04
  3.7499992E+04  3.8652484E+04
  3.7699996E+04  3.8134785E+04
  3.7899996E+04  3.7337336E+04
  3.8099992E+04  3.6684254E+04
  3.8299996E+04  3.6042730E+04
  3.8499996E+04  3.5364238E+04
  3.8699996E+04  3.4499090E+04
  3.8899992E+04  3.3918707E+04
  3.9099996E+04  3.3331098E+04
  3.9299992E+04  3.2690260E+04
  3.9499992E+04  3.1903705E+04
  3.9699992E+04  3.1370328E+04
  3.9900000E+04  3.0566770E+04
  4.0099996E+04  3.0143143E+04
  4.0299992E+04  2.9677689E+04
  4.0499996E+04  2.9033881E+04
  4.0699992E+04  2.8535463E+04
  4.0899992E+04  2.8036363E+04
  4.1099996E+04  2.7523297E+04
  4.1299996E+04  2.7060799E+04
  4.1499992E+04  2.6518428E+04
  4.1699992E+04  2.6039346E+04
  4.1899996E+04  2.5499506E+04
  4.2099996E+04  2.4930477E+04
  4.2299992E+04  2.4710027E+04
  4.2499996E+04  2.4171400E+04
  4.2699992E+04  2.3815334E+04
  4.2899992E+04  2.2152707E+04
  4.3099996E+04  2.0485361E+04
  4.3299996E+04  2.0658240E+04
  4.3499992E+04  1.9290488E+04
  4.3699996E+04  1.8550707E+04
  4.3899996E+04  1.8125789E+04
  4.4099992E+04  1.7076105E+04
  4.4299992E+04  1.6778867E+04
  4.4499996E+04  1.6501871E+04
  4.4699996E+04  1.5639940E+04
  4.4899996E+04  1.5753383E+04
  4.5099992E+04  1.5250949E+04
  4.5299992E+04  1.4719486E+04
  4.5499996E+04  1.4771067E+04
  4.5699992E+04  1.4665333E+04
  4.5899996E+04  1.4019955E+04
  4.6099996E+04  1.4196382E+04
  4.6299992E+04  1.3894571E+04
  4.6499988E+04  1.3825485E+04
  4.6699992E+04  1.3837220E+04
  4.6899992E+04  1.3563941E+04
  4.7099992E+04  1.3282059E+04
  4.7299992E+04  1.3471726E+04
  4.7499996E+04  1.3090191E+04
  4.7699992E+04  1.2917234E+04
  4.7899992E+04  1.2852941E+04
  4.8099996E+04  1.2439009E+04
  4.8299992E+04  1.2643521E+04
  4.8499992E+04  1.2375456E+04
  4.8700000E+04  1.2079429E+04
  4.8899992E+04  1.1913079E+04
  4.9099988E+04  1.1803414E+04
  4.9299988E+04  1.1592982E+04
  4.9499996E+04  1.1377869E+04
  4.9699992E+04  1.1337271E+04
  4.9899988E+04  1.1160032E+04
  5.0099996E+04  1.1043488E+04
  5.0299996E+04  1.0902685E+04
  5.0499996E+04  1.0621058E+04
  5.0699996E+04  1.0583301E+04
  5.0899992E+04  1.0451585E+04
  5.1099992E+04  1.0215846E+04
  5.1299996E+04  1.0236980E+04
  5.1499988E+04  1.0008767E+04
  5.1699996E+04  1.0017452E+04
  5.1899992E+04  9.8001162E+03
  5.2099992E+04  9.7343184E+03
  5.2299996E+04  9.5163564E+03
  5.2499996E+04  9.4880010E+03
  5.2699996E+04  9.4785215E+03
  5.2899992E+04  9.1973760E+03
  5.3099988E+04  9.1071133E+03
  5.3299988E+04  9.0491074E+03
  5.3499992E+04  8.9468281E+03
  5.3699992E+04  8.8652852E+03
  5.3899992E+04  8.7701807E+03
  5.4099992E+04  8.6696719E+03
  5.4299984E+04  8.4779004E+03
  5.4499988E+04  8.4760371E+03
  5.4699996E+04  8.3384932E+03
  5.4899992E+04  8.2432285E+03
  5.5099992E+04  8.1518525E+03
  5.5299988E+04  8.2216074E+03
  5.5499988E+04  7.9364395E+03
  5.5699992E+04  7.9779038E+03
  5.5899992E+04  7.8216958E+03
  5.6099988E+04  7.7657876E+03
  5.6299996E+04  7.6127725E+03
  5.6499988E+04  7.6040562E+03
  5.6699988E+04  7.5196875E+03
  5.6899992E+04  7.3660317E+03
  5.7099996E+04  7.3690581E+03
  5.7299988E+04  7.2658442E+03
  5.7499988E+04  7.1924844E+03
  5.7699988E+04  7.0806987E+03
  5.7899996E+04  7.0588350E+03
  5.8099988E+04  6.9238301E+03
  5.8299996E+04  6.8576724E+03
  5.8499992E+04  6.7912690E+03
  5.8699988E+04  6.6734570E+03
  5.8899988E+04  6.6080142E+03
  5.9099992E+04  6.5513926E+03
  5.9299988E+04  6.4802788E+03
  5.9499996E+04  6.3857061E+03
  5.9699988E+04  6.3408804E+03
  5.9899992E+04  6.2657432E+03
  6.0099992E+04  6.1917773E+03
  6.0299992E+04  6.1194819E+03
  6.0499988E+04  6.0238193E+03
  6.0699992E+04  5.9562744E+03
  6.0899992E+04  5.8878608E+03
  6.1099988E+04  5.8025552E+03
  6.1299992E+04  5.7550278E+03
  6.1499988E+04  5.6952471E+03
  6.1699988E+04  5.6381968E+03
  6.1899996E+04  5.5763540E+03
  6.2099996E+04  5.5170479E+03
  6.2299988E+04  5.4365493E+03
  6.2499992E+04  5.3606289E+03
  6.2699988E+04  5.2987905E+03
  6.2899996E+04  5.2489590E+03
  6.3099984E+04  5.1807310E+03
  6.3299996E+04  5.1429658E+03
  6.3499984E+04  5.0710078E+03
  6.3699984E+04  5.0294658E+03
  6.3900000E+04  4.9576177E+03
  6.4199992E+04  4.8761123E+03
  6.4599984E+04  4.7598545E+03
  6.4999992E+04  4.6526768E+03
  6.5399992E+04  4.5489019E+03
  6.5799992E+04  4.4509541E+03
  6.6199984E+04  4.3464390E+03
  6.6599984E+04  4.2503901E+03
  6.6999992E+04  4.1558975E+03
  6.7399992E+04  4.0588650E+03
  6.7799992E+04  3.9703005E+03
  6.8199992E+04  3.8810173E+03
  6.8599992E+04  3.7970635E+03
  6.8999984E+04  3.7120208E+03
  6.9399984E+04  3.6301660E+03
  6.9800000E+04  3.5518704E+03
  7.0199992E+04  3.4705337E+03
  7.0599984E+04  3.3982900E+03
  7.0999977E+04  3.3246091E+03
  7.1399977E+04  3.2535432E+03
  7.1799984E+04  3.1831189E+03
  7.2199984E+04  3.1157139E+03
  7.2600000E+04  3.0488816E+03
  7.2999984E+04  2.9850217E+03
  7.3400000E+04  2.9208284E+03
  7.3799984E+04  2.8608931E+03
  7.4199992E+04  2.7981069E+03
  7.4599992E+04  2.7398845E+03
  7.5000000E+04  2.6844153E+03
  7.5399992E+04  2.6277139E+03
  7.5799992E+04  2.5774329E+03
  7.6199984E+04  2.5248811E+03
  7.6599992E+04  2.4739248E+03
  7.6999992E+04  2.4231899E+03
  7.7399992E+04  2.3753184E+03
  7.7799984E+04  2.3281765E+03
  7.8199984E+04  2.2818723E+03
  7.8599984E+04  2.2368145E+03
  7.8999984E+04  2.1927307E+03
  7.9399984E+04  2.1498381E+03
  7.9800000E+04  2.1081653E+03
  8.0199992E+04  2.0658103E+03
  8.0599984E+04  2.0257565E+03
  8.0999992E+04  1.9879976E+03
  8.1399977E+04  1.9490063E+03
  8.1799984E+04  1.9131571E+03
  8.2199984E+04  1.8770198E+03
  8.2599992E+04  1.8413800E+03
  8.2999984E+04  1.8069409E+03
  8.3400000E+04  1.7722628E+03
  8.3799992E+04  1.7391294E+03
  8.4199992E+04  1.7080851E+03
  8.4599977E+04  1.6763386E+03
  8.4999977E+04  1.6456857E+03
  8.5399984E+04  1.6157897E+03
  8.5799984E+04  1.5866349E+03
  8.6199992E+04  1.5579501E+03
  8.6599992E+04  1.5300782E+03
  8.6999984E+04  1.5026521E+03
  8.7399992E+04  1.4759089E+03
  8.7799992E+04  1.4495900E+03
  8.8199984E+04  1.4233478E+03
  8.8599977E+04  1.3984312E+03
  8.8999992E+04  1.3734752E+03
  8.9399977E+04  1.3503712E+03
  8.9799977E+04  1.3259877E+03
  9.0199984E+04  1.3039274E+03
  9.0599984E+04  1.2816533E+03
  9.0999992E+04  1.2581729E+03
  9.1400000E+04  1.2377594E+03
  9.1799969E+04  1.2166703E+03
  9.2199969E+04  1.1965638E+03
  9.2599984E+04  1.1763190E+03
  9.3000000E+04  1.1566387E+03
  9.3399984E+04  1.1371660E+03
  9.3799984E+04  1.1183250E+03
  9.4199977E+04  1.0998051E+03
  9.4599984E+04  1.0814308E+03
  9.4999969E+04  1.0637028E+03
  9.5399984E+04  1.0463568E+03
  9.5799984E+04  1.0293862E+03
  9.6199992E+04  1.0125798E+03
  9.6599984E+04  9.9625830E+02
  9.7000000E+04  9.8025055E+02
  9.7399977E+04  9.6332074E+02
  9.7799984E+04  9.4872180E+02
  9.8199977E+04  9.3393756E+02
  9.8599977E+04  9.1916760E+02
  9.8999992E+04  9.0468207E+02
  9.9399984E+04  8.9032367E+02
  9.9799977E+04  8.7646851E+02
  1.0019999E+05  8.6276782E+02
  1.9999991E+05  5.6032494E+01
  3.9999994E+05  3.5283413E+00
  5.9999981E+05  6.9435078E-01
  7.9999994E+05  2.1845810E-01
