  9.2499988E+02  2.0489438E-11
  9.3499982E+02  3.1917118E-11
  9.4500000E+02  4.6683213E-11
  9.5500000E+02  5.5417886E-11
  9.6499988E+02  1.1851482E-10
  9.7499982E+02  1.2821906E-10
  9.8499976E+02  2.1797698E-10
  9.9499988E+02  3.6205422E-10
  1.0049999E+03  4.6889054E-10
  1.0149997E+03  6.8118977E-10
  1.0249998E+03  9.2345132E-10
  1.0349998E+03  2.2447668E-09
  1.0449998E+03  3.0744793E-09
  1.0549999E+03  3.2654548E-09
  1.0649999E+03  7.5341635E-09
  1.0750000E+03  1.0501743E-08
  1.0849996E+03  1.9089399E-08
  1.0949999E+03  2.5151987E-08
  1.1049999E+03  3.2887108E-08
  1.1149999E+03  4.3784645E-08
  1.1249999E+03  9.2868710E-08
  1.1349996E+03  1.5596899E-07
  1.1449999E+03  2.4213620E-07
  1.1549999E+03  3.3854511E-07
  1.1650000E+03  4.2918793E-07
  1.1749995E+03  6.5022573E-07
  1.1849996E+03  8.0069816E-07
  1.1949998E+03  9.3603893E-07
  1.2049996E+03  8.6587482E-07
  1.2149998E+03  1.7464127E-07
  1.2249996E+03  1.3722190E-06
  1.2349996E+03  3.4333241E-06
  1.2449998E+03  4.9482492E-06
  1.2549996E+03  6.6382927E-06
  1.2650000E+03  8.5885395E-06
  1.2749998E+03  1.1207036E-05
  1.2849995E+03  1.2138696E-05
  1.2949998E+03  1.4693946E-05
  1.3049995E+03  1.9073084E-05
  1.3149998E+03  2.3653323E-05
  1.3249998E+03  2.6698832E-05
  1.3349996E+03  2.9447852E-05
  1.3449995E+03  3.9297174E-05
  1.3549996E+03  5.1531311E-05
  1.3649999E+03  5.6549648E-05
  1.3749999E+03  6.2192223E-05
  1.3849996E+03  7.1248818E-05
  1.3949999E+03  8.1288897E-05
  1.4050001E+03  1.1195354E-04
  1.4149998E+03  1.3975566E-04
  1.4249998E+03  1.6374870E-04
  1.4350000E+03  2.1855079E-04
  1.4419998E+03  3.1401616E-04
  1.4469999E+03  2.6350329E-04
  1.4549994E+03  3.2142072E-04
  1.4650000E+03  4.6862007E-04
  1.4749995E+03  5.6512805E-04
  1.4849996E+03  6.0392451E-04
  1.4949998E+03  8.9698576E-04
  1.5049996E+03  1.2164938E-03
  1.5119995E+03  7.3942839E-04
  1.5169994E+03  1.1196299E-03
  1.5250001E+03  2.6591008E-03
  1.5349994E+03  4.1825236E-03
  1.5449994E+03  2.8526955E-03
  1.5549998E+03  5.0042043E-03
  1.5649999E+03  4.5443773E-03
  1.5750001E+03  1.1468780E-02
  1.5850000E+03  1.1513771E-02
  1.5949996E+03  1.0895981E-02
  1.6049999E+03  1.1026210E-02
  1.6150000E+03  1.1046222E-02
  1.6249996E+03  1.0568289E-02
  1.6350000E+03  1.4291538E-02
  1.6449996E+03  1.9527016E-02
  1.6549999E+03  1.4974282E-02
  1.6649993E+03  2.5469564E-02
  1.6720000E+03  1.9683050E-02
  1.6770001E+03  3.4285117E-02
  1.6849998E+03  4.7207993E-02
  1.6950000E+03  6.7937233E-02
  1.7049995E+03  7.1276739E-02
  1.7150000E+03  7.4600488E-02
  1.7249993E+03  1.0448450E-01
  1.7349994E+03  1.2184595E-01
  1.7449993E+03  1.7350623E-01
  1.7550001E+03  1.7423758E-01
  1.7649998E+03  2.3537163E-01
  1.7749995E+03  1.9182080E-01
  1.7849995E+03  4.0633708E-01
  1.7949999E+03  3.2573947E-01
  1.8050001E+03  6.0423660E-01
  1.8150001E+03  3.9327821E-01
  1.8249994E+03  6.7629600E-01
  1.8349993E+03  5.7111508E-01
  1.8449993E+03  7.8903133E-01
  1.8549998E+03  6.0375386E-01
  1.8650002E+03  1.1018561E+00
  1.8750001E+03  9.8022103E-01
  1.8850000E+03  1.2675366E+00
  1.8950002E+03  1.5947305E+00
  1.9049996E+03  1.6450948E+00
  1.9149999E+03  2.4451733E+00
  1.9249993E+03  1.9384514E+00
  1.9350001E+03  1.3324718E+00
  1.9449993E+03  2.7470579E+00
  1.9550002E+03  3.9771576E+00
  1.9670002E+03  4.2190390E+00
  1.9759990E+03  4.9810429E+00
  1.9839996E+03  6.3214507E+00
  1.9950001E+03  5.4483004E+00
  2.0050002E+03  6.2608500E+00
  2.0149996E+03  7.0752316E+00
  2.0249994E+03  6.2691717E+00
  2.0349995E+03  8.0496979E+00
  2.0449998E+03  8.3978014E+00
  2.0550000E+03  1.0115440E+01
  2.0649993E+03  9.3038664E+00
  2.0739993E+03  8.7465839E+00
  2.0780002E+03  1.6796482E+01
  2.0849993E+03  2.2015266E+01
  2.0950005E+03  2.4024412E+01
  2.1050002E+03  2.1252005E+01
  2.1149990E+03  2.0466211E+01
  2.1250000E+03  2.2977951E+01
  2.1350002E+03  3.0487581E+01
  2.1449998E+03  2.3360435E+01
  2.1550005E+03  2.7914909E+01
  2.1649995E+03  2.7290344E+01
  2.1750002E+03  2.9214046E+01
  2.1849998E+03  2.6171223E+01
  2.1950000E+03  4.6073318E+01
  2.2050000E+03  3.6628613E+01
  2.2149998E+03  4.5482327E+01
  2.2249998E+03  4.0521469E+01
  2.2350005E+03  7.1497581E+01
  2.2449990E+03  7.8941689E+01
  2.2549993E+03  9.5823883E+01
  2.2650000E+03  4.5318329E+01
  2.2750000E+03  9.2414001E+01
  2.2850000E+03  9.3042770E+01
  2.2950002E+03  1.5240910E+02
  2.3050000E+03  5.3972618E+01
  2.3149995E+03  1.8889294E+02
  2.3250000E+03  1.4385983E+02
  2.3349995E+03  2.2972035E+02
  2.3449993E+03  1.3715521E+02
  2.3550000E+03  1.1530180E+02
  2.3649988E+03  1.6134291E+02
  2.3750000E+03  1.5370876E+02
  2.3849990E+03  2.6702765E+02
  2.3950000E+03  2.3991666E+02
  2.4050005E+03  4.2526208E+02
  2.4149993E+03  2.6573782E+02
  2.4249990E+03  3.4855658E+02
  2.4349990E+03  4.8932175E+02
  2.4450000E+03  6.7563361E+02
  2.4549990E+03  7.7121564E+02
  2.4649990E+03  4.8649252E+02
  2.4749993E+03  8.3094263E+02
  2.4850005E+03  2.8140765E+02
  2.4950000E+03  3.4223560E+02
  2.5050005E+03  7.2086267E+02
  2.5129988E+03  4.7575705E+02
  2.5179990E+03  4.5300754E+02
  2.5249998E+03  5.4397876E+02
  2.5350007E+03  1.3073214E+03
  2.5449988E+03  1.5504347E+03
  2.5550000E+03  1.8513978E+03
  2.5649990E+03  1.0514846E+03
  2.5749990E+03  1.6723563E+03
  2.5849993E+03  1.2904454E+03
  2.5949990E+03  1.5573899E+03
  2.6049995E+03  2.0853486E+03
  2.6149998E+03  1.9010127E+03
  2.6249990E+03  2.7857144E+03
  2.6350007E+03  4.4929204E+03
  2.6449995E+03  3.6692578E+03
  2.6549998E+03  6.1204883E+03
  2.6649995E+03  4.4342451E+03
  2.6749988E+03  3.8999946E+03
  2.6849988E+03  5.4357861E+03
  2.6949988E+03  3.4149153E+03
  2.7050000E+03  5.5909932E+03
  2.7150000E+03  5.0053726E+03
  2.7249995E+03  4.2277314E+03
  2.7350007E+03  4.6708931E+03
  2.7450002E+03  6.0722041E+03
  2.7549998E+03  6.1086152E+03
  2.7649983E+03  8.2465010E+03
  2.7750005E+03  1.0823097E+04
  2.7850000E+03  7.1414966E+03
  2.7949993E+03  7.3812847E+03
  2.8049995E+03  7.8942285E+03
  2.8150002E+03  9.6495850E+03
  2.8250007E+03  1.0232357E+04
  2.8350000E+03  8.9172178E+03
  2.8450002E+03  6.5181021E+03
  2.8550005E+03  3.1562549E+03
  2.8650000E+03  9.4258691E+03
  2.8749983E+03  1.1007624E+04
  2.8850000E+03  1.5124135E+04
  2.8949988E+03  1.8976855E+04
  2.9099988E+03  5.0409953E+04
  2.9299983E+03  4.8644598E+04
  2.9499990E+03  5.3095473E+04
  2.9700005E+03  4.6514504E+04
  2.9899980E+03  6.5742211E+04
  3.0099995E+03  7.4838500E+04
  3.0299995E+03  1.0668545E+05
  3.0499995E+03  1.1697052E+05
  3.0699995E+03  1.0376759E+05
  3.0899995E+03  6.1492719E+04
  3.1099995E+03  1.1678528E+05
  3.1299998E+03  9.1851984E+04
  3.1499995E+03  1.2500439E+05
  3.1699995E+03  1.7085686E+05
  3.1899995E+03  1.3105933E+05
  3.2099998E+03  1.4548177E+05
  3.2299993E+03  1.4220522E+05
  3.2499993E+03  2.5003312E+05
  3.2699995E+03  3.0953850E+05
  3.2899995E+03  3.3350875E+05
  3.3099998E+03  2.6151005E+05
  3.3299993E+03  2.7396212E+05
  3.3499995E+03  2.5845114E+05
  3.3699995E+03  1.4122061E+05
  3.3899993E+03  1.8730609E+05
  3.4099993E+03  2.0981927E+05
  3.4299995E+03  2.8262747E+05
  3.4499993E+03  3.4139416E+05
  3.4699998E+03  3.9072184E+05
  3.4899993E+03  4.7078888E+05
  3.5099995E+03  5.4087669E+05
  3.5299995E+03  4.6048212E+05
  3.5499995E+03  5.2881638E+05
  3.5699995E+03  3.9884659E+05
  3.5899995E+03  4.2463994E+05
  3.6099995E+03  5.6642512E+05
  3.6299993E+03  5.5291012E+05
  3.6399993E+03  5.2579312E+05
  3.6499995E+03  4.9839906E+05
  3.6699993E+03  6.1110156E+05
  3.6899995E+03  4.2894025E+05
  3.7099995E+03  3.5814569E+05
  3.7299998E+03  1.5250312E+05
  3.7499993E+03  1.9022445E+05
  3.7699993E+03  4.3308847E+05
  3.7899995E+03  4.7531934E+05
  3.8099993E+03  3.8856503E+05
  3.8299998E+03  1.5707634E+05
  3.8499995E+03  2.7688516E+05
  3.8699995E+03  2.5146984E+05
  3.8899995E+03  3.2591728E+05
  3.9099995E+03  5.0302216E+05
  3.9299993E+03  1.9308767E+05
  3.9499993E+03  4.2856188E+05
  3.9699998E+03  2.8487616E+05
  3.9899995E+03  8.6797150E+05
  4.0099995E+03  1.0169621E+06
  4.0299993E+03  8.9865838E+05
  4.0499993E+03  8.6084181E+05
  4.0699993E+03  7.3809662E+05
  4.0899995E+03  1.1889498E+06
  4.1099995E+03  9.2574712E+05
  4.1299995E+03  9.3696800E+05
  4.1499990E+03  8.6743238E+05
  4.1699990E+03  9.2304381E+05
  4.1899995E+03  9.0888806E+05
  4.2099995E+03  8.5257594E+05
  4.2299995E+03  6.0951806E+05
  4.2499995E+03  8.6282044E+05
  4.2699990E+03  7.9634469E+05
  4.2899995E+03  7.8680781E+05
  4.3100000E+03  7.5133250E+05
  4.3299995E+03  1.1876128E+06
  4.3499995E+03  1.2998960E+06
  4.3699995E+03  1.3817696E+06
  4.3899995E+03  1.1050741E+06
  4.4099995E+03  1.1526060E+06
  4.4299995E+03  1.3127080E+06
  4.4499995E+03  1.3595875E+06
  4.4699995E+03  1.5395774E+06
  4.4899995E+03  1.5994819E+06
  4.5099990E+03  1.9564466E+06
  4.5299995E+03  1.5598305E+06
  4.5499990E+03  1.7487226E+06
  4.5699995E+03  1.9169555E+06
  4.5899990E+03  1.8081961E+06
  4.6099990E+03  1.8572440E+06
  4.6299990E+03  1.8473842E+06
  4.6499990E+03  1.8127100E+06
  4.6699990E+03  1.9839518E+06
  4.6899990E+03  1.8927348E+06
  4.7099995E+03  1.8106338E+06
  4.7299990E+03  1.8315579E+06
  4.7499995E+03  1.8203409E+06
  4.7699995E+03  1.7165248E+06
  4.7899990E+03  1.7925288E+06
  4.8099995E+03  1.9611658E+06
  4.8299995E+03  1.9851682E+06
  4.8499990E+03  1.9729944E+06
  4.8700000E+03  1.7760550E+06
  4.8899990E+03  1.8883845E+06
  4.9099990E+03  1.8964719E+06
  4.9299990E+03  1.7594385E+06
  4.9499995E+03  1.8208958E+06
  4.9699995E+03  1.7768341E+06
  4.9899990E+03  1.5824242E+06
  5.0099995E+03  1.4115128E+06
  5.0299995E+03  1.5372544E+06
  5.0499995E+03  1.4327454E+06
  5.0699995E+03  1.4237356E+06
  5.0899995E+03  1.3464505E+06
  5.1099990E+03  1.3658688E+06
  5.1299995E+03  1.2957738E+06
  5.1499985E+03  1.2028191E+06
  5.1700000E+03  1.0769679E+06
  5.1899990E+03  1.1839301E+06
  5.2099990E+03  1.4245412E+06
  5.2299995E+03  1.8590874E+06
  5.2499995E+03  2.0640532E+06
  5.2699995E+03  1.6128516E+06
  5.2899990E+03  2.0719980E+06
  5.3099995E+03  2.2794170E+06
  5.3299990E+03  1.8627861E+06
  5.3499995E+03  2.1281850E+06
  5.3699995E+03  2.0611501E+06
  5.3899995E+03  2.0200771E+06
  5.4099990E+03  1.9689992E+06
  5.4299990E+03  1.9735594E+06
  5.4499990E+03  2.0392610E+06
  5.4699995E+03  2.1248520E+06
  5.4899995E+03  2.1797700E+06
  5.5099995E+03  2.1106168E+06
  5.5299985E+03  2.2345858E+06
  5.5499990E+03  2.2697552E+06
  5.5699990E+03  2.1863342E+06
  5.5899995E+03  2.0828276E+06
  5.6099990E+03  2.2406165E+06
  5.6299995E+03  2.2758328E+06
  5.6499990E+03  2.3305588E+06
  5.6699990E+03  2.2570778E+06
  5.6899995E+03  2.3002335E+06
  5.7099995E+03  2.1932120E+06
  5.7299990E+03  2.4017915E+06
  5.7499990E+03  2.3500172E+06
  5.7699990E+03  2.3755090E+06
  5.7899995E+03  2.2532670E+06
  5.8099985E+03  2.3731575E+06
  5.8300000E+03  2.4477908E+06
  5.8499990E+03  2.3596390E+06
  5.8699985E+03  2.3777000E+06
  5.8899985E+03  2.0657715E+06
  5.9099995E+03  2.3611542E+06
  5.9299985E+03  2.3619678E+06
  5.9499995E+03  2.3651630E+06
  5.9699990E+03  2.4040972E+06
  5.9899990E+03  2.3715852E+06
  6.0099990E+03  2.3307952E+06
  6.0299995E+03  2.3849845E+06
  6.0499990E+03  2.4202938E+06
  6.0699990E+03  2.3943502E+06
  6.0899995E+03  2.3153662E+06
  6.1099985E+03  2.3231412E+06
  6.1299995E+03  2.1621328E+06
  6.1499985E+03  2.2883385E+06
  6.1699985E+03  2.0913406E+06
  6.1900000E+03  2.3302402E+06
  6.2099995E+03  2.3085150E+06
  6.2299985E+03  2.2458650E+06
  6.2499990E+03  2.1713330E+06
  6.2699985E+03  2.2611910E+06
  6.2900000E+03  2.3061558E+06
  6.3099985E+03  2.2336542E+06
  6.3299995E+03  2.2661020E+06
  6.3499985E+03  2.2851112E+06
  6.3699985E+03  2.2789550E+06
  6.3899995E+03  2.3193310E+06
  6.4099990E+03  2.2582110E+06
  6.4299985E+03  2.2752570E+06
  6.4499985E+03  2.2346360E+06
  6.4699990E+03  2.2133720E+06
  6.4899990E+03  2.1827572E+06
  6.5099985E+03  2.2749725E+06
  6.5299990E+03  2.3095620E+06
  6.5499985E+03  2.2599162E+06
  6.5699985E+03  2.2031502E+06
  6.5899995E+03  2.2638805E+06
  6.6099985E+03  2.2922798E+06
  6.6299990E+03  2.2832700E+06
  6.6499985E+03  2.2820800E+06
  6.6699995E+03  2.2397925E+06
  6.6899990E+03  2.2863530E+06
  6.7099995E+03  2.2040475E+06
  6.7299990E+03  2.2819632E+06
  6.7499995E+03  2.2372880E+06
  6.7699985E+03  2.2600092E+06
  6.7899995E+03  2.2296368E+06
  6.8099995E+03  2.2348372E+06
  6.8300000E+03  2.2614205E+06
  6.8499985E+03  2.1990185E+06
  6.8699985E+03  2.2219138E+06
  6.8899985E+03  2.2349835E+06
  6.9099990E+03  2.2249045E+06
  6.9299995E+03  2.2100412E+06
  6.9499990E+03  2.2033455E+06
  6.9699985E+03  2.2224360E+06
  6.9899985E+03  2.1874535E+06
  7.0099985E+03  2.1616498E+06
  7.0299985E+03  2.1908365E+06
  7.0499990E+03  2.2019965E+06
  7.0699980E+03  2.1652122E+06
  7.0899990E+03  2.1485915E+06
  7.1099990E+03  2.1502330E+06
  7.1299995E+03  2.1116568E+06
  7.1499990E+03  2.0717095E+06
  7.1699995E+03  2.1224572E+06
  7.1899985E+03  2.0544072E+06
  7.2099985E+03  2.0738256E+06
  7.2299980E+03  2.1313400E+06
  7.2499990E+03  2.1130740E+06
  7.2699995E+03  2.1263402E+06
  7.2899990E+03  2.0927136E+06
  7.3099980E+03  2.1084920E+06
  7.3299980E+03  2.0852922E+06
  7.3499980E+03  2.0857446E+06
  7.3699985E+03  2.1164010E+06
  7.3899995E+03  2.0776432E+06
  7.4099985E+03  2.0414005E+06
  7.4299995E+03  2.0841999E+06
  7.4500000E+03  2.0730242E+06
  7.4700000E+03  2.0894168E+06
  7.4899990E+03  2.0747146E+06
  7.5099985E+03  2.0860560E+06
  7.5299995E+03  2.0965825E+06
  7.5499980E+03  2.1026080E+06
  7.5699985E+03  2.0862528E+06
  7.5899990E+03  2.0693211E+06
  7.6099980E+03  2.0659400E+06
  7.6299995E+03  2.0730481E+06
  7.6499995E+03  2.0705271E+06
  7.6699980E+03  1.9734835E+06
  7.6899990E+03  2.0576436E+06
  7.7099995E+03  2.0014149E+06
  7.7299985E+03  2.0302882E+06
  7.7499990E+03  2.0019464E+06
  7.7700000E+03  2.0491869E+06
  7.7900000E+03  2.0360709E+06
  7.8099995E+03  2.0293622E+06
  7.8299980E+03  2.0001445E+06
  7.8499980E+03  1.9951010E+06
  7.8699995E+03  2.0272464E+06
  7.8900000E+03  2.0094774E+06
  7.9099995E+03  1.9763280E+06
  7.9300000E+03  1.9591228E+06
  7.9499985E+03  1.9320520E+06
  7.9699990E+03  1.9889708E+06
  7.9900000E+03  1.9799695E+06
  8.0099980E+03  1.9604660E+06
  8.0299985E+03  1.9574892E+06
  8.0500000E+03  1.9445768E+06
  8.0699985E+03  1.9469830E+06
  8.0899990E+03  1.9198118E+06
  8.1099995E+03  1.9348122E+06
  8.1299976E+03  1.9495292E+06
  8.1499976E+03  1.9420144E+06
  8.1699980E+03  1.9362429E+06
  8.1899985E+03  1.8354734E+06
  8.2099990E+03  1.8838305E+06
  8.2300000E+03  1.8924279E+06
  8.2500000E+03  1.8998135E+06
  8.2700000E+03  1.9231904E+06
  8.2899980E+03  1.9094279E+06
  8.3099990E+03  1.8689876E+06
  8.3299980E+03  1.8398270E+06
  8.3500000E+03  1.8589041E+06
  8.3699990E+03  1.8639595E+06
  8.3899990E+03  1.7727175E+06
  8.4099971E+03  1.8598010E+06
  8.4300000E+03  1.7911342E+06
  8.4499990E+03  1.8378550E+06
  8.4699980E+03  1.8209944E+06
  8.4899980E+03  1.8382442E+06
  8.5099990E+03  1.7580855E+06
  8.5299990E+03  1.8358522E+06
  8.5499990E+03  1.7327584E+06
  8.5699990E+03  1.8430684E+06
  8.5900000E+03  1.8116734E+06
  8.6099980E+03  1.8034200E+06
  8.6299990E+03  1.8149499E+06
  8.6499990E+03  1.8297782E+06
  8.6699990E+03  1.6869791E+06
  8.6899990E+03  1.7314554E+06
  8.7099971E+03  1.7877228E+06
  8.7299990E+03  1.7877459E+06
  8.7499980E+03  1.7785989E+06
  8.7699980E+03  1.7783820E+06
  8.7899980E+03  1.7765882E+06
  8.8099990E+03  1.7035384E+06
  8.8299980E+03  1.7397520E+06
  8.8499980E+03  1.7628741E+06
  8.8699980E+03  1.7407118E+06
  8.8899990E+03  1.7714995E+06
  8.9099971E+03  1.7740436E+06
  8.9299980E+03  1.7381384E+06
  8.9499980E+03  1.7250172E+06
  8.9699990E+03  1.7332059E+06
  8.9899990E+03  1.7386476E+06
  9.0099980E+03  1.6621161E+06
  9.0299990E+03  1.7127906E+06
  9.0499990E+03  1.7451548E+06
  9.0699980E+03  1.7330250E+06
  9.0899990E+03  1.6728374E+06
  9.1099980E+03  1.6844299E+06
  9.1299980E+03  1.7086948E+06
  9.1499980E+03  1.7029432E+06
  9.1699980E+03  1.6990624E+06
  9.1899990E+03  1.7132648E+06
  9.2099990E+03  1.6792281E+06
  9.2299980E+03  1.6930525E+06
  9.2499980E+03  1.6658815E+06
  9.2699971E+03  1.6691352E+06
  9.2899990E+03  1.6592056E+06
  9.3099980E+03  1.6780768E+06
  9.3299990E+03  1.6687692E+06
  9.3499980E+03  1.6584059E+06
  9.3699990E+03  1.6336976E+06
  9.3900000E+03  1.6543898E+06
  9.4099980E+03  1.6103509E+06
  9.4299971E+03  1.6468249E+06
  9.4499990E+03  1.6053104E+06
  9.4700000E+03  1.6369741E+06
  9.4899980E+03  1.6394944E+06
  9.5100000E+03  1.6273146E+06
  9.5300000E+03  1.6205746E+06
  9.5500000E+03  1.5911988E+06
  9.5699990E+03  1.5911782E+06
  9.5899980E+03  1.6172784E+06
  9.6099980E+03  1.5894636E+06
  9.6299990E+03  1.5942428E+06
  9.6499990E+03  1.5471452E+06
  9.6699980E+03  1.5499381E+06
  9.6899980E+03  1.5776505E+06
  9.7100000E+03  1.5600494E+06
  9.7299990E+03  1.5439335E+06
  9.7499980E+03  1.5427582E+06
  9.7699961E+03  1.5486051E+06
  9.7899980E+03  1.5148081E+06
  9.8099980E+03  1.5598419E+06
  9.8299990E+03  1.5430911E+06
  9.8499980E+03  1.5566342E+06
  9.8700000E+03  1.5419782E+06
  9.8899980E+03  1.5396389E+06
  9.9099990E+03  1.5362306E+06
  9.9300000E+03  1.5358558E+06
  9.9499980E+03  1.5327325E+06
  9.9699980E+03  1.5303414E+06
  9.9899990E+03  1.5245595E+06
  1.0024998E+04  1.5123588E+06
  1.0074998E+04  1.4971251E+06
  1.0124997E+04  1.4939145E+06
  1.0174997E+04  1.4756296E+06
  1.0224998E+04  1.4684758E+06
  1.0274997E+04  1.4657092E+06
  1.0325000E+04  1.4395318E+06
  1.0374999E+04  1.4296805E+06
  1.0425000E+04  1.4335392E+06
  1.0474998E+04  1.4151489E+06
  1.0524997E+04  1.4148290E+06
  1.0574999E+04  1.3948445E+06
  1.0625000E+04  1.3888220E+06
  1.0674997E+04  1.3675784E+06
  1.0724998E+04  1.3647802E+06
  1.0774999E+04  1.3490931E+06
  1.0824997E+04  1.3244105E+06
  1.0874997E+04  1.3275185E+06
  1.0924999E+04  1.3343961E+06
  1.0974996E+04  1.3141966E+06
  1.1025000E+04  1.3157848E+06
  1.1074998E+04  1.3135759E+06
  1.1124999E+04  1.3021902E+06
  1.1174998E+04  1.2869439E+06
  1.1224999E+04  1.2861186E+06
  1.1274997E+04  1.2582901E+06
  1.1325000E+04  1.2600101E+06
  1.1375000E+04  1.2433090E+06
  1.1425000E+04  1.2245712E+06
  1.1474997E+04  1.2427058E+06
  1.1525000E+04  1.2398875E+06
  1.1574998E+04  1.2224791E+06
  1.1625000E+04  1.1994684E+06
  1.1674998E+04  1.2020966E+06
  1.1724997E+04  1.2095965E+06
  1.1775001E+04  1.1834226E+06
  1.1824999E+04  1.1711460E+06
  1.1875000E+04  1.1588732E+06
  1.1925000E+04  1.1804629E+06
  1.1975001E+04  1.1322168E+06
  1.2024998E+04  1.1552579E+06
  1.2074996E+04  1.1405430E+06
  1.2125000E+04  1.1457359E+06
  1.2175000E+04  1.1463329E+06
  1.2225001E+04  1.1380085E+06
  1.2275001E+04  1.1276064E+06
  1.2324996E+04  1.1215272E+06
  1.2374996E+04  1.1176242E+06
  1.2424998E+04  1.1048646E+06
  1.2475000E+04  1.1058779E+06
  1.2524997E+04  1.0922636E+06
  1.2574997E+04  1.0924815E+06
  1.2624999E+04  1.0843411E+06
  1.2674997E+04  1.0725206E+06
  1.2724999E+04  1.0738334E+06
  1.2774999E+04  1.0724384E+06
  1.2825000E+04  1.0376151E+06
  1.2875001E+04  1.0496165E+06
  1.2924997E+04  1.0362802E+06
  1.2975001E+04  1.0468819E+06
  1.3024998E+04  1.0345522E+06
  1.3074999E+04  1.0372546E+06
  1.3125000E+04  1.0060319E+06
  1.3174998E+04  1.0088068E+06
  1.3224998E+04  1.0180589E+06
  1.3274997E+04  1.0007204E+06
  1.3324997E+04  1.0032391E+06
  1.3374999E+04  9.9920581E+05
  1.3424999E+04  1.0024372E+06
  1.3474999E+04  9.9573794E+05
  1.3525001E+04  9.9158119E+05
  1.3574999E+04  9.7641988E+05
  1.3624997E+04  9.7011919E+05
  1.3674997E+04  9.7403738E+05
  1.3724995E+04  9.7535350E+05
  1.3774998E+04  9.6727275E+05
  1.3824998E+04  9.6608381E+05
  1.3874996E+04  9.5486788E+05
  1.3925000E+04  9.5956294E+05
  1.3974996E+04  9.5604675E+05
  1.4024997E+04  9.4052756E+05
  1.4075001E+04  9.4817625E+05
  1.4124996E+04  9.3630219E+05
  1.4175000E+04  9.4294519E+05
  1.4225000E+04  9.2627444E+05
  1.4274994E+04  9.0373194E+05
  1.4325001E+04  9.2598131E+05
  1.4374998E+04  9.2746362E+05
  1.4424999E+04  9.0150962E+05
  1.4475000E+04  9.1881044E+05
  1.4524997E+04  9.0335338E+05
  1.4569999E+04  9.0438344E+05
  1.4620000E+04  9.0821912E+05
  1.4674998E+04  9.0485312E+05
  1.4725000E+04  8.8931844E+05
  1.4775002E+04  8.9017775E+05
  1.4824998E+04  8.8977200E+05
  1.4874996E+04  8.6491838E+05
  1.4924997E+04  8.9314369E+05
  1.4974999E+04  8.8009981E+05
  1.5024999E+04  8.2577319E+05
  1.5075000E+04  8.4790594E+05
  1.5124999E+04  8.7420794E+05
  1.5175000E+04  8.7136862E+05
  1.5225002E+04  8.6461431E+05
  1.5274998E+04  8.6897431E+05
  1.5324995E+04  8.6236725E+05
  1.5374997E+04  8.6508631E+05
  1.5425001E+04  8.6613681E+05
  1.5474996E+04  8.6114719E+05
  1.5524994E+04  8.4760669E+05
  1.5575001E+04  8.4430025E+05
  1.5624998E+04  8.5108069E+05
  1.5674997E+04  8.3130850E+05
  1.5724994E+04  8.3640606E+05
  1.5774996E+04  7.9780644E+05
  1.5825001E+04  8.2124969E+05
  1.5874995E+04  7.9792231E+05
  1.5925002E+04  8.1220100E+05
  1.5975001E+04  8.1759119E+05
  1.6049998E+04  8.1371219E+05
  1.6150001E+04  8.0074850E+05
  1.6249997E+04  7.9580312E+05
  1.6350000E+04  7.8622475E+05
  1.6449996E+04  7.7189219E+05
  1.6549998E+04  7.6366500E+05
  1.6649994E+04  7.4870344E+05
  1.6749998E+04  7.2497912E+05
  1.6849998E+04  7.1463481E+05
  1.6950000E+04  7.1020050E+05
  1.7049996E+04  6.8644681E+05
  1.7150000E+04  6.7361012E+05
  1.7249992E+04  6.5874606E+05
  1.7349994E+04  6.4536712E+05
  1.7449992E+04  6.3538119E+05
  1.7550000E+04  6.2480906E+05
  1.7649998E+04  6.1443569E+05
  1.7749994E+04  5.9964038E+05
  1.7849994E+04  5.9259762E+05
  1.7949998E+04  5.7972250E+05
  1.8050002E+04  5.6645956E+05
  1.8150002E+04  5.5552300E+05
  1.8249994E+04  5.4453194E+05
  1.8349992E+04  5.3371281E+05
  1.8449992E+04  5.1853578E+05
  1.8549998E+04  5.1535747E+05
  1.8650002E+04  4.9998909E+05
  1.8750002E+04  4.8586159E+05
  1.8850000E+04  4.8521584E+05
  1.8950004E+04  4.6463394E+05
  1.9049996E+04  4.6894603E+05
  1.9149998E+04  4.5871912E+05
  1.9249992E+04  4.5146488E+05
  1.9350000E+04  4.3679888E+05
  1.9449992E+04  4.2602544E+05
  1.9550002E+04  4.2511791E+05
  1.9649992E+04  4.1854862E+05
  1.9749992E+04  4.0540631E+05
  1.9849992E+04  3.9996469E+05
  1.9950002E+04  3.9519791E+05
  2.0050002E+04  3.9362719E+05
  2.0149996E+04  3.8779100E+05
  2.0249994E+04  3.7657472E+05
  2.0349994E+04  3.7001725E+05
  2.0449996E+04  3.6752434E+05
  2.0550000E+04  3.6036088E+05
  2.0649992E+04  3.5202916E+05
  2.0749998E+04  3.4740159E+05
  2.0849992E+04  3.4149491E+05
  2.0950004E+04  3.3251700E+05
  2.1050002E+04  3.3041953E+05
  2.1149992E+04  3.2375703E+05
  2.1250000E+04  3.1888144E+05
  2.1350002E+04  3.1481019E+05
  2.1449996E+04  3.0939278E+05
  2.1550006E+04  3.0443481E+05
  2.1649994E+04  2.9721675E+05
  2.1750002E+04  2.9241122E+05
  2.1849998E+04  2.8847053E+05
  2.1950002E+04  2.8433103E+05
  2.2050000E+04  2.7501678E+05
  2.2149996E+04  2.7596394E+05
  2.2249998E+04  2.6838272E+05
  2.2350004E+04  2.6505869E+05
  2.2449990E+04  2.6126030E+05
  2.2549994E+04  2.5812580E+05
  2.2650000E+04  2.5157025E+05
  2.2750000E+04  2.5036072E+05
  2.2850000E+04  2.4430672E+05
  2.2950004E+04  2.2292727E+05
  2.3050000E+04  2.2981102E+05
  2.3149996E+04  2.2764722E+05
  2.3250000E+04  2.0640909E+05
  2.3349996E+04  2.1314392E+05
  2.3449994E+04  2.1542683E+05
  2.3550002E+04  1.9453355E+05
  2.3649988E+04  2.0399902E+05
  2.3750000E+04  2.0373384E+05
  2.3849990E+04  1.8577622E+05
  2.3950002E+04  1.9291716E+05
  2.4050006E+04  1.9375864E+05
  2.4149992E+04  1.7973589E+05
  2.4249990E+04  1.8370203E+05
  2.4349990E+04  1.8434386E+05
  2.4450002E+04  1.7572394E+05
  2.4549990E+04  1.7324536E+05
  2.4649992E+04  1.7717462E+05
  2.4749992E+04  1.7133003E+05
  2.4850006E+04  1.6501822E+05
  2.4950000E+04  1.6801922E+05
  2.5050006E+04  1.6884767E+05
  2.5149994E+04  1.6022355E+05
  2.5249998E+04  1.6240183E+05
  2.5350004E+04  1.6122266E+05
  2.5449988E+04  1.5720138E+05
  2.5549998E+04  1.5552298E+05
  2.5649990E+04  1.5428989E+05
  2.5749990E+04  1.5383247E+05
  2.5849994E+04  1.4804969E+05
  2.5949990E+04  1.4848853E+05
  2.6049996E+04  1.4765597E+05
  2.6149998E+04  1.4554266E+05
  2.6249988E+04  1.4218891E+05
  2.6350008E+04  1.4157814E+05
  2.6449996E+04  1.3968586E+05
  2.6549994E+04  1.3812788E+05
  2.6649994E+04  1.3482822E+05
  2.6749988E+04  1.3609652E+05
  2.6849986E+04  1.3423811E+05
  2.6949986E+04  1.3193144E+05
  2.7050002E+04  1.3077228E+05
  2.7149998E+04  1.2919234E+05
  2.7249994E+04  1.2760159E+05
  2.7350006E+04  1.2585923E+05
  2.7450004E+04  1.2470892E+05
  2.7549996E+04  1.2325932E+05
  2.7649982E+04  1.2121148E+05
  2.7750004E+04  1.1955162E+05
  2.7850000E+04  1.1836922E+05
  2.7949992E+04  1.1726820E+05
  2.8049994E+04  1.1562914E+05
  2.8150002E+04  1.1405785E+05
  2.8250006E+04  1.1269945E+05
  2.8350000E+04  1.1157304E+05
  2.8450000E+04  1.0987779E+05
  2.8550002E+04  1.0856402E+05
  2.8650002E+04  1.0721083E+05
  2.8749982E+04  1.0599244E+05
  2.8849998E+04  1.0461608E+05
  2.8949986E+04  1.0333729E+05
  2.9049994E+04  1.0197077E+05
  2.9149986E+04  1.0079357E+05
  2.9249984E+04  9.8604039E+04
  2.9349980E+04  9.8186938E+04
  2.9450000E+04  9.6878258E+04
  2.9550004E+04  9.5796523E+04
  2.9649982E+04  9.4757320E+04
  2.9749992E+04  9.3631812E+04
  2.9849994E+04  9.2345914E+04
  2.9949984E+04  9.1100352E+04
  3.0049996E+04  9.0036039E+04
  3.0149994E+04  8.9099945E+04
  3.0249994E+04  8.7807828E+04
  3.0349996E+04  8.6698445E+04
  3.0449996E+04  8.5878023E+04
  3.0549996E+04  8.4731414E+04
  3.0649996E+04  8.3613977E+04
  3.0749994E+04  8.2788164E+04
  3.0849996E+04  8.1444789E+04
  3.0949994E+04  8.0683367E+04
  3.1049996E+04  7.9851891E+04
  3.1149996E+04  7.8260672E+04
  3.1249996E+04  7.7907203E+04
  3.1349996E+04  7.7008484E+04
  3.1449996E+04  7.6092961E+04
  3.1549998E+04  7.4994445E+04
  3.1649996E+04  7.4085047E+04
  3.1749998E+04  7.3417273E+04
  3.1849996E+04  7.2552203E+04
  3.1949994E+04  7.1759227E+04
  3.2099996E+04  7.0432031E+04
  3.2299992E+04  6.8760875E+04
  3.2499994E+04  6.7189578E+04
  3.2699996E+04  6.5616227E+04
  3.2899996E+04  6.4096941E+04
  3.3099996E+04  6.2626660E+04
  3.3299992E+04  6.1105457E+04
  3.3499996E+04  5.9948312E+04
  3.3699996E+04  5.8558844E+04
  3.3899996E+04  5.7132328E+04
  3.4099996E+04  5.5816148E+04
  3.4299996E+04  5.4802082E+04
  3.4499992E+04  5.3668453E+04
  3.4699996E+04  5.2469617E+04
  3.4899996E+04  5.1350344E+04
  3.5099996E+04  5.0298961E+04
  3.5299996E+04  4.9138047E+04
  3.5499996E+04  4.8161449E+04
  3.5699992E+04  4.7103098E+04
  3.5899992E+04  4.6103270E+04
  3.6099996E+04  4.5215137E+04
  3.6299992E+04  4.4272273E+04
  3.6499992E+04  4.3265281E+04
  3.6699992E+04  4.2313918E+04
  3.6899992E+04  4.1316941E+04
  3.7099996E+04  4.0437477E+04
  3.7299996E+04  3.9804617E+04
  3.7499992E+04  3.8834656E+04
  3.7699996E+04  3.8222254E+04
  3.7899996E+04  3.7434379E+04
  3.8099992E+04  3.6746543E+04
  3.8299996E+04  3.6081254E+04
  3.8499996E+04  3.5387113E+04
  3.8699996E+04  3.4529277E+04
  3.8899992E+04  3.3961027E+04
  3.9099996E+04  3.3358203E+04
  3.9299992E+04  3.2712211E+04
  3.9499992E+04  3.1954412E+04
  3.9699992E+04  3.1413354E+04
  3.9900000E+04  3.0649594E+04
  4.0099996E+04  3.0197029E+04
  4.0299992E+04  2.9705529E+04
  4.0499996E+04  2.9054557E+04
  4.0699992E+04  2.8569578E+04
  4.0899992E+04  2.8065643E+04
  4.1099996E+04  2.7545598E+04
  4.1299996E+04  2.7074053E+04
  4.1499992E+04  2.6544676E+04
  4.1699992E+04  2.6065344E+04
  4.1899996E+04  2.5501654E+04
  4.2099996E+04  2.4975111E+04
  4.2299992E+04  2.4712129E+04
  4.2499996E+04  2.4200602E+04
  4.2699992E+04  2.3827730E+04
  4.2899992E+04  2.2435191E+04
  4.3099996E+04  2.1156645E+04
  4.3299996E+04  2.1168617E+04
  4.3499992E+04  1.9965016E+04
  4.3699996E+04  1.9286340E+04
  4.3899996E+04  1.8900088E+04
  4.4099992E+04  1.7901318E+04
  4.4299992E+04  1.7608549E+04
  4.4499996E+04  1.7316311E+04
  4.4699996E+04  1.6493303E+04
  4.4899996E+04  1.6581779E+04
  4.5099992E+04  1.6055901E+04
  4.5299992E+04  1.5533685E+04
  4.5499996E+04  1.5547917E+04
  4.5699992E+04  1.5450371E+04
  4.5899996E+04  1.4802100E+04
  4.6099996E+04  1.4929389E+04
  4.6299992E+04  1.4645510E+04
  4.6499988E+04  1.4581304E+04
  4.6699992E+04  1.4517826E+04
  4.6899992E+04  1.4262048E+04
  4.7099992E+04  1.3976969E+04
  4.7299992E+04  1.4094593E+04
  4.7499996E+04  1.3716172E+04
  4.7699992E+04  1.3540795E+04
  4.7899992E+04  1.3425821E+04
  4.8099996E+04  1.3032699E+04
  4.8299992E+04  1.3168840E+04
  4.8499992E+04  1.2919516E+04
  4.8700000E+04  1.2606320E+04
  4.8899992E+04  1.2437090E+04
  4.9099988E+04  1.2316285E+04
  4.9299988E+04  1.2087288E+04
  4.9499996E+04  1.1873414E+04
  4.9699992E+04  1.1792995E+04
  4.9899988E+04  1.1613472E+04
  5.0099996E+04  1.1485511E+04
  5.0299996E+04  1.1346261E+04
  5.0499996E+04  1.1055810E+04
  5.0699996E+04  1.0991328E+04
  5.0899992E+04  1.0876913E+04
  5.1099992E+04  1.0628617E+04
  5.1299996E+04  1.0625066E+04
  5.1499988E+04  1.0391855E+04
  5.1699996E+04  1.0385040E+04
  5.1899992E+04  1.0152987E+04
  5.2099992E+04  1.0070329E+04
  5.2299996E+04  9.8732168E+03
  5.2499996E+04  9.8267021E+03
  5.2699996E+04  9.7708418E+03
  5.2899992E+04  9.5056660E+03
  5.3099988E+04  9.4186963E+03
  5.3299988E+04  9.3339551E+03
  5.3499992E+04  9.2270488E+03
  5.3699992E+04  9.1315342E+03
  5.3899992E+04  9.0310859E+03
  5.4099992E+04  8.9164248E+03
  5.4299984E+04  8.7223281E+03
  5.4499988E+04  8.7052285E+03
  5.4699996E+04  8.5818770E+03
  5.4899992E+04  8.4654678E+03
  5.5099992E+04  8.3739697E+03
  5.5299988E+04  8.3868096E+03
  5.5499988E+04  8.1436250E+03
  5.5699992E+04  8.1488755E+03
  5.5899992E+04  8.0006094E+03
  5.6099988E+04  7.9203257E+03
  5.6299996E+04  7.7876079E+03
  5.6499988E+04  7.7500405E+03
  5.6699988E+04  7.6590190E+03
  5.6899992E+04  7.5153223E+03
  5.7099996E+04  7.4884185E+03
  5.7299988E+04  7.3833408E+03
  5.7499988E+04  7.3020996E+03
  5.7699988E+04  7.1956670E+03
  5.7899996E+04  7.1496357E+03
  5.8099988E+04  7.0262832E+03
  5.8299996E+04  6.9513320E+03
  5.8499992E+04  6.8797764E+03
  5.8699988E+04  6.7678120E+03
  5.8899988E+04  6.6911973E+03
  5.9099992E+04  6.6306685E+03
  5.9299988E+04  6.5503433E+03
  5.9499996E+04  6.4625376E+03
  5.9699988E+04  6.4055708E+03
  5.9899992E+04  6.3263267E+03
  6.0099992E+04  6.2510200E+03
  6.0299992E+04  6.1749131E+03
  6.0499988E+04  6.0838247E+03
  6.0699992E+04  6.0130225E+03
  6.0899992E+04  5.9435264E+03
  6.1099988E+04  5.8608833E+03
  6.1299992E+04  5.8048555E+03
  6.1499988E+04  5.7400698E+03
  6.1699988E+04  5.6756045E+03
  6.1899996E+04  5.6115537E+03
  6.2099996E+04  5.5491880E+03
  6.2299988E+04  5.4721724E+03
  6.2499992E+04  5.3999780E+03
  6.2699988E+04  5.3333853E+03
  6.2899996E+04  5.2819053E+03
  6.3099984E+04  5.2141313E+03
  6.3299996E+04  5.1680698E+03
  6.3499984E+04  5.0981025E+03
  6.3699984E+04  5.0488706E+03
  6.3900000E+04  4.9807764E+03
  6.4199992E+04  4.8973184E+03
  6.4599984E+04  4.7805278E+03
  6.4999992E+04  4.6705093E+03
  6.5399992E+04  4.5650205E+03
  6.5799992E+04  4.4626138E+03
  6.6199984E+04  4.3584736E+03
  6.6599984E+04  4.2597324E+03
  6.6999992E+04  4.1631152E+03
  6.7399992E+04  4.0671580E+03
  6.7799992E+04  3.9762830E+03
  6.8199992E+04  3.8861201E+03
  6.8599992E+04  3.8009858E+03
  6.8999984E+04  3.7159773E+03
  6.9399984E+04  3.6333730E+03
  6.9800000E+04  3.5541125E+03
  7.0199992E+04  3.4735154E+03
  7.0599984E+04  3.3994993E+03
  7.0999977E+04  3.3259546E+03
  7.1399977E+04  3.2542827E+03
  7.1799984E+04  3.1837039E+03
  7.2199984E+04  3.1161479E+03
  7.2600000E+04  3.0495249E+03
  7.2999984E+04  2.9851631E+03
  7.3400000E+04  2.9211082E+03
  7.3799984E+04  2.8605474E+03
  7.4199992E+04  2.7981069E+03
  7.4599992E+04  2.7400874E+03
  7.5000000E+04  2.6843481E+03
  7.5399992E+04  2.6276477E+03
  7.5799992E+04  2.5771704E+03
  7.6199984E+04  2.5245569E+03
  7.6599992E+04  2.4734753E+03
  7.6999992E+04  2.4230627E+03
  7.7399992E+04  2.3750039E+03
  7.7799984E+04  2.3277410E+03
  7.8199984E+04  2.2814412E+03
  7.8599984E+04  2.2363267E+03
  7.8999984E+04  2.1922476E+03
  7.9399984E+04  2.1494197E+03
  7.9800000E+04  2.1076919E+03
  8.0199992E+04  2.0654004E+03
  8.0599984E+04  2.0258146E+03
  8.0999992E+04  1.9876530E+03
  8.1399977E+04  1.9491201E+03
  8.1799984E+04  1.9128754E+03
  8.2199984E+04  1.8767410E+03
  8.2599992E+04  1.8412145E+03
  8.2999984E+04  1.8067222E+03
  8.3400000E+04  1.7722087E+03
  8.3799992E+04  1.7389149E+03
  8.4199992E+04  1.7077131E+03
  8.4599977E+04  1.6760226E+03
  8.4999977E+04  1.6455289E+03
  8.5399984E+04  1.6156348E+03
  8.5799984E+04  1.5864301E+03
  8.6199992E+04  1.5577472E+03
  8.6599992E+04  1.5298773E+03
  8.6999984E+04  1.5023534E+03
  8.7399992E+04  1.4756624E+03
  8.7799992E+04  1.4493944E+03
  8.8199984E+04  1.4234446E+03
  8.8599977E+04  1.3984791E+03
  8.8999992E+04  1.3736180E+03
  8.9399977E+04  1.3502297E+03
  8.9799977E+04  1.3259410E+03
  9.0199984E+04  1.3038346E+03
  9.0599984E+04  1.2814698E+03
  9.0999992E+04  1.2582184E+03
  9.1400000E+04  1.2377142E+03
  9.1799969E+04  1.2164915E+03
  9.2199969E+04  1.1963866E+03
  9.2599984E+04  1.1761871E+03
  9.3000000E+04  1.1564645E+03
  9.3399984E+04  1.1370797E+03
  9.3799984E+04  1.1181967E+03
  9.4199977E+04  1.0996776E+03
  9.4599984E+04  1.0814308E+03
  9.4999969E+04  1.0636610E+03
  9.5399984E+04  1.0462739E+03
  9.5799984E+04  1.0292631E+03
  9.6199992E+04  1.0125389E+03
  9.6599984E+04  9.9617749E+02
  9.7000000E+04  9.8013031E+02
  9.7399977E+04  9.6351935E+02
  9.7799984E+04  9.4880042E+02
  9.8199977E+04  9.3389844E+02
  9.8599977E+04  9.1909015E+02
  9.8999992E+04  9.0460516E+02
  9.9399984E+04  8.9032367E+02
  9.9799977E+04  8.7643073E+02
  1.0019999E+05  8.6273035E+02
  1.9999991E+05  5.6081467E+01
  3.9999994E+05  3.5379949E+00
  5.9999981E+05  6.9720769E-01
  7.9999994E+05  2.1959418E-01
