  9.2499988E+02  4.2802605E-13
  9.3499982E+02  6.4721947E-13
  9.4500000E+02  9.9344209E-13
  9.5500000E+02  1.6370088E-12
  9.6499988E+02  3.0574761E-12
  9.7499982E+02  4.4088431E-12
  9.8499976E+02  7.4944755E-12
  9.9499988E+02  1.2742390E-11
  1.0049999E+03  1.9015971E-11
  1.0149997E+03  2.9379506E-11
  1.0249998E+03  3.7475203E-11
  1.0349998E+03  8.6802759E-11
  1.0449998E+03  1.3124642E-10
  1.0549999E+03  1.5759138E-10
  1.0649999E+03  3.0681047E-10
  1.0750000E+03  4.4717335E-10
  1.0849996E+03  7.1748046E-10
  1.0949999E+03  9.3961372E-10
  1.1049999E+03  1.2874998E-09
  1.1149999E+03  1.7910221E-09
  1.1249999E+03  3.2368161E-09
  1.1349996E+03  5.4008500E-09
  1.1449999E+03  7.9425657E-09
  1.1549999E+03  1.1208023E-08
  1.1650000E+03  1.4924426E-08
  1.1749995E+03  2.2488713E-08
  1.1849996E+03  2.9444339E-08
  1.1949998E+03  3.7725421E-08
  1.2049996E+03  3.9436959E-08
  1.2149998E+03  9.4064303E-09
  1.2249996E+03  6.4158563E-08
  1.2349996E+03  1.3204959E-07
  1.2449998E+03  1.8451850E-07
  1.2549996E+03  2.3923971E-07
  1.2650000E+03  3.1360966E-07
  1.2749998E+03  4.0734108E-07
  1.2849995E+03  4.5094600E-07
  1.2949998E+03  5.7059503E-07
  1.3049995E+03  7.0852684E-07
  1.3149998E+03  9.3885626E-07
  1.3249998E+03  1.0577176E-06
  1.3349996E+03  1.1987565E-06
  1.3449995E+03  1.5809669E-06
  1.3549996E+03  2.1150943E-06
  1.3649999E+03  2.3335219E-06
  1.3749999E+03  2.6631606E-06
  1.3849996E+03  3.0374727E-06
  1.3949999E+03  3.5460077E-06
  1.4050001E+03  4.9583459E-06
  1.4149998E+03  6.1740043E-06
  1.4249998E+03  7.4288200E-06
  1.4350000E+03  9.8563742E-06
  1.4419998E+03  1.3842835E-05
  1.4469999E+03  1.2050080E-05
  1.4549994E+03  1.4807029E-05
  1.4650000E+03  2.1515063E-05
  1.4749995E+03  2.5844271E-05
  1.4849996E+03  2.8405006E-05
  1.4949998E+03  4.1908777E-05
  1.5049996E+03  5.7154695E-05
  1.5119995E+03  3.5856618E-05
  1.5169994E+03  5.5122862E-05
  1.5250001E+03  1.3951412E-04
  1.5349994E+03  2.1861555E-04
  1.5449994E+03  1.5640660E-04
  1.5549998E+03  2.7410247E-04
  1.5649999E+03  2.6067410E-04
  1.5750001E+03  6.7579187E-04
  1.5850000E+03  7.0637109E-04
  1.5949996E+03  6.7709130E-04
  1.6049999E+03  7.0878072E-04
  1.6150000E+03  7.3367049E-04
  1.6249996E+03  7.2165852E-04
  1.6350000E+03  9.8300283E-04
  1.6449996E+03  1.3650256E-03
  1.6549999E+03  1.0661352E-03
  1.6649993E+03  1.7809127E-03
  1.6720000E+03  1.3880284E-03
  1.6770001E+03  2.4850483E-03
  1.6849998E+03  3.4005465E-03
  1.6950000E+03  4.9686888E-03
  1.7049995E+03  5.3605293E-03
  1.7150000E+03  5.5422015E-03
  1.7249993E+03  8.0367243E-03
  1.7349994E+03  9.6061043E-03
  1.7449993E+03  1.3938400E-02
  1.7550001E+03  1.3781221E-02
  1.7649998E+03  2.0533191E-02
  1.7749995E+03  1.5171563E-02
  1.7849995E+03  3.7039265E-02
  1.7949999E+03  2.8059497E-02
  1.8050001E+03  6.2183585E-02
  1.8150001E+03  3.4497187E-02
  1.8249994E+03  6.5898992E-02
  1.8349993E+03  5.2629497E-02
  1.8449993E+03  7.7629291E-02
  1.8549998E+03  5.2529860E-02
  1.8650002E+03  1.1646771E-01
  1.8750001E+03  9.7416647E-02
  1.8850000E+03  1.3430269E-01
  1.8950002E+03  1.7159009E-01
  1.9049996E+03  1.7763121E-01
  1.9149999E+03  2.8291771E-01
  1.9249993E+03  2.0743778E-01
  1.9350001E+03  1.4690092E-01
  1.9449993E+03  3.1578466E-01
  1.9550002E+03  4.9217439E-01
  1.9670002E+03  5.1107526E-01
  1.9759990E+03  6.3576919E-01
  1.9839996E+03  8.5485882E-01
  1.9950001E+03  6.9240814E-01
  2.0050002E+03  8.0068368E-01
  2.0149996E+03  9.0429497E-01
  2.0249994E+03  7.7359110E-01
  2.0349995E+03  1.0006858E+00
  2.0449998E+03  1.0404691E+00
  2.0550000E+03  1.3111979E+00
  2.0649993E+03  1.1493999E+00
  2.0739993E+03  1.0594834E+00
  2.0780002E+03  2.6608100E+00
  2.0849993E+03  3.7433925E+00
  2.0950005E+03  4.2624044E+00
  2.1050002E+03  3.3698318E+00
  2.1149990E+03  2.8458655E+00
  2.1250000E+03  3.4082320E+00
  2.1350002E+03  5.2182951E+00
  2.1449998E+03  3.4636166E+00
  2.1550005E+03  4.5690374E+00
  2.1649995E+03  4.2292233E+00
  2.1750002E+03  4.7836370E+00
  2.1849998E+03  3.8071606E+00
  2.1950000E+03  9.0390434E+00
  2.2050000E+03  6.1489606E+00
  2.2149998E+03  8.8028336E+00
  2.2249998E+03  7.4177370E+00
  2.2350005E+03  1.8200018E+01
  2.2449990E+03  1.8166830E+01
  2.2549993E+03  2.6015583E+01
  2.2650000E+03  7.4271164E+00
  2.2750000E+03  2.2874212E+01
  2.2850000E+03  1.9967216E+01
  2.2950002E+03  4.1547710E+01
  2.3050000E+03  8.3493519E+00
  2.3149995E+03  5.5460190E+01
  2.3250000E+03  3.2385536E+01
  2.3349995E+03  6.8341911E+01
  2.3449993E+03  3.6046062E+01
  2.3550000E+03  2.3033865E+01
  2.3649988E+03  3.9802948E+01
  2.3750000E+03  3.5048985E+01
  2.3849990E+03  8.0211609E+01
  2.3950000E+03  6.4778618E+01
  2.4050005E+03  1.4340407E+02
  2.4149993E+03  7.4019539E+01
  2.4249990E+03  1.1675569E+02
  2.4349990E+03  1.7102625E+02
  2.4450000E+03  2.7728644E+02
  2.4549990E+03  3.2735095E+02
  2.4649990E+03  1.5450702E+02
  2.4749993E+03  2.9213681E+02
  2.4850005E+03  5.1205734E+01
  2.4950000E+03  8.7637733E+01
  2.5050005E+03  2.4258499E+02
  2.5129988E+03  1.2636784E+02
  2.5179990E+03  1.0498083E+02
  2.5249998E+03  1.3478336E+02
  2.5350007E+03  6.1233057E+02
  2.5449988E+03  6.9035522E+02
  2.5550000E+03  9.8949750E+02
  2.5649990E+03  4.2130383E+02
  2.5749990E+03  8.9998383E+02
  2.5849993E+03  5.3620941E+02
  2.5949990E+03  7.7399548E+02
  2.6049995E+03  1.1284744E+03
  2.6149998E+03  9.1502692E+02
  2.6249990E+03  1.6276245E+03
  2.6350007E+03  3.5337832E+03
  2.6449995E+03  2.7570457E+03
  2.6549998E+03  7.6746602E+03
  2.6649995E+03  3.3898545E+03
  2.6749988E+03  3.3694556E+03
  2.6849988E+03  5.0492920E+03
  2.6949988E+03  2.0546755E+03
  2.7050000E+03  5.4710283E+03
  2.7150000E+03  3.5716733E+03
  2.7249995E+03  2.2768494E+03
  2.7350007E+03  2.8591047E+03
  2.7450002E+03  3.6807712E+03
  2.7549998E+03  4.0865728E+03
  2.7649983E+03  6.3616558E+03
  2.7750005E+03  9.1132598E+03
  2.7850000E+03  4.7171377E+03
  2.7949993E+03  3.3812805E+03
  2.8049995E+03  3.9052180E+03
  2.8150002E+03  7.1227324E+03
  2.8250007E+03  8.0882637E+03
  2.8350000E+03  5.9487183E+03
  2.8450002E+03  3.2411780E+03
  2.8550005E+03  1.0335049E+03
  2.8650000E+03  5.5897974E+03
  2.8749983E+03  7.9315430E+03
  2.8850000E+03  1.3833690E+04
  2.8949988E+03  2.3068271E+04
  2.9099988E+03  5.6447043E+04
  2.9299983E+03  5.8035617E+04
  2.9499990E+03  6.3870414E+04
  2.9700005E+03  5.8742117E+04
  2.9899980E+03  8.1523547E+04
  3.0099995E+03  8.3587258E+04
  3.0299995E+03  1.1423578E+05
  3.0499995E+03  1.2275769E+05
  3.0699995E+03  1.2478493E+05
  3.0899995E+03  9.2943367E+04
  3.1099995E+03  1.4904409E+05
  3.1299998E+03  1.0797203E+05
  3.1499995E+03  1.3878662E+05
  3.1699995E+03  1.8725125E+05
  3.1899995E+03  1.3724931E+05
  3.2099998E+03  1.5484883E+05
  3.2299993E+03  1.3926227E+05
  3.2499993E+03  2.4885611E+05
  3.2699995E+03  2.8919550E+05
  3.2899995E+03  3.0646178E+05
  3.3099998E+03  2.4758389E+05
  3.3299993E+03  2.6879809E+05
  3.3499995E+03  2.5372459E+05
  3.3699995E+03  1.4271667E+05
  3.3899993E+03  1.8120209E+05
  3.4099993E+03  2.0840992E+05
  3.4299995E+03  2.5630878E+05
  3.4499993E+03  3.0990397E+05
  3.4699998E+03  3.3590566E+05
  3.4899993E+03  4.0663959E+05
  3.5099995E+03  4.4177100E+05
  3.5299995E+03  3.6340328E+05
  3.5499995E+03  3.8753959E+05
  3.5699995E+03  2.5747522E+05
  3.5899995E+03  3.1832647E+05
  3.6099995E+03  4.7397703E+05
  3.6299993E+03  4.9621541E+05
  3.6399993E+03  4.7694438E+05
  3.6499995E+03  4.8409038E+05
  3.6699993E+03  5.5874056E+05
  3.6899995E+03  4.4982978E+05
  3.7099995E+03  4.3628903E+05
  3.7299998E+03  1.7560605E+05
  3.7499993E+03  2.2328322E+05
  3.7699993E+03  4.0647600E+05
  3.7899995E+03  4.2223506E+05
  3.8099993E+03  3.4883134E+05
  3.8299998E+03  1.4004375E+05
  3.8499995E+03  2.1225916E+05
  3.8699995E+03  2.1395978E+05
  3.8899995E+03  3.6597541E+05
  3.9099995E+03  5.2869938E+05
  3.9299993E+03  1.8552123E+05
  3.9499993E+03  4.3614362E+05
  3.9699998E+03  2.7058216E+05
  3.9899995E+03  8.2220538E+05
  4.0099995E+03  9.3737544E+05
  4.0299993E+03  8.8740781E+05
  4.0499993E+03  8.3284375E+05
  4.0699993E+03  7.5128750E+05
  4.0899995E+03  1.0780566E+06
  4.1099995E+03  9.5329056E+05
  4.1299995E+03  8.7821712E+05
  4.1499990E+03  8.0819631E+05
  4.1699990E+03  8.3841981E+05
  4.1899995E+03  8.5084206E+05
  4.2099995E+03  8.8469281E+05
  4.2299995E+03  8.3775306E+05
  4.2499995E+03  9.5938919E+05
  4.2699990E+03  8.8595700E+05
  4.2899995E+03  8.2770706E+05
  4.3100000E+03  7.3168069E+05
  4.3299995E+03  1.1747328E+06
  4.3499995E+03  1.2149032E+06
  4.3699995E+03  1.3118555E+06
  4.3899995E+03  1.1038035E+06
  4.4099995E+03  1.1784664E+06
  4.4299995E+03  1.3169888E+06
  4.4499995E+03  1.3534045E+06
  4.4699995E+03  1.4841445E+06
  4.4899995E+03  1.5504282E+06
  4.5099990E+03  1.8601339E+06
  4.5299995E+03  1.5568382E+06
  4.5499990E+03  1.6627394E+06
  4.5699995E+03  1.8260412E+06
  4.5899990E+03  1.7413901E+06
  4.6099990E+03  1.7955548E+06
  4.6299990E+03  1.7375289E+06
  4.6499990E+03  1.7736820E+06
  4.6699990E+03  1.8955074E+06
  4.6899990E+03  1.8353585E+06
  4.7099995E+03  1.8019728E+06
  4.7299990E+03  1.8542908E+06
  4.7499995E+03  1.9121761E+06
  4.7699995E+03  1.9075994E+06
  4.7899990E+03  1.9197808E+06
  4.8099995E+03  1.9478136E+06
  4.8299995E+03  2.0287702E+06
  4.8499990E+03  1.9358376E+06
  4.8700000E+03  1.7781200E+06
  4.8899990E+03  1.9378549E+06
  4.9099990E+03  1.9346014E+06
  4.9299990E+03  1.8662356E+06
  4.9499995E+03  2.0058606E+06
  4.9699995E+03  1.9529925E+06
  4.9899990E+03  1.7886431E+06
  5.0099995E+03  1.6544669E+06
  5.0299995E+03  1.7692425E+06
  5.0499995E+03  1.7320635E+06
  5.0699995E+03  1.8177935E+06
  5.0899995E+03  1.6635052E+06
  5.1099990E+03  1.7037474E+06
  5.1299995E+03  1.6263559E+06
  5.1499985E+03  1.5435799E+06
  5.1700000E+03  1.3779156E+06
  5.1899990E+03  1.4935841E+06
  5.2099990E+03  1.6726980E+06
  5.2299995E+03  1.9128022E+06
  5.2499995E+03  2.0365796E+06
  5.2699995E+03  1.7209626E+06
  5.2899990E+03  2.0776521E+06
  5.3099995E+03  2.2738052E+06
  5.3299990E+03  1.9092000E+06
  5.3499995E+03  2.1721465E+06
  5.3699995E+03  2.1464598E+06
  5.3899995E+03  2.0632589E+06
  5.4099990E+03  2.0454576E+06
  5.4299990E+03  2.0664494E+06
  5.4499990E+03  2.1896882E+06
  5.4699995E+03  2.1457525E+06
  5.4899995E+03  2.1715202E+06
  5.5099995E+03  2.1309670E+06
  5.5299985E+03  2.2244838E+06
  5.5499990E+03  2.2692660E+06
  5.5699990E+03  2.2098915E+06
  5.5899995E+03  2.1365982E+06
  5.6099990E+03  2.2750912E+06
  5.6299995E+03  2.2426725E+06
  5.6499990E+03  2.2737935E+06
  5.6699990E+03  2.2069232E+06
  5.6899995E+03  2.2846412E+06
  5.7099995E+03  2.1747242E+06
  5.7299990E+03  2.4060370E+06
  5.7499990E+03  2.3094528E+06
  5.7699990E+03  2.3532172E+06
  5.7899995E+03  2.2171942E+06
  5.8099985E+03  2.3588722E+06
  5.8300000E+03  2.4505618E+06
  5.8499990E+03  2.3584282E+06
  5.8699985E+03  2.3821825E+06
  5.8899985E+03  2.1031278E+06
  5.9099995E+03  2.3504762E+06
  5.9299985E+03  2.3586468E+06
  5.9499995E+03  2.3546282E+06
  5.9699990E+03  2.4114962E+06
  5.9899990E+03  2.3600352E+06
  6.0099990E+03  2.3150458E+06
  6.0299995E+03  2.3880928E+06
  6.0499990E+03  2.4276015E+06
  6.0699990E+03  2.4038595E+06
  6.0899995E+03  2.2951520E+06
  6.1099985E+03  2.3191050E+06
  6.1299995E+03  2.1648398E+06
  6.1499985E+03  2.2695132E+06
  6.1699985E+03  2.1488368E+06
  6.1900000E+03  2.3296502E+06
  6.2099995E+03  2.3084172E+06
  6.2299985E+03  2.2348968E+06
  6.2499990E+03  2.1506940E+06
  6.2699985E+03  2.2523745E+06
  6.2900000E+03  2.2991090E+06
  6.3099985E+03  2.2260850E+06
  6.3299995E+03  2.2655378E+06
  6.3499985E+03  2.2754882E+06
  6.3699985E+03  2.2630788E+06
  6.3899995E+03  2.3125035E+06
  6.4099990E+03  2.2593112E+06
  6.4299985E+03  2.2803598E+06
  6.4499985E+03  2.2645195E+06
  6.4699990E+03  2.2491905E+06
  6.4899990E+03  2.1992148E+06
  6.5099985E+03  2.2867952E+06
  6.5299990E+03  2.2957792E+06
  6.5499985E+03  2.2581600E+06
  6.5699985E+03  2.2024518E+06
  6.5899995E+03  2.2688252E+06
  6.6099985E+03  2.2912450E+06
  6.6299990E+03  2.2734138E+06
  6.6499985E+03  2.2753500E+06
  6.6699995E+03  2.2290380E+06
  6.6899990E+03  2.3021780E+06
  6.7099995E+03  2.2042150E+06
  6.7299990E+03  2.2936912E+06
  6.7499995E+03  2.2488640E+06
  6.7699985E+03  2.2677360E+06
  6.7899995E+03  2.2392790E+06
  6.8099995E+03  2.2423108E+06
  6.8300000E+03  2.2720805E+06
  6.8499985E+03  2.1909092E+06
  6.8699985E+03  2.2260645E+06
  6.8899985E+03  2.2541088E+06
  6.9099990E+03  2.2327948E+06
  6.9299995E+03  2.2091785E+06
  6.9499990E+03  2.1934402E+06
  6.9699985E+03  2.2074695E+06
  6.9899985E+03  2.1812852E+06
  7.0099985E+03  2.1229338E+06
  7.0299985E+03  2.1713218E+06
  7.0499990E+03  2.1916122E+06
  7.0699980E+03  2.1507415E+06
  7.0899990E+03  2.1411720E+06
  7.1099990E+03  2.1405450E+06
  7.1299995E+03  2.0995775E+06
  7.1499990E+03  2.0885850E+06
  7.1699995E+03  2.1169612E+06
  7.1899985E+03  2.0346584E+06
  7.2099985E+03  2.0887546E+06
  7.2299980E+03  2.1270155E+06
  7.2499990E+03  2.1136475E+06
  7.2699995E+03  2.1122268E+06
  7.2899990E+03  2.0551425E+06
  7.3099980E+03  2.0862841E+06
  7.3299980E+03  2.0789115E+06
  7.3499980E+03  2.0716578E+06
  7.3699985E+03  2.1093960E+06
  7.3899995E+03  2.0547406E+06
  7.4099985E+03  2.0266489E+06
  7.4299995E+03  2.0687088E+06
  7.4500000E+03  2.0694268E+06
  7.4700000E+03  2.0776018E+06
  7.4899990E+03  2.0596720E+06
  7.5099985E+03  2.0809794E+06
  7.5299995E+03  2.0943899E+06
  7.5499980E+03  2.1024095E+06
  7.5699985E+03  2.0825056E+06
  7.5899990E+03  2.0648089E+06
  7.6099980E+03  2.0629476E+06
  7.6299995E+03  2.0746660E+06
  7.6499995E+03  2.0826294E+06
  7.6699980E+03  1.9990991E+06
  7.6899990E+03  2.0742711E+06
  7.7099995E+03  2.0251176E+06
  7.7299985E+03  2.0339450E+06
  7.7499990E+03  2.0117314E+06
  7.7700000E+03  2.0648495E+06
  7.7900000E+03  2.0532051E+06
  7.8099995E+03  2.0441238E+06
  7.8299980E+03  2.0203610E+06
  7.8499980E+03  2.0069002E+06
  7.8699995E+03  2.0298011E+06
  7.8900000E+03  1.9881754E+06
  7.9099995E+03  1.9374314E+06
  7.9300000E+03  1.9278505E+06
  7.9499985E+03  1.8922940E+06
  7.9699990E+03  1.9647726E+06
  7.9900000E+03  1.9568961E+06
  8.0099980E+03  1.9426742E+06
  8.0299985E+03  1.9418311E+06
  8.0500000E+03  1.9278336E+06
  8.0699985E+03  1.9191004E+06
  8.0899990E+03  1.8745678E+06
  8.1099995E+03  1.8816578E+06
  8.1299976E+03  1.9070094E+06
  8.1499976E+03  1.8992492E+06
  8.1699980E+03  1.9013064E+06
  8.1899985E+03  1.8420448E+06
  8.2099990E+03  1.8477804E+06
  8.2300000E+03  1.8662308E+06
  8.2500000E+03  1.8764002E+06
  8.2700000E+03  1.9028092E+06
  8.2899980E+03  1.8866784E+06
  8.3099990E+03  1.8222342E+06
  8.3299980E+03  1.8208789E+06
  8.3500000E+03  1.8229720E+06
  8.3699990E+03  1.8399220E+06
  8.3899990E+03  1.7600871E+06
  8.4099971E+03  1.8444076E+06
  8.4300000E+03  1.7796835E+06
  8.4499990E+03  1.8238204E+06
  8.4699980E+03  1.8140100E+06
  8.4899980E+03  1.8356832E+06
  8.5099990E+03  1.7477334E+06
  8.5299990E+03  1.8288622E+06
  8.5499990E+03  1.7125051E+06
  8.5699990E+03  1.8365539E+06
  8.5900000E+03  1.7994200E+06
  8.6099980E+03  1.7989478E+06
  8.6299990E+03  1.8138876E+06
  8.6499990E+03  1.8275124E+06
  8.6699990E+03  1.6787096E+06
  8.6899990E+03  1.7298092E+06
  8.7099971E+03  1.7784862E+06
  8.7299990E+03  1.7847800E+06
  8.7499980E+03  1.7731861E+06
  8.7699980E+03  1.7866110E+06
  8.7899980E+03  1.7727365E+06
  8.8099990E+03  1.7165952E+06
  8.8299980E+03  1.7494156E+06
  8.8499980E+03  1.7722535E+06
  8.8699980E+03  1.7378388E+06
  8.8899990E+03  1.7690208E+06
  8.9099971E+03  1.7841041E+06
  8.9299980E+03  1.7324220E+06
  8.9499980E+03  1.7255816E+06
  8.9699990E+03  1.7340016E+06
  8.9899990E+03  1.7383214E+06
  9.0099980E+03  1.6697269E+06
  9.0299990E+03  1.7201369E+06
  9.0499990E+03  1.7597820E+06
  9.0699980E+03  1.7417718E+06
  9.0899990E+03  1.6770775E+06
  9.1099980E+03  1.6883339E+06
  9.1299980E+03  1.7231575E+06
  9.1499980E+03  1.7075330E+06
  9.1699980E+03  1.7052896E+06
  9.1899990E+03  1.7286986E+06
  9.2099990E+03  1.6821595E+06
  9.2299980E+03  1.7017199E+06
  9.2499980E+03  1.6748198E+06
  9.2699971E+03  1.6797888E+06
  9.2899990E+03  1.6695946E+06
  9.3099980E+03  1.6907249E+06
  9.3299990E+03  1.6776845E+06
  9.3499980E+03  1.6723681E+06
  9.3699990E+03  1.6388040E+06
  9.3900000E+03  1.6634050E+06
  9.4099980E+03  1.6123079E+06
  9.4299971E+03  1.6593651E+06
  9.4499990E+03  1.6115119E+06
  9.4700000E+03  1.6499126E+06
  9.4899980E+03  1.6529220E+06
  9.5100000E+03  1.6380202E+06
  9.5300000E+03  1.6343879E+06
  9.5500000E+03  1.6020628E+06
  9.5699990E+03  1.5962379E+06
  9.5899980E+03  1.6315748E+06
  9.6099980E+03  1.6011304E+06
  9.6299990E+03  1.6012301E+06
  9.6499990E+03  1.5619521E+06
  9.6699980E+03  1.5623066E+06
  9.6899980E+03  1.5912922E+06
  9.7100000E+03  1.5722765E+06
  9.7299990E+03  1.5568266E+06
  9.7499980E+03  1.5531412E+06
  9.7699961E+03  1.5558672E+06
  9.7899980E+03  1.5227481E+06
  9.8099980E+03  1.5717424E+06
  9.8299990E+03  1.5538126E+06
  9.8499980E+03  1.5679726E+06
  9.8700000E+03  1.5507570E+06
  9.8899980E+03  1.5506159E+06
  9.9099990E+03  1.5448236E+06
  9.9300000E+03  1.5467828E+06
  9.9499980E+03  1.5448334E+06
  9.9699980E+03  1.5445539E+06
  9.9899990E+03  1.5352801E+06
  1.0024998E+04  1.5235669E+06
  1.0074998E+04  1.5043624E+06
  1.0124997E+04  1.5033590E+06
  1.0174997E+04  1.4806148E+06
  1.0224998E+04  1.4790698E+06
  1.0274997E+04  1.4784840E+06
  1.0325000E+04  1.4494268E+06
  1.0374999E+04  1.4372402E+06
  1.0425000E+04  1.4430719E+06
  1.0474998E+04  1.4255864E+06
  1.0524997E+04  1.4258818E+06
  1.0574999E+04  1.4059614E+06
  1.0625000E+04  1.3990002E+06
  1.0674997E+04  1.3727024E+06
  1.0724998E+04  1.3721168E+06
  1.0774999E+04  1.3563291E+06
  1.0824997E+04  1.3328981E+06
  1.0874997E+04  1.3324559E+06
  1.0924999E+04  1.3437390E+06
  1.0974996E+04  1.3190132E+06
  1.1025000E+04  1.3236262E+06
  1.1074998E+04  1.3203945E+06
  1.1124999E+04  1.3097394E+06
  1.1174998E+04  1.2931584E+06
  1.1224999E+04  1.2929355E+06
  1.1274997E+04  1.2694328E+06
  1.1325000E+04  1.2660024E+06
  1.1375000E+04  1.2532668E+06
  1.1425000E+04  1.2371549E+06
  1.1474997E+04  1.2525194E+06
  1.1525000E+04  1.2476305E+06
  1.1574998E+04  1.2286370E+06
  1.1625000E+04  1.2099502E+06
  1.1674998E+04  1.2104159E+06
  1.1724997E+04  1.2183930E+06
  1.1775001E+04  1.1952420E+06
  1.1824999E+04  1.1835664E+06
  1.1875000E+04  1.1673955E+06
  1.1925000E+04  1.1886224E+06
  1.1975001E+04  1.1408336E+06
  1.2024998E+04  1.1643765E+06
  1.2074996E+04  1.1489405E+06
  1.2125000E+04  1.1515272E+06
  1.2175000E+04  1.1549741E+06
  1.2225001E+04  1.1450666E+06
  1.2275001E+04  1.1357822E+06
  1.2324996E+04  1.1281242E+06
  1.2374996E+04  1.1245616E+06
  1.2424998E+04  1.1123075E+06
  1.2475000E+04  1.1130676E+06
  1.2524997E+04  1.0986756E+06
  1.2574997E+04  1.0981992E+06
  1.2624999E+04  1.0910774E+06
  1.2674997E+04  1.0781719E+06
  1.2724999E+04  1.0798824E+06
  1.2774999E+04  1.0807489E+06
  1.2825000E+04  1.0424251E+06
  1.2875001E+04  1.0545484E+06
  1.2924997E+04  1.0419857E+06
  1.2975001E+04  1.0536175E+06
  1.3024998E+04  1.0368394E+06
  1.3074999E+04  1.0427416E+06
  1.3125000E+04  1.0199189E+06
  1.3174998E+04  1.0177487E+06
  1.3224998E+04  1.0212684E+06
  1.3274997E+04  1.0019174E+06
  1.3324997E+04  1.0092225E+06
  1.3374999E+04  1.0001745E+06
  1.3424999E+04  1.0068686E+06
  1.3474999E+04  9.9826906E+05
  1.3525001E+04  9.9508238E+05
  1.3574999E+04  9.7611319E+05
  1.3624997E+04  9.7222975E+05
  1.3674997E+04  9.7417844E+05
  1.3724995E+04  9.7655350E+05
  1.3774998E+04  9.6838456E+05
  1.3824998E+04  9.6756206E+05
  1.3874996E+04  9.5686381E+05
  1.3925000E+04  9.6131156E+05
  1.3974996E+04  9.5841944E+05
  1.4024997E+04  9.4054662E+05
  1.4075001E+04  9.4912719E+05
  1.4124996E+04  9.3505600E+05
  1.4175000E+04  9.4463262E+05
  1.4225000E+04  9.2552969E+05
  1.4274994E+04  9.0602444E+05
  1.4325001E+04  9.2599962E+05
  1.4374998E+04  9.2837519E+05
  1.4424999E+04  8.9776194E+05
  1.4475000E+04  9.1703038E+05
  1.4524997E+04  9.0179988E+05
  1.4569999E+04  9.0574994E+05
  1.4620000E+04  9.0559281E+05
  1.4674998E+04  9.0305131E+05
  1.4725000E+04  8.8483562E+05
  1.4775002E+04  8.8726125E+05
  1.4824998E+04  8.8567512E+05
  1.4874996E+04  8.6629750E+05
  1.4924997E+04  8.9082669E+05
  1.4974999E+04  8.7517750E+05
  1.5024999E+04  8.4937012E+05
  1.5075000E+04  8.4989525E+05
  1.5124999E+04  8.6803256E+05
  1.5175000E+04  8.6755669E+05
  1.5225002E+04  8.5942981E+05
  1.5274998E+04  8.6537369E+05
  1.5324995E+04  8.5646412E+05
  1.5374997E+04  8.5974750E+05
  1.5425001E+04  8.5861575E+05
  1.5474996E+04  8.5331281E+05
  1.5524994E+04  8.3865050E+05
  1.5575001E+04  8.3164306E+05
  1.5624998E+04  8.4713044E+05
  1.5674997E+04  8.1937969E+05
  1.5724994E+04  8.3092119E+05
  1.5774996E+04  7.9591406E+05
  1.5825001E+04  8.1351731E+05
  1.5874995E+04  7.8207662E+05
  1.5925002E+04  7.9788069E+05
  1.5975001E+04  8.1012156E+05
  1.6049998E+04  8.0348962E+05
  1.6150001E+04  7.9057994E+05
  1.6249997E+04  7.8797056E+05
  1.6350000E+04  7.7827644E+05
  1.6449996E+04  7.6016988E+05
  1.6549998E+04  7.5534362E+05
  1.6649994E+04  7.4249300E+05
  1.6749998E+04  7.2237419E+05
  1.6849998E+04  7.0404625E+05
  1.6950000E+04  7.0613544E+05
  1.7049996E+04  6.8005781E+05
  1.7150000E+04  6.7272631E+05
  1.7249992E+04  6.5197256E+05
  1.7349994E+04  6.3615606E+05
  1.7449992E+04  6.2999938E+05
  1.7550000E+04  6.1935381E+05
  1.7649998E+04  6.0933238E+05
  1.7749994E+04  5.9443888E+05
  1.7849994E+04  5.8847112E+05
  1.7949998E+04  5.7522094E+05
  1.8050002E+04  5.6177644E+05
  1.8150002E+04  5.5034250E+05
  1.8249994E+04  5.4010925E+05
  1.8349992E+04  5.2943888E+05
  1.8449992E+04  5.1479503E+05
  1.8549998E+04  5.1117528E+05
  1.8650002E+04  4.9444353E+05
  1.8750002E+04  4.8236819E+05
  1.8850000E+04  4.8174875E+05
  1.8950004E+04  4.5873800E+05
  1.9049996E+04  4.6614309E+05
  1.9149998E+04  4.5579128E+05
  1.9249992E+04  4.4847594E+05
  1.9350000E+04  4.3468594E+05
  1.9449992E+04  4.2390431E+05
  1.9550002E+04  4.2400406E+05
  1.9649992E+04  4.1517281E+05
  1.9749992E+04  4.0505862E+05
  1.9849992E+04  3.9975434E+05
  1.9950002E+04  3.9392006E+05
  2.0050002E+04  3.9173422E+05
  2.0149996E+04  3.8640844E+05
  2.0249994E+04  3.7378181E+05
  2.0349994E+04  3.6678778E+05
  2.0449996E+04  3.6629919E+05
  2.0550000E+04  3.5877297E+05
  2.0649992E+04  3.5039472E+05
  2.0749998E+04  3.4584409E+05
  2.0849992E+04  3.3967503E+05
  2.0950004E+04  3.3083462E+05
  2.1050002E+04  3.2972234E+05
  2.1149992E+04  3.2281381E+05
  2.1250000E+04  3.1728794E+05
  2.1350002E+04  3.1420688E+05
  2.1449996E+04  3.0863131E+05
  2.1550006E+04  3.0362359E+05
  2.1649994E+04  2.9572181E+05
  2.1750002E+04  2.9108131E+05
  2.1849998E+04  2.8722372E+05
  2.1950002E+04  2.8362728E+05
  2.2050000E+04  2.7531897E+05
  2.2149996E+04  2.7540344E+05
  2.2249998E+04  2.6777394E+05
  2.2350004E+04  2.6420644E+05
  2.2449990E+04  2.6043058E+05
  2.2549994E+04  2.5719230E+05
  2.2650000E+04  2.5104153E+05
  2.2750000E+04  2.4984392E+05
  2.2850000E+04  2.4344084E+05
  2.2950004E+04  2.1411514E+05
  2.3050000E+04  2.2535803E+05
  2.3149996E+04  2.2315528E+05
  2.3250000E+04  1.9642909E+05
  2.3349996E+04  2.0740888E+05
  2.3449994E+04  2.0969948E+05
  2.3550002E+04  1.8291778E+05
  2.3649988E+04  1.9649564E+05
  2.3750000E+04  1.9620672E+05
  2.3849990E+04  1.7381502E+05
  2.3950002E+04  1.8425419E+05
  2.4050006E+04  1.8660048E+05
  2.4149992E+04  1.6839298E+05
  2.4249990E+04  1.7499581E+05
  2.4349990E+04  1.7696708E+05
  2.4450002E+04  1.6583616E+05
  2.4549990E+04  1.6393802E+05
  2.4649992E+04  1.7026148E+05
  2.4749992E+04  1.6337792E+05
  2.4850006E+04  1.5547059E+05
  2.4950000E+04  1.6043616E+05
  2.5050006E+04  1.6342636E+05
  2.5149994E+04  1.5044372E+05
  2.5249998E+04  1.5565380E+05
  2.5350004E+04  1.5536609E+05
  2.5449988E+04  1.5046011E+05
  2.5549998E+04  1.4862661E+05
  2.5649990E+04  1.4866686E+05
  2.5749990E+04  1.4898595E+05
  2.5849994E+04  1.4070359E+05
  2.5949990E+04  1.4275980E+05
  2.6049996E+04  1.4288714E+05
  2.6149998E+04  1.4003342E+05
  2.6249988E+04  1.3748700E+05
  2.6350008E+04  1.3725369E+05
  2.6449996E+04  1.3577638E+05
  2.6549994E+04  1.3358508E+05
  2.6649994E+04  1.3056345E+05
  2.6749988E+04  1.3273230E+05
  2.6849986E+04  1.3091455E+05
  2.6949986E+04  1.2793745E+05
  2.7050002E+04  1.2766760E+05
  2.7149998E+04  1.2623316E+05
  2.7249994E+04  1.2511055E+05
  2.7350006E+04  1.2271652E+05
  2.7450004E+04  1.2231905E+05
  2.7549996E+04  1.2115976E+05
  2.7649982E+04  1.1905315E+05
  2.7750004E+04  1.1719355E+05
  2.7850000E+04  1.1643608E+05
  2.7949992E+04  1.1582629E+05
  2.8049994E+04  1.1419270E+05
  2.8150002E+04  1.1253651E+05
  2.8250006E+04  1.1135880E+05
  2.8350000E+04  1.1056994E+05
  2.8450000E+04  1.0877935E+05
  2.8550002E+04  1.0752409E+05
  2.8650002E+04  1.0626993E+05
  2.8749982E+04  1.0500795E+05
  2.8849998E+04  1.0383303E+05
  2.8949986E+04  1.0265403E+05
  2.9049994E+04  1.0135025E+05
  2.9149986E+04  1.0029257E+05
  2.9249984E+04  9.8203328E+04
  2.9349980E+04  9.7841445E+04
  2.9450000E+04  9.6322266E+04
  2.9550004E+04  9.5313320E+04
  2.9649982E+04  9.4453070E+04
  2.9749992E+04  9.3350875E+04
  2.9849994E+04  9.2033039E+04
  2.9949984E+04  9.0785352E+04
  3.0049996E+04  8.9739836E+04
  3.0149994E+04  8.8925883E+04
  3.0249994E+04  8.7573156E+04
  3.0349996E+04  8.6252641E+04
  3.0449996E+04  8.5715492E+04
  3.0549996E+04  8.4525555E+04
  3.0649996E+04  8.3401430E+04
  3.0749994E+04  8.2672625E+04
  3.0849996E+04  8.1266656E+04
  3.0949994E+04  8.0459203E+04
  3.1049996E+04  7.9805000E+04
  3.1149996E+04  7.8109258E+04
  3.1249996E+04  7.7795336E+04
  3.1349996E+04  7.6966328E+04
  3.1449996E+04  7.6028211E+04
  3.1549998E+04  7.4884695E+04
  3.1649996E+04  7.3975977E+04
  3.1749998E+04  7.3353750E+04
  3.1849996E+04  7.2474203E+04
  3.1949994E+04  7.1748148E+04
  3.2099996E+04  7.0369875E+04
  3.2299992E+04  6.8699492E+04
  3.2499994E+04  6.7111109E+04
  3.2699996E+04  6.5524621E+04
  3.2899996E+04  6.3943801E+04
  3.3099996E+04  6.2533824E+04
  3.3299992E+04  6.1020523E+04
  3.3499996E+04  5.9891250E+04
  3.3699996E+04  5.8479230E+04
  3.3899996E+04  5.7056930E+04
  3.4099996E+04  5.5722195E+04
  3.4299996E+04  5.4747645E+04
  3.4499992E+04  5.3649469E+04
  3.4699996E+04  5.2416430E+04
  3.4899996E+04  5.1322500E+04
  3.5099996E+04  5.0292844E+04
  3.5299996E+04  4.9062465E+04
  3.5499996E+04  4.8143516E+04
  3.5699992E+04  4.7073539E+04
  3.5899992E+04  4.6050652E+04
  3.6099996E+04  4.5218027E+04
  3.6299992E+04  4.4272273E+04
  3.6499992E+04  4.3203074E+04
  3.6699992E+04  4.2260773E+04
  3.6899992E+04  4.1162004E+04
  3.7099996E+04  4.0251352E+04
  3.7299996E+04  3.9715258E+04
  3.7499992E+04  3.8596227E+04
  3.7699996E+04  3.8126832E+04
  3.7899996E+04  3.7324219E+04
  3.8099992E+04  3.6684254E+04
  3.8299996E+04  3.6058141E+04
  3.8499996E+04  3.5384570E+04
  3.8699996E+04  3.4521730E+04
  3.8899992E+04  3.3928668E+04
  3.9099996E+04  3.3350809E+04
  3.9299992E+04  3.2707336E+04
  3.9499992E+04  3.1906117E+04
  3.9699992E+04  3.1379891E+04
  3.9900000E+04  3.0559674E+04
  4.0099996E+04  3.0145486E+04
  4.0299992E+04  2.9689291E+04
  4.0499996E+04  2.9052258E+04
  4.0699992E+04  2.8546836E+04
  4.0899992E+04  2.8047623E+04
  4.1099996E+04  2.7541137E+04
  4.1299996E+04  2.7082885E+04
  4.1499992E+04  2.6531551E+04
  4.1699992E+04  2.6052344E+04
  4.1899996E+04  2.5525260E+04
  4.2099996E+04  2.4953855E+04
  4.2299992E+04  2.4731082E+04
  4.2499996E+04  2.4181830E+04
  4.2699992E+04  2.3833930E+04
  4.2899992E+04  2.2072873E+04
  4.3099996E+04  2.0294721E+04
  4.3299996E+04  2.0539688E+04
  4.3499992E+04  1.9097768E+04
  4.3699996E+04  1.8364479E+04
  4.3899996E+04  1.7936367E+04
  4.4099992E+04  1.6826604E+04
  4.4299992E+04  1.6558875E+04
  4.4499996E+04  1.6265584E+04
  4.4699996E+04  1.5368434E+04
  4.4899996E+04  1.5525399E+04
  4.5099992E+04  1.5017020E+04
  4.5299992E+04  1.4452554E+04
  4.5499996E+04  1.4529404E+04
  4.5699992E+04  1.4420191E+04
  4.5899996E+04  1.3735457E+04
  4.6099996E+04  1.3954766E+04
  4.6299992E+04  1.3633947E+04
  4.6499988E+04  1.3562917E+04
  4.6699992E+04  1.3587261E+04
  4.6899992E+04  1.3307203E+04
  4.7099992E+04  1.3025459E+04
  4.7299992E+04  1.3240697E+04
  4.7499996E+04  1.2860103E+04
  4.7699992E+04  1.2693708E+04
  4.7899992E+04  1.2634725E+04
  4.8099996E+04  1.2219347E+04
  4.8299992E+04  1.2452319E+04
  4.8499992E+04  1.2171415E+04
  4.8700000E+04  1.1883890E+04
  4.8899992E+04  1.1729378E+04
  4.9099988E+04  1.1609798E+04
  4.9299988E+04  1.1413799E+04
  4.9499996E+04  1.1202129E+04
  4.9699992E+04  1.1168434E+04
  4.9899988E+04  1.0988764E+04
  5.0099996E+04  1.0891445E+04
  5.0299996E+04  1.0746635E+04
  5.0499996E+04  1.0462846E+04
  5.0699996E+04  1.0427068E+04
  5.0899992E+04  1.0298030E+04
  5.1099992E+04  1.0067099E+04
  5.1299996E+04  1.0084522E+04
  5.1499988E+04  9.8653027E+03
  5.1699996E+04  9.8876406E+03
  5.1899992E+04  9.6699053E+03
  5.2099992E+04  9.5998311E+03
  5.2299996E+04  9.3841348E+03
  5.2499996E+04  9.3630723E+03
  5.2699996E+04  9.3754287E+03
  5.2899992E+04  9.0845615E+03
  5.3099988E+04  8.9851260E+03
  5.3299988E+04  8.9381123E+03
  5.3499992E+04  8.8391611E+03
  5.3699992E+04  8.7603779E+03
  5.3899992E+04  8.6699414E+03
  5.4099992E+04  8.5733916E+03
  5.4299984E+04  8.3818164E+03
  5.4499988E+04  8.3869990E+03
  5.4699996E+04  8.2421729E+03
  5.4899992E+04  8.1562329E+03
  5.5099992E+04  8.0628813E+03
  5.5299988E+04  8.1554541E+03
  5.5499988E+04  7.8540049E+03
  5.5699992E+04  7.9097817E+03
  5.5899992E+04  7.7479121E+03
  5.6099988E+04  7.7053364E+03
  5.6299996E+04  7.5413408E+03
  5.6499988E+04  7.5446953E+03
  5.6699988E+04  7.4609780E+03
  5.6899992E+04  7.3021479E+03
  5.7099996E+04  7.3182173E+03
  5.7299988E+04  7.2176528E+03
  5.7499988E+04  7.1441709E+03
  5.7699988E+04  7.0324941E+03
  5.7899996E+04  7.0182671E+03
  5.8099988E+04  6.8808618E+03
  5.8299996E+04  6.8184351E+03
  5.8499992E+04  6.7532896E+03
  5.8699988E+04  6.6320186E+03
  5.8899988E+04  6.5702236E+03
  5.9099992E+04  6.5153677E+03
  5.9299988E+04  6.4491030E+03
  5.9499996E+04  6.3511216E+03
  5.9699988E+04  6.3116011E+03
  5.9899992E+04  6.2382334E+03
  6.0099992E+04  6.1655977E+03
  6.0299992E+04  6.0955488E+03
  6.0499988E+04  5.9964414E+03
  6.0699992E+04  5.9321440E+03
  6.0899992E+04  5.8621616E+03
  6.1099988E+04  5.7780327E+03
  6.1299992E+04  5.7336733E+03
  6.1499988E+04  5.6766211E+03
  6.1699988E+04  5.6238477E+03
  6.1899996E+04  5.5614092E+03
  6.2099996E+04  5.5039580E+03
  6.2299988E+04  5.4215044E+03
  6.2499992E+04  5.3443296E+03
  6.2699988E+04  5.2847041E+03
  6.2899996E+04  5.2351519E+03
  6.3099984E+04  5.1663491E+03
  6.3299996E+04  5.1329995E+03
  6.3499984E+04  5.0601699E+03
  6.3699984E+04  5.0231523E+03
  6.3900000E+04  4.9494062E+03
  6.4199992E+04  4.8677949E+03
  6.4599984E+04  4.7517300E+03
  6.4999992E+04  4.6460776E+03
  6.5399992E+04  4.5420317E+03
  6.5799992E+04  4.4473862E+03
  6.6199984E+04  4.3423125E+03
  6.6599984E+04  4.2471621E+03
  6.6999992E+04  4.1539668E+03
  6.7399992E+04  4.0569573E+03
  6.7799992E+04  3.9689890E+03
  6.8199992E+04  3.8802883E+03
  6.8599992E+04  3.7976233E+03
  6.8999984E+04  3.7123372E+03
  6.9399984E+04  3.6311047E+03
  6.9800000E+04  3.5531074E+03
  7.0199992E+04  3.4716040E+03
  7.0599984E+04  3.4000281E+03
  7.0999977E+04  3.3264775E+03
  7.1399977E+04  3.2558342E+03
  7.1799984E+04  3.1853848E+03
  7.2199984E+04  3.1180994E+03
  7.2600000E+04  3.0511689E+03
  7.2999984E+04  2.9874958E+03
  7.3400000E+04  2.9231360E+03
  7.3799984E+04  2.8633142E+03
  7.4199992E+04  2.8002964E+03
  7.4599992E+04  2.7419153E+03
  7.5000000E+04  2.6868933E+03
  7.5399992E+04  2.6300330E+03
  7.5799992E+04  2.5799900E+03
  7.6199984E+04  2.5273467E+03
  7.6599992E+04  2.4762363E+03
  7.6999992E+04  2.4254773E+03
  7.7399992E+04  2.3776450E+03
  7.7799984E+04  2.3306040E+03
  7.8199984E+04  2.2840283E+03
  7.8599984E+04  2.2390708E+03
  7.8999984E+04  2.1948435E+03
  7.9399984E+04  2.1518696E+03
  7.9800000E+04  2.1102949E+03
  8.0199992E+04  2.0678604E+03
  8.0599984E+04  2.0276119E+03
  8.0999992E+04  1.9900074E+03
  8.1399977E+04  1.9507120E+03
  8.1799984E+04  1.9149587E+03
  8.2199984E+04  1.8789154E+03
  8.2599992E+04  1.8430919E+03
  8.2999984E+04  1.8086910E+03
  8.3400000E+04  1.7738877E+03
  8.3799992E+04  1.7407926E+03
  8.4199992E+04  1.7097324E+03
  8.4599977E+04  1.6779703E+03
  8.4999977E+04  1.6472498E+03
  8.5399984E+04  1.6172878E+03
  8.5799984E+04  1.5880676E+03
  8.6199992E+04  1.5594204E+03
  8.6599992E+04  1.5315349E+03
  8.6999984E+04  1.5040953E+03
  8.7399992E+04  1.4772899E+03
  8.7799992E+04  1.4509093E+03
  8.8199984E+04  1.4245585E+03
  8.8599977E+04  1.3996790E+03
  8.8999992E+04  1.3746168E+03
  8.9399977E+04  1.3515497E+03
  8.9799977E+04  1.3271556E+03
  9.0199984E+04  1.3050850E+03
  9.0599984E+04  1.2828467E+03
  9.0999992E+04  1.2593103E+03
  9.1400000E+04  1.2388416E+03
  9.1799969E+04  1.2178326E+03
  9.2199969E+04  1.1976719E+03
  9.2599984E+04  1.1773735E+03
  9.3000000E+04  1.1576840E+03
  9.3399984E+04  1.1382025E+03
  9.3799984E+04  1.1193527E+03
  9.4199977E+04  1.1008240E+03
  9.4599984E+04  1.0823571E+03
  9.4999969E+04  1.0646210E+03
  9.5399984E+04  1.0472673E+03
  9.5799984E+04  1.0302894E+03
  9.6199992E+04  1.0134346E+03
  9.6599984E+04  9.9714636E+02
  9.7000000E+04  9.8113141E+02
  9.7399977E+04  9.6407538E+02
  9.7799984E+04  9.4950946E+02
  9.8199977E+04  9.3475806E+02
  9.8599977E+04  9.1994269E+02
  9.8999992E+04  9.0548932E+02
  9.9399984E+04  8.9108624E+02
  9.9799977E+04  8.7718713E+02
  1.0019999E+05  8.6351831E+02
  1.9999991E+05  5.6040028E+01
  3.9999994E+05  3.5250447E+00
  5.9999981E+05  6.9312638E-01
  7.9999994E+05  2.1792243E-01
