  9.2499988E+02  6.7079967E-11
  9.3499982E+02  1.1028028E-10
  9.4500000E+02  1.6757189E-10
  9.5500000E+02  1.6703024E-10
  9.6499988E+02  3.8809508E-10
  9.7499982E+02  3.6418826E-10
  9.8499976E+02  6.3198841E-10
  9.9499988E+02  1.0596207E-09
  1.0049999E+03  1.2830614E-09
  1.0149997E+03  1.8579497E-09
  1.0249998E+03  2.5664653E-09
  1.0349998E+03  6.2849526E-09
  1.0449998E+03  8.2858698E-09
  1.0549999E+03  8.4003160E-09
  1.0649999E+03  2.0511274E-08
  1.0750000E+03  2.8382155E-08
  1.0849996E+03  5.4611085E-08
  1.0949999E+03  7.3309039E-08
  1.1049999E+03  9.1861139E-08
  1.1149999E+03  1.2450548E-07
  1.1249999E+03  2.8030578E-07
  1.1349996E+03  4.7890580E-07
  1.1449999E+03  7.5322191E-07
  1.1549999E+03  1.0577699E-06
  1.1650000E+03  1.3111854E-06
  1.1749995E+03  2.0234245E-06
  1.1849996E+03  2.4047774E-06
  1.1949998E+03  2.6639950E-06
  1.2049996E+03  2.2345448E-06
  1.2149998E+03  4.1475164E-07
  1.2249996E+03  3.5255075E-06
  1.2349996E+03  9.9356448E-06
  1.2449998E+03  1.4761139E-05
  1.2549996E+03  2.0350686E-05
  1.2650000E+03  2.6546526E-05
  1.2749998E+03  3.4917270E-05
  1.2849995E+03  3.7665912E-05
  1.2949998E+03  4.4962442E-05
  1.3049995E+03  5.9433612E-05
  1.3149998E+03  7.1803093E-05
  1.3249998E+03  8.1040678E-05
  1.3349996E+03  8.8747307E-05
  1.3449995E+03  1.1887449E-04
  1.3549996E+03  1.5442568E-04
  1.3649999E+03  1.6908279E-04
  1.3749999E+03  1.8205536E-04
  1.3849996E+03  2.0988924E-04
  1.3949999E+03  2.3678124E-04
  1.4050001E+03  3.2464656E-04
  1.4149998E+03  4.0687120E-04
  1.4249998E+03  4.6689401E-04
  1.4350000E+03  6.2810024E-04
  1.4419998E+03  9.1316883E-04
  1.4469999E+03  7.5114187E-04
  1.4549994E+03  9.1564516E-04
  1.4650000E+03  1.3392456E-03
  1.4749995E+03  1.6216176E-03
  1.4849996E+03  1.7066578E-03
  1.4949998E+03  2.5435523E-03
  1.5049996E+03  3.4504386E-03
  1.5119995E+03  2.0562473E-03
  1.5169994E+03  3.0817529E-03
  1.5250001E+03  6.8666842E-03
  1.5349994E+03  1.0740031E-02
  1.5449994E+03  7.2763846E-03
  1.5549998E+03  1.2697708E-02
  1.5649999E+03  1.1479075E-02
  1.5750001E+03  2.6581835E-02
  1.5850000E+03  2.6917800E-02
  1.5949996E+03  2.5780207E-02
  1.6049999E+03  2.6278924E-02
  1.6150000E+03  2.6500477E-02
  1.6249996E+03  2.5173800E-02
  1.6350000E+03  3.3811513E-02
  1.6449996E+03  4.5672558E-02
  1.6549999E+03  3.5563059E-02
  1.6649993E+03  5.9038505E-02
  1.6720000E+03  4.6396535E-02
  1.6770001E+03  7.7797234E-02
  1.6849998E+03  1.0592407E-01
  1.6950000E+03  1.4885610E-01
  1.7049995E+03  1.5537034E-01
  1.7150000E+03  1.6375938E-01
  1.7249993E+03  2.2578993E-01
  1.7349994E+03  2.6007670E-01
  1.7449993E+03  3.6719134E-01
  1.7550001E+03  3.7242439E-01
  1.7649998E+03  4.8043004E-01
  1.7749995E+03  4.1190895E-01
  1.7849995E+03  8.1486154E-01
  1.7949999E+03  6.7287606E-01
  1.8050001E+03  1.1674237E+00
  1.8150001E+03  8.0839956E-01
  1.8249994E+03  1.3150388E+00
  1.8349993E+03  1.1451167E+00
  1.8449993E+03  1.5405667E+00
  1.8549998E+03  1.2391266E+00
  1.8650002E+03  2.1179295E+00
  1.8750001E+03  1.9295158E+00
  1.8850000E+03  2.4392262E+00
  1.8950002E+03  3.0618906E+00
  1.9049996E+03  3.1549239E+00
  1.9149999E+03  4.5600705E+00
  1.9249993E+03  3.7481945E+00
  1.9350001E+03  2.6339536E+00
  1.9449993E+03  5.1611023E+00
  1.9550002E+03  7.2665997E+00
  1.9670002E+03  7.7821946E+00
  1.9759990E+03  9.0139275E+00
  1.9839996E+03  1.1230435E+01
  1.9950001E+03  9.9029036E+00
  2.0050002E+03  1.1320660E+01
  2.0149996E+03  1.2826775E+01
  2.0249994E+03  1.1475750E+01
  2.0349995E+03  1.4659139E+01
  2.0449998E+03  1.5437677E+01
  2.0550000E+03  1.8241512E+01
  2.0649993E+03  1.7107594E+01
  2.0739993E+03  1.6284182E+01
  2.0780002E+03  2.8673199E+01
  2.0849993E+03  3.6348938E+01
  2.0950005E+03  3.9403507E+01
  2.1050002E+03  3.5862118E+01
  2.1149990E+03  3.5667854E+01
  2.1250000E+03  3.9483498E+01
  2.1350002E+03  5.0508480E+01
  2.1449998E+03  4.0347313E+01
  2.1550005E+03  4.6896660E+01
  2.1649995E+03  4.6091537E+01
  2.1750002E+03  4.9132065E+01
  2.1849998E+03  4.5357349E+01
  2.1950000E+03  7.4008347E+01
  2.2050000E+03  6.1385784E+01
  2.2149998E+03  7.3158577E+01
  2.2249998E+03  6.6720520E+01
  2.2350005E+03  1.0957568E+02
  2.2449990E+03  1.2238540E+02
  2.2549993E+03  1.4304680E+02
  2.2650000E+03  7.5761871E+01
  2.2750000E+03  1.4040436E+02
  2.2850000E+03  1.4572250E+02
  2.2950002E+03  2.2482274E+02
  2.3050000E+03  9.1413872E+01
  2.3149995E+03  2.7314996E+02
  2.3250000E+03  2.2142090E+02
  2.3349995E+03  3.3246780E+02
  2.3449993E+03  2.0748665E+02
  2.3550000E+03  1.8445297E+02
  2.3649988E+03  2.4441896E+02
  2.3750000E+03  2.3699493E+02
  2.3849990E+03  3.8493097E+02
  2.3950000E+03  3.5581281E+02
  2.4050005E+03  5.9415283E+02
  2.4149993E+03  3.8939874E+02
  2.4249990E+03  4.9313504E+02
  2.4349990E+03  6.7871692E+02
  2.4450000E+03  9.0206317E+02
  2.4549990E+03  1.0205574E+03
  2.4649990E+03  6.8951544E+02
  2.4749993E+03  1.1170460E+03
  2.4850005E+03  4.4510812E+02
  2.4950000E+03  5.1015796E+02
  2.5050005E+03  9.9096857E+02
  2.5129988E+03  6.9492468E+02
  2.5179990E+03  6.7600568E+02
  2.5249998E+03  7.9635046E+02
  2.5350007E+03  1.6771821E+03
  2.5449988E+03  1.9710809E+03
  2.5550000E+03  2.3242168E+03
  2.5649990E+03  1.4219062E+03
  2.5749990E+03  2.0981440E+03
  2.5849993E+03  1.7246157E+03
  2.5949990E+03  1.9969475E+03
  2.6049995E+03  2.5970398E+03
  2.6149998E+03  2.4285759E+03
  2.6249990E+03  3.4105757E+03
  2.6350007E+03  5.1864048E+03
  2.6449995E+03  4.3682256E+03
  2.6549998E+03  6.5293398E+03
  2.6649995E+03  5.2506509E+03
  2.6749988E+03  4.5261963E+03
  2.6849988E+03  6.1950815E+03
  2.6949988E+03  4.2201455E+03
  2.7050000E+03  6.3488843E+03
  2.7150000E+03  5.8984438E+03
  2.7249995E+03  5.1485063E+03
  2.7350007E+03  5.6090200E+03
  2.7450002E+03  7.1716519E+03
  2.7549998E+03  7.1767666E+03
  2.7649983E+03  9.3532598E+03
  2.7750005E+03  1.1903793E+04
  2.7850000E+03  8.2751602E+03
  2.7949993E+03  8.9538955E+03
  2.8049995E+03  9.4460693E+03
  2.8150002E+03  1.0776328E+04
  2.8250007E+03  1.1353971E+04
  2.8350000E+03  1.0097493E+04
  2.8450002E+03  7.6696147E+03
  2.8550005E+03  4.0499468E+03
  2.8650000E+03  1.0760096E+04
  2.8749983E+03  1.2370873E+04
  2.8850000E+03  1.6446715E+04
  2.8949988E+03  1.9952289E+04
  2.9099988E+03  4.9787113E+04
  2.9299983E+03  4.8543672E+04
  2.9499990E+03  5.2528367E+04
  2.9700005E+03  4.5788449E+04
  2.9899980E+03  6.3247543E+04
  3.0099995E+03  7.3753219E+04
  3.0299995E+03  1.0505228E+05
  3.0499995E+03  1.1610387E+05
  3.0699995E+03  9.6552633E+04
  3.0899995E+03  5.4564180E+04
  3.1099995E+03  1.0882380E+05
  3.1299998E+03  8.6437609E+04
  3.1499995E+03  1.1765008E+05
  3.1699995E+03  1.6243662E+05
  3.1899995E+03  1.2707584E+05
  3.2099998E+03  1.4099566E+05
  3.2299993E+03  1.4329577E+05
  3.2499993E+03  2.4686591E+05
  3.2699995E+03  3.1186734E+05
  3.2899995E+03  3.3589291E+05
  3.3099998E+03  2.6280297E+05
  3.3299993E+03  2.7063950E+05
  3.3499995E+03  2.5584281E+05
  3.3699995E+03  1.3947575E+05
  3.3899993E+03  1.9181033E+05
  3.4099993E+03  2.1159795E+05
  3.4299995E+03  2.9422578E+05
  3.4499993E+03  3.4876897E+05
  3.4699998E+03  4.0342466E+05
  3.4899993E+03  4.8442912E+05
  3.5099995E+03  5.6289338E+05
  3.5299995E+03  4.8191753E+05
  3.5499995E+03  5.6711000E+05
  3.5699995E+03  4.3780606E+05
  3.5899995E+03  4.5509878E+05
  3.6099995E+03  5.8310506E+05
  3.6299993E+03  5.6571869E+05
  3.6399993E+03  5.4137475E+05
  3.6499995E+03  4.7888725E+05
  3.6699993E+03  6.0693394E+05
  3.6899995E+03  4.1499550E+05
  3.7099995E+03  3.2926956E+05
  3.7299998E+03  1.4874198E+05
  3.7499993E+03  1.8227320E+05
  3.7699993E+03  4.2378475E+05
  3.7899995E+03  4.7141144E+05
  3.8099993E+03  3.8879862E+05
  3.8299998E+03  1.6129083E+05
  3.8499995E+03  2.8776334E+05
  3.8699995E+03  2.6298797E+05
  3.8899995E+03  3.1585919E+05
  3.9099995E+03  4.7953809E+05
  3.9299993E+03  1.9405116E+05
  3.9499993E+03  4.1050091E+05
  3.9699998E+03  2.8009553E+05
  3.9899995E+03  8.5211662E+05
  4.0099995E+03  1.0145022E+06
  4.0299993E+03  8.8058812E+05
  4.0499993E+03  8.4905931E+05
  4.0699993E+03  7.1114638E+05
  4.0899995E+03  1.1989040E+06
  4.1099995E+03  9.0980100E+05
  4.1299995E+03  9.3654850E+05
  4.1499990E+03  8.6692925E+05
  4.1699990E+03  9.3914100E+05
  4.1899995E+03  9.1169919E+05
  4.2099995E+03  8.1635669E+05
  4.2299995E+03  5.1940319E+05
  4.2499995E+03  8.0882119E+05
  4.2699990E+03  7.6028900E+05
  4.2899995E+03  7.6555988E+05
  4.3100000E+03  7.4397069E+05
  4.3299995E+03  1.1675794E+06
  4.3499995E+03  1.3125581E+06
  4.3699995E+03  1.3859716E+06
  4.3899995E+03  1.0899439E+06
  4.4099995E+03  1.1268422E+06
  4.4299995E+03  1.2931272E+06
  4.4499995E+03  1.3354644E+06
  4.4699995E+03  1.5368434E+06
  4.4899995E+03  1.5938570E+06
  4.5099990E+03  1.9597806E+06
  4.5299995E+03  1.5281989E+06
  4.5499990E+03  1.7479762E+06
  4.5699995E+03  1.9319275E+06
  4.5899990E+03  1.8124879E+06
  4.6099990E+03  1.8487350E+06
  4.6299990E+03  1.8635522E+06
  4.6499990E+03  1.7958094E+06
  4.6699990E+03  1.9853338E+06
  4.6899990E+03  1.8828009E+06
  4.7099995E+03  1.7883874E+06
  4.7299990E+03  1.7929972E+06
  4.7499995E+03  1.7598966E+06
  4.7699995E+03  1.6243819E+06
  4.7899990E+03  1.7206110E+06
  4.8099995E+03  1.9437429E+06
  4.8299995E+03  1.9423742E+06
  4.8499990E+03  1.9621038E+06
  4.8700000E+03  1.7674772E+06
  4.8899990E+03  1.8576622E+06
  4.9099990E+03  1.8649058E+06
  4.9299990E+03  1.7127828E+06
  4.9499995E+03  1.7484781E+06
  4.9699995E+03  1.6987449E+06
  4.9899990E+03  1.4958970E+06
  5.0099995E+03  1.3254949E+06
  5.0299995E+03  1.4500431E+06
  5.0499995E+03  1.3396349E+06
  5.0699995E+03  1.3077472E+06
  5.0899995E+03  1.2521659E+06
  5.1099990E+03  1.2716281E+06
  5.1299995E+03  1.2046715E+06
  5.1499985E+03  1.1149799E+06
  5.1700000E+03  1.0387998E+06
  5.1899990E+03  1.1448668E+06
  5.2099990E+03  1.3551185E+06
  5.2299995E+03  1.8363619E+06
  5.2499995E+03  2.0628231E+06
  5.2699995E+03  1.5754126E+06
  5.2899990E+03  2.0619011E+06
  5.3099995E+03  2.2688615E+06
  5.3299990E+03  1.8435576E+06
  5.3499995E+03  2.1013342E+06
  5.3699995E+03  2.0271830E+06
  5.3899995E+03  2.0003665E+06
  5.4099990E+03  1.9329581E+06
  5.4299990E+03  1.9358669E+06
  5.4499990E+03  1.9810438E+06
  5.4699995E+03  2.1094908E+06
  5.4899995E+03  2.1740202E+06
  5.5099995E+03  2.0974632E+06
  5.5299985E+03  2.2369260E+06
  5.5499990E+03  2.2666975E+06
  5.5699990E+03  2.1802628E+06
  5.5899995E+03  2.0689630E+06
  5.6099990E+03  2.2281672E+06
  5.6299995E+03  2.2871242E+06
  5.6499990E+03  2.3516835E+06
  5.6699990E+03  2.2759445E+06
  5.6899995E+03  2.3097752E+06
  5.7099995E+03  2.2071932E+06
  5.7299990E+03  2.4048895E+06
  5.7499990E+03  2.3679065E+06
  5.7699990E+03  2.3868248E+06
  5.7899995E+03  2.2758548E+06
  5.8099985E+03  2.3827555E+06
  5.8300000E+03  2.4517812E+06
  5.8499990E+03  2.3677850E+06
  5.8699985E+03  2.3802145E+06
  5.8899985E+03  2.0646855E+06
  5.9099995E+03  2.3704300E+06
  5.9299985E+03  2.3686100E+06
  5.9499995E+03  2.3739955E+06
  5.9699990E+03  2.4062112E+06
  5.9899990E+03  2.3832400E+06
  6.0099990E+03  2.3439368E+06
  6.0299995E+03  2.3914080E+06
  6.0499990E+03  2.4250280E+06
  6.0699990E+03  2.3975198E+06
  6.0899995E+03  2.3297900E+06
  6.1099985E+03  2.3321225E+06
  6.1299995E+03  2.1688502E+06
  6.1499985E+03  2.3056700E+06
  6.1699985E+03  2.0849080E+06
  6.1900000E+03  2.3398760E+06
  6.2099995E+03  2.3174048E+06
  6.2299985E+03  2.2580950E+06
  6.2499990E+03  2.1858958E+06
  6.2699985E+03  2.2716360E+06
  6.2900000E+03  2.3169155E+06
  6.3099985E+03  2.2470902E+06
  6.3299995E+03  2.2779488E+06
  6.3499985E+03  2.2984720E+06
  6.3699985E+03  2.2940888E+06
  6.3899995E+03  2.3292032E+06
  6.4099990E+03  2.2696720E+06
  6.4299985E+03  2.2825468E+06
  6.4499985E+03  2.2348172E+06
  6.4699990E+03  2.2149020E+06
  6.4899990E+03  2.1896442E+06
  6.5099985E+03  2.2810170E+06
  6.5299990E+03  2.3236980E+06
  6.5499985E+03  2.2713318E+06
  6.5699985E+03  2.2158055E+06
  6.5899995E+03  2.2742905E+06
  6.6099985E+03  2.3027130E+06
  6.6299990E+03  2.2991255E+06
  6.6499985E+03  2.2964772E+06
  6.6699995E+03  2.2536798E+06
  6.6899990E+03  2.2921610E+06
  6.7099995E+03  2.2145070E+06
  6.7299990E+03  2.2886172E+06
  6.7499995E+03  2.2433240E+06
  6.7699985E+03  2.2674892E+06
  6.7899995E+03  2.2378080E+06
  6.8099995E+03  2.2434480E+06
  6.8300000E+03  2.2686080E+06
  6.8499985E+03  2.2145945E+06
  6.8699985E+03  2.2314125E+06
  6.8899985E+03  2.2425228E+06
  6.9099990E+03  2.2353982E+06
  6.9299995E+03  2.2218865E+06
  6.9499990E+03  2.2142648E+06
  6.9699985E+03  2.2368602E+06
  6.9899985E+03  2.2001758E+06
  7.0099985E+03  2.1854925E+06
  7.0299985E+03  2.2084455E+06
  7.0499990E+03  2.2183690E+06
  7.0699980E+03  2.1820195E+06
  7.0899990E+03  2.1616320E+06
  7.1099990E+03  2.1574620E+06
  7.1299995E+03  2.1188452E+06
  7.1499990E+03  2.0708254E+06
  7.1699995E+03  2.1297858E+06
  7.1899985E+03  2.0686179E+06
  7.2099985E+03  2.0765071E+06
  7.2299980E+03  2.1406370E+06
  7.2499990E+03  2.1223200E+06
  7.2699995E+03  2.1405958E+06
  7.2899990E+03  2.1149020E+06
  7.3099980E+03  2.1266815E+06
  7.3299980E+03  2.1000168E+06
  7.3499980E+03  2.1006682E+06
  7.3699985E+03  2.1305502E+06
  7.3899995E+03  2.0980625E+06
  7.4099985E+03  2.0641109E+06
  7.4299995E+03  2.1031030E+06
  7.4500000E+03  2.0889754E+06
  7.4700000E+03  2.1070378E+06
  7.4899990E+03  2.0937862E+06
  7.5099985E+03  2.1026215E+06
  7.5299995E+03  2.1130602E+06
  7.5499980E+03  2.1173460E+06
  7.5699985E+03  2.1035428E+06
  7.5899990E+03  2.0859318E+06
  7.6099980E+03  2.0828536E+06
  7.6299995E+03  2.0880614E+06
  7.6499995E+03  2.0821788E+06
  7.6699980E+03  1.9798872E+06
  7.6899990E+03  2.0663080E+06
  7.7099995E+03  2.0060412E+06
  7.7299985E+03  2.0429609E+06
  7.7499990E+03  2.0139892E+06
  7.7700000E+03  2.0578606E+06
  7.7900000E+03  2.0458796E+06
  7.8099995E+03  2.0399855E+06
  7.8299980E+03  2.0107752E+06
  7.8499980E+03  2.0065945E+06
  7.8699995E+03  2.0384381E+06
  7.8900000E+03  2.0242438E+06
  7.9099995E+03  1.9952345E+06
  7.9300000E+03  1.9790124E+06
  7.9499985E+03  1.9536894E+06
  7.9699990E+03  2.0058738E+06
  7.9900000E+03  1.9969060E+06
  8.0099980E+03  1.9777875E+06
  8.0299985E+03  1.9752506E+06
  8.0500000E+03  1.9624825E+06
  8.0699985E+03  1.9666514E+06
  8.0899990E+03  1.9440452E+06
  8.1099995E+03  1.9584110E+06
  8.1299976E+03  1.9703331E+06
  8.1499976E+03  1.9635672E+06
  8.1699980E+03  1.9564486E+06
  8.1899985E+03  1.8438981E+06
  8.2099990E+03  1.9071931E+06
  8.2300000E+03  1.9140642E+06
  8.2500000E+03  1.9196845E+06
  8.2700000E+03  1.9406518E+06
  8.2899980E+03  1.9277920E+06
  8.3099990E+03  1.8940829E+06
  8.3299980E+03  1.8566038E+06
  8.3500000E+03  1.8817062E+06
  8.3699990E+03  1.8817054E+06
  8.3899990E+03  1.7894156E+06
  8.4099971E+03  1.8753545E+06
  8.4300000E+03  1.8052355E+06
  8.4499990E+03  1.8535781E+06
  8.4699980E+03  1.8350679E+06
  8.4899980E+03  1.8509449E+06
  8.5099990E+03  1.7711428E+06
  8.5299990E+03  1.8495732E+06
  8.5499990E+03  1.7477551E+06
  8.5699990E+03  1.8561485E+06
  8.5900000E+03  1.8275008E+06
  8.6099980E+03  1.8174461E+06
  8.6299990E+03  1.8277476E+06
  8.6499990E+03  1.8427182E+06
  8.6699990E+03  1.7013130E+06
  8.6899990E+03  1.7447755E+06
  8.7099971E+03  1.8043088E+06
  8.7299990E+03  1.8032180E+06
  8.7499980E+03  1.7931146E+06
  8.7699980E+03  1.7897948E+06
  8.7899980E+03  1.7917036E+06
  8.8099990E+03  1.7160129E+06
  8.8299980E+03  1.7512035E+06
  8.8499980E+03  1.7740334E+06
  8.8699980E+03  1.7572316E+06
  8.8899990E+03  1.7850851E+06
  8.9099971E+03  1.7845788E+06
  8.9299980E+03  1.7543898E+06
  8.9499980E+03  1.7390799E+06
  8.9699990E+03  1.7468308E+06
  8.9899990E+03  1.7522590E+06
  9.0099980E+03  1.6758991E+06
  9.0299990E+03  1.7258658E+06
  9.0499990E+03  1.7549064E+06
  9.0699980E+03  1.7444740E+06
  9.0899990E+03  1.6862420E+06
  9.1099980E+03  1.6980935E+06
  9.1299980E+03  1.7183668E+06
  9.1499980E+03  1.7153176E+06
  9.1699980E+03  1.7111141E+06
  9.1899990E+03  1.7222308E+06
  9.2099990E+03  1.6921969E+06
  9.2299980E+03  1.7039751E+06
  9.2499980E+03  1.6780780E+06
  9.2699971E+03  1.6801832E+06
  9.2899990E+03  1.6692891E+06
  9.3099980E+03  1.6872475E+06
  9.3299990E+03  1.6785934E+06
  9.3499980E+03  1.6675849E+06
  9.3699990E+03  1.6448542E+06
  9.3900000E+03  1.6639604E+06
  9.4099980E+03  1.6248162E+06
  9.4299971E+03  1.6556794E+06
  9.4499990E+03  1.6179242E+06
  9.4700000E+03  1.6455859E+06
  9.4899980E+03  1.6474424E+06
  9.5100000E+03  1.6366455E+06
  9.5300000E+03  1.6288292E+06
  9.5500000E+03  1.6008648E+06
  9.5699990E+03  1.6021200E+06
  9.5899980E+03  1.6249795E+06
  9.6099980E+03  1.5970920E+06
  9.6299990E+03  1.6043986E+06
  9.6499990E+03  1.5539012E+06
  9.6699980E+03  1.5579556E+06
  9.6899980E+03  1.5853140E+06
  9.7100000E+03  1.5674814E+06
  9.7299990E+03  1.5510964E+06
  9.7499980E+03  1.5513975E+06
  9.7699961E+03  1.5578801E+06
  9.7899980E+03  1.5230231E+06
  9.8099980E+03  1.5680628E+06
  9.8299990E+03  1.5516684E+06
  9.8499980E+03  1.5645942E+06
  9.8700000E+03  1.5511050E+06
  9.8899980E+03  1.5478042E+06
  9.9099990E+03  1.5448236E+06
  9.9300000E+03  1.5435351E+06
  9.9499980E+03  1.5402668E+06
  9.9699980E+03  1.5370119E+06
  9.9899990E+03  1.5323735E+06
  1.0024998E+04  1.5199681E+06
  1.0074998E+04  1.5059584E+06
  1.0124997E+04  1.5014481E+06
  1.0174997E+04  1.4844355E+06
  1.0224998E+04  1.4757546E+06
  1.0274997E+04  1.4721679E+06
  1.0325000E+04  1.4465998E+06
  1.0374999E+04  1.4373102E+06
  1.0425000E+04  1.4401255E+06
  1.0474998E+04  1.4212948E+06
  1.0524997E+04  1.4210525E+06
  1.0574999E+04  1.4013799E+06
  1.0625000E+04  1.3957634E+06
  1.0674997E+04  1.3759094E+06
  1.0724998E+04  1.3716581E+06
  1.0774999E+04  1.3570755E+06
  1.0824997E+04  1.3326408E+06
  1.0874997E+04  1.3360555E+06
  1.0924999E+04  1.3408035E+06
  1.0974996E+04  1.3223286E+06
  1.1025000E+04  1.3219215E+06
  1.1074998E+04  1.3191044E+06
  1.1124999E+04  1.3073042E+06
  1.1174998E+04  1.2928869E+06
  1.1224999E+04  1.2911715E+06
  1.1274997E+04  1.2636244E+06
  1.1325000E+04  1.2654442E+06
  1.1375000E+04  1.2472979E+06
  1.1425000E+04  1.2276594E+06
  1.1474997E+04  1.2463680E+06
  1.1525000E+04  1.2437449E+06
  1.1574998E+04  1.2266124E+06
  1.1625000E+04  1.2027859E+06
  1.1674998E+04  1.2054962E+06
  1.1724997E+04  1.2125012E+06
  1.1775001E+04  1.1857321E+06
  1.1824999E+04  1.1745408E+06
  1.1875000E+04  1.1619456E+06
  1.1925000E+04  1.1826088E+06
  1.1975001E+04  1.1366829E+06
  1.2024998E+04  1.1583320E+06
  1.2074996E+04  1.1440052E+06
  1.2125000E+04  1.1484524E+06
  1.2175000E+04  1.1474258E+06
  1.2225001E+04  1.1394201E+06
  1.2275001E+04  1.1291065E+06
  1.2324996E+04  1.1229161E+06
  1.2374996E+04  1.1186084E+06
  1.2424998E+04  1.1061580E+06
  1.2475000E+04  1.1064346E+06
  1.2524997E+04  1.0931282E+06
  1.2574997E+04  1.0930532E+06
  1.2624999E+04  1.0848375E+06
  1.2674997E+04  1.0734351E+06
  1.2724999E+04  1.0740894E+06
  1.2774999E+04  1.0718846E+06
  1.2825000E+04  1.0388519E+06
  1.2875001E+04  1.0498438E+06
  1.2924997E+04  1.0370242E+06
  1.2975001E+04  1.0461210E+06
  1.3024998E+04  1.0349297E+06
  1.3074999E+04  1.0361967E+06
  1.3125000E+04  1.0052446E+06
  1.3174998E+04  1.0082209E+06
  1.3224998E+04  1.0175636E+06
  1.3274997E+04  1.0012121E+06
  1.3324997E+04  1.0015416E+06
  1.3374999E+04  9.9895312E+05
  1.3424999E+04  1.0005559E+06
  1.3474999E+04  9.9422338E+05
  1.3525001E+04  9.8970712E+05
  1.3574999E+04  9.7623588E+05
  1.3624997E+04  9.6886100E+05
  1.3674997E+04  9.7274812E+05
  1.3724995E+04  9.7301356E+05
  1.3774998E+04  9.6526738E+05
  1.3824998E+04  9.6361994E+05
  1.3874996E+04  9.5224550E+05
  1.3925000E+04  9.5641556E+05
  1.3974996E+04  9.5265162E+05
  1.4024997E+04  9.3851656E+05
  1.4075001E+04  9.4467719E+05
  1.4124996E+04  9.3365875E+05
  1.4175000E+04  9.3863275E+05
  1.4225000E+04  9.2407750E+05
  1.4274994E+04  9.0180931E+05
  1.4325001E+04  9.2212594E+05
  1.4374998E+04  9.2277812E+05
  1.4424999E+04  9.0040531E+05
  1.4475000E+04  9.1433338E+05
  1.4524997E+04  9.0062138E+05
  1.4569999E+04  9.0049688E+05
  1.4620000E+04  9.0351312E+05
  1.4674998E+04  8.9997244E+05
  1.4725000E+04  8.8608669E+05
  1.4775002E+04  8.8574256E+05
  1.4824998E+04  8.8565794E+05
  1.4874996E+04  8.6241556E+05
  1.4924997E+04  8.8717356E+05
  1.4974999E+04  8.7551344E+05
  1.5024999E+04  8.2495550E+05
  1.5075000E+04  8.4563488E+05
  1.5124999E+04  8.6902056E+05
  1.5175000E+04  8.6520100E+05
  1.5225002E+04  8.5967362E+05
  1.5274998E+04  8.6270962E+05
  1.5324995E+04  8.5662456E+05
  1.5374997E+04  8.5872756E+05
  1.5425001E+04  8.5934406E+05
  1.5474996E+04  8.5469719E+05
  1.5524994E+04  8.4255806E+05
  1.5575001E+04  8.3962556E+05
  1.5624998E+04  8.4405962E+05
  1.5674997E+04  8.2716869E+05
  1.5724994E+04  8.3019000E+05
  1.5774996E+04  7.9558100E+05
  1.5825001E+04  8.1660119E+05
  1.5874995E+04  7.9715994E+05
  1.5925002E+04  8.0857625E+05
  1.5975001E+04  8.1190775E+05
  1.6049998E+04  8.0811100E+05
  1.6150001E+04  7.9488419E+05
  1.6249997E+04  7.8922612E+05
  1.6350000E+04  7.8017900E+05
  1.6449996E+04  7.6676888E+05
  1.6549998E+04  7.5698038E+05
  1.6649994E+04  7.4204456E+05
  1.6749998E+04  7.1866812E+05
  1.6849998E+04  7.1020306E+05
  1.6950000E+04  7.0321138E+05
  1.7049996E+04  6.8135375E+05
  1.7150000E+04  6.6783338E+05
  1.7249992E+04  6.5420088E+05
  1.7349994E+04  6.4227594E+05
  1.7449992E+04  6.3087775E+05
  1.7550000E+04  6.2041800E+05
  1.7649998E+04  6.1015469E+05
  1.7749994E+04  5.9584981E+05
  1.7849994E+04  5.8849481E+05
  1.7949998E+04  5.7601600E+05
  1.8050002E+04  5.6330281E+05
  1.8150002E+04  5.5340731E+05
  1.8249994E+04  5.4195294E+05
  1.8349992E+04  5.3117306E+05
  1.8449992E+04  5.1623378E+05
  1.8549998E+04  5.1292694E+05
  1.8650002E+04  4.9842944E+05
  1.8750002E+04  4.8397559E+05
  1.8850000E+04  4.8315894E+05
  1.8950004E+04  4.6410941E+05
  1.9049996E+04  4.6669331E+05
  1.9149998E+04  4.5671591E+05
  1.9249992E+04  4.4949266E+05
  1.9350000E+04  4.3505825E+05
  1.9449992E+04  4.2503956E+05
  1.9550002E+04  4.2300856E+05
  1.9649992E+04  4.1709491E+05
  1.9749992E+04  4.0347472E+05
  1.9849992E+04  3.9809069E+05
  1.9950002E+04  3.9343731E+05
  2.0050002E+04  3.9182791E+05
  2.0149996E+04  3.8578678E+05
  2.0249994E+04  3.7534369E+05
  2.0349994E+04  3.6902569E+05
  2.0449996E+04  3.6573169E+05
  2.0550000E+04  3.5877297E+05
  2.0649992E+04  3.5084528E+05
  2.0749998E+04  3.4601909E+05
  2.0849992E+04  3.4019500E+05
  2.0950004E+04  3.3146125E+05
  2.1050002E+04  3.2899116E+05
  2.1149992E+04  3.2249375E+05
  2.1250000E+04  3.1774681E+05
  2.1350002E+04  3.1351262E+05
  2.1449996E+04  3.0813181E+05
  2.1550006E+04  3.0315309E+05
  2.1649994E+04  2.9658981E+05
  2.1750002E+04  2.9154319E+05
  2.1849998E+04  2.8760250E+05
  2.1950002E+04  2.8325978E+05
  2.2050000E+04  2.7405597E+05
  2.2149996E+04  2.7488894E+05
  2.2249998E+04  2.6755328E+05
  2.2350004E+04  2.6428938E+05
  2.2449990E+04  2.6049784E+05
  2.2549994E+04  2.5736270E+05
  2.2650000E+04  2.5082122E+05
  2.2750000E+04  2.4950906E+05
  2.2850000E+04  2.4371505E+05
  2.2950004E+04  2.2601005E+05
  2.3050000E+04  2.3076120E+05
  2.3149996E+04  2.2844859E+05
  2.3250000E+04  2.1023523E+05
  2.3349996E+04  2.1488519E+05
  2.3449994E+04  2.1651614E+05
  2.3550002E+04  1.9880625E+05
  2.3649988E+04  2.0614767E+05
  2.3750000E+04  2.0541695E+05
  2.3849990E+04  1.9002822E+05
  2.3950002E+04  1.9551802E+05
  2.4050006E+04  1.9549119E+05
  2.4149992E+04  1.8365684E+05
  2.4249990E+04  1.8632864E+05
  2.4349990E+04  1.8621827E+05
  2.4450002E+04  1.7880559E+05
  2.4549990E+04  1.7623319E+05
  2.4649992E+04  1.7889206E+05
  2.4749992E+04  1.7364862E+05
  2.4850006E+04  1.6808077E+05
  2.4950000E+04  1.7007081E+05
  2.5050006E+04  1.7008444E+05
  2.5149994E+04  1.6301692E+05
  2.5249998E+04  1.6412133E+05
  2.5350004E+04  1.6260034E+05
  2.5449988E+04  1.5892305E+05
  2.5549998E+04  1.5713309E+05
  2.5649990E+04  1.5558398E+05
  2.5749990E+04  1.5480972E+05
  2.5849994E+04  1.4983688E+05
  2.5949990E+04  1.4964659E+05
  2.6049996E+04  1.4858862E+05
  2.6149998E+04  1.4651778E+05
  2.6249988E+04  1.4317848E+05
  2.6350008E+04  1.4234862E+05
  2.6449996E+04  1.4031591E+05
  2.6549994E+04  1.3883334E+05
  2.6649994E+04  1.3567162E+05
  2.6749988E+04  1.3638609E+05
  2.6849986E+04  1.3451508E+05
  2.6949986E+04  1.3234641E+05
  2.7050002E+04  1.3098337E+05
  2.7149998E+04  1.2935590E+05
  2.7249994E+04  1.2768784E+05
  2.7350006E+04  1.2602543E+05
  2.7450004E+04  1.2468392E+05
  2.7549996E+04  1.2320970E+05
  2.7649982E+04  1.2119670E+05
  2.7750004E+04  1.1957607E+05
  2.7850000E+04  1.1829151E+05
  2.7949992E+04  1.1706084E+05
  2.8049994E+04  1.1543761E+05
  2.8150002E+04  1.1387719E+05
  2.8250006E+04  1.1250117E+05
  2.8350000E+04  1.1129649E+05
  2.8450000E+04  1.0964507E+05
  2.8550002E+04  1.0831905E+05
  2.8650002E+04  1.0696297E+05
  2.8749982E+04  1.0572808E+05
  2.8849998E+04  1.0433545E+05
  2.8949986E+04  1.0304060E+05
  2.9049994E+04  1.0167614E+05
  2.9149986E+04  1.0046105E+05
  2.9249984E+04  9.8317812E+04
  2.9349980E+04  9.7850188E+04
  2.9450000E+04  9.6617641E+04
  2.9550004E+04  9.5498844E+04
  2.9649982E+04  9.4427359E+04
  2.9749992E+04  9.3299805E+04
  2.9849994E+04  9.2033039E+04
  2.9949984E+04  9.0802164E+04
  3.0049996E+04  8.9744008E+04
  3.0149994E+04  8.8772555E+04
  3.0249994E+04  8.7527875E+04
  3.0349996E+04  8.6469406E+04
  3.0449996E+04  8.5589531E+04
  3.0549996E+04  8.4460969E+04
  3.0649996E+04  8.3349305E+04
  3.0749994E+04  8.2497320E+04
  3.0849996E+04  8.1195406E+04
  3.0949994E+04  8.0435602E+04
  3.1049996E+04  7.9574453E+04
  3.1149996E+04  7.8074312E+04
  3.1249996E+04  7.7660305E+04
  3.1349996E+04  7.6751672E+04
  3.1449996E+04  7.5837758E+04
  3.1549998E+04  7.4790070E+04
  3.1649996E+04  7.3870672E+04
  3.1749998E+04  7.3185570E+04
  3.1849996E+04  7.2325656E+04
  3.1949994E+04  7.1523023E+04
  3.2099996E+04  7.0219969E+04
  3.2299992E+04  6.8569492E+04
  3.2499994E+04  6.7011242E+04
  3.2699996E+04  6.5443586E+04
  3.2899996E+04  6.3961199E+04
  3.3099996E+04  6.2485676E+04
  3.3299992E+04  6.0976363E+04
  3.3499996E+04  5.9803973E+04
  3.3699996E+04  5.8436102E+04
  3.3899996E+04  5.7037258E+04
  3.4099996E+04  5.5712477E+04
  3.4299996E+04  5.4690004E+04
  3.4499992E+04  5.3554508E+04
  3.4699996E+04  5.2372625E+04
  3.4899996E+04  5.1254461E+04
  3.5099996E+04  5.0198051E+04
  3.5299996E+04  4.9062465E+04
  3.5499996E+04  4.8074762E+04
  3.5699992E+04  4.7035113E+04
  3.5899992E+04  4.6044809E+04
  3.6099996E+04  4.5137090E+04
  3.6299992E+04  4.4200801E+04
  3.6499992E+04  4.3220043E+04
  3.6699992E+04  4.2280352E+04
  3.6899992E+04  4.1311406E+04
  3.7099996E+04  4.0451160E+04
  3.7299996E+04  3.9782953E+04
  3.7499992E+04  3.8864125E+04
  3.7699996E+04  3.8211656E+04
  3.7899996E+04  3.7426508E+04
  3.8099992E+04  3.6728379E+04
  3.8299996E+04  3.6053004E+04
  3.8499996E+04  3.5356613E+04
  3.8699996E+04  3.4516699E+04
  3.8899992E+04  3.3946094E+04
  3.9099996E+04  3.3336027E+04
  3.9299992E+04  3.2695139E+04
  3.9499992E+04  3.1959238E+04
  3.9699992E+04  3.1415742E+04
  3.9900000E+04  3.0670891E+04
  4.0099996E+04  3.0201717E+04
  4.0299992E+04  2.9703207E+04
  4.0499996E+04  2.9059148E+04
  4.0699992E+04  2.8578672E+04
  4.0899992E+04  2.8070146E+04
  4.1099996E+04  2.7547828E+04
  4.1299996E+04  2.7071844E+04
  4.1499992E+04  2.6553426E+04
  4.1699992E+04  2.6074010E+04
  4.1899996E+04  2.5512383E+04
  4.2099996E+04  2.5006992E+04
  4.2299992E+04  2.4716344E+04
  4.2499996E+04  2.4221461E+04
  4.2699992E+04  2.3838064E+04
  4.2899992E+04  2.2590764E+04
  4.3099996E+04  2.1495330E+04
  4.3299996E+04  2.1435863E+04
  4.3499992E+04  2.0319402E+04
  4.3699996E+04  1.9699633E+04
  4.3899996E+04  1.9342266E+04
  4.4099992E+04  1.8379205E+04
  4.4299992E+04  1.8105357E+04
  4.4499996E+04  1.7798012E+04
  4.4699996E+04  1.7002566E+04
  4.4899996E+04  1.7072129E+04
  4.5099992E+04  1.6549135E+04
  4.5299992E+04  1.6032118E+04
  4.5499996E+04  1.6013228E+04
  4.5699992E+04  1.5911256E+04
  4.5899996E+04  1.5268096E+04
  4.6099996E+04  1.5357313E+04
  4.6299992E+04  1.5076776E+04
  4.6499988E+04  1.5008346E+04
  4.6699992E+04  1.4898034E+04
  4.6899992E+04  1.4647241E+04
  4.7099992E+04  1.4368915E+04
  4.7299992E+04  1.4440631E+04
  4.7499996E+04  1.4065815E+04
  4.7699992E+04  1.3885854E+04
  4.7899992E+04  1.3748631E+04
  4.8099996E+04  1.3367811E+04
  4.8299992E+04  1.3459355E+04
  4.8499992E+04  1.3219332E+04
  4.8700000E+04  1.2902092E+04
  4.8899992E+04  1.2732336E+04
  4.9099988E+04  1.2602102E+04
  4.9299988E+04  1.2369857E+04
  4.9499996E+04  1.2155551E+04
  4.9699992E+04  1.2049530E+04
  4.9899988E+04  1.1870225E+04
  5.0099996E+04  1.1738565E+04
  5.0299996E+04  1.1595223E+04
  5.0499996E+04  1.1306645E+04
  5.0699996E+04  1.1224798E+04
  5.0899992E+04  1.1115533E+04
  5.1099992E+04  1.0866385E+04
  5.1299996E+04  1.0840655E+04
  5.1499988E+04  1.0612447E+04
  5.1699996E+04  1.0592372E+04
  5.1899992E+04  1.0357185E+04
  5.2099992E+04  1.0261304E+04
  5.2299996E+04  1.0074578E+04
  5.2499996E+04  1.0016829E+04
  5.2699996E+04  9.9391807E+03
  5.2899992E+04  9.6860615E+03
  5.3099988E+04  9.5943965E+03
  5.3299988E+04  9.4944150E+03
  5.3499992E+04  9.3859160E+03
  5.3699992E+04  9.2819043E+03
  5.3899992E+04  9.1778789E+03
  5.4099992E+04  9.0567275E+03
  5.4299984E+04  8.8618535E+03
  5.4499988E+04  8.8352344E+03
  5.4699996E+04  8.7160977E+03
  5.4899992E+04  8.5912109E+03
  5.5099992E+04  8.4976865E+03
  5.5299988E+04  8.4840088E+03
  5.5499988E+04  8.2600605E+03
  5.5699992E+04  8.2479629E+03
  5.5899992E+04  8.1022437E+03
  5.6099988E+04  8.0114194E+03
  5.6299996E+04  7.8870894E+03
  5.6499988E+04  7.8372544E+03
  5.6699988E+04  7.7423364E+03
  5.6899992E+04  7.6021289E+03
  5.7099996E+04  7.5615605E+03
  5.7299988E+04  7.4564321E+03
  5.7499988E+04  7.3705815E+03
  5.7699988E+04  7.2674087E+03
  5.7899996E+04  7.2099829E+03
  5.8099988E+04  7.0923525E+03
  5.8299996E+04  7.0128486E+03
  5.8499992E+04  6.9382305E+03
  5.8699988E+04  6.8276182E+03
  5.8899988E+04  6.7465796E+03
  5.9099992E+04  6.6845986E+03
  5.9299988E+04  6.6010176E+03
  5.9499996E+04  6.5142549E+03
  5.9699988E+04  6.4527139E+03
  5.9899992E+04  6.3722109E+03
  6.0099992E+04  6.2959727E+03
  6.0299992E+04  6.2171855E+03
  6.0499988E+04  6.1285972E+03
  6.0699992E+04  6.0567847E+03
  6.0899992E+04  5.9857822E+03
  6.1099988E+04  5.9046802E+03
  6.1299992E+04  5.8444565E+03
  6.1499988E+04  5.7773223E+03
  6.1699988E+04  5.7103394E+03
  6.1899996E+04  5.6457695E+03
  6.2099996E+04  5.5814263E+03
  6.2299988E+04  5.5055620E+03
  6.2499992E+04  5.4341187E+03
  6.2699988E+04  5.3657754E+03
  6.2899996E+04  5.3135186E+03
  6.3099984E+04  5.2457339E+03
  6.3299996E+04  5.1960884E+03
  6.3499984E+04  5.1265986E+03
  6.3699984E+04  5.0744019E+03
  6.3900000E+04  5.0079019E+03
  6.4199992E+04  4.9223633E+03
  6.4599984E+04  4.8055337E+03
  6.4999992E+04  4.6940498E+03
  6.5399992E+04  4.5869526E+03
  6.5799992E+04  4.4826265E+03
  6.6199984E+04  4.3783315E+03
  6.6599984E+04  4.2788428E+03
  6.6999992E+04  4.1811582E+03
  6.7399992E+04  4.0851538E+03
  6.7799992E+04  3.9933298E+03
  6.8199992E+04  3.9023193E+03
  6.8599992E+04  3.8164365E+03
  6.8999984E+04  3.7311697E+03
  6.9399984E+04  3.6482346E+03
  6.9800000E+04  3.5683403E+03
  7.0199992E+04  3.4878105E+03
  7.0599984E+04  3.4131802E+03
  7.0999977E+04  3.3394067E+03
  7.1399977E+04  3.2670669E+03
  7.1799984E+04  3.1964192E+03
  7.2199984E+04  3.1283616E+03
  7.2600000E+04  3.0615327E+03
  7.2999984E+04  2.9969695E+03
  7.3400000E+04  2.9326458E+03
  7.3799984E+04  2.8718220E+03
  7.4199992E+04  2.8093972E+03
  7.4599992E+04  2.7514602E+03
  7.5000000E+04  2.6948633E+03
  7.5399992E+04  2.6380515E+03
  7.5799992E+04  2.5873337E+03
  7.6199984E+04  2.5345488E+03
  7.6599992E+04  2.4832346E+03
  7.6999992E+04  2.4327212E+03
  7.7399992E+04  2.3844368E+03
  7.7799984E+04  2.3369524E+03
  7.8199984E+04  2.2904973E+03
  7.8599984E+04  2.2451687E+03
  7.8999984E+04  2.2010007E+03
  7.9399984E+04  2.1579648E+03
  7.9800000E+04  2.1160334E+03
  8.0199992E+04  2.0736589E+03
  8.0599984E+04  2.0341071E+03
  8.0999992E+04  1.9956346E+03
  8.1399977E+04  1.9570801E+03
  8.1799984E+04  1.9205326E+03
  8.2199984E+04  1.8842679E+03
  8.2599992E+04  1.8486687E+03
  8.2999984E+04  1.8139956E+03
  8.3400000E+04  1.7794666E+03
  8.3799992E+04  1.7459426E+03
  8.4199992E+04  1.7145679E+03
  8.4599977E+04  1.6827603E+03
  8.4999977E+04  1.6521511E+03
  8.5399984E+04  1.6221951E+03
  8.5799984E+04  1.5928783E+03
  8.6199992E+04  1.5640850E+03
  8.6599992E+04  1.5360059E+03
  8.6999984E+04  1.5083760E+03
  8.7399992E+04  1.4816299E+03
  8.7799992E+04  1.4552589E+03
  8.8199984E+04  1.4292561E+03
  8.8599977E+04  1.4041902E+03
  8.8999992E+04  1.3793253E+03
  8.9399977E+04  1.3556975E+03
  8.9799977E+04  1.3313136E+03
  9.0199984E+04  1.3090671E+03
  9.0599984E+04  1.2866102E+03
  9.0999992E+04  1.2633137E+03
  9.1400000E+04  1.2427197E+03
  9.1799969E+04  1.2212749E+03
  9.2199969E+04  1.2011285E+03
  9.2599984E+04  1.1808445E+03
  9.3000000E+04  1.1610381E+03
  9.3399984E+04  1.1415710E+03
  9.3799984E+04  1.1225640E+03
  9.4199977E+04  1.1039656E+03
  9.4599984E+04  1.0856406E+03
  9.4999969E+04  1.0677935E+03
  9.5399984E+04  1.0502892E+03
  9.5799984E+04  1.0332037E+03
  9.6199992E+04  1.0164063E+03
  9.6599984E+04  9.9997235E+02
  9.7000000E+04  9.8385413E+02
  9.7399977E+04  9.6725226E+02
  9.7799984E+04  9.5238464E+02
  9.8199977E+04  9.3737537E+02
  9.8599977E+04  9.2250031E+02
  9.8999992E+04  9.0794934E+02
  9.9399984E+04  8.9360278E+02
  9.9799977E+04  8.7960785E+02
  1.0019999E+05  8.6588220E+02
  1.9999991E+05  5.6209557E+01
  3.9999994E+05  3.5460002E+00
  5.9999981E+05  6.9920641E-01
  7.9999994E+05  2.2032413E-01
