  9.2499988E+02  5.8498484E-12
  9.3499982E+02  8.6234171E-12
  9.4500000E+02  1.4018040E-11
  9.5500000E+02  2.2972646E-11
  9.6499988E+02  4.0504197E-11
  9.7499982E+02  5.8791173E-11
  9.8499976E+02  9.6599950E-11
  9.9499988E+02  1.5447570E-10
  1.0049999E+03  2.3850344E-10
  1.0149997E+03  3.6692385E-10
  1.0249998E+03  4.3951159E-10
  1.0349998E+03  9.1244523E-10
  1.0449998E+03  1.4063695E-09
  1.0549999E+03  1.7439000E-09
  1.0649999E+03  2.9555391E-09
  1.0750000E+03  4.2829793E-09
  1.0849996E+03  6.3766796E-09
  1.0949999E+03  8.1864693E-09
  1.1049999E+03  1.0789896E-08
  1.1149999E+03  1.5391443E-08
  1.1249999E+03  2.4741968E-08
  1.1349996E+03  3.8973969E-08
  1.1449999E+03  5.4919798E-08
  1.1549999E+03  7.6432464E-08
  1.1650000E+03  1.0179266E-07
  1.1749995E+03  1.4754167E-07
  1.1849996E+03  1.9147538E-07
  1.1949998E+03  2.4289366E-07
  1.2049996E+03  2.7214097E-07
  1.2149998E+03  8.4213575E-08
  1.2249996E+03  4.3612559E-07
  1.2349996E+03  7.6617476E-07
  1.2449998E+03  1.0291211E-06
  1.2549996E+03  1.2918754E-06
  1.2650000E+03  1.6717765E-06
  1.2749998E+03  2.1209685E-06
  1.2849995E+03  2.4051976E-06
  1.2949998E+03  2.9884357E-06
  1.3049995E+03  3.6292402E-06
  1.3149998E+03  4.7914486E-06
  1.3249998E+03  5.3575768E-06
  1.3349996E+03  6.1106789E-06
  1.3449995E+03  7.8277808E-06
  1.3549996E+03  1.0329859E-05
  1.3649999E+03  1.1346324E-05
  1.3749999E+03  1.3039622E-05
  1.3849996E+03  1.4629988E-05
  1.3949999E+03  1.7072603E-05
  1.4050001E+03  2.3363255E-05
  1.4149998E+03  2.8477598E-05
  1.4249998E+03  3.4524477E-05
  1.4350000E+03  4.4421828E-05
  1.4419998E+03  6.0331975E-05
  1.4469999E+03  5.3916967E-05
  1.4549994E+03  6.6362649E-05
  1.4650000E+03  9.2296934E-05
  1.4749995E+03  1.0912430E-04
  1.4849996E+03  1.2170742E-04
  1.4949998E+03  1.7396954E-04
  1.5049996E+03  2.2969658E-04
  1.5119995E+03  1.5819658E-04
  1.5169994E+03  2.2733759E-04
  1.5250001E+03  7.4516382E-04
  1.5349994E+03  1.2873424E-03
  1.5449994E+03  9.6705969E-04
  1.5549998E+03  1.7764544E-03
  1.5649999E+03  1.7345974E-03
  1.5750001E+03  6.0837669E-03
  1.5850000E+03  6.7562931E-03
  1.5949996E+03  7.1195066E-03
  1.6049999E+03  7.0534390E-03
  1.6150000E+03  7.4584684E-03
  1.6249996E+03  8.0922833E-03
  1.6350000E+03  1.1748346E-02
  1.6449996E+03  1.7096233E-02
  1.6549999E+03  1.1916981E-02
  1.6649993E+03  2.1726998E-02
  1.6720000E+03  1.4515004E-02
  1.6770001E+03  5.8721665E-02
  1.6849998E+03  7.8890078E-02
  1.6950000E+03  1.1173780E-01
  1.7049995E+03  1.2181456E-01
  1.7150000E+03  1.3414563E-01
  1.7249993E+03  2.1954826E-01
  1.7349994E+03  2.8165275E-01
  1.7449993E+03  4.3997639E-01
  1.7550001E+03  4.5607561E-01
  1.7649998E+03  6.2587595E-01
  1.7749995E+03  4.5289898E-01
  1.7849995E+03  1.1483877E+00
  1.7949999E+03  9.7089273E-01
  1.8050001E+03  1.7985449E+00
  1.8150001E+03  1.0486847E+00
  1.8249994E+03  2.1805708E+00
  1.8349993E+03  1.8055587E+00
  1.8449993E+03  1.8603008E+00
  1.8549998E+03  1.5331974E+00
  1.8650002E+03  3.1713705E+00
  1.8750001E+03  2.8791640E+00
  1.8850000E+03  3.7796028E+00
  1.8950002E+03  5.4352603E+00
  1.9049996E+03  5.0826960E+00
  1.9149999E+03  7.7256870E+00
  1.9249993E+03  5.6581793E+00
  1.9350001E+03  3.0983016E+00
  1.9449993E+03  8.7076302E+00
  1.9550002E+03  1.2413772E+01
  1.9670002E+03  1.4421460E+01
  1.9759990E+03  1.6270281E+01
  1.9839996E+03  2.0967817E+01
  1.9950001E+03  1.8172047E+01
  2.0050002E+03  2.0162582E+01
  2.0149996E+03  2.2523869E+01
  2.0249994E+03  1.6595785E+01
  2.0349995E+03  2.5499294E+01
  2.0449998E+03  2.6843199E+01
  2.0550000E+03  3.2347286E+01
  2.0649993E+03  2.9168785E+01
  2.0739993E+03  2.6819458E+01
  2.0780002E+03  8.7025528E+01
  2.0849993E+03  1.1835242E+02
  2.0950005E+03  1.1873583E+02
  2.1050002E+03  1.0879367E+02
  2.1149990E+03  1.1186050E+02
  2.1250000E+03  1.0639671E+02
  2.1350002E+03  1.5621495E+02
  2.1449998E+03  1.2611198E+02
  2.1550005E+03  1.3929469E+02
  2.1649995E+03  1.2634062E+02
  2.1750002E+03  1.4839565E+02
  2.1849998E+03  1.2598737E+02
  2.1950000E+03  2.1954868E+02
  2.2050000E+03  1.8427434E+02
  2.2149998E+03  1.9913109E+02
  2.2249998E+03  2.0137076E+02
  2.2350005E+03  3.7001117E+02
  2.2449990E+03  4.1154178E+02
  2.2549993E+03  4.4337994E+02
  2.2650000E+03  2.2378279E+02
  2.2750000E+03  3.9554007E+02
  2.2850000E+03  4.8752393E+02
  2.2950002E+03  6.2843359E+02
  2.3050000E+03  2.7124933E+02
  2.3149995E+03  7.0549268E+02
  2.3250000E+03  6.0020117E+02
  2.3349995E+03  9.3502258E+02
  2.3449993E+03  5.4457196E+02
  2.3550000E+03  5.1031946E+02
  2.3649988E+03  5.8368768E+02
  2.3750000E+03  6.5607068E+02
  2.3849990E+03  7.8926740E+02
  2.3950000E+03  8.2958398E+02
  2.4050005E+03  1.2785675E+03
  2.4149993E+03  8.5200952E+02
  2.4249990E+03  1.3370688E+03
  2.4349990E+03  1.8246951E+03
  2.4450000E+03  2.4665889E+03
  2.4549990E+03  2.7282581E+03
  2.4649990E+03  1.5670806E+03
  2.4749993E+03  1.9711130E+03
  2.4850005E+03  4.2326147E+02
  2.4950000E+03  8.5882672E+02
  2.5050005E+03  1.9687889E+03
  2.5129988E+03  9.2477661E+02
  2.5179990E+03  6.3191705E+02
  2.5249998E+03  7.4423340E+02
  2.5350007E+03  3.2453813E+03
  2.5449988E+03  3.4057100E+03
  2.5550000E+03  8.5918799E+03
  2.5649990E+03  4.1661421E+03
  2.5749990E+03  7.2015752E+03
  2.5849993E+03  5.7567998E+03
  2.5949990E+03  6.1298652E+03
  2.6049995E+03  7.3569834E+03
  2.6149998E+03  6.5212681E+03
  2.6249990E+03  9.8313545E+03
  2.6350007E+03  2.3426346E+04
  2.6449995E+03  2.7451447E+04
  2.6549998E+03  6.5614070E+04
  2.6649995E+03  3.1242611E+04
  2.6749988E+03  2.8283859E+04
  2.6849988E+03  4.4053277E+04
  2.6949988E+03  1.9841326E+04
  2.7050000E+03  4.2546438E+04
  2.7150000E+03  2.4275053E+04
  2.7249995E+03  1.1688651E+04
  2.7350007E+03  1.8391865E+04
  2.7450002E+03  1.5780232E+04
  2.7549998E+03  2.1627088E+04
  2.7649983E+03  3.2305979E+04
  2.7750005E+03  3.9108551E+04
  2.7850000E+03  2.1033973E+04
  2.7949993E+03  9.0874775E+03
  2.8049995E+03  1.1565308E+04
  2.8150002E+03  3.0669773E+04
  2.8250007E+03  4.0294984E+04
  2.8350000E+03  2.8217859E+04
  2.8450002E+03  1.3704584E+04
  2.8550005E+03  4.2548364E+03
  2.8650000E+03  2.2100791E+04
  2.8749983E+03  4.3996312E+04
  2.8850000E+03  6.5699047E+04
  2.8949988E+03  1.1282187E+05
  2.9099988E+03  2.1349155E+05
  2.9299983E+03  2.1896872E+05
  2.9499990E+03  2.2668066E+05
  2.9700005E+03  2.2967256E+05
  2.9899980E+03  2.8079822E+05
  3.0099995E+03  2.7066688E+05
  3.0299995E+03  3.2990462E+05
  3.0499995E+03  3.4309547E+05
  3.0699995E+03  3.4573875E+05
  3.0899995E+03  2.7933909E+05
  3.1099995E+03  3.8773272E+05
  3.1299998E+03  2.9936684E+05
  3.1499995E+03  3.3354881E+05
  3.1699995E+03  4.1940047E+05
  3.1899995E+03  3.2893484E+05
  3.2099998E+03  3.6104091E+05
  3.2299993E+03  3.0974169E+05
  3.2499993E+03  5.2658825E+05
  3.2699995E+03  6.1074812E+05
  3.2899995E+03  6.0894875E+05
  3.3099998E+03  5.1413491E+05
  3.3299993E+03  5.5231375E+05
  3.3499995E+03  5.1384753E+05
  3.3699995E+03  3.1350694E+05
  3.3899993E+03  3.8653169E+05
  3.4099993E+03  4.3258497E+05
  3.4299995E+03  4.9765056E+05
  3.4499993E+03  6.0248825E+05
  3.4699998E+03  6.3426600E+05
  3.4899993E+03  7.4353150E+05
  3.5099995E+03  7.7636350E+05
  3.5299995E+03  6.4783744E+05
  3.5499995E+03  6.7762631E+05
  3.5699995E+03  4.4342231E+05
  3.5899995E+03  5.4501350E+05
  3.6099995E+03  8.0283550E+05
  3.6299993E+03  8.3112362E+05
  3.6399993E+03  8.0842269E+05
  3.6499995E+03  8.5866031E+05
  3.6699993E+03  9.4652494E+05
  3.6899995E+03  8.2105412E+05
  3.7099995E+03  8.7071681E+05
  3.7299998E+03  4.0191828E+05
  3.7499993E+03  4.9365769E+05
  3.7699993E+03  7.3984731E+05
  3.7899995E+03  7.4066200E+05
  3.8099993E+03  6.2896569E+05
  3.8299998E+03  2.7310700E+05
  3.8499995E+03  3.6302103E+05
  3.8699995E+03  3.9678362E+05
  3.8899995E+03  7.1644050E+05
  3.9099995E+03  9.5833688E+05
  3.9299993E+03  3.7422322E+05
  3.9499993E+03  7.9890850E+05
  3.9699998E+03  5.1695056E+05
  3.9899995E+03  1.3732215E+06
  4.0099995E+03  1.5232294E+06
  4.0299993E+03  1.4974778E+06
  4.0499993E+03  1.3988911E+06
  4.0699993E+03  1.2922946E+06
  4.0899995E+03  1.7327636E+06
  4.1099995E+03  1.6685261E+06
  4.1299995E+03  1.4912375E+06
  4.1499990E+03  1.3875201E+06
  4.1699990E+03  1.4355330E+06
  4.1899995E+03  1.4173548E+06
  4.2099995E+03  1.5165314E+06
  4.2299995E+03  1.5362071E+06
  4.2499995E+03  1.6036055E+06
  4.2699990E+03  1.4845431E+06
  4.2899995E+03  1.3537466E+06
  4.3100000E+03  1.1356889E+06
  4.3299995E+03  1.8397308E+06
  4.3499995E+03  1.8371075E+06
  4.3699995E+03  1.9956286E+06
  4.3899995E+03  1.7256484E+06
  4.4099995E+03  1.8720522E+06
  4.4299995E+03  2.0790014E+06
  4.4499995E+03  2.1029705E+06
  4.4699995E+03  2.2957435E+06
  4.4899995E+03  2.3738178E+06
  4.5099990E+03  2.7834408E+06
  4.5299995E+03  2.3924805E+06
  4.5499990E+03  2.5128888E+06
  4.5699995E+03  2.7413170E+06
  4.5899990E+03  2.5978512E+06
  4.6099990E+03  2.6767570E+06
  4.6299990E+03  2.5927000E+06
  4.6499990E+03  2.6530310E+06
  4.6699990E+03  2.7889335E+06
  4.6899990E+03  2.7074790E+06
  4.7099995E+03  2.6695898E+06
  4.7299990E+03  2.7709958E+06
  4.7499995E+03  2.8842935E+06
  4.7699995E+03  2.9156250E+06
  4.7899990E+03  2.9100475E+06
  4.8099995E+03  2.8774295E+06
  4.8299995E+03  2.9946282E+06
  4.8499990E+03  2.8253588E+06
  4.8700000E+03  2.5964935E+06
  4.8899990E+03  2.8495918E+06
  4.9099990E+03  2.8415828E+06
  4.9299990E+03  2.7802885E+06
  4.9499995E+03  2.9904940E+06
  4.9699995E+03  2.9225492E+06
  4.9899990E+03  2.6958250E+06
  5.0099995E+03  2.5425630E+06
  5.0299995E+03  2.7064255E+06
  5.0499995E+03  2.7065988E+06
  5.0699995E+03  2.8736178E+06
  5.0899995E+03  2.6509935E+06
  5.1099990E+03  2.7250722E+06
  5.1299995E+03  2.6218388E+06
  5.1499985E+03  2.5076252E+06
  5.1700000E+03  2.2569675E+06
  5.1899990E+03  2.3961125E+06
  5.2099990E+03  2.6310435E+06
  5.2299995E+03  2.7919368E+06
  5.2499995E+03  2.9291212E+06
  5.2699995E+03  2.5272530E+06
  5.2899990E+03  2.9681900E+06
  5.3099995E+03  3.2014715E+06
  5.3299990E+03  2.7502188E+06
  5.3499995E+03  3.0842820E+06
  5.3699995E+03  3.0667068E+06
  5.3899995E+03  2.9673530E+06
  5.4099990E+03  2.9132748E+06
  5.4299990E+03  2.9683890E+06
  5.4499990E+03  3.1400665E+06
  5.4699995E+03  3.0405930E+06
  5.4899995E+03  3.0632272E+06
  5.5099995E+03  3.0185700E+06
  5.5299985E+03  3.1106060E+06
  5.5499990E+03  3.1710282E+06
  5.5699990E+03  3.0932895E+06
  5.5899995E+03  3.0021122E+06
  5.6099990E+03  3.1705958E+06
  5.6299995E+03  3.1178010E+06
  5.6499990E+03  3.1502905E+06
  5.6699990E+03  3.0627165E+06
  5.6899995E+03  3.1620068E+06
  5.7099995E+03  3.0414482E+06
  5.7299990E+03  3.3380910E+06
  5.7499990E+03  3.1915065E+06
  5.7699990E+03  3.2472722E+06
  5.7899995E+03  3.0877770E+06
  5.8099985E+03  3.2494758E+06
  5.8300000E+03  3.3573438E+06
  5.8499990E+03  3.2447102E+06
  5.8699985E+03  3.2694328E+06
  5.8899985E+03  2.9535222E+06
  5.9099995E+03  3.2202560E+06
  5.9299985E+03  3.2280332E+06
  5.9499995E+03  3.2313750E+06
  5.9699990E+03  3.2904125E+06
  5.9899990E+03  3.2286820E+06
  6.0099990E+03  3.1625890E+06
  6.0299995E+03  3.2453568E+06
  6.0499990E+03  3.2996892E+06
  6.0699990E+03  3.2723572E+06
  6.0899995E+03  3.1267702E+06
  6.1099985E+03  3.1475078E+06
  6.1299995E+03  2.9670930E+06
  6.1499985E+03  3.0825938E+06
  6.1699985E+03  2.9488365E+06
  6.1900000E+03  3.1565418E+06
  6.2099995E+03  3.1430812E+06
  6.2299985E+03  3.0339268E+06
  6.2499990E+03  2.9322738E+06
  6.2699985E+03  3.0752615E+06
  6.2900000E+03  3.1163902E+06
  6.3099985E+03  3.0194592E+06
  6.3299995E+03  3.0597360E+06
  6.3499985E+03  3.0683352E+06
  6.3699985E+03  3.0501192E+06
  6.3899995E+03  3.1038512E+06
  6.4099990E+03  3.0306918E+06
  6.4299985E+03  3.0668132E+06
  6.4499985E+03  3.0464655E+06
  6.4699990E+03  3.0242398E+06
  6.4899990E+03  2.9575092E+06
  6.5099985E+03  3.0596388E+06
  6.5299990E+03  3.0646910E+06
  6.5499985E+03  3.0118458E+06
  6.5699985E+03  2.8842650E+06
  6.5899995E+03  3.0191148E+06
  6.6099985E+03  3.0532115E+06
  6.6299990E+03  3.0235048E+06
  6.6499985E+03  3.0234068E+06
  6.6699995E+03  2.9636388E+06
  6.6899990E+03  3.0584875E+06
  6.7099995E+03  2.9390368E+06
  6.7299990E+03  3.0377932E+06
  6.7499995E+03  2.9852555E+06
  6.7699985E+03  3.0042220E+06
  6.7899995E+03  2.9723312E+06
  6.8099995E+03  2.9653775E+06
  6.8300000E+03  2.9998022E+06
  6.8499985E+03  2.8943158E+06
  6.8699985E+03  2.9431818E+06
  6.8899985E+03  2.9761952E+06
  6.9099990E+03  2.9417122E+06
  6.9299995E+03  2.9136178E+06
  6.9499990E+03  2.8851738E+06
  6.9699985E+03  2.8952392E+06
  6.9899985E+03  2.8745315E+06
  7.0099985E+03  2.7799538E+06
  7.0299985E+03  2.8441235E+06
  7.0499990E+03  2.8715925E+06
  7.0699980E+03  2.8241670E+06
  7.0899990E+03  2.8113280E+06
  7.1099990E+03  2.8134198E+06
  7.1299995E+03  2.7528978E+06
  7.1499990E+03  2.7444462E+06
  7.1699995E+03  2.7676292E+06
  7.1899985E+03  2.6593392E+06
  7.2099985E+03  2.7391802E+06
  7.2299980E+03  2.7706770E+06
  7.2499990E+03  2.7645852E+06
  7.2699995E+03  2.7526735E+06
  7.2899990E+03  2.6624485E+06
  7.3099980E+03  2.7136078E+06
  7.3299980E+03  2.7089165E+06
  7.3499980E+03  2.6995640E+06
  7.3699985E+03  2.7357715E+06
  7.3899995E+03  2.6588288E+06
  7.4099985E+03  2.6180808E+06
  7.4299995E+03  2.6734072E+06
  7.4500000E+03  2.6784172E+06
  7.4700000E+03  2.6889392E+06
  7.4899990E+03  2.6630488E+06
  7.5099985E+03  2.6821482E+06
  7.5299995E+03  2.6982828E+06
  7.5499980E+03  2.7064118E+06
  7.5699985E+03  2.6779952E+06
  7.5899990E+03  2.6600420E+06
  7.6099980E+03  2.6545360E+06
  7.6299995E+03  2.6672980E+06
  7.6499995E+03  2.6773170E+06
  7.6699980E+03  2.5780738E+06
  7.6899990E+03  2.6636800E+06
  7.7099995E+03  2.6067192E+06
  7.7299985E+03  2.6107760E+06
  7.7499990E+03  2.5815118E+06
  7.7700000E+03  2.6471755E+06
  7.7900000E+03  2.6323588E+06
  7.8099995E+03  2.6187092E+06
  7.8299980E+03  2.5890658E+06
  7.8499980E+03  2.5717325E+06
  7.8699995E+03  2.5907322E+06
  7.8900000E+03  2.5356152E+06
  7.9099995E+03  2.4663908E+06
  7.9300000E+03  2.4493525E+06
  7.9499985E+03  2.4133212E+06
  7.9699990E+03  2.4973635E+06
  7.9900000E+03  2.4930200E+06
  8.0099980E+03  2.4675515E+06
  8.0299985E+03  2.4679532E+06
  8.0500000E+03  2.4451820E+06
  8.0699985E+03  2.4402512E+06
  8.0899990E+03  2.3737465E+06
  8.1099995E+03  2.3816995E+06
  8.1299976E+03  2.4101230E+06
  8.1499976E+03  2.3986488E+06
  8.1699980E+03  2.4015940E+06
  8.1899985E+03  2.3356792E+06
  8.2099990E+03  2.3345970E+06
  8.2300000E+03  2.3506285E+06
  8.2500000E+03  2.3721792E+06
  8.2700000E+03  2.3974052E+06
  8.2899980E+03  2.3773560E+06
  8.3099990E+03  2.2952778E+06
  8.3299980E+03  2.2990375E+06
  8.3500000E+03  2.3001935E+06
  8.3699990E+03  2.3204582E+06
  8.3899990E+03  2.2383885E+06
  8.4099971E+03  2.3245915E+06
  8.4300000E+03  2.2531915E+06
  8.4499990E+03  2.3017905E+06
  8.4699980E+03  2.2826362E+06
  8.4899980E+03  2.3116165E+06
  8.5099990E+03  2.1954740E+06
  8.5299990E+03  2.2994105E+06
  8.5499990E+03  2.1512735E+06
  8.5699990E+03  2.3057972E+06
  8.5900000E+03  2.2531042E+06
  8.6099980E+03  2.2540338E+06
  8.6299990E+03  2.2755162E+06
  8.6499990E+03  2.2865555E+06
  8.6699990E+03  2.1038122E+06
  8.6899990E+03  2.1780010E+06
  8.7099971E+03  2.2245725E+06
  8.7299990E+03  2.2334712E+06
  8.7499980E+03  2.2076750E+06
  8.7699980E+03  2.2358720E+06
  8.7899980E+03  2.2111300E+06
  8.8099990E+03  2.1472730E+06
  8.8299980E+03  2.1881950E+06
  8.8499980E+03  2.2109278E+06
  8.8699980E+03  2.1598848E+06
  8.8899990E+03  2.2012772E+06
  8.9099971E+03  2.2213985E+06
  8.9299980E+03  2.1577445E+06
  8.9499980E+03  2.1496638E+06
  8.9699990E+03  2.1584420E+06
  8.9899990E+03  2.1619010E+06
  9.0099980E+03  2.0782020E+06
  9.0299990E+03  2.1443610E+06
  9.0499990E+03  2.1888950E+06
  9.0699980E+03  2.1578665E+06
  9.0899990E+03  2.0817226E+06
  9.1099980E+03  2.0960614E+06
  9.1299980E+03  2.1396762E+06
  9.1499980E+03  2.1191732E+06
  9.1699980E+03  2.1159878E+06
  9.1899990E+03  2.1418932E+06
  9.2099990E+03  2.0809478E+06
  9.2299980E+03  2.0972345E+06
  9.2499980E+03  2.0702109E+06
  9.2699971E+03  2.0814544E+06
  9.2899990E+03  2.0700129E+06
  9.3099980E+03  2.0898591E+06
  9.3299990E+03  2.0719066E+06
  9.3499980E+03  2.0666296E+06
  9.3699990E+03  2.0284661E+06
  9.3900000E+03  2.0528618E+06
  9.4099980E+03  1.9844968E+06
  9.4299971E+03  2.0448894E+06
  9.4499990E+03  1.9909342E+06
  9.4700000E+03  2.0339934E+06
  9.4899980E+03  2.0371846E+06
  9.5100000E+03  2.0176689E+06
  9.5300000E+03  2.0122785E+06
  9.5500000E+03  1.9744068E+06
  9.5699990E+03  1.9675208E+06
  9.5899980E+03  2.0056941E+06
  9.6099980E+03  1.9707161E+06
  9.6299990E+03  1.9633105E+06
  9.6499990E+03  1.9266192E+06
  9.6699980E+03  1.9279650E+06
  9.6899980E+03  1.9566864E+06
  9.7100000E+03  1.9342490E+06
  9.7299990E+03  1.9210930E+06
  9.7499980E+03  1.9109609E+06
  9.7699961E+03  1.9101318E+06
  9.7899980E+03  1.8785932E+06
  9.8099980E+03  1.9242198E+06
  9.8299990E+03  1.9069236E+06
  9.8499980E+03  1.9165834E+06
  9.8700000E+03  1.8946692E+06
  9.8899980E+03  1.8940632E+06
  9.9099990E+03  1.8861951E+06
  9.9300000E+03  1.8915948E+06
  9.9499980E+03  1.8884891E+06
  9.9699980E+03  1.8858469E+06
  9.9899990E+03  1.8730560E+06
  1.0024998E+04  1.8607131E+06
  1.0074998E+04  1.8352754E+06
  1.0124997E+04  1.8302768E+06
  1.0174997E+04  1.7989785E+06
  1.0224998E+04  1.7964172E+06
  1.0274997E+04  1.7953199E+06
  1.0325000E+04  1.7584305E+06
  1.0374999E+04  1.7422578E+06
  1.0425000E+04  1.7472160E+06
  1.0474998E+04  1.7236411E+06
  1.0524997E+04  1.7228455E+06
  1.0574999E+04  1.6989444E+06
  1.0625000E+04  1.6871632E+06
  1.0674997E+04  1.6542714E+06
  1.0724998E+04  1.6528022E+06
  1.0774999E+04  1.6318199E+06
  1.0824997E+04  1.6036956E+06
  1.0874997E+04  1.5988898E+06
  1.0924999E+04  1.6101385E+06
  1.0974996E+04  1.5791126E+06
  1.1025000E+04  1.5854938E+06
  1.1074998E+04  1.5798724E+06
  1.1124999E+04  1.5650332E+06
  1.1174998E+04  1.5453885E+06
  1.1224999E+04  1.5434020E+06
  1.1274997E+04  1.5142451E+06
  1.1325000E+04  1.5092451E+06
  1.1375000E+04  1.4944631E+06
  1.1425000E+04  1.4731568E+06
  1.1474997E+04  1.4910182E+06
  1.1525000E+04  1.4815118E+06
  1.1574998E+04  1.4576058E+06
  1.1625000E+04  1.4358385E+06
  1.1674998E+04  1.4343184E+06
  1.1724997E+04  1.4423081E+06
  1.1775001E+04  1.4144065E+06
  1.1824999E+04  1.3998576E+06
  1.1875000E+04  1.3803464E+06
  1.1925000E+04  1.4031558E+06
  1.1975001E+04  1.3482724E+06
  1.2024998E+04  1.3713965E+06
  1.2074996E+04  1.3524408E+06
  1.2125000E+04  1.3536090E+06
  1.2175000E+04  1.3577124E+06
  1.2225001E+04  1.3449146E+06
  1.2275001E+04  1.3325052E+06
  1.2324996E+04  1.3232791E+06
  1.2374996E+04  1.3167898E+06
  1.2424998E+04  1.3026500E+06
  1.2475000E+04  1.3020081E+06
  1.2524997E+04  1.2851264E+06
  1.2574997E+04  1.2819075E+06
  1.2624999E+04  1.2727898E+06
  1.2674997E+04  1.2566714E+06
  1.2724999E+04  1.2580985E+06
  1.2774999E+04  1.2574571E+06
  1.2825000E+04  1.2098334E+06
  1.2875001E+04  1.2256814E+06
  1.2924997E+04  1.2125641E+06
  1.2975001E+04  1.2218321E+06
  1.3024998E+04  1.2009671E+06
  1.3074999E+04  1.2060790E+06
  1.3125000E+04  1.1826484E+06
  1.3174998E+04  1.1770751E+06
  1.3224998E+04  1.1791984E+06
  1.3274997E+04  1.1560306E+06
  1.3324997E+04  1.1630300E+06
  1.3374999E+04  1.1509810E+06
  1.3424999E+04  1.1575990E+06
  1.3474999E+04  1.1461401E+06
  1.3525001E+04  1.1416355E+06
  1.3574999E+04  1.1183791E+06
  1.3624997E+04  1.1146508E+06
  1.3674997E+04  1.1135050E+06
  1.3724995E+04  1.1137669E+06
  1.3774998E+04  1.1046632E+06
  1.3824998E+04  1.1020881E+06
  1.3874996E+04  1.0906765E+06
  1.3925000E+04  1.0927659E+06
  1.3974996E+04  1.0881826E+06
  1.4024997E+04  1.0674328E+06
  1.4075001E+04  1.0749992E+06
  1.4124996E+04  1.0582448E+06
  1.4175000E+04  1.0678162E+06
  1.4225000E+04  1.0445908E+06
  1.4274994E+04  1.0250479E+06
  1.4325001E+04  1.0432206E+06
  1.4374998E+04  1.0454749E+06
  1.4424999E+04  1.0080947E+06
  1.4475000E+04  1.0296229E+06
  1.4524997E+04  1.0104579E+06
  1.4569999E+04  1.0148559E+06
  1.4620000E+04  1.0126672E+06
  1.4674998E+04  1.0093594E+06
  1.4725000E+04  9.8845975E+05
  1.4775002E+04  9.8856288E+05
  1.4824998E+04  9.8552331E+05
  1.4874996E+04  9.6545856E+05
  1.4924997E+04  9.8815756E+05
  1.4974999E+04  9.6999462E+05
  1.5024999E+04  9.4652769E+05
  1.5075000E+04  9.4148594E+05
  1.5124999E+04  9.5809631E+05
  1.5175000E+04  9.5717538E+05
  1.5225002E+04  9.4537275E+05
  1.5274998E+04  9.5052900E+05
  1.5324995E+04  9.3976531E+05
  1.5374997E+04  9.4140806E+05
  1.5425001E+04  9.3797444E+05
  1.5474996E+04  9.3179775E+05
  1.5524994E+04  9.1547406E+05
  1.5575001E+04  9.0497669E+05
  1.5624998E+04  9.2305088E+05
  1.5674997E+04  8.9110606E+05
  1.5724994E+04  9.0225325E+05
  1.5774996E+04  8.6712756E+05
  1.5825001E+04  8.8252150E+05
  1.5874995E+04  8.4457762E+05
  1.5925002E+04  8.6304988E+05
  1.5975001E+04  8.7544438E+05
  1.6049998E+04  8.6565875E+05
  1.6150001E+04  8.4880375E+05
  1.6249997E+04  8.4734906E+05
  1.6350000E+04  8.3378812E+05
  1.6449996E+04  8.1229388E+05
  1.6549998E+04  8.0876531E+05
  1.6649994E+04  7.9541075E+05
  1.6749998E+04  7.7393681E+05
  1.6849998E+04  7.5117731E+05
  1.6950000E+04  7.5583294E+05
  1.7049996E+04  7.2809831E+05
  1.7150000E+04  7.2059244E+05
  1.7249992E+04  6.9803206E+05
  1.7349994E+04  6.7753100E+05
  1.7449992E+04  6.7383362E+05
  1.7550000E+04  6.6276344E+05
  1.7649998E+04  6.5161044E+05
  1.7749994E+04  6.3623006E+05
  1.7849994E+04  6.2908588E+05
  1.7949998E+04  6.1539612E+05
  1.8050002E+04  6.0138044E+05
  1.8150002E+04  5.8641212E+05
  1.8249994E+04  5.7727781E+05
  1.8349992E+04  5.6690831E+05
  1.8449992E+04  5.5115106E+05
  1.8549998E+04  5.4661481E+05
  1.8650002E+04  5.2899500E+05
  1.8750002E+04  5.1340159E+05
  1.8850000E+04  5.1507262E+05
  1.8950004E+04  4.9139638E+05
  1.9049996E+04  4.9845953E+05
  1.9149998E+04  4.8747319E+05
  1.9249992E+04  4.7951428E+05
  1.9350000E+04  4.6525344E+05
  1.9449992E+04  4.5236572E+05
  1.9550002E+04  4.5344669E+05
  1.9649992E+04  4.4373106E+05
  1.9749992E+04  4.3410109E+05
  1.9849992E+04  4.2808422E+05
  1.9950002E+04  4.2142706E+05
  2.0050002E+04  4.1824591E+05
  2.0149996E+04  4.1284325E+05
  2.0249994E+04  3.9971728E+05
  2.0349994E+04  3.9146834E+05
  2.0449996E+04  3.9115334E+05
  2.0550000E+04  3.8310031E+05
  2.0649992E+04  3.7422203E+05
  2.0749998E+04  3.6916231E+05
  2.0849992E+04  3.6272678E+05
  2.0950004E+04  3.5358953E+05
  2.1050002E+04  3.5201503E+05
  2.1149992E+04  3.4485406E+05
  2.1250000E+04  3.3883759E+05
  2.1350002E+04  3.3534850E+05
  2.1449996E+04  3.2944522E+05
  2.1550006E+04  3.2409069E+05
  2.1649994E+04  3.1418381E+05
  2.1750002E+04  3.1069588E+05
  2.1849998E+04  3.0645406E+05
  2.1950002E+04  3.0287828E+05
  2.2050000E+04  2.9478316E+05
  2.2149996E+04  2.9369400E+05
  2.2249998E+04  2.8655497E+05
  2.2350004E+04  2.8229181E+05
  2.2449990E+04  2.7818328E+05
  2.2549994E+04  2.7433597E+05
  2.2650000E+04  2.6838662E+05
  2.2750000E+04  2.6649094E+05
  2.2850000E+04  2.5992809E+05
  2.2950004E+04  2.3316986E+05
  2.3050000E+04  2.4282962E+05
  2.3149996E+04  2.4025133E+05
  2.3250000E+04  2.1517647E+05
  2.3349996E+04  2.2518064E+05
  2.3449994E+04  2.2688839E+05
  2.3550002E+04  2.0122450E+05
  2.3649988E+04  2.1346919E+05
  2.3750000E+04  2.1301755E+05
  2.3849990E+04  1.9093558E+05
  2.3950002E+04  2.0058839E+05
  2.4050006E+04  2.0242791E+05
  2.4149992E+04  1.8476141E+05
  2.4249990E+04  1.9050558E+05
  2.4349990E+04  1.9193036E+05
  2.4450002E+04  1.8086005E+05
  2.4549990E+04  1.7882100E+05
  2.4649992E+04  1.8460238E+05
  2.4749992E+04  1.7747400E+05
  2.4850006E+04  1.6977678E+05
  2.4950000E+04  1.7410742E+05
  2.5050006E+04  1.7649639E+05
  2.5149994E+04  1.6397584E+05
  2.5249998E+04  1.6861214E+05
  2.5350004E+04  1.6789995E+05
  2.5449988E+04  1.6288405E+05
  2.5549998E+04  1.6095928E+05
  2.5649990E+04  1.6054280E+05
  2.5749990E+04  1.6070166E+05
  2.5849994E+04  1.5234008E+05
  2.5949990E+04  1.5427322E+05
  2.6049996E+04  1.5401256E+05
  2.6149998E+04  1.5082048E+05
  2.6249988E+04  1.4794600E+05
  2.6350008E+04  1.4773655E+05
  2.6449996E+04  1.4610473E+05
  2.6549994E+04  1.4365941E+05
  2.6649994E+04  1.4054109E+05
  2.6749988E+04  1.4220902E+05
  2.6849986E+04  1.4054031E+05
  2.6949986E+04  1.3744523E+05
  2.7050002E+04  1.3693014E+05
  2.7149998E+04  1.3529472E+05
  2.7249994E+04  1.3399917E+05
  2.7350006E+04  1.3157048E+05
  2.7450004E+04  1.3099862E+05
  2.7549996E+04  1.2938432E+05
  2.7649982E+04  1.2736125E+05
  2.7750004E+04  1.2541741E+05
  2.7850000E+04  1.2450384E+05
  2.7949992E+04  1.2372068E+05
  2.8049994E+04  1.2199738E+05
  2.8150002E+04  1.2026682E+05
  2.8250006E+04  1.1891173E+05
  2.8350000E+04  1.1799938E+05
  2.8450000E+04  1.1604495E+05
  2.8550002E+04  1.1472040E+05
  2.8650002E+04  1.1332888E+05
  2.8749982E+04  1.1170795E+05
  2.8849998E+04  1.1067226E+05
  2.8949986E+04  1.0941912E+05
  2.9049994E+04  1.0802866E+05
  2.9149986E+04  1.0686317E+05
  2.9249984E+04  1.0481715E+05
  2.9349980E+04  1.0426595E+05
  2.9450000E+04  1.0257290E+05
  2.9550004E+04  1.0153897E+05
  2.9649982E+04  1.0059395E+05
  2.9749992E+04  9.9378180E+04
  2.9849994E+04  9.8032711E+04
  2.9949984E+04  9.6669445E+04
  3.0049996E+04  9.5534750E+04
  3.0149994E+04  9.4661703E+04
  3.0249994E+04  9.3258766E+04
  3.0349996E+04  9.1610453E+04
  3.0449996E+04  9.1176320E+04
  3.0549996E+04  8.9962797E+04
  3.0649996E+04  8.8751133E+04
  3.0749994E+04  8.7975625E+04
  3.0849996E+04  8.6519492E+04
  3.0949994E+04  8.5599492E+04
  3.1049996E+04  8.4908328E+04
  3.1149996E+04  8.3144930E+04
  3.1249996E+04  8.2748672E+04
  3.1349996E+04  8.1880453E+04
  3.1449996E+04  8.0892094E+04
  3.1549998E+04  7.9653453E+04
  3.1649996E+04  7.8733453E+04
  3.1749998E+04  7.8021516E+04
  3.1849996E+04  7.7079281E+04
  3.1949994E+04  7.6320758E+04
  3.2099996E+04  7.4834031E+04
  3.2299992E+04  7.3097703E+04
  3.2499994E+04  7.1373320E+04
  3.2699996E+04  6.9689055E+04
  3.2899996E+04  6.7915047E+04
  3.3099996E+04  6.6505367E+04
  3.3299992E+04  6.4893547E+04
  3.3499996E+04  6.3671168E+04
  3.3699996E+04  6.2167977E+04
  3.3899996E+04  6.0662938E+04
  3.4099996E+04  5.9234195E+04
  3.4299996E+04  5.8196391E+04
  3.4499992E+04  5.7029852E+04
  3.4699996E+04  5.5717285E+04
  3.4899996E+04  5.4551621E+04
  3.5099996E+04  5.3451633E+04
  3.5299996E+04  5.2140207E+04
  3.5499996E+04  5.1162758E+04
  3.5699992E+04  5.0014711E+04
  3.5899992E+04  4.8929914E+04
  3.6099996E+04  4.8053910E+04
  3.6299992E+04  4.7048402E+04
  3.6499992E+04  4.5897961E+04
  3.6699992E+04  4.4906793E+04
  3.6899992E+04  4.3713012E+04
  3.7099996E+04  4.2742086E+04
  3.7299996E+04  4.2163105E+04
  3.7499992E+04  4.0913551E+04
  3.7699996E+04  4.0480602E+04
  3.7899996E+04  3.9624363E+04
  3.8099992E+04  3.8952531E+04
  3.8299996E+04  3.8292516E+04
  3.8499996E+04  3.7580535E+04
  3.8699996E+04  3.6695062E+04
  3.8899992E+04  3.6027422E+04
  3.9099996E+04  3.5410902E+04
  3.9299992E+04  3.4734312E+04
  3.9499992E+04  3.3878820E+04
  3.9699992E+04  3.3323203E+04
  3.9900000E+04  3.2452791E+04
  4.0099996E+04  3.1996342E+04
  4.0299992E+04  3.1517182E+04
  4.0499996E+04  3.0820797E+04
  4.0699992E+04  3.0304857E+04
  4.0899992E+04  2.9770477E+04
  4.1099996E+04  2.9242807E+04
  4.1299996E+04  2.8754863E+04
  4.1499992E+04  2.8161199E+04
  4.1699992E+04  2.7646898E+04
  4.1899996E+04  2.7113211E+04
  4.2099996E+04  2.6503375E+04
  4.2299992E+04  2.6255455E+04
  4.2499996E+04  2.5666863E+04
  4.2699992E+04  2.5296822E+04
  4.2899992E+04  2.3608127E+04
  4.3099996E+04  2.2059127E+04
  4.3299996E+04  2.2285824E+04
  4.3499992E+04  2.0819121E+04
  4.3699996E+04  2.0155533E+04
  4.3899996E+04  1.9770955E+04
  4.4099992E+04  1.8511314E+04
  4.4299992E+04  1.8336295E+04
  4.4499996E+04  1.8015082E+04
  4.4699996E+04  1.7002943E+04
  4.4899996E+04  1.7227045E+04
  4.5099992E+04  1.6700457E+04
  4.5299992E+04  1.5984387E+04
  4.5499996E+04  1.6112402E+04
  4.5699992E+04  1.5986297E+04
  4.5899996E+04  1.5183336E+04
  4.6099996E+04  1.5423967E+04
  4.6299992E+04  1.5078359E+04
  4.6499988E+04  1.4959039E+04
  4.6699992E+04  1.4923426E+04
  4.6899992E+04  1.4672417E+04
  4.7099992E+04  1.4329177E+04
  4.7299992E+04  1.4509840E+04
  4.7499996E+04  1.4141285E+04
  4.7699992E+04  1.3937515E+04
  4.7899992E+04  1.3804621E+04
  4.8099996E+04  1.3415846E+04
  4.8299992E+04  1.3618905E+04
  4.8499992E+04  1.3301494E+04
  4.8700000E+04  1.3007247E+04
  4.8899992E+04  1.2872396E+04
  4.9099988E+04  1.2683360E+04
  4.9299988E+04  1.2484870E+04
  4.9499996E+04  1.2270251E+04
  4.9699992E+04  1.2201591E+04
  4.9899988E+04  1.1979462E+04
  5.0099996E+04  1.1907269E+04
  5.0299996E+04  1.1745761E+04
  5.0499996E+04  1.1434869E+04
  5.0699996E+04  1.1356557E+04
  5.0899992E+04  1.1236370E+04
  5.1099992E+04  1.0978196E+04
  5.1299996E+04  1.0956036E+04
  5.1499988E+04  1.0740146E+04
  5.1699996E+04  1.0754882E+04
  5.1899992E+04  1.0514250E+04
  5.2099992E+04  1.0403980E+04
  5.2299996E+04  1.0201152E+04
  5.2499996E+04  1.0164172E+04
  5.2699996E+04  1.0157030E+04
  5.2899992E+04  9.8420908E+03
  5.3099988E+04  9.7333525E+03
  5.3299988E+04  9.6709209E+03
  5.3499992E+04  9.5563662E+03
  5.3699992E+04  9.4599697E+03
  5.3899992E+04  9.3598125E+03
  5.4099992E+04  9.2442695E+03
  5.4299984E+04  9.0476338E+03
  5.4499988E+04  9.0352539E+03
  5.4699996E+04  8.8873340E+03
  5.4899992E+04  8.7844512E+03
  5.5099992E+04  8.6795996E+03
  5.5299988E+04  8.7414805E+03
  5.5499988E+04  8.4451104E+03
  5.5699992E+04  8.4894844E+03
  5.5899992E+04  8.3119004E+03
  5.6099988E+04  8.2559756E+03
  5.6299996E+04  8.0872412E+03
  5.6499988E+04  8.0793027E+03
  5.6699988E+04  7.9809224E+03
  5.6899992E+04  7.8132085E+03
  5.7099996E+04  7.8162280E+03
  5.7299988E+04  7.7104722E+03
  5.7499988E+04  7.6278706E+03
  5.7699988E+04  7.5066226E+03
  5.7899996E+04  7.4802480E+03
  5.8099988E+04  7.3382173E+03
  5.8299996E+04  7.2670049E+03
  5.8499992E+04  7.1947251E+03
  5.8699988E+04  7.0662954E+03
  5.8899988E+04  6.9963442E+03
  5.9099992E+04  6.9355879E+03
  5.9299988E+04  6.8634941E+03
  5.9499996E+04  6.7550698E+03
  5.9699988E+04  6.7112627E+03
  5.9899992E+04  6.6317656E+03
  6.0099992E+04  6.5536987E+03
  6.0299992E+04  6.4770381E+03
  6.0499988E+04  6.3747954E+03
  6.0699992E+04  6.3038174E+03
  6.0899992E+04  6.2288579E+03
  6.1099988E+04  6.1373882E+03
  6.1299992E+04  6.0879795E+03
  6.1499988E+04  6.0260376E+03
  6.1699988E+04  5.9702104E+03
  6.1899996E+04  5.9032764E+03
  6.2099996E+04  5.8408906E+03
  6.2299988E+04  5.7509390E+03
  6.2499992E+04  5.6705024E+03
  6.2699988E+04  5.6100449E+03
  6.2899996E+04  5.5528086E+03
  6.3099984E+04  5.4796304E+03
  6.3299996E+04  5.4427061E+03
  6.3499984E+04  5.3665269E+03
  6.3699984E+04  5.3250815E+03
  6.3900000E+04  5.2474189E+03
  6.4199992E+04  5.1598301E+03
  6.4599984E+04  5.0360972E+03
  6.4999992E+04  4.9233003E+03
  6.5399992E+04  4.8126143E+03
  6.5799992E+04  4.7122529E+03
  6.6199984E+04  4.6001191E+03
  6.6599984E+04  4.4992485E+03
  6.6999992E+04  4.4000312E+03
  6.7399992E+04  4.2969580E+03
  6.7799992E+04  4.2040356E+03
  6.8199992E+04  4.1098315E+03
  6.8599992E+04  4.0220964E+03
  6.8999984E+04  3.9314456E+03
  6.9399984E+04  3.8452700E+03
  6.9800000E+04  3.7626597E+03
  7.0199992E+04  3.6761753E+03
  7.0599984E+04  3.6004746E+03
  7.0999977E+04  3.5224294E+03
  7.1399977E+04  3.4477495E+03
  7.1799984E+04  3.3731208E+03
  7.2199984E+04  3.3015933E+03
  7.2600000E+04  3.2305024E+03
  7.2999984E+04  3.1634556E+03
  7.3400000E+04  3.0949453E+03
  7.3799984E+04  3.0319521E+03
  7.4199992E+04  2.9654104E+03
  7.4599992E+04  2.9029614E+03
  7.5000000E+04  2.8450874E+03
  7.5399992E+04  2.7850957E+03
  7.5799992E+04  2.7314534E+03
  7.6199984E+04  2.6758616E+03
  7.6599992E+04  2.6217915E+03
  7.6999992E+04  2.5678723E+03
  7.7399992E+04  2.5173772E+03
  7.7799984E+04  2.4673469E+03
  7.8199984E+04  2.4181440E+03
  7.8599984E+04  2.3706050E+03
  7.8999984E+04  2.3237815E+03
  7.9399984E+04  2.2780776E+03
  7.9800000E+04  2.2341760E+03
  8.0199992E+04  2.1893372E+03
  8.0599984E+04  2.1466104E+03
  8.0999992E+04  2.1067998E+03
  8.1399977E+04  2.0649382E+03
  8.1799984E+04  2.0270005E+03
  8.2199984E+04  1.9889773E+03
  8.2599992E+04  1.9510413E+03
  8.2999984E+04  1.9147275E+03
  8.3400000E+04  1.8777721E+03
  8.3799992E+04  1.8429901E+03
  8.4199992E+04  1.8098984E+03
  8.4599977E+04  1.7763494E+03
  8.4999977E+04  1.7437665E+03
  8.5399984E+04  1.7119725E+03
  8.5799984E+04  1.6810020E+03
  8.6199992E+04  1.6505813E+03
  8.6599992E+04  1.6211023E+03
  8.6999984E+04  1.5920945E+03
  8.7399992E+04  1.5636469E+03
  8.7799992E+04  1.5356993E+03
  8.8199984E+04  1.5076609E+03
  8.8599977E+04  1.4814089E+03
  8.8999992E+04  1.4548528E+03
  8.9399977E+04  1.4303622E+03
  8.9799977E+04  1.4045203E+03
  9.0199984E+04  1.3811628E+03
  9.0599984E+04  1.3577954E+03
  9.0999992E+04  1.3329191E+03
  9.1400000E+04  1.3109956E+03
  9.1799969E+04  1.2889122E+03
  9.2199969E+04  1.2675601E+03
  9.2599984E+04  1.2460441E+03
  9.3000000E+04  1.2251990E+03
  9.3399984E+04  1.2045358E+03
  9.3799984E+04  1.1845648E+03
  9.4199977E+04  1.1649315E+03
  9.4599984E+04  1.1454183E+03
  9.4999969E+04  1.1266516E+03
  9.5399984E+04  1.1082407E+03
  9.5799984E+04  1.0903030E+03
  9.6199992E+04  1.0723802E+03
  9.6599984E+04  1.0552013E+03
  9.7000000E+04  1.0381880E+03
  9.7399977E+04  1.0201876E+03
  9.7799984E+04  1.0046911E+03
  9.8199977E+04  9.8910016E+02
  9.8599977E+04  9.7345752E+02
  9.8999992E+04  9.5814960E+02
  9.9399984E+04  9.4282800E+02
  9.9799977E+04  9.2813672E+02
  1.0019999E+05  9.1364911E+02
  1.9999991E+05  5.9197998E+01
  3.9999994E+05  3.7171788E+00
  5.9999981E+05  7.3026609E-01
  7.9999994E+05  2.2948931E-01
