  9.2499988E+02  6.1589400E-11
  9.3499982E+02  9.0961523E-11
  9.4500000E+02  1.3349390E-10
  9.5500000E+02  2.1253851E-10
  9.6499988E+02  3.8131065E-10
  9.7499982E+02  5.2137289E-10
  9.8499976E+02  8.5222918E-10
  9.9499988E+02  1.3531988E-09
  1.0049999E+03  1.9667965E-09
  1.0149997E+03  2.9409857E-09
  1.0249998E+03  3.6245273E-09
  1.0349998E+03  7.6459719E-09
  1.0449998E+03  1.1141318E-08
  1.0549999E+03  1.3107852E-08
  1.0649999E+03  2.3708216E-08
  1.0750000E+03  3.3313871E-08
  1.0849996E+03  5.1145282E-08
  1.0949999E+03  6.4564858E-08
  1.1049999E+03  8.5073289E-08
  1.1149999E+03  1.1603581E-07
  1.1249999E+03  1.9431613E-07
  1.1349996E+03  3.0905449E-07
  1.1449999E+03  4.3776063E-07
  1.1549999E+03  5.9945751E-07
  1.1650000E+03  7.8084895E-07
  1.1749995E+03  1.1318167E-06
  1.1849996E+03  1.4554221E-06
  1.1949998E+03  1.8323739E-06
  1.2049996E+03  2.0245691E-06
  1.2149998E+03  5.7448153E-07
  1.2249996E+03  3.1805635E-06
  1.2349996E+03  5.8556702E-06
  1.2449998E+03  7.8227986E-06
  1.2549996E+03  9.8178707E-06
  1.2650000E+03  1.2661159E-05
  1.2749998E+03  1.5867230E-05
  1.2849995E+03  1.7949775E-05
  1.2949998E+03  2.1922082E-05
  1.3049995E+03  2.7107590E-05
  1.3149998E+03  3.4940775E-05
  1.3249998E+03  3.8958151E-05
  1.3349996E+03  4.3716253E-05
  1.3449995E+03  5.6130197E-05
  1.3549996E+03  7.3416828E-05
  1.3649999E+03  8.0770478E-05
  1.3749999E+03  9.1515882E-05
  1.3849996E+03  1.0219899E-04
  1.3949999E+03  1.1815639E-04
  1.4050001E+03  1.6012092E-04
  1.4149998E+03  1.9487448E-04
  1.4249998E+03  2.3515384E-04
  1.4350000E+03  3.0067656E-04
  1.4419998E+03  4.1027556E-04
  1.4469999E+03  3.6284106E-04
  1.4549994E+03  4.4504547E-04
  1.4650000E+03  6.1680487E-04
  1.4749995E+03  7.2663528E-04
  1.4849996E+03  8.0279546E-04
  1.4949998E+03  1.1431827E-03
  1.5049996E+03  1.4995312E-03
  1.5119995E+03  1.0303484E-03
  1.5169994E+03  1.4654247E-03
  1.5250001E+03  4.8354650E-03
  1.5349994E+03  8.6216675E-03
  1.5449994E+03  6.3299062E-03
  1.5549998E+03  1.1706650E-02
  1.5649999E+03  1.1033467E-02
  1.5750001E+03  3.7019875E-02
  1.5850000E+03  3.9481442E-02
  1.5949996E+03  4.1343987E-02
  1.6049999E+03  3.9945602E-02
  1.6150000E+03  4.1158285E-02
  1.6249996E+03  4.2669203E-02
  1.6350000E+03  6.0748547E-02
  1.6449996E+03  8.6738326E-02
  1.6549999E+03  6.0568333E-02
  1.6649993E+03  1.0915818E-01
  1.6720000E+03  7.4031770E-02
  1.6770001E+03  2.2602671E-01
  1.6849998E+03  2.9693082E-01
  1.6950000E+03  4.1862503E-01
  1.7049995E+03  4.4502604E-01
  1.7150000E+03  4.6573755E-01
  1.7249993E+03  7.0359010E-01
  1.7349994E+03  8.4842497E-01
  1.7449993E+03  1.2791506E+00
  1.7550001E+03  1.3254043E+00
  1.7649998E+03  1.7155536E+00
  1.7749995E+03  1.3562096E+00
  1.7849995E+03  2.9713240E+00
  1.7949999E+03  2.5113006E+00
  1.8050001E+03  4.3425713E+00
  1.8150001E+03  2.8219876E+00
  1.8249994E+03  5.1119785E+00
  1.8349993E+03  4.4642210E+00
  1.8449993E+03  4.9056873E+00
  1.8549998E+03  4.2298689E+00
  1.8650002E+03  7.5692644E+00
  1.8750001E+03  7.0457430E+00
  1.8850000E+03  8.8616247E+00
  1.8950002E+03  1.2061454E+01
  1.9049996E+03  1.1524073E+01
  1.9149999E+03  1.6980198E+01
  1.9249993E+03  1.3358814E+01
  1.9350001E+03  8.0950460E+00
  1.9449993E+03  1.9052641E+01
  1.9550002E+03  2.6518000E+01
  1.9670002E+03  3.0078545E+01
  1.9759990E+03  3.3832497E+01
  1.9839996E+03  4.1765278E+01
  1.9950001E+03  3.7000999E+01
  2.0050002E+03  4.0901508E+01
  2.0149996E+03  4.6211273E+01
  2.0249994E+03  3.6879318E+01
  2.0349995E+03  5.2291294E+01
  2.0449998E+03  5.5683556E+01
  2.0550000E+03  6.5865883E+01
  2.0649993E+03  6.1168221E+01
  2.0739993E+03  5.7742153E+01
  2.0780002E+03  1.3166200E+02
  2.0849993E+03  1.7289662E+02
  2.0950005E+03  1.7905223E+02
  2.1050002E+03  1.6659135E+02
  2.1149990E+03  1.7180803E+02
  2.1250000E+03  1.7032816E+02
  2.1350002E+03  2.3188840E+02
  2.1449998E+03  1.9071548E+02
  2.1550005E+03  2.0967616E+02
  2.1649995E+03  1.9641107E+02
  2.1750002E+03  2.1992563E+02
  2.1849998E+03  1.9452052E+02
  2.1950000E+03  3.2173834E+02
  2.2050000E+03  2.7067764E+02
  2.2149998E+03  2.9995209E+02
  2.2249998E+03  2.9367010E+02
  2.2350005E+03  4.9332062E+02
  2.2449990E+03  5.5650122E+02
  2.2549993E+03  6.0385199E+02
  2.2650000E+03  3.2646558E+02
  2.2750000E+03  5.5148511E+02
  2.2850000E+03  6.4438702E+02
  2.2950002E+03  8.5166852E+02
  2.3050000E+03  3.9811691E+02
  2.3149995E+03  1.0117733E+03
  2.3250000E+03  8.6558429E+02
  2.3349995E+03  1.2880398E+03
  2.3449993E+03  7.8833423E+02
  2.3550000E+03  7.3607294E+02
  2.3649988E+03  8.8700214E+02
  2.3750000E+03  9.2796948E+02
  2.3849990E+03  1.2439390E+03
  2.3950000E+03  1.2372500E+03
  2.4050005E+03  1.9136826E+03
  2.4149993E+03  1.2911271E+03
  2.4249990E+03  1.7971727E+03
  2.4349990E+03  2.3605779E+03
  2.4450000E+03  3.1493440E+03
  2.4549990E+03  3.5061619E+03
  2.4649990E+03  2.2513259E+03
  2.4749993E+03  3.0126973E+03
  2.4850005E+03  9.4707495E+02
  2.4950000E+03  1.3848589E+03
  2.5050005E+03  2.8844712E+03
  2.5129988E+03  1.6109918E+03
  2.5179990E+03  1.2688253E+03
  2.5249998E+03  1.4590992E+03
  2.5350007E+03  4.2862559E+03
  2.5449988E+03  4.6651470E+03
  2.5550000E+03  8.0078545E+03
  2.5649990E+03  4.9176929E+03
  2.5749990E+03  7.9555391E+03
  2.5849993E+03  6.6723848E+03
  2.5949990E+03  7.8579985E+03
  2.6049995E+03  9.6436895E+03
  2.6149998E+03  8.5437041E+03
  2.6249990E+03  1.2405375E+04
  2.6350007E+03  2.6182705E+04
  2.6449995E+03  2.4853207E+04
  2.6549998E+03  5.9462582E+04
  2.6649995E+03  3.0103748E+04
  2.6749988E+03  2.7599955E+04
  2.6849988E+03  4.1873109E+04
  2.6949988E+03  1.8291967E+04
  2.7050000E+03  3.7560414E+04
  2.7150000E+03  2.3294279E+04
  2.7249995E+03  1.4316684E+04
  2.7350007E+03  1.9369930E+04
  2.7450002E+03  2.0253016E+04
  2.7549998E+03  2.5197355E+04
  2.7649983E+03  3.5880035E+04
  2.7750005E+03  4.3730242E+04
  2.7850000E+03  2.5560855E+04
  2.7949993E+03  1.5644119E+04
  2.8049995E+03  1.8466953E+04
  2.8150002E+03  3.4551570E+04
  2.8250007E+03  3.7819504E+04
  2.8350000E+03  2.8642998E+04
  2.8450002E+03  1.7708350E+04
  2.8550005E+03  7.3243379E+03
  2.8650000E+03  2.5393898E+04
  2.8749983E+03  3.7222918E+04
  2.8850000E+03  5.4845016E+04
  2.8949988E+03  9.2773844E+04
  2.9099988E+03  2.2331017E+05
  2.9299983E+03  2.2249692E+05
  2.9499990E+03  2.3063738E+05
  2.9700005E+03  2.2803680E+05
  2.9899980E+03  2.8156091E+05
  3.0099995E+03  2.8198122E+05
  3.0299995E+03  3.5361844E+05
  3.0499995E+03  3.6784378E+05
  3.0699995E+03  3.6643231E+05
  3.0899995E+03  2.5373981E+05
  3.1099995E+03  3.9803516E+05
  3.1299998E+03  3.0818447E+05
  3.1499995E+03  3.5627244E+05
  3.1699995E+03  4.4384397E+05
  3.1899995E+03  3.5067009E+05
  3.2099998E+03  3.7607134E+05
  3.2299993E+03  3.3637294E+05
  3.2499993E+03  5.6888944E+05
  3.2699995E+03  6.8008488E+05
  3.2899995E+03  6.8590269E+05
  3.3099998E+03  5.6289375E+05
  3.3299993E+03  5.9518875E+05
  3.3499995E+03  5.5228456E+05
  3.3699995E+03  3.1885428E+05
  3.3899993E+03  4.0282428E+05
  3.4099993E+03  4.3974506E+05
  3.4299995E+03  5.3383519E+05
  3.4499993E+03  6.4847800E+05
  3.4699998E+03  7.0729162E+05
  3.4899993E+03  8.3808512E+05
  3.5099995E+03  8.9580412E+05
  3.5299995E+03  7.6502138E+05
  3.5499995E+03  8.2906700E+05
  3.5699995E+03  5.8944631E+05
  3.5899995E+03  6.5579938E+05
  3.6099995E+03  9.1231044E+05
  3.6299993E+03  9.0382912E+05
  3.6399993E+03  8.7273931E+05
  3.6499995E+03  9.1436788E+05
  3.6699993E+03  1.0436948E+06
  3.6899995E+03  8.2431894E+05
  3.7099995E+03  7.9851300E+05
  3.7299998E+03  3.5396319E+05
  3.7499993E+03  4.3908666E+05
  3.7699993E+03  7.8443119E+05
  3.7899995E+03  8.2110144E+05
  3.8099993E+03  6.8081925E+05
  3.8299998E+03  2.8427888E+05
  3.8499995E+03  4.4422609E+05
  3.8699995E+03  4.3023875E+05
  3.8899995E+03  6.7167694E+05
  3.9099995E+03  9.6777488E+05
  3.9299993E+03  3.8927312E+05
  3.9499993E+03  8.4377119E+05
  3.9699998E+03  5.6102769E+05
  3.9899995E+03  1.4704331E+06
  4.0099995E+03  1.6229410E+06
  4.0299993E+03  1.5372134E+06
  4.0499993E+03  1.4447351E+06
  4.0699993E+03  1.3082600E+06
  4.0899995E+03  1.8522375E+06
  4.1099995E+03  1.6873940E+06
  4.1299995E+03  1.5848415E+06
  4.1499990E+03  1.4750616E+06
  4.1699990E+03  1.5605628E+06
  4.1899995E+03  1.5043272E+06
  4.2099995E+03  1.5394235E+06
  4.2299995E+03  1.4056456E+06
  4.2499995E+03  1.5713186E+06
  4.2699990E+03  1.4402638E+06
  4.2899995E+03  1.3498984E+06
  4.3100000E+03  1.1867554E+06
  4.3299995E+03  1.8895026E+06
  4.3499995E+03  1.9388836E+06
  4.3699995E+03  2.0885450E+06
  4.3899995E+03  1.7570816E+06
  4.4099995E+03  1.8808662E+06
  4.4299995E+03  2.1164350E+06
  4.4499995E+03  2.1423515E+06
  4.4699995E+03  2.3494792E+06
  4.4899995E+03  2.4319345E+06
  4.5099990E+03  2.8710482E+06
  4.5299995E+03  2.4293812E+06
  4.5499990E+03  2.6087895E+06
  4.5699995E+03  2.8246548E+06
  4.5899990E+03  2.6742062E+06
  4.6099990E+03  2.7448285E+06
  4.6299990E+03  2.6914658E+06
  4.6499990E+03  2.7161030E+06
  4.6699990E+03  2.8886062E+06
  4.6899990E+03  2.7958555E+06
  4.7099995E+03  2.7307252E+06
  4.7299990E+03  2.8154505E+06
  4.7499995E+03  2.8734402E+06
  4.7699995E+03  2.8591638E+06
  4.7899990E+03  2.8888662E+06
  4.8099995E+03  2.9230232E+06
  4.8299995E+03  3.0067398E+06
  4.8499990E+03  2.8783710E+06
  4.8700000E+03  2.6096778E+06
  4.8899990E+03  2.8272198E+06
  4.9099990E+03  2.8440830E+06
  4.9299990E+03  2.7252622E+06
  4.9499995E+03  2.8908622E+06
  4.9699995E+03  2.8647450E+06
  4.9899990E+03  2.6241100E+06
  5.0099995E+03  2.4316445E+06
  5.0299995E+03  2.6117245E+06
  5.0499995E+03  2.5365682E+06
  5.0699995E+03  2.6536298E+06
  5.0899995E+03  2.4762092E+06
  5.1099990E+03  2.5125545E+06
  5.1299995E+03  2.4198505E+06
  5.1499985E+03  2.2789360E+06
  5.1700000E+03  1.9435038E+06
  5.1899990E+03  2.0845001E+06
  5.2099990E+03  2.4248012E+06
  5.2299995E+03  2.7503420E+06
  5.2499995E+03  2.9570045E+06
  5.2699995E+03  2.4546812E+06
  5.2899990E+03  2.9704788E+06
  5.3099995E+03  3.2200438E+06
  5.3299990E+03  2.7173310E+06
  5.3499995E+03  3.0680925E+06
  5.3699995E+03  3.0089630E+06
  5.3899995E+03  2.9377868E+06
  5.4099990E+03  2.8702828E+06
  5.4299990E+03  2.9114025E+06
  5.4499990E+03  3.0426570E+06
  5.4699995E+03  3.0376970E+06
  5.4899995E+03  3.0856012E+06
  5.5099995E+03  3.0186945E+06
  5.5299985E+03  3.1258818E+06
  5.5499990E+03  3.1800790E+06
  5.5699990E+03  3.0771395E+06
  5.5899995E+03  2.9771560E+06
  5.6099990E+03  3.1510840E+06
  5.6299995E+03  3.1415720E+06
  5.6499990E+03  3.1809745E+06
  5.6699990E+03  3.0937705E+06
  5.6899995E+03  3.1649160E+06
  5.7099995E+03  3.0413328E+06
  5.7299990E+03  3.3180110E+06
  5.7499990E+03  3.2052940E+06
  5.7699990E+03  3.2501010E+06
  5.7899995E+03  3.0954188E+06
  5.8099985E+03  3.2459045E+06
  5.8300000E+03  3.3423805E+06
  5.8499990E+03  3.2317202E+06
  5.8699985E+03  3.2542355E+06
  5.8899985E+03  2.8813078E+06
  5.9099995E+03  3.2147552E+06
  5.9299985E+03  3.2172130E+06
  5.9499995E+03  3.2223298E+06
  5.9699990E+03  3.2710688E+06
  5.9899990E+03  3.2220672E+06
  6.0099990E+03  3.1590422E+06
  6.0299995E+03  3.2281580E+06
  6.0499990E+03  3.2799278E+06
  6.0699990E+03  3.2486352E+06
  6.0899995E+03  3.1283955E+06
  6.1099985E+03  3.1418565E+06
  6.1299995E+03  2.9551625E+06
  6.1499985E+03  3.0842868E+06
  6.1699985E+03  2.8975748E+06
  6.1900000E+03  3.1449398E+06
  6.2099995E+03  3.1290138E+06
  6.2299985E+03  3.0319855E+06
  6.2499990E+03  2.9415325E+06
  6.2699985E+03  3.0675950E+06
  6.2900000E+03  3.1068682E+06
  6.3099985E+03  3.0099030E+06
  6.3299995E+03  3.0461028E+06
  6.3499985E+03  3.0638505E+06
  6.3699985E+03  3.0515120E+06
  6.3899995E+03  3.0968395E+06
  6.4099990E+03  3.0183138E+06
  6.4299985E+03  3.0525988E+06
  6.4499985E+03  3.0155862E+06
  6.4699990E+03  2.9904910E+06
  6.4899990E+03  2.9394415E+06
  6.5099985E+03  3.0454158E+06
  6.5299990E+03  3.0620408E+06
  6.5499985E+03  3.0000792E+06
  6.5699985E+03  2.8716970E+06
  6.5899995E+03  3.0015048E+06
  6.6099985E+03  3.0442442E+06
  6.6299990E+03  3.0173342E+06
  6.6499985E+03  3.0143768E+06
  6.6699995E+03  2.9607600E+06
  6.6899990E+03  3.0382015E+06
  6.7099995E+03  2.9324268E+06
  6.7299990E+03  3.0200765E+06
  6.7499995E+03  2.9715300E+06
  6.7699985E+03  2.9906595E+06
  6.7899995E+03  2.9583582E+06
  6.8099995E+03  2.9525425E+06
  6.8300000E+03  2.9840542E+06
  6.8499985E+03  2.8893380E+06
  6.8699985E+03  2.9291330E+06
  6.8899985E+03  2.9505622E+06
  6.9099990E+03  2.9258535E+06
  6.9299995E+03  2.9039688E+06
  6.9499990E+03  2.8891515E+06
  6.9699985E+03  2.8989615E+06
  6.9899985E+03  2.8712160E+06
  7.0099985E+03  2.8014968E+06
  7.0299985E+03  2.8506790E+06
  7.0499990E+03  2.8667420E+06
  7.0699980E+03  2.8243178E+06
  7.0899990E+03  2.8131268E+06
  7.1099990E+03  2.8266105E+06
  7.1299995E+03  2.7717210E+06
  7.1499990E+03  2.7458460E+06
  7.1699995E+03  2.7782552E+06
  7.1899985E+03  2.6762460E+06
  7.2099985E+03  2.7327305E+06
  7.2299980E+03  2.7750732E+06
  7.2499990E+03  2.7616468E+06
  7.2699995E+03  2.7606568E+06
  7.2899990E+03  2.6869758E+06
  7.3099980E+03  2.7242535E+06
  7.3299980E+03  2.7088465E+06
  7.3499980E+03  2.7051428E+06
  7.3699985E+03  2.7341762E+06
  7.3899995E+03  2.6664860E+06
  7.4099985E+03  2.6173948E+06
  7.4299995E+03  2.6762052E+06
  7.4500000E+03  2.6713580E+06
  7.4700000E+03  2.6873188E+06
  7.4899990E+03  2.6635185E+06
  7.5099985E+03  2.6752012E+06
  7.5299995E+03  2.6879840E+06
  7.5499980E+03  2.6949118E+06
  7.5699985E+03  2.6682658E+06
  7.5899990E+03  2.6500362E+06
  7.6099980E+03  2.6431515E+06
  7.6299995E+03  2.6533850E+06
  7.6499995E+03  2.6574255E+06
  7.6699980E+03  2.5529065E+06
  7.6899990E+03  2.6431665E+06
  7.7099995E+03  2.5861855E+06
  7.7299985E+03  2.5995532E+06
  7.7499990E+03  2.5658308E+06
  7.7700000E+03  2.6282682E+06
  7.7900000E+03  2.6101338E+06
  7.8099995E+03  2.5973390E+06
  7.8299980E+03  2.5640560E+06
  7.8499980E+03  2.5537588E+06
  7.8699995E+03  2.5825205E+06
  7.8900000E+03  2.5493525E+06
  7.9099995E+03  2.4961355E+06
  7.9300000E+03  2.4683435E+06
  7.9499985E+03  2.4378798E+06
  7.9699990E+03  2.5107672E+06
  7.9900000E+03  2.5021075E+06
  8.0099980E+03  2.4733060E+06
  8.0299985E+03  2.4740295E+06
  8.0500000E+03  2.4509372E+06
  8.0699985E+03  2.4544818E+06
  8.0899990E+03  2.4021248E+06
  8.1099995E+03  2.4177850E+06
  8.1299976E+03  2.4381088E+06
  8.1499976E+03  2.4252492E+06
  8.1699980E+03  2.4224202E+06
  8.1899985E+03  2.3324778E+06
  8.2099990E+03  2.3529855E+06
  8.2300000E+03  2.3617528E+06
  8.2500000E+03  2.3804265E+06
  8.2700000E+03  2.4047865E+06
  8.2899980E+03  2.3860722E+06
  8.3099990E+03  2.3233188E+06
  8.3299980E+03  2.3062582E+06
  8.3500000E+03  2.3182942E+06
  8.3699990E+03  2.3312135E+06
  8.3899990E+03  2.2373718E+06
  8.4099971E+03  2.3297050E+06
  8.4300000E+03  2.2587045E+06
  8.4499990E+03  2.3060642E+06
  8.4699980E+03  2.2827938E+06
  8.4899980E+03  2.3069650E+06
  8.5099990E+03  2.2020285E+06
  8.5299990E+03  2.2971325E+06
  8.5499990E+03  2.1624565E+06
  8.5699990E+03  2.3030790E+06
  8.5900000E+03  2.2551465E+06
  8.6099980E+03  2.2507812E+06
  8.6299990E+03  2.2671192E+06
  8.6499990E+03  2.2795068E+06
  8.6699990E+03  2.1045140E+06
  8.6899990E+03  2.1669258E+06
  8.7099971E+03  2.2187130E+06
  8.7299990E+03  2.2220030E+06
  8.7499980E+03  2.2044272E+06
  8.7699980E+03  2.2201000E+06
  8.7899980E+03  2.2024995E+06
  8.8099990E+03  2.1259162E+06
  8.8299980E+03  2.1699788E+06
  8.8499980E+03  2.1930348E+06
  8.8699980E+03  2.1509302E+06
  8.8899990E+03  2.1918392E+06
  8.9099971E+03  2.2028435E+06
  8.9299980E+03  2.1489100E+06
  8.9499980E+03  2.1372472E+06
  8.9699990E+03  2.1469708E+06
  8.9899990E+03  2.1510400E+06
  9.0099980E+03  2.0611241E+06
  9.0299990E+03  2.1250028E+06
  9.0499990E+03  2.1644705E+06
  9.0699980E+03  2.1401895E+06
  9.0899990E+03  2.0680446E+06
  9.1099980E+03  2.0806729E+06
  9.1299980E+03  2.1159038E+06
  9.1499980E+03  2.1017592E+06
  9.1699980E+03  2.0972605E+06
  9.1899990E+03  2.1177162E+06
  9.2099990E+03  2.0662471E+06
  9.2299980E+03  2.0815800E+06
  9.2499980E+03  2.0514538E+06
  9.2699971E+03  2.0605425E+06
  9.2899990E+03  2.0492348E+06
  9.3099980E+03  2.0686919E+06
  9.3299990E+03  2.0534270E+06
  9.3499980E+03  2.0439624E+06
  9.3699990E+03  2.0125895E+06
  9.3900000E+03  2.0348736E+06
  9.4099980E+03  1.9688400E+06
  9.4299971E+03  2.0236221E+06
  9.4499990E+03  1.9721195E+06
  9.4700000E+03  2.0118129E+06
  9.4899980E+03  2.0153068E+06
  9.5100000E+03  1.9980906E+06
  9.5300000E+03  1.9909159E+06
  9.5500000E+03  1.9545791E+06
  9.5699990E+03  1.9513551E+06
  9.5899980E+03  1.9842701E+06
  9.6099980E+03  1.9516660E+06
  9.6299990E+03  1.9474674E+06
  9.6499990E+03  1.9061081E+06
  9.6699980E+03  1.9098755E+06
  9.6899980E+03  1.9355821E+06
  9.7100000E+03  1.9149095E+06
  9.7299990E+03  1.9000025E+06
  9.7499980E+03  1.8925331E+06
  9.7699961E+03  1.8938710E+06
  9.7899980E+03  1.8613375E+06
  9.8099980E+03  1.9038244E+06
  9.8299990E+03  1.8868449E+06
  9.8499980E+03  1.8975958E+06
  9.8700000E+03  1.8767639E+06
  9.8899980E+03  1.8753830E+06
  9.9099990E+03  1.8692782E+06
  9.9300000E+03  1.8723388E+06
  9.9499980E+03  1.8683590E+06
  9.9699980E+03  1.8653429E+06
  9.9899990E+03  1.8542571E+06
  1.0024998E+04  1.8418951E+06
  1.0074998E+04  1.8186481E+06
  1.0124997E+04  1.8131886E+06
  1.0174997E+04  1.7855511E+06
  1.0224998E+04  1.7788328E+06
  1.0274997E+04  1.7756939E+06
  1.0325000E+04  1.7423159E+06
  1.0374999E+04  1.7273130E+06
  1.0425000E+04  1.7315476E+06
  1.0474998E+04  1.7079502E+06
  1.0524997E+04  1.7063171E+06
  1.0574999E+04  1.6814269E+06
  1.0625000E+04  1.6706110E+06
  1.0674997E+04  1.6413122E+06
  1.0724998E+04  1.6396031E+06
  1.0774999E+04  1.6177694E+06
  1.0824997E+04  1.5875565E+06
  1.0874997E+04  1.5865938E+06
  1.0924999E+04  1.5958400E+06
  1.0974996E+04  1.5660700E+06
  1.1025000E+04  1.5712368E+06
  1.1074998E+04  1.5677400E+06
  1.1124999E+04  1.5525836E+06
  1.1174998E+04  1.5331405E+06
  1.1224999E+04  1.5312630E+06
  1.1274997E+04  1.4997834E+06
  1.1325000E+04  1.4980834E+06
  1.1375000E+04  1.4812736E+06
  1.1425000E+04  1.4600824E+06
  1.1474997E+04  1.4771132E+06
  1.1525000E+04  1.4696844E+06
  1.1574998E+04  1.4474269E+06
  1.1625000E+04  1.4230429E+06
  1.1674998E+04  1.4230970E+06
  1.1724997E+04  1.4302506E+06
  1.1775001E+04  1.4015001E+06
  1.1824999E+04  1.3846892E+06
  1.1875000E+04  1.3688319E+06
  1.1925000E+04  1.3916315E+06
  1.1975001E+04  1.3341648E+06
  1.2024998E+04  1.3585782E+06
  1.2074996E+04  1.3397028E+06
  1.2125000E+04  1.3438970E+06
  1.2175000E+04  1.3468091E+06
  1.2225001E+04  1.3349574E+06
  1.2275001E+04  1.3218040E+06
  1.2324996E+04  1.3140286E+06
  1.2374996E+04  1.3077614E+06
  1.2424998E+04  1.2923031E+06
  1.2475000E+04  1.2923736E+06
  1.2524997E+04  1.2764090E+06
  1.2574997E+04  1.2741169E+06
  1.2624999E+04  1.2639262E+06
  1.2674997E+04  1.2488860E+06
  1.2724999E+04  1.2500254E+06
  1.2774999E+04  1.2480619E+06
  1.2825000E+04  1.2038552E+06
  1.2875001E+04  1.2186134E+06
  1.2924997E+04  1.2053026E+06
  1.2975001E+04  1.2141788E+06
  1.3024998E+04  1.1963481E+06
  1.3074999E+04  1.1997765E+06
  1.3125000E+04  1.1704890E+06
  1.3174998E+04  1.1676991E+06
  1.3224998E+04  1.1742228E+06
  1.3274997E+04  1.1521826E+06
  1.3324997E+04  1.1564736E+06
  1.3374999E+04  1.1471060E+06
  1.3424999E+04  1.1525614E+06
  1.3474999E+04  1.1420942E+06
  1.3525001E+04  1.1373722E+06
  1.3574999E+04  1.1158646E+06
  1.3624997E+04  1.1113835E+06
  1.3674997E+04  1.1114502E+06
  1.3724995E+04  1.1119669E+06
  1.3774998E+04  1.1021219E+06
  1.3824998E+04  1.0997226E+06
  1.3874996E+04  1.0879368E+06
  1.3925000E+04  1.0903375E+06
  1.3974996E+04  1.0852891E+06
  1.4024997E+04  1.0656134E+06
  1.4075001E+04  1.0733828E+06
  1.4124996E+04  1.0572251E+06
  1.4175000E+04  1.0658476E+06
  1.4225000E+04  1.0430268E+06
  1.4274994E+04  1.0207773E+06
  1.4325001E+04  1.0424864E+06
  1.4374998E+04  1.0443629E+06
  1.4424999E+04  1.0089819E+06
  1.4475000E+04  1.0301443E+06
  1.4524997E+04  1.0098151E+06
  1.4569999E+04  1.0127618E+06
  1.4620000E+04  1.0142007E+06
  1.4674998E+04  1.0096219E+06
  1.4725000E+04  9.8978025E+05
  1.4775002E+04  9.9001256E+05
  1.4824998E+04  9.8778606E+05
  1.4874996E+04  9.6035069E+05
  1.4924997E+04  9.9054219E+05
  1.4974999E+04  9.7306894E+05
  1.5024999E+04  9.2581781E+05
  1.5075000E+04  9.3785544E+05
  1.5124999E+04  9.6267450E+05
  1.5175000E+04  9.6039825E+05
  1.5225002E+04  9.4873700E+05
  1.5274998E+04  9.5385519E+05
  1.5324995E+04  9.4451356E+05
  1.5374997E+04  9.4555175E+05
  1.5425001E+04  9.4532131E+05
  1.5474996E+04  9.3783856E+05
  1.5524994E+04  9.2121031E+05
  1.5575001E+04  9.1504031E+05
  1.5624998E+04  9.2607531E+05
  1.5674997E+04  8.9854244E+05
  1.5724994E+04  9.0787512E+05
  1.5774996E+04  8.6385769E+05
  1.5825001E+04  8.8626731E+05
  1.5874995E+04  8.5487731E+05
  1.5925002E+04  8.7156175E+05
  1.5975001E+04  8.7947444E+05
  1.6049998E+04  8.7231294E+05
  1.6150001E+04  8.5741238E+05
  1.6249997E+04  8.5279906E+05
  1.6350000E+04  8.3938300E+05
  1.6449996E+04  8.2153812E+05
  1.6549998E+04  8.1531231E+05
  1.6649994E+04  8.0047969E+05
  1.6749998E+04  7.7666269E+05
  1.6849998E+04  7.5921825E+05
  1.6950000E+04  7.6000275E+05
  1.7049996E+04  7.3289331E+05
  1.7150000E+04  7.2170688E+05
  1.7249992E+04  7.0279244E+05
  1.7349994E+04  6.8427669E+05
  1.7449992E+04  6.7796600E+05
  1.7550000E+04  6.6726462E+05
  1.7649998E+04  6.5585525E+05
  1.7749994E+04  6.4033144E+05
  1.7849994E+04  6.3279862E+05
  1.7949998E+04  6.1911425E+05
  1.8050002E+04  6.0508075E+05
  1.8150002E+04  5.9052912E+05
  1.8249994E+04  5.8072769E+05
  1.8349992E+04  5.6997394E+05
  1.8449992E+04  5.5385150E+05
  1.8549998E+04  5.4980075E+05
  1.8650002E+04  5.3250431E+05
  1.8750002E+04  5.1560909E+05
  1.8850000E+04  5.1774450E+05
  1.8950004E+04  4.9462756E+05
  1.9049996E+04  5.0057725E+05
  1.9149998E+04  4.8975372E+05
  1.9249992E+04  4.8160859E+05
  1.9350000E+04  4.6718525E+05
  1.9449992E+04  4.5385956E+05
  1.9550002E+04  4.5487591E+05
  1.9649992E+04  4.4589703E+05
  1.9749992E+04  4.3455500E+05
  1.9849992E+04  4.2876303E+05
  1.9950002E+04  4.2261028E+05
  2.0050002E+04  4.1989531E+05
  2.0149996E+04  4.1416081E+05
  2.0249994E+04  4.0156397E+05
  2.0349994E+04  3.9361525E+05
  2.0449996E+04  3.9228841E+05
  2.0550000E+04  3.8445631E+05
  2.0649992E+04  3.7522919E+05
  2.0749998E+04  3.7049228E+05
  2.0849992E+04  3.6417397E+05
  2.0950004E+04  3.5463675E+05
  2.1050002E+04  3.5283125E+05
  2.1149992E+04  3.4578891E+05
  2.1250000E+04  3.4002228E+05
  2.1350002E+04  3.3590225E+05
  2.1449996E+04  3.3015762E+05
  2.1550006E+04  3.2486944E+05
  2.1649994E+04  3.1522866E+05
  2.1750002E+04  3.1161175E+05
  2.1849998E+04  3.0727475E+05
  2.1950002E+04  3.0345688E+05
  2.2050000E+04  2.9465144E+05
  2.2149996E+04  2.9434672E+05
  2.2249998E+04  2.8700394E+05
  2.2350004E+04  2.8285744E+05
  2.2449990E+04  2.7875141E+05
  2.2549994E+04  2.7506203E+05
  2.2650000E+04  2.6877584E+05
  2.2750000E+04  2.6696409E+05
  2.2850000E+04  2.6045480E+05
  2.2950004E+04  2.3826258E+05
  2.3050000E+04  2.4540358E+05
  2.3149996E+04  2.4279605E+05
  2.3250000E+04  2.2053580E+05
  2.3349996E+04  2.2804819E+05
  2.3449994E+04  2.3009464E+05
  2.3550002E+04  2.0731089E+05
  2.3649988E+04  2.1765869E+05
  2.3750000E+04  2.1717855E+05
  2.3849990E+04  1.9757188E+05
  2.3950002E+04  2.0548144E+05
  2.4050006E+04  2.0645314E+05
  2.4149992E+04  1.9107234E+05
  2.4249990E+04  1.9539364E+05
  2.4349990E+04  1.9602223E+05
  2.4450002E+04  1.8667675E+05
  2.4549990E+04  1.8392159E+05
  2.4649992E+04  1.8841544E+05
  2.4749992E+04  1.8194514E+05
  2.4850006E+04  1.7495019E+05
  2.4950000E+04  1.7844667E+05
  2.5050006E+04  1.7951625E+05
  2.5149994E+04  1.6959241E+05
  2.5249998E+04  1.7251797E+05
  2.5350004E+04  1.7118878E+05
  2.5449988E+04  1.6671130E+05
  2.5549998E+04  1.6484894E+05
  2.5649990E+04  1.6372078E+05
  2.5749990E+04  1.6342888E+05
  2.5849994E+04  1.5648389E+05
  2.5949990E+04  1.5752920E+05
  2.6049996E+04  1.5669397E+05
  2.6149998E+04  1.5415358E+05
  2.6249988E+04  1.5045003E+05
  2.6350008E+04  1.5012938E+05
  2.6449996E+04  1.4819408E+05
  2.6549994E+04  1.4627819E+05
  2.6649994E+04  1.4290158E+05
  2.6749988E+04  1.4427284E+05
  2.6849986E+04  1.4244247E+05
  2.6949986E+04  1.3979495E+05
  2.7050002E+04  1.3875794E+05
  2.7149998E+04  1.3705286E+05
  2.7249994E+04  1.3544511E+05
  2.7350006E+04  1.3344906E+05
  2.7450004E+04  1.3240856E+05
  2.7549996E+04  1.3071950E+05
  2.7649982E+04  1.2855869E+05
  2.7750004E+04  1.2678723E+05
  2.7850000E+04  1.2560640E+05
  2.7949992E+04  1.2455498E+05
  2.8049994E+04  1.2280658E+05
  2.8150002E+04  1.2118913E+05
  2.8250006E+04  1.1968120E+05
  2.8350000E+04  1.1857593E+05
  2.8450000E+04  1.1665934E+05
  2.8550002E+04  1.1532127E+05
  2.8650002E+04  1.1384752E+05
  2.8749982E+04  1.1238252E+05
  2.8849998E+04  1.1112035E+05
  2.8949986E+04  1.0980120E+05
  2.9049994E+04  1.0838579E+05
  2.9149986E+04  1.0715135E+05
  2.9249984E+04  1.0500209E+05
  2.9349980E+04  1.0441902E+05
  2.9450000E+04  1.0286393E+05
  2.9550004E+04  1.0176763E+05
  2.9649982E+04  1.0071823E+05
  2.9749992E+04  9.9501633E+04
  2.9849994E+04  9.8146859E+04
  2.9949984E+04  9.6791242E+04
  3.0049996E+04  9.5647391E+04
  3.0149994E+04  9.4707297E+04
  3.0249994E+04  9.3320516E+04
  3.0349996E+04  9.1925375E+04
  3.0449996E+04  9.1216945E+04
  3.0549996E+04  9.0027383E+04
  3.0649996E+04  8.8803258E+04
  3.0749994E+04  8.7983586E+04
  3.0849996E+04  8.6555133E+04
  3.0949994E+04  8.5674219E+04
  3.1049996E+04  8.4892695E+04
  3.1149996E+04  8.3109984E+04
  3.1249996E+04  8.2779531E+04
  3.1349996E+04  8.1868953E+04
  3.1449996E+04  8.0869242E+04
  3.1549998E+04  7.9615602E+04
  3.1649996E+04  7.8725938E+04
  3.1749998E+04  7.7987867E+04
  3.1849996E+04  7.7068133E+04
  3.1949994E+04  7.6265398E+04
  3.2099996E+04  7.4808438E+04
  3.2299992E+04  7.3061594E+04
  3.2499994E+04  7.1362617E+04
  3.2699996E+04  6.9682000E+04
  3.2899996E+04  6.7967250E+04
  3.3099996E+04  6.6481297E+04
  3.3299992E+04  6.4869766E+04
  3.3499996E+04  6.3647668E+04
  3.3699996E+04  6.2161344E+04
  3.3899996E+04  6.0623609E+04
  3.4099996E+04  5.9227711E+04
  3.4299996E+04  5.8173977E+04
  3.4499992E+04  5.6988707E+04
  3.4699996E+04  5.5692266E+04
  3.4899996E+04  5.4511406E+04
  3.5099996E+04  5.3399645E+04
  3.5299996E+04  5.2125090E+04
  3.5499996E+04  5.1117918E+04
  3.5699992E+04  4.9982199E+04
  3.5899992E+04  4.8906527E+04
  3.6099996E+04  4.7996094E+04
  3.6299992E+04  4.6996938E+04
  3.6499992E+04  4.5883820E+04
  3.6699992E+04  4.4876023E+04
  3.6899992E+04  4.3748977E+04
  3.7099996E+04  4.2802305E+04
  3.7299996E+04  4.2179348E+04
  3.7499992E+04  4.1036789E+04
  3.7699996E+04  4.0496508E+04
  3.7899996E+04  3.9645348E+04
  3.8099992E+04  3.8949938E+04
  3.8299996E+04  3.8261691E+04
  3.8499996E+04  3.7539871E+04
  3.8699996E+04  3.6644746E+04
  3.8899992E+04  3.6009996E+04
  3.9099996E+04  3.5376406E+04
  3.9299992E+04  3.4695289E+04
  3.9499992E+04  3.3873992E+04
  3.9699992E+04  3.3301691E+04
  3.9900000E+04  3.2466988E+04
  4.0099996E+04  3.1996342E+04
  4.0299992E+04  3.1491662E+04
  4.0499996E+04  3.0790938E+04
  4.0699992E+04  3.0277566E+04
  4.0899992E+04  2.9745707E+04
  4.1099996E+04  2.9202658E+04
  4.1299996E+04  2.8708479E+04
  4.1499992E+04  2.8130574E+04
  4.1699992E+04  2.7629568E+04
  4.1899996E+04  2.7059562E+04
  4.2099996E+04  2.6452363E+04
  4.2299992E+04  2.6209135E+04
  4.2499996E+04  2.5641836E+04
  4.2699992E+04  2.5259631E+04
  4.2899992E+04  2.3741182E+04
  4.3099996E+04  2.2351168E+04
  4.3299996E+04  2.2436523E+04
  4.3499992E+04  2.1115770E+04
  4.3699996E+04  2.0437635E+04
  4.3899996E+04  2.0062223E+04
  4.4099992E+04  1.8944457E+04
  4.4299992E+04  1.8698150E+04
  4.4499996E+04  1.8410600E+04
  4.4699996E+04  1.7486756E+04
  4.4899996E+04  1.7614055E+04
  4.5099992E+04  1.7099600E+04
  4.5299992E+04  1.6464461E+04
  4.5499996E+04  1.6525303E+04
  4.5699992E+04  1.6410201E+04
  4.5899996E+04  1.5688674E+04
  4.6099996E+04  1.5837182E+04
  4.6299992E+04  1.5531064E+04
  4.6499988E+04  1.5421102E+04
  4.6699992E+04  1.5355801E+04
  4.6899992E+04  1.5103340E+04
  4.7099992E+04  1.4783278E+04
  4.7299992E+04  1.4905382E+04
  4.7499996E+04  1.4525825E+04
  4.7699992E+04  1.4322148E+04
  4.7899992E+04  1.4190317E+04
  4.8099996E+04  1.3796389E+04
  4.8299992E+04  1.3941075E+04
  4.8499992E+04  1.3654804E+04
  4.8700000E+04  1.3344636E+04
  4.8899992E+04  1.3178988E+04
  4.9099988E+04  1.3023713E+04
  4.9299988E+04  1.2798906E+04
  4.9499996E+04  1.2572375E+04
  4.9699992E+04  1.2480241E+04
  4.9899988E+04  1.2275552E+04
  5.0099996E+04  1.2169030E+04
  5.0299996E+04  1.2008720E+04
  5.0499996E+04  1.1703578E+04
  5.0699996E+04  1.1623591E+04
  5.0899992E+04  1.1497238E+04
  5.1099992E+04  1.1235151E+04
  5.1299996E+04  1.1213997E+04
  5.1499988E+04  1.0982611E+04
  5.1699996E+04  1.0974334E+04
  5.1899992E+04  1.0733974E+04
  5.2099992E+04  1.0637147E+04
  5.2299996E+04  1.0423037E+04
  5.2499996E+04  1.0375349E+04
  5.2699996E+04  1.0325098E+04
  5.2899992E+04  1.0038642E+04
  5.3099988E+04  9.9397822E+03
  5.3299988E+04  9.8539229E+03
  5.3499992E+04  9.7405039E+03
  5.3699992E+04  9.6339863E+03
  5.3899992E+04  9.5289082E+03
  5.4099992E+04  9.4064541E+03
  5.4299984E+04  9.2077314E+03
  5.4499988E+04  9.1830186E+03
  5.4699996E+04  9.0462324E+03
  5.4899992E+04  8.9285703E+03
  5.5099992E+04  8.8304902E+03
  5.5299988E+04  8.8489033E+03
  5.5499988E+04  8.5839277E+03
  5.5699992E+04  8.5971934E+03
  5.5899992E+04  8.4327031E+03
  5.6099988E+04  8.3538926E+03
  5.6299996E+04  8.2053828E+03
  5.6499988E+04  8.1746582E+03
  5.6699988E+04  8.0776001E+03
  5.6899992E+04  7.9183989E+03
  5.7099996E+04  7.8991914E+03
  5.7299988E+04  7.7889561E+03
  5.7499988E+04  7.7041001E+03
  5.7699988E+04  7.5869648E+03
  5.7899996E+04  7.5440776E+03
  5.8099988E+04  7.4093091E+03
  5.8299996E+04  7.3317349E+03
  5.8499992E+04  7.2573628E+03
  5.8699988E+04  7.1351768E+03
  5.8899988E+04  7.0560708E+03
  5.9099992E+04  6.9945879E+03
  5.9299988E+04  6.9119189E+03
  5.9499996E+04  6.8124277E+03
  5.9699988E+04  6.7588281E+03
  5.9899992E+04  6.6755498E+03
  6.0099992E+04  6.5948970E+03
  6.0299992E+04  6.5163066E+03
  6.0499988E+04  6.4179219E+03
  6.0699992E+04  6.3435913E+03
  6.0899992E+04  6.2679653E+03
  6.1099988E+04  6.1779551E+03
  6.1299992E+04  6.1233701E+03
  6.1499988E+04  6.0569146E+03
  6.1699988E+04  5.9920811E+03
  6.1899996E+04  5.9262837E+03
  6.2099996E+04  5.8607217E+03
  6.2299988E+04  5.7735552E+03
  6.2499992E+04  5.6968315E+03
  6.2699988E+04  5.6309355E+03
  6.2899996E+04  5.5757568E+03
  6.3099984E+04  5.5026230E+03
  6.3299996E+04  5.4583135E+03
  6.3499984E+04  5.3829702E+03
  6.3699984E+04  5.3339023E+03
  6.3900000E+04  5.2605205E+03
  6.4199992E+04  5.1718950E+03
  6.4599984E+04  5.0483740E+03
  6.4999992E+04  4.9330190E+03
  6.5399992E+04  4.8218623E+03
  6.5799992E+04  4.7163428E+03
  6.6199984E+04  4.6047612E+03
  6.6599984E+04  4.5020518E+03
  6.6999992E+04  4.4003672E+03
  6.7399992E+04  4.2981191E+03
  6.7799992E+04  4.2033799E+03
  6.8199992E+04  4.1084546E+03
  6.8599992E+04  4.0184939E+03
  6.8999984E+04  3.9284385E+03
  6.9399984E+04  3.8411240E+03
  6.9800000E+04  3.7582522E+03
  7.0199992E+04  3.6716655E+03
  7.0599984E+04  3.5949568E+03
  7.0999977E+04  3.5171233E+03
  7.1399977E+04  3.4413206E+03
  7.1799984E+04  3.3668367E+03
  7.2199984E+04  3.2952334E+03
  7.2600000E+04  3.2244985E+03
  7.2999984E+04  3.1568809E+03
  7.3400000E+04  3.0887917E+03
  7.3799984E+04  3.0253809E+03
  7.4199992E+04  2.9594573E+03
  7.4599992E+04  2.8974780E+03
  7.5000000E+04  2.8388589E+03
  7.5399992E+04  2.7789993E+03
  7.5799992E+04  2.7252898E+03
  7.6199984E+04  2.6697625E+03
  7.6599992E+04  2.6156917E+03
  7.6999992E+04  2.5620264E+03
  7.7399992E+04  2.5114028E+03
  7.7799984E+04  2.4614961E+03
  7.8199984E+04  2.4124761E+03
  7.8599984E+04  2.3648115E+03
  7.8999984E+04  2.3181675E+03
  7.9399984E+04  2.2727593E+03
  7.9800000E+04  2.2286741E+03
  8.0199992E+04  2.1841245E+03
  8.0599984E+04  2.1416233E+03
  8.0999992E+04  2.1016895E+03
  8.1399977E+04  2.0602759E+03
  8.1799984E+04  2.0223276E+03
  8.2199984E+04  1.9841823E+03
  8.2599992E+04  1.9464583E+03
  8.2999984E+04  1.9100791E+03
  8.3400000E+04  1.8735474E+03
  8.3799992E+04  1.8385374E+03
  8.4199992E+04  1.8055410E+03
  8.4599977E+04  1.7720331E+03
  8.4999977E+04  1.7395428E+03
  8.5399984E+04  1.7078918E+03
  8.5799984E+04  1.6770103E+03
  8.6199992E+04  1.6466774E+03
  8.6599992E+04  1.6171841E+03
  8.6999984E+04  1.5882120E+03
  8.7399992E+04  1.5598492E+03
  8.7799992E+04  1.5320830E+03
  8.8199984E+04  1.5043195E+03
  8.8599977E+04  1.4779535E+03
  8.8999992E+04  1.4515709E+03
  8.9399977E+04  1.4271096E+03
  8.9799977E+04  1.4014835E+03
  9.0199984E+04  1.3780604E+03
  9.0599984E+04  1.3544908E+03
  9.0999992E+04  1.3298710E+03
  9.1400000E+04  1.3080643E+03
  9.1799969E+04  1.2858278E+03
  9.2199969E+04  1.2645021E+03
  9.2599984E+04  1.2430564E+03
  9.3000000E+04  1.2222808E+03
  9.3399984E+04  1.2017288E+03
  9.3799984E+04  1.1817816E+03
  9.4199977E+04  1.1621718E+03
  9.4599984E+04  1.1427662E+03
  9.4999969E+04  1.1240217E+03
  9.5399984E+04  1.1056743E+03
  9.5799984E+04  1.0877169E+03
  9.6199992E+04  1.0699379E+03
  9.6599984E+04  1.0527385E+03
  9.7000000E+04  1.0357854E+03
  9.7399977E+04  1.0180035E+03
  9.7799984E+04  1.0024460E+03
  9.8199977E+04  9.8679535E+02
  9.8599977E+04  9.7117108E+02
  9.8999992E+04  9.5588184E+02
  9.9399984E+04  9.4069275E+02
  9.9799977E+04  9.2601855E+02
  1.0019999E+05  9.1158527E+02
  1.9999991E+05  5.9144306E+01
  3.9999994E+05  3.7218878E+00
  5.9999981E+05  7.3233801E-01
  7.9999994E+05  2.3041348E-01
