  9.2499988E+02  1.9914406E-10
  9.3499982E+02  3.0177005E-10
  9.4500000E+02  4.1547887E-10
  9.5500000E+02  6.2902777E-10
  9.6499988E+02  1.1538760E-09
  9.7499982E+02  1.4667082E-09
  9.8499976E+02  2.4063787E-09
  9.9499988E+02  3.7636974E-09
  1.0049999E+03  5.2472773E-09
  1.0149997E+03  7.6606419E-09
  1.0249998E+03  9.3883434E-09
  1.0349998E+03  2.0699444E-08
  1.0449998E+03  2.8911540E-08
  1.0549999E+03  3.2583468E-08
  1.0649999E+03  6.2640211E-08
  1.0750000E+03  8.6142073E-08
  1.0849996E+03  1.3667332E-07
  1.0949999E+03  1.7077373E-07
  1.1049999E+03  2.2359470E-07
  1.1149999E+03  2.9458349E-07
  1.1249999E+03  5.1808706E-07
  1.1349996E+03  8.2665059E-07
  1.1449999E+03  1.1889997E-06
  1.1549999E+03  1.6136244E-06
  1.1650000E+03  2.0625280E-06
  1.1749995E+03  2.9816679E-06
  1.1849996E+03  3.7809480E-06
  1.1949998E+03  4.6520981E-06
  1.2049996E+03  4.9267660E-06
  1.2149998E+03  1.2810038E-06
  1.2249996E+03  7.6660899E-06
  1.2349996E+03  1.5081184E-05
  1.2449998E+03  2.0328436E-05
  1.2549996E+03  2.5622236E-05
  1.2650000E+03  3.2994816E-05
  1.2749998E+03  4.1325064E-05
  1.2849995E+03  4.6401925E-05
  1.2949998E+03  5.5936289E-05
  1.3049995E+03  7.0242146E-05
  1.3149998E+03  8.8874796E-05
  1.3249998E+03  9.9121717E-05
  1.3349996E+03  1.1020909E-04
  1.3449995E+03  1.4224036E-04
  1.3549996E+03  1.8514667E-04
  1.3649999E+03  2.0367010E-04
  1.3749999E+03  2.2909357E-04
  1.3849996E+03  2.5551219E-04
  1.3949999E+03  2.9379380E-04
  1.4050001E+03  3.9642342E-04
  1.4149998E+03  4.8397807E-04
  1.4249998E+03  5.8043574E-04
  1.4350000E+03  7.4238848E-04
  1.4419998E+03  1.0215128E-03
  1.4469999E+03  8.9504756E-04
  1.4549994E+03  1.0967134E-03
  1.4650000E+03  1.5202023E-03
  1.4749995E+03  1.7944669E-03
  1.4849996E+03  1.9709421E-03
  1.4949998E+03  2.8071785E-03
  1.5049996E+03  3.6794702E-03
  1.5119995E+03  2.5074421E-03
  1.5169994E+03  3.5607549E-03
  1.5250001E+03  1.1722399E-02
  1.5349994E+03  2.0921411E-02
  1.5449994E+03  1.5114630E-02
  1.5549998E+03  2.7992947E-02
  1.5649999E+03  2.6035108E-02
  1.5750001E+03  7.9734869E-02
  1.5850000E+03  8.4215984E-02
  1.5949996E+03  8.7887257E-02
  1.6049999E+03  8.5555308E-02
  1.6150000E+03  8.7701306E-02
  1.6249996E+03  8.8612638E-02
  1.6350000E+03  1.2452564E-01
  1.6449996E+03  1.7513895E-01
  1.6549999E+03  1.2408973E-01
  1.6649993E+03  2.1903664E-01
  1.6720000E+03  1.5176675E-01
  1.6770001E+03  3.9427748E-01
  1.6849998E+03  5.1322669E-01
  1.6950000E+03  7.1267879E-01
  1.7049995E+03  7.5527436E-01
  1.7150000E+03  7.8311181E-01
  1.7249993E+03  1.1401037E+00
  1.7349994E+03  1.3366147E+00
  1.7449993E+03  1.9855971E+00
  1.7550001E+03  2.0595384E+00
  1.7649998E+03  2.6019917E+00
  1.7749995E+03  2.1401377E+00
  1.7849995E+03  4.4034238E+00
  1.7949999E+03  3.7566612E+00
  1.8050001E+03  6.2642646E+00
  1.8150001E+03  4.2715216E+00
  1.8249994E+03  7.2786365E+00
  1.8349993E+03  6.4998097E+00
  1.8449993E+03  7.3155890E+00
  1.8549998E+03  6.4102197E+00
  1.8650002E+03  1.0896170E+01
  1.8750001E+03  1.0193665E+01
  1.8850000E+03  1.2638258E+01
  1.8950002E+03  1.6797071E+01
  1.9049996E+03  1.6274469E+01
  1.9149999E+03  2.3524084E+01
  1.9249993E+03  1.9112051E+01
  1.9350001E+03  1.2148505E+01
  1.9449993E+03  2.6408003E+01
  1.9550002E+03  3.6302937E+01
  1.9670002E+03  4.0744446E+01
  1.9759990E+03  4.5732006E+01
  1.9839996E+03  5.5580799E+01
  1.9950001E+03  4.9771034E+01
  2.0050002E+03  5.5003593E+01
  2.0149996E+03  6.2419182E+01
  2.0249994E+03  5.1239853E+01
  2.0349995E+03  7.0611115E+01
  2.0449998E+03  7.5428146E+01
  2.0550000E+03  8.8343056E+01
  2.0649993E+03  8.3077499E+01
  2.0739993E+03  7.9247124E+01
  2.0780002E+03  1.5807120E+02
  2.0849993E+03  2.0265588E+02
  2.0950005E+03  2.1152368E+02
  2.1050002E+03  1.9775180E+02
  2.1149990E+03  2.0509164E+02
  2.1250000E+03  2.0746231E+02
  2.1350002E+03  2.7317987E+02
  2.1449998E+03  2.2625153E+02
  2.1550005E+03  2.4926373E+02
  2.1649995E+03  2.3626073E+02
  2.1750002E+03  2.5898758E+02
  2.1849998E+03  2.3540369E+02
  2.1950000E+03  3.7539395E+02
  2.2050000E+03  3.1914438E+02
  2.2149998E+03  3.5553802E+02
  2.2249998E+03  3.4585059E+02
  2.2350005E+03  5.5852747E+02
  2.2449990E+03  6.2811005E+02
  2.2549993E+03  6.8060590E+02
  2.2650000E+03  3.8386899E+02
  2.2750000E+03  6.3244196E+02
  2.2850000E+03  7.2406677E+02
  2.2950002E+03  9.6353619E+02
  2.3050000E+03  4.6911658E+02
  2.3149995E+03  1.1615745E+03
  2.3250000E+03  1.0012064E+03
  2.3349995E+03  1.4491053E+03
  2.3449993E+03  9.1699432E+02
  2.3550000E+03  8.5705359E+02
  2.3649988E+03  1.0421887E+03
  2.3750000E+03  1.0663568E+03
  2.3849990E+03  1.4728975E+03
  2.3950000E+03  1.4468297E+03
  2.4050005E+03  2.2265830E+03
  2.4149993E+03  1.5205690E+03
  2.4249990E+03  2.0265842E+03
  2.4349990E+03  2.6240078E+03
  2.4450000E+03  3.4643157E+03
  2.4549990E+03  3.8631416E+03
  2.4649990E+03  2.6014470E+03
  2.4749993E+03  3.5372407E+03
  2.4850005E+03  1.2867627E+03
  2.4950000E+03  1.6910251E+03
  2.5050005E+03  3.3376299E+03
  2.5129988E+03  2.0259540E+03
  2.5179990E+03  1.6773282E+03
  2.5249998E+03  1.9163934E+03
  2.5350007E+03  4.8219639E+03
  2.5449988E+03  5.2937319E+03
  2.5550000E+03  8.0742207E+03
  2.5649990E+03  5.2646948E+03
  2.5749990E+03  8.0714458E+03
  2.5849993E+03  6.9593516E+03
  2.5949990E+03  8.2054141E+03
  2.6049995E+03  1.0102807E+04
  2.6149998E+03  9.1128066E+03
  2.6249990E+03  1.2862442E+04
  2.6350007E+03  2.5122482E+04
  2.6449995E+03  2.2483822E+04
  2.6549998E+03  5.2020938E+04
  2.6649995E+03  2.8066314E+04
  2.6749988E+03  2.5402928E+04
  2.6849988E+03  3.8435113E+04
  2.6949988E+03  1.7384762E+04
  2.7050000E+03  3.3513008E+04
  2.7150000E+03  2.1601561E+04
  2.7249995E+03  1.5155827E+04
  2.7350007E+03  1.9164447E+04
  2.7450002E+03  2.1295465E+04
  2.7549998E+03  2.5005762E+04
  2.7649983E+03  3.5051199E+04
  2.7750005E+03  4.2204352E+04
  2.7850000E+03  2.6287973E+04
  2.7949993E+03  1.8881449E+04
  2.8049995E+03  2.1430338E+04
  2.8150002E+03  3.4053809E+04
  2.8250007E+03  3.5336000E+04
  2.8350000E+03  2.8616752E+04
  2.8450002E+03  1.9144715E+04
  2.8550005E+03  8.8675928E+03
  2.8650000E+03  2.6520211E+04
  2.8749983E+03  3.5644543E+04
  2.8850000E+03  4.9101152E+04
  2.8949988E+03  7.6218484E+04
  2.9099988E+03  2.1701950E+05
  2.9299983E+03  2.1269780E+05
  2.9499990E+03  2.2129967E+05
  2.9700005E+03  2.1439978E+05
  2.9899980E+03  2.6703112E+05
  3.0099995E+03  2.7588538E+05
  3.0299995E+03  3.5145181E+05
  3.0499995E+03  3.6570553E+05
  3.0699995E+03  3.5367722E+05
  3.0899995E+03  2.2189064E+05
  3.1099995E+03  3.7608262E+05
  3.1299998E+03  2.9580600E+05
  3.1499995E+03  3.4768794E+05
  3.1699995E+03  4.3402156E+05
  3.1899995E+03  3.4674209E+05
  3.2099998E+03  3.6843000E+05
  3.2299993E+03  3.3598294E+05
  3.2499993E+03  5.7274144E+05
  3.2699995E+03  6.9847606E+05
  3.2899995E+03  7.0532394E+05
  3.3099998E+03  5.7138706E+05
  3.3299993E+03  5.9321825E+05
  3.3499995E+03  5.5309019E+05
  3.3699995E+03  3.0924762E+05
  3.3899993E+03  3.9790700E+05
  3.4099993E+03  4.3164544E+05
  3.4299995E+03  5.4635569E+05
  3.4499993E+03  6.6022075E+05
  3.4699998E+03  7.3629538E+05
  3.4899993E+03  8.7523238E+05
  3.5099995E+03  9.4763500E+05
  3.5299995E+03  8.1487594E+05
  3.5499995E+03  9.0547475E+05
  3.5699995E+03  6.6570988E+05
  3.5899995E+03  7.0932150E+05
  3.6099995E+03  9.5463181E+05
  3.6299993E+03  9.2558644E+05
  3.6399993E+03  8.8670019E+05
  3.6499995E+03  9.0905156E+05
  3.6699993E+03  1.0637498E+06
  3.6899995E+03  8.0116075E+05
  3.7099995E+03  7.3487606E+05
  3.7299998E+03  3.2125300E+05
  3.7499993E+03  3.9675859E+05
  3.7699993E+03  7.7944788E+05
  3.7899995E+03  8.3636575E+05
  3.8099993E+03  6.8652894E+05
  3.8299998E+03  2.8384225E+05
  3.8499995E+03  4.7281941E+05
  3.8699995E+03  4.4085391E+05
  3.8899995E+03  6.3054831E+05
  3.9099995E+03  9.3386706E+05
  3.9299993E+03  3.7646728E+05
  3.9499993E+03  8.1638994E+05
  3.9699998E+03  5.4910006E+05
  3.9899995E+03  1.4780056E+06
  4.0099995E+03  1.6484548E+06
  4.0299993E+03  1.5315999E+06
  4.0499993E+03  1.4406469E+06
  4.0699993E+03  1.2749872E+06
  4.0899995E+03  1.8945094E+06
  4.1099995E+03  1.6669428E+06
  4.1299995E+03  1.6020472E+06
  4.1499990E+03  1.4886894E+06
  4.1699990E+03  1.5995600E+06
  4.1899995E+03  1.5213226E+06
  4.2099995E+03  1.5161699E+06
  4.2299995E+03  1.2748106E+06
  4.2499995E+03  1.5189670E+06
  4.2699990E+03  1.3848890E+06
  4.2899995E+03  1.3230416E+06
  4.3100000E+03  1.1918052E+06
  4.3299995E+03  1.8871516E+06
  4.3499995E+03  1.9798570E+06
  4.3699995E+03  2.1210950E+06
  4.3899995E+03  1.7479330E+06
  4.4099995E+03  1.8541921E+06
  4.4299995E+03  2.1083722E+06
  4.4499995E+03  2.1368342E+06
  4.4699995E+03  2.3675798E+06
  4.4899995E+03  2.4496872E+06
  4.5099990E+03  2.9177228E+06
  4.5299995E+03  2.4288305E+06
  4.5499990E+03  2.6513718E+06
  4.5699995E+03  2.8659632E+06
  4.5899990E+03  2.7072872E+06
  4.6099990E+03  2.7726595E+06
  4.6299990E+03  2.7426065E+06
  4.6499990E+03  2.7371850E+06
  4.6699990E+03  2.9336920E+06
  4.6899990E+03  2.8318230E+06
  4.7099995E+03  2.7438012E+06
  4.7299990E+03  2.8191548E+06
  4.7499995E+03  2.8500640E+06
  4.7699995E+03  2.8017090E+06
  4.7899990E+03  2.8563555E+06
  4.8099995E+03  2.9446800E+06
  4.8299995E+03  3.0028640E+06
  4.8499990E+03  2.9033560E+06
  4.8700000E+03  2.6045945E+06
  4.8899990E+03  2.8046905E+06
  4.9099990E+03  2.8328318E+06
  4.9299990E+03  2.6804662E+06
  4.9499995E+03  2.8155235E+06
  4.9699995E+03  2.8012972E+06
  4.9899990E+03  2.5416525E+06
  5.0099995E+03  2.3300322E+06
  5.0299995E+03  2.5222348E+06
  5.0499995E+03  2.4058328E+06
  5.0699995E+03  2.4871370E+06
  5.0899995E+03  2.3353055E+06
  5.1099990E+03  2.3570260E+06
  5.1299995E+03  2.2643868E+06
  5.1499985E+03  2.1155865E+06
  5.1700000E+03  1.7847986E+06
  5.1899990E+03  1.9236592E+06
  5.2099990E+03  2.2917018E+06
  5.2299995E+03  2.7210052E+06
  5.2499995E+03  2.9725868E+06
  5.2699995E+03  2.4012362E+06
  5.2899990E+03  2.9687285E+06
  5.3099995E+03  3.2284612E+06
  5.3299990E+03  2.6945220E+06
  5.3499995E+03  3.0541408E+06
  5.3699995E+03  2.9718605E+06
  5.3899995E+03  2.9165200E+06
  5.4099990E+03  2.8366875E+06
  5.4299990E+03  2.8716658E+06
  5.4499990E+03  2.9816490E+06
  5.4699995E+03  3.0330380E+06
  5.4899995E+03  3.0967255E+06
  5.5099995E+03  3.0173292E+06
  5.5299985E+03  3.1368462E+06
  5.5499990E+03  3.1893742E+06
  5.5699990E+03  3.0710678E+06
  5.5899995E+03  2.9579865E+06
  5.6099990E+03  3.1415075E+06
  5.6299995E+03  3.1594000E+06
  5.6499990E+03  3.2075280E+06
  5.6699990E+03  3.1168558E+06
  5.6899995E+03  3.1745735E+06
  5.7099995E+03  3.0482658E+06
  5.7299990E+03  3.3192732E+06
  5.7499990E+03  3.2246650E+06
  5.7699990E+03  3.2617562E+06
  5.7899995E+03  3.1099152E+06
  5.8099985E+03  3.2550562E+06
  5.8300000E+03  3.3461492E+06
  5.8499990E+03  3.2342525E+06
  5.8699985E+03  3.2555472E+06
  5.8899985E+03  2.8581770E+06
  5.9099995E+03  3.2216582E+06
  5.9299985E+03  3.2220342E+06
  5.9499995E+03  3.2305238E+06
  5.9699990E+03  3.2708572E+06
  5.9899990E+03  3.2292072E+06
  6.0099990E+03  3.1679082E+06
  6.0299995E+03  3.2292972E+06
  6.0499990E+03  3.2805450E+06
  6.0699990E+03  3.2465902E+06
  6.0899995E+03  3.1391628E+06
  6.1099985E+03  3.1459942E+06
  6.1299995E+03  2.9523550E+06
  6.1499985E+03  3.0954428E+06
  6.1699985E+03  2.8730325E+06
  6.1900000E+03  3.1468078E+06
  6.2099995E+03  3.1319448E+06
  6.2299985E+03  3.0386828E+06
  6.2499990E+03  2.9507910E+06
  6.2699985E+03  3.0723868E+06
  6.2900000E+03  3.1138195E+06
  6.3099985E+03  3.0139718E+06
  6.3299995E+03  3.0482652E+06
  6.3499985E+03  3.0701105E+06
  6.3699985E+03  3.0605180E+06
  6.3899995E+03  3.1004378E+06
  6.4099990E+03  3.0193222E+06
  6.4299985E+03  3.0510495E+06
  6.4499985E+03  3.0059870E+06
  6.4699990E+03  2.9781615E+06
  6.4899990E+03  2.9329120E+06
  6.5099985E+03  3.0426600E+06
  6.5299990E+03  3.0698152E+06
  6.5499985E+03  3.0006938E+06
  6.5699985E+03  2.8703880E+06
  6.5899995E+03  3.0014178E+06
  6.6099985E+03  3.0475205E+06
  6.6299990E+03  3.0244478E+06
  6.6499985E+03  3.0205102E+06
  6.6699995E+03  2.9676190E+06
  6.6899990E+03  3.0366020E+06
  6.7099995E+03  2.9366940E+06
  6.7299990E+03  3.0222390E+06
  6.7499995E+03  2.9731838E+06
  6.7699985E+03  2.9945228E+06
  6.7899995E+03  2.9609728E+06
  6.8099995E+03  2.9557920E+06
  6.8300000E+03  2.9857502E+06
  6.8499985E+03  2.8976882E+06
  6.8699985E+03  2.9327252E+06
  6.8899985E+03  2.9484198E+06
  6.9099990E+03  2.9281415E+06
  6.9299995E+03  2.9079695E+06
  6.9499990E+03  2.8957810E+06
  6.9699985E+03  2.9081120E+06
  6.9899985E+03  2.8749938E+06
  7.0099985E+03  2.8191298E+06
  7.0299985E+03  2.8606652E+06
  7.0499990E+03  2.8730328E+06
  7.0699980E+03  2.8327592E+06
  7.0899990E+03  2.8201715E+06
  7.1099990E+03  2.8371928E+06
  7.1299995E+03  2.7836520E+06
  7.1499990E+03  2.7465830E+06
  7.1699995E+03  2.7877818E+06
  7.1899985E+03  2.6906750E+06
  7.2099985E+03  2.7323682E+06
  7.2299980E+03  2.7832895E+06
  7.2499990E+03  2.7660900E+06
  7.2699995E+03  2.7699942E+06
  7.2899990E+03  2.7046982E+06
  7.3099980E+03  2.7351815E+06
  7.3299980E+03  2.7114408E+06
  7.3499980E+03  2.7114888E+06
  7.3699985E+03  2.7393780E+06
  7.3899995E+03  2.6773852E+06
  7.4099985E+03  2.6243242E+06
  7.4299995E+03  2.6842580E+06
  7.4500000E+03  2.6744800E+06
  7.4700000E+03  2.6925175E+06
  7.4899990E+03  2.6690922E+06
  7.5099985E+03  2.6775398E+06
  7.5299995E+03  2.6904425E+06
  7.5499980E+03  2.6964322E+06
  7.5699985E+03  2.6712238E+06
  7.5899990E+03  2.6521948E+06
  7.6099980E+03  2.6456888E+06
  7.6299995E+03  2.6548088E+06
  7.6499995E+03  2.6551720E+06
  7.6699980E+03  2.5446455E+06
  7.6899990E+03  2.6413190E+06
  7.7099995E+03  2.5790872E+06
  7.7299985E+03  2.6019490E+06
  7.7499990E+03  2.5653918E+06
  7.7700000E+03  2.6265835E+06
  7.7900000E+03  2.6072160E+06
  7.8099995E+03  2.5957950E+06
  7.8299980E+03  2.5589560E+06
  7.8499980E+03  2.5522912E+06
  7.8699995E+03  2.5845280E+06
  7.8900000E+03  2.5588538E+06
  7.9099995E+03  2.5126935E+06
  7.9300000E+03  2.4820625E+06
  7.9499985E+03  2.4534372E+06
  7.9699990E+03  2.5216205E+06
  7.9900000E+03  2.5121985E+06
  8.0099980E+03  2.4809978E+06
  8.0299985E+03  2.4808070E+06
  8.0500000E+03  2.4575650E+06
  8.0699985E+03  2.4661090E+06
  8.0899990E+03  2.4191630E+06
  8.1099995E+03  2.4372025E+06
  8.1299976E+03  2.4537258E+06
  8.1499976E+03  2.4413008E+06
  8.1699980E+03  2.4353450E+06
  8.1899985E+03  2.3280405E+06
  8.2099990E+03  2.3671260E+06
  8.2300000E+03  2.3704295E+06
  8.2500000E+03  2.3888952E+06
  8.2700000E+03  2.4127738E+06
  8.2899980E+03  2.3946238E+06
  8.3099990E+03  2.3408308E+06
  8.3299980E+03  2.3114705E+06
  8.3500000E+03  2.3317488E+06
  8.3699990E+03  2.3403012E+06
  8.3899990E+03  2.2396730E+06
  8.4099971E+03  2.3362565E+06
  8.4300000E+03  2.2633700E+06
  8.4499990E+03  2.3124482E+06
  8.4699980E+03  2.2861550E+06
  8.4899980E+03  2.3086375E+06
  8.5099990E+03  2.2060340E+06
  8.5299990E+03  2.3008085E+06
  8.5499990E+03  2.1697232E+06
  8.5699990E+03  2.3067720E+06
  8.5900000E+03  2.2608648E+06
  8.6099980E+03  2.2532205E+06
  8.6299990E+03  2.2680802E+06
  8.6499990E+03  2.2812690E+06
  8.6699990E+03  2.1065188E+06
  8.6899990E+03  2.1658782E+06
  8.7099971E+03  2.2223382E+06
  8.7299990E+03  2.2239805E+06
  8.7499980E+03  2.2074290E+06
  8.7699980E+03  2.2171120E+06
  8.7899980E+03  2.2043522E+06
  8.8099990E+03  2.1166458E+06
  8.8299980E+03  2.1652438E+06
  8.8499980E+03  2.1896195E+06
  8.8699980E+03  2.1526062E+06
  8.8899990E+03  2.1934122E+06
  8.9099971E+03  2.1995695E+06
  8.9299980E+03  2.1507998E+06
  8.9499980E+03  2.1366360E+06
  8.9699990E+03  2.1465960E+06
  8.9899990E+03  2.1509932E+06
  9.0099980E+03  2.0581079E+06
  9.0299990E+03  2.1222768E+06
  9.0499990E+03  2.1589962E+06
  9.0699980E+03  2.1378080E+06
  9.0899990E+03  2.0661298E+06
  9.1099980E+03  2.0791750E+06
  9.1299980E+03  2.1102992E+06
  9.1499980E+03  2.1001842E+06
  9.1699980E+03  2.0950651E+06
  9.1899990E+03  2.1120955E+06
  9.2099990E+03  2.0655364E+06
  9.2299980E+03  2.0802976E+06
  9.2499980E+03  2.0489002E+06
  9.2699971E+03  2.0567722E+06
  9.2899990E+03  2.0450004E+06
  9.3099980E+03  2.0647368E+06
  9.3299990E+03  2.0506571E+06
  9.3499980E+03  2.0392221E+06
  9.3699990E+03  2.0103581E+06
  9.3900000E+03  2.0317546E+06
  9.4099980E+03  1.9685422E+06
  9.4299971E+03  2.0193855E+06
  9.4499990E+03  1.9694192E+06
  9.4700000E+03  2.0068561E+06
  9.4899980E+03  2.0100361E+06
  9.5100000E+03  1.9940500E+06
  9.5300000E+03  1.9861039E+06
  9.5500000E+03  1.9513575E+06
  9.5699990E+03  1.9489691E+06
  9.5899980E+03  1.9786990E+06
  9.6099980E+03  1.9473011E+06
  9.6299990E+03  1.9449892E+06
  9.6499990E+03  1.9001612E+06
  9.6699980E+03  1.9047186E+06
  9.6899980E+03  1.9300451E+06
  9.7100000E+03  1.9100348E+06
  9.7299990E+03  1.8944314E+06
  9.7499980E+03  1.8876189E+06
  9.7699961E+03  1.8905556E+06
  9.7899980E+03  1.8574855E+06
  9.8099980E+03  1.8989310E+06
  9.8299990E+03  1.8823224E+06
  9.8499980E+03  1.8932081E+06
  9.8700000E+03  1.8733605E+06
  9.8899980E+03  1.8712231E+06
  9.9099990E+03  1.8659024E+06
  9.9300000E+03  1.8680595E+06
  9.9499980E+03  1.8634121E+06
  9.9699980E+03  1.8597714E+06
  9.9899990E+03  1.8499539E+06
  1.0024998E+04  1.8373592E+06
  1.0074998E+04  1.8157902E+06
  1.0124997E+04  1.8094404E+06
  1.0174997E+04  1.7839138E+06
  1.0224998E+04  1.7750134E+06
  1.0274997E+04  1.7709480E+06
  1.0325000E+04  1.7388174E+06
  1.0374999E+04  1.7245482E+06
  1.0425000E+04  1.7283584E+06
  1.0474998E+04  1.7047570E+06
  1.0524997E+04  1.7027464E+06
  1.0574999E+04  1.6776539E+06
  1.0625000E+04  1.6674741E+06
  1.0674997E+04  1.6399566E+06
  1.0724998E+04  1.6378672E+06
  1.0774999E+04  1.6157901E+06
  1.0824997E+04  1.5854025E+06
  1.0874997E+04  1.5854790E+06
  1.0924999E+04  1.5935044E+06
  1.0974996E+04  1.5656949E+06
  1.1025000E+04  1.5696869E+06
  1.1074998E+04  1.5662349E+06
  1.1124999E+04  1.5510311E+06
  1.1174998E+04  1.5320545E+06
  1.1224999E+04  1.5298875E+06
  1.1274997E+04  1.4962569E+06
  1.1325000E+04  1.4970551E+06
  1.1375000E+04  1.4786241E+06
  1.1425000E+04  1.4563591E+06
  1.1474997E+04  1.4747958E+06
  1.1525000E+04  1.4681528E+06
  1.1574998E+04  1.4464708E+06
  1.1625000E+04  1.4202551E+06
  1.1674998E+04  1.4213280E+06
  1.1724997E+04  1.4283598E+06
  1.1775001E+04  1.3985114E+06
  1.1824999E+04  1.3806480E+06
  1.1875000E+04  1.3665344E+06
  1.1925000E+04  1.3898301E+06
  1.1975001E+04  1.3314588E+06
  1.2024998E+04  1.3559989E+06
  1.2074996E+04  1.3375324E+06
  1.2125000E+04  1.3428208E+06
  1.2175000E+04  1.3448014E+06
  1.2225001E+04  1.3334702E+06
  1.2275001E+04  1.3197288E+06
  1.2324996E+04  1.3126150E+06
  1.2374996E+04  1.3063838E+06
  1.2424998E+04  1.2906192E+06
  1.2475000E+04  1.2907758E+06
  1.2524997E+04  1.2751841E+06
  1.2574997E+04  1.2731640E+06
  1.2624999E+04  1.2627682E+06
  1.2674997E+04  1.2480651E+06
  1.2724999E+04  1.2492344E+06
  1.2774999E+04  1.2463999E+06
  1.2825000E+04  1.2033056E+06
  1.2875001E+04  1.2180451E+06
  1.2924997E+04  1.2041525E+06
  1.2975001E+04  1.2128361E+06
  1.3024998E+04  1.1967256E+06
  1.3074999E+04  1.1990714E+06
  1.3125000E+04  1.1664650E+06
  1.3174998E+04  1.1655721E+06
  1.3224998E+04  1.1741581E+06
  1.3274997E+04  1.1527599E+06
  1.3324997E+04  1.1555825E+06
  1.3374999E+04  1.1480325E+06
  1.3424999E+04  1.1521432E+06
  1.3474999E+04  1.1425299E+06
  1.3525001E+04  1.1373105E+06
  1.3574999E+04  1.1170298E+06
  1.3624997E+04  1.1115052E+06
  1.3674997E+04  1.1125785E+06
  1.3724995E+04  1.1126069E+06
  1.3774998E+04  1.1028564E+06
  1.3824998E+04  1.1001366E+06
  1.3874996E+04  1.0879760E+06
  1.3925000E+04  1.0905122E+06
  1.3974996E+04  1.0853662E+06
  1.4024997E+04  1.0664176E+06
  1.4075001E+04  1.0738391E+06
  1.4124996E+04  1.0584335E+06
  1.4175000E+04  1.0659039E+06
  1.4225000E+04  1.0441998E+06
  1.4274994E+04  1.0207773E+06
  1.4325001E+04  1.0429451E+06
  1.4374998E+04  1.0443446E+06
  1.4424999E+04  1.0109553E+06
  1.4475000E+04  1.0309894E+06
  1.4524997E+04  1.0109401E+06
  1.4569999E+04  1.0125843E+06
  1.4620000E+04  1.0152229E+06
  1.4674998E+04  1.0103391E+06
  1.4725000E+04  9.9127438E+05
  1.4775002E+04  9.9134138E+05
  1.4824998E+04  9.8895169E+05
  1.4874996E+04  9.6064012E+05
  1.4924997E+04  9.9096506E+05
  1.4974999E+04  9.7448012E+05
  1.5024999E+04  9.1732362E+05
  1.5075000E+04  9.3710950E+05
  1.5124999E+04  9.6440369E+05
  1.5175000E+04  9.6146169E+05
  1.5225002E+04  9.5019975E+05
  1.5274998E+04  9.5454944E+05
  1.5324995E+04  9.4605344E+05
  1.5374997E+04  9.4711350E+05
  1.5425001E+04  9.4698375E+05
  1.5474996E+04  9.3985231E+05
  1.5524994E+04  9.2378931E+05
  1.5575001E+04  9.1859688E+05
  1.5624998E+04  9.2635306E+05
  1.5674997E+04  9.0202294E+05
  1.5724994E+04  9.0912438E+05
  1.5774996E+04  8.6456912E+05
  1.5825001E+04  8.8835825E+05
  1.5874995E+04  8.6006450E+05
  1.5925002E+04  8.7572131E+05
  1.5975001E+04  8.8127544E+05
  1.6049998E+04  8.7493081E+05
  1.6150001E+04  8.6043125E+05
  1.6249997E+04  8.5433981E+05
  1.6350000E+04  8.4129962E+05
  1.6449996E+04  8.2514394E+05
  1.6549998E+04  8.1718294E+05
  1.6649994E+04  8.0167556E+05
  1.6749998E+04  7.7697150E+05
  1.6849998E+04  7.6292025E+05
  1.6950000E+04  7.6071088E+05
  1.7049996E+04  7.3472056E+05
  1.7150000E+04  7.2187331E+05
  1.7249992E+04  7.0508400E+05
  1.7349994E+04  6.8819394E+05
  1.7449992E+04  6.8004450E+05
  1.7550000E+04  6.6934394E+05
  1.7649998E+04  6.5799575E+05
  1.7749994E+04  6.4249575E+05
  1.7849994E+04  6.3479681E+05
  1.7949998E+04  6.2137094E+05
  1.8050002E+04  6.0757838E+05
  1.8150002E+04  5.9382275E+05
  1.8249994E+04  5.8348762E+05
  1.8349992E+04  5.7254725E+05
  1.8449992E+04  5.5649656E+05
  1.8549998E+04  5.5241744E+05
  1.8650002E+04  5.3552625E+05
  1.8750002E+04  5.1750581E+05
  1.8850000E+04  5.1990738E+05
  1.8950004E+04  4.9777491E+05
  1.9049996E+04  5.0266391E+05
  1.9149998E+04  4.9175700E+05
  1.9249992E+04  4.8375378E+05
  1.9350000E+04  4.6898628E+05
  1.9449992E+04  4.5576166E+05
  1.9550002E+04  4.5631500E+05
  1.9649992E+04  4.4805331E+05
  1.9749992E+04  4.3572369E+05
  1.9849992E+04  4.2992950E+05
  1.9950002E+04  4.2412481E+05
  2.0050002E+04  4.2153531E+05
  2.0149996E+04  4.1559903E+05
  2.0249994E+04  4.0342897E+05
  2.0349994E+04  3.9572575E+05
  2.0449996E+04  3.9362162E+05
  2.0550000E+04  3.8593712E+05
  2.0649992E+04  3.7678409E+05
  2.0749998E+04  3.7192722E+05
  2.0849992E+04  3.6568188E+05
  2.0950004E+04  3.5613884E+05
  2.1050002E+04  3.5398750E+05
  2.1149992E+04  3.4697638E+05
  2.1250000E+04  3.4137381E+05
  2.1350002E+04  3.3700972E+05
  2.1449996E+04  3.3124662E+05
  2.1550006E+04  3.2594028E+05
  2.1649994E+04  3.1653875E+05
  2.1750002E+04  3.1285406E+05
  2.1849998E+04  3.0853728E+05
  2.1950002E+04  3.0449684E+05
  2.2050000E+04  2.9541078E+05
  2.2149996E+04  2.9530656E+05
  2.2249998E+04  2.8795519E+05
  2.2350004E+04  2.8389069E+05
  2.2449990E+04  2.7976050E+05
  2.2549994E+04  2.7610666E+05
  2.2650000E+04  2.6966438E+05
  2.2750000E+04  2.6785212E+05
  2.2850000E+04  2.6141448E+05
  2.2950004E+04  2.4213931E+05
  2.3050000E+04  2.4758042E+05
  2.3149996E+04  2.4486977E+05
  2.3250000E+04  2.2479403E+05
  2.3349996E+04  2.3059097E+05
  2.3449994E+04  2.3228694E+05
  2.3550002E+04  2.1194359E+05
  2.3649988E+04  2.2064252E+05
  2.3750000E+04  2.1980334E+05
  2.3849990E+04  2.0222784E+05
  2.3950002E+04  2.0882448E+05
  2.4050006E+04  2.0907802E+05
  2.4149992E+04  1.9539375E+05
  2.4249990E+04  1.9869928E+05
  2.4349990E+04  1.9867812E+05
  2.4450002E+04  1.9033191E+05
  2.4549990E+04  1.8736577E+05
  2.4649992E+04  1.9088309E+05
  2.4749992E+04  1.8488488E+05
  2.4850006E+04  1.7835438E+05
  2.4950000E+04  1.8117002E+05
  2.5050006E+04  1.8150345E+05
  2.5149994E+04  1.7298734E+05
  2.5249998E+04  1.7494064E+05
  2.5350004E+04  1.7326995E+05
  2.5449988E+04  1.6907278E+05
  2.5549998E+04  1.6715734E+05
  2.5649990E+04  1.6564477E+05
  2.5749990E+04  1.6505384E+05
  2.5849994E+04  1.5881797E+05
  2.5949990E+04  1.5933062E+05
  2.6049996E+04  1.5825397E+05
  2.6149998E+04  1.5586142E+05
  2.6249988E+04  1.5178406E+05
  2.6350008E+04  1.5145330E+05
  2.6449996E+04  1.4934108E+05
  2.6549994E+04  1.4756088E+05
  2.6649994E+04  1.4410038E+05
  2.6749988E+04  1.4525211E+05
  2.6849986E+04  1.4334130E+05
  2.6949986E+04  1.4084272E+05
  2.7050002E+04  1.3956114E+05
  2.7149998E+04  1.3778372E+05
  2.7249994E+04  1.3606914E+05
  2.7350006E+04  1.3418438E+05
  2.7450004E+04  1.3293853E+05
  2.7549996E+04  1.3123572E+05
  2.7649982E+04  1.2904652E+05
  2.7750004E+04  1.2729603E+05
  2.7850000E+04  1.2601927E+05
  2.7949992E+04  1.2482504E+05
  2.8049994E+04  1.2307472E+05
  2.8150002E+04  1.2145062E+05
  2.8250006E+04  1.1992195E+05
  2.8350000E+04  1.1870250E+05
  2.8450000E+04  1.1684086E+05
  2.8550002E+04  1.1546454E+05
  2.8650002E+04  1.1398523E+05
  2.8749982E+04  1.1258307E+05
  2.8849998E+04  1.1119730E+05
  2.8949986E+04  1.0984614E+05
  2.9049994E+04  1.0842152E+05
  2.9149986E+04  1.0716466E+05
  2.9249984E+04  1.0498447E+05
  2.9349980E+04  1.0438841E+05
  2.9450000E+04  1.0289434E+05
  2.9550004E+04  1.0177627E+05
  2.9649982E+04  1.0067538E+05
  2.9749992E+04  9.9459062E+04
  2.9849994E+04  9.8100359E+04
  2.9949984E+04  9.6757641E+04
  3.0049996E+04  9.5609844E+04
  3.0149994E+04  9.4632688E+04
  3.0249994E+04  9.3254641E+04
  3.0349996E+04  9.1966273E+04
  3.0449996E+04  9.1160062E+04
  3.0549996E+04  8.9966836E+04
  3.0649996E+04  8.8755141E+04
  3.0749994E+04  8.7895938E+04
  3.0849996E+04  8.6503664E+04
  3.0949994E+04  8.5619156E+04
  3.1049996E+04  8.4783289E+04
  3.1149996E+04  8.3075047E+04
  3.1249996E+04  8.2694664E+04
  3.1349996E+04  8.1761625E+04
  3.1449996E+04  8.0777828E+04
  3.1549998E+04  7.9558836E+04
  3.1649996E+04  7.8654477E+04
  3.1749998E+04  7.7905656E+04
  3.1849996E+04  7.6990141E+04
  3.1949994E+04  7.6162070E+04
  3.2099996E+04  7.4724344E+04
  3.2299992E+04  7.2971312E+04
  3.2499994E+04  7.1280586E+04
  3.2699996E+04  6.9608016E+04
  3.2899996E+04  6.7935930E+04
  3.3099996E+04  6.6422844E+04
  3.3299992E+04  6.4801824E+04
  3.3499996E+04  6.3573816E+04
  3.3699996E+04  6.2098316E+04
  3.3899996E+04  6.0571152E+04
  3.4099996E+04  5.9185598E+04
  3.4299996E+04  5.8109930E+04
  3.4499992E+04  5.6912742E+04
  3.4699996E+04  5.5629684E+04
  3.4899996E+04  5.4443359E+04
  3.5099996E+04  5.3332375E+04
  3.5299996E+04  5.2076715E+04
  3.5499996E+04  5.1058133E+04
  3.5699992E+04  4.9926035E+04
  3.5899992E+04  4.8859762E+04
  3.6099996E+04  4.7932504E+04
  3.6299992E+04  4.6931184E+04
  3.6499992E+04  4.5841406E+04
  3.6699992E+04  4.4834070E+04
  3.6899992E+04  4.3748977E+04
  3.7099996E+04  4.2810512E+04
  3.7299996E+04  4.2160398E+04
  3.7499992E+04  4.1071613E+04
  3.7699996E+04  4.0475301E+04
  3.7899996E+04  3.9634859E+04
  3.8099992E+04  3.8918789E+04
  3.8299996E+04  3.8220602E+04
  3.8499996E+04  3.7491582E+04
  3.8699996E+04  3.6601988E+04
  3.8899992E+04  3.5977629E+04
  3.9099996E+04  3.5336977E+04
  3.9299992E+04  3.4656262E+04
  3.9499992E+04  3.3852258E+04
  3.9699992E+04  3.3275398E+04
  3.9900000E+04  3.2462256E+04
  4.0099996E+04  3.1977598E+04
  4.0299992E+04  3.1461508E+04
  4.0499996E+04  3.0761076E+04
  4.0699992E+04  3.0252549E+04
  4.0899992E+04  2.9718682E+04
  4.1099996E+04  2.9173666E+04
  4.1299996E+04  2.8673141E+04
  4.1499992E+04  2.8106514E+04
  4.1699992E+04  2.7601404E+04
  4.1899996E+04  2.7023084E+04
  4.2099996E+04  2.6437484E+04
  4.2299992E+04  2.6173342E+04
  4.2499996E+04  2.5620977E+04
  4.2699992E+04  2.5232768E+04
  4.2899992E+04  2.3845580E+04
  4.3099996E+04  2.2618873E+04
  4.3299996E+04  2.2623396E+04
  4.3499992E+04  2.1392508E+04
  4.3699996E+04  2.0741438E+04
  4.3899996E+04  2.0386721E+04
  4.4099992E+04  1.9311930E+04
  4.4299992E+04  1.9067496E+04
  4.4499996E+04  1.8768451E+04
  4.4699996E+04  1.7880252E+04
  4.4899996E+04  1.7981812E+04
  4.5099992E+04  1.7463551E+04
  4.5299992E+04  1.6848705E+04
  4.5499996E+04  1.6877242E+04
  4.5699992E+04  1.6761232E+04
  4.5899996E+04  1.6051494E+04
  4.6099996E+04  1.6165480E+04
  4.6299992E+04  1.5865853E+04
  4.6499988E+04  1.5760507E+04
  4.6699992E+04  1.5657583E+04
  4.6899992E+04  1.5407692E+04
  4.7099992E+04  1.5095241E+04
  4.7299992E+04  1.5179856E+04
  4.7499996E+04  1.4799661E+04
  4.7699992E+04  1.4594850E+04
  4.7899992E+04  1.4444330E+04
  4.8099996E+04  1.4057573E+04
  4.8299992E+04  1.4163442E+04
  4.8499992E+04  1.3890718E+04
  4.8700000E+04  1.3574328E+04
  4.8899992E+04  1.3403811E+04
  4.9099988E+04  1.3247176E+04
  4.9299988E+04  1.3015445E+04
  4.9499996E+04  1.2789319E+04
  4.9699992E+04  1.2677293E+04
  4.9899988E+04  1.2475720E+04
  5.0099996E+04  1.2357396E+04
  5.0299996E+04  1.2196932E+04
  5.0499996E+04  1.1892224E+04
  5.0699996E+04  1.1802102E+04
  5.0899992E+04  1.1679875E+04
  5.1099992E+04  1.1417659E+04
  5.1299996E+04  1.1382344E+04
  5.1499988E+04  1.1150081E+04
  5.1699996E+04  1.1131066E+04
  5.1899992E+04  1.0886563E+04
  5.2099992E+04  1.0782460E+04
  5.2299996E+04  1.0577708E+04
  5.2499996E+04  1.0520096E+04
  5.2699996E+04  1.0447724E+04
  5.2899992E+04  1.0173400E+04
  5.3099988E+04  1.0074864E+04
  5.3299988E+04  9.9755273E+03
  5.3499992E+04  9.8600156E+03
  5.3699992E+04  9.7471230E+03
  5.3899992E+04  9.6391328E+03
  5.4099992E+04  9.5114883E+03
  5.4299984E+04  9.3121201E+03
  5.4499988E+04  9.2801738E+03
  5.4699996E+04  9.1478408E+03
  5.4899992E+04  9.0219414E+03
  5.5099992E+04  8.9231836E+03
  5.5299988E+04  8.9167832E+03
  5.5499988E+04  8.6718662E+03
  5.5699992E+04  8.6659219E+03
  5.5899992E+04  8.5062461E+03
  5.6099988E+04  8.4179346E+03
  5.6299996E+04  8.2796680E+03
  5.6499988E+04  8.2348457E+03
  5.6699988E+04  8.1350190E+03
  5.6899992E+04  7.9813506E+03
  5.7099996E+04  7.9478369E+03
  5.7299988E+04  7.8364590E+03
  5.7499988E+04  7.7479697E+03
  5.7699988E+04  7.6346030E+03
  5.7899996E+04  7.5803765E+03
  5.8099988E+04  7.4520532E+03
  5.8299996E+04  7.3701973E+03
  5.8499992E+04  7.2930293E+03
  5.8699988E+04  7.1739902E+03
  5.8899988E+04  7.0902778E+03
  5.9099992E+04  7.0264067E+03
  5.9299988E+04  6.9402017E+03
  5.9499996E+04  6.8443516E+03
  5.9699988E+04  6.7847251E+03
  5.9899992E+04  6.7000137E+03
  6.0099992E+04  6.6176343E+03
  6.0299992E+04  6.5381675E+03
  6.0499988E+04  6.4427261E+03
  6.0699992E+04  6.3665977E+03
  6.0899992E+04  6.2902114E+03
  6.1099988E+04  6.2018716E+03
  6.1299992E+04  6.1434219E+03
  6.1499988E+04  6.0748438E+03
  6.1699988E+04  6.0067271E+03
  6.1899996E+04  5.9389673E+03
  6.2099996E+04  5.8721514E+03
  6.2299988E+04  5.7874355E+03
  6.2499992E+04  5.7125518E+03
  6.2699988E+04  5.6441602E+03
  6.2899996E+04  5.5881353E+03
  6.3099984E+04  5.5153013E+03
  6.3299996E+04  5.4668696E+03
  6.3499984E+04  5.3932471E+03
  6.3699984E+04  5.3398442E+03
  6.3900000E+04  5.2684551E+03
  6.4199992E+04  5.1790249E+03
  6.4599984E+04  5.0553257E+03
  6.4999992E+04  4.9387256E+03
  6.5399992E+04  4.8272354E+03
  6.5799992E+04  4.7190396E+03
  6.6199984E+04  4.6082856E+03
  6.6599984E+04  4.5042598E+03
  6.6999992E+04  4.4016260E+03
  6.7399992E+04  4.2997778E+03
  6.7799992E+04  4.2041997E+03
  6.8199992E+04  4.1088599E+03
  6.8599992E+04  4.0184138E+03
  6.8999984E+04  3.9286755E+03
  6.9399984E+04  3.8411240E+03
  6.9800000E+04  3.7575562E+03
  7.0199992E+04  3.6715120E+03
  7.0599984E+04  3.5938987E+03
  7.0999977E+04  3.5160771E+03
  7.1399977E+04  3.4401379E+03
  7.1799984E+04  3.3656670E+03
  7.2199984E+04  3.2942217E+03
  7.2600000E+04  3.2234263E+03
  7.2999984E+04  3.1557500E+03
  7.3400000E+04  3.0879526E+03
  7.3799984E+04  3.0239973E+03
  7.4199992E+04  2.9582942E+03
  7.4599992E+04  2.8964626E+03
  7.5000000E+04  2.8378545E+03
  7.5399992E+04  2.7778728E+03
  7.5799992E+04  2.7241750E+03
  7.6199984E+04  2.6685300E+03
  7.6599992E+04  2.6144719E+03
  7.6999992E+04  2.5609458E+03
  7.7399992E+04  2.5103337E+03
  7.7799984E+04  2.4603135E+03
  7.8199984E+04  2.4113054E+03
  7.8599984E+04  2.3636531E+03
  7.8999984E+04  2.3170808E+03
  7.9399984E+04  2.2716836E+03
  7.9800000E+04  2.2276091E+03
  8.0199992E+04  2.1831289E+03
  8.0599984E+04  2.1408113E+03
  8.0999992E+04  2.1007134E+03
  8.1399977E+04  2.0595935E+03
  8.1799984E+04  2.0214829E+03
  8.2199984E+04  1.9832903E+03
  8.2599992E+04  1.9457406E+03
  8.2999984E+04  1.9092590E+03
  8.3400000E+04  1.8728433E+03
  8.3799992E+04  1.8377865E+03
  8.4199992E+04  1.8046908E+03
  8.4599977E+04  1.7712960E+03
  8.4999977E+04  1.7389171E+03
  8.5399984E+04  1.7072203E+03
  8.5799984E+04  1.6763450E+03
  8.6199992E+04  1.6460183E+03
  8.6599992E+04  1.6165310E+03
  8.6999984E+04  1.5875153E+03
  8.7399992E+04  1.5592080E+03
  8.7799992E+04  1.5314476E+03
  8.8199984E+04  1.5038351E+03
  8.8599977E+04  1.4774736E+03
  8.8999992E+04  1.4511429E+03
  8.9399977E+04  1.4265912E+03
  8.9799977E+04  1.4010164E+03
  9.0199984E+04  1.3775511E+03
  9.0599984E+04  1.3539401E+03
  9.0999992E+04  1.3294615E+03
  9.1400000E+04  1.3076135E+03
  9.1799969E+04  1.2852913E+03
  9.2199969E+04  1.2639260E+03
  9.2599984E+04  1.2425292E+03
  9.3000000E+04  1.2217144E+03
  9.3399984E+04  1.2012106E+03
  9.3799984E+04  1.1812250E+03
  9.4199977E+04  1.1616624E+03
  9.4599984E+04  1.1422612E+03
  9.4999969E+04  1.1235209E+03
  9.5399984E+04  1.1051361E+03
  9.5799984E+04  1.0871422E+03
  9.6199992E+04  1.0694087E+03
  9.6599984E+04  1.0521732E+03
  9.7000000E+04  1.0351849E+03
  9.7399977E+04  1.0175270E+03
  9.7799984E+04  1.0019340E+03
  9.8199977E+04  9.8624841E+02
  9.8599977E+04  9.7062872E+02
  9.8999992E+04  9.5530524E+02
  9.9399984E+04  9.4015887E+02
  9.9799977E+04  9.2545117E+02
  1.0019999E+05  9.1098499E+02
  1.9999991E+05  5.9140545E+01
  3.9999994E+05  3.7247128E+00
  5.9999981E+05  7.3321706E-01
  7.9999994E+05  2.3077257E-01
