  9.2499988E+02  1.9378997E-11
  9.3499982E+02  2.8402416E-11
  9.4500000E+02  4.4215322E-11
  9.5500000E+02  7.1891243E-11
  9.6499988E+02  1.2735438E-10
  9.7499982E+02  1.8133521E-10
  9.8499976E+02  2.9690567E-10
  9.9499988E+02  4.7333987E-10
  1.0049999E+03  7.1245554E-10
  1.0149997E+03  1.0834017E-09
  1.0249998E+03  1.3119010E-09
  1.0349998E+03  2.7384262E-09
  1.0449998E+03  4.1215462E-09
  1.0549999E+03  4.9928706E-09
  1.0649999E+03  8.6797503E-09
  1.0750000E+03  1.2412752E-08
  1.0849996E+03  1.8683615E-08
  1.0949999E+03  2.3767310E-08
  1.1049999E+03  3.1325904E-08
  1.1149999E+03  4.3808882E-08
  1.1249999E+03  7.1463568E-08
  1.1349996E+03  1.1316693E-07
  1.1449999E+03  1.5942317E-07
  1.1549999E+03  2.2023221E-07
  1.1650000E+03  2.9023340E-07
  1.1749995E+03  4.2084986E-07
  1.1849996E+03  5.4389523E-07
  1.1949998E+03  6.8794810E-07
  1.2049996E+03  7.6780128E-07
  1.2149998E+03  2.2883052E-07
  1.2249996E+03  1.2172202E-06
  1.2349996E+03  2.1781602E-06
  1.2449998E+03  2.9153816E-06
  1.2549996E+03  3.6526997E-06
  1.2650000E+03  4.7200365E-06
  1.2749998E+03  5.9491686E-06
  1.2849995E+03  6.7314504E-06
  1.2949998E+03  8.3001360E-06
  1.3049995E+03  1.0161695E-05
  1.3149998E+03  1.3256492E-05
  1.3249998E+03  1.4794869E-05
  1.3349996E+03  1.6723196E-05
  1.3449995E+03  2.1460381E-05
  1.3549996E+03  2.8166376E-05
  1.3649999E+03  3.0957937E-05
  1.3749999E+03  3.5309542E-05
  1.3849996E+03  3.9471823E-05
  1.3949999E+03  4.5881086E-05
  1.4050001E+03  6.2473133E-05
  1.4149998E+03  7.5998600E-05
  1.4249998E+03  9.1970665E-05
  1.4350000E+03  1.1786851E-04
  1.4419998E+03  1.6036529E-04
  1.4469999E+03  1.4262284E-04
  1.4549994E+03  1.7519227E-04
  1.4650000E+03  2.4307790E-04
  1.4749995E+03  2.8670256E-04
  1.4849996E+03  3.1825155E-04
  1.4949998E+03  4.5381085E-04
  1.5049996E+03  5.9684523E-04
  1.5119995E+03  4.1123299E-04
  1.5169994E+03  5.8696553E-04
  1.5250001E+03  1.9196067E-03
  1.5349994E+03  3.3797228E-03
  1.5449994E+03  2.5132126E-03
  1.5549998E+03  4.6452363E-03
  1.5649999E+03  4.4525480E-03
  1.5750001E+03  1.5677558E-02
  1.5850000E+03  1.7035445E-02
  1.5949996E+03  1.7873919E-02
  1.6049999E+03  1.7375473E-02
  1.6150000E+03  1.8108491E-02
  1.6249996E+03  1.9270193E-02
  1.6350000E+03  2.7784012E-02
  1.6449996E+03  4.0102363E-02
  1.6549999E+03  2.7769886E-02
  1.6649993E+03  5.0665978E-02
  1.6720000E+03  3.3797819E-02
  1.6770001E+03  1.2069851E-01
  1.6849998E+03  1.5994298E-01
  1.6950000E+03  2.2656235E-01
  1.7049995E+03  2.4414231E-01
  1.7150000E+03  2.5997841E-01
  1.7249993E+03  4.0833110E-01
  1.7349994E+03  5.0766331E-01
  1.7449993E+03  7.7851391E-01
  1.7550001E+03  8.0826908E-01
  1.7649998E+03  1.0737509E+00
  1.7749995E+03  8.1306815E-01
  1.7849995E+03  1.9100184E+00
  1.7949999E+03  1.6091125E+00
  1.8050001E+03  2.8760066E+00
  1.8150001E+03  1.7802676E+00
  1.8249994E+03  3.4370177E+00
  1.8349993E+03  2.9299772E+00
  1.8449993E+03  3.1251812E+00
  1.8549998E+03  2.6425867E+00
  1.8650002E+03  5.0383410E+00
  1.8750001E+03  4.6467614E+00
  1.8850000E+03  5.9466605E+00
  1.8950002E+03  8.3163919E+00
  1.9049996E+03  7.8470831E+00
  1.9149999E+03  1.1755364E+01
  1.9249993E+03  8.9394255E+00
  1.9350001E+03  5.1671896E+00
  1.9449993E+03  1.3210972E+01
  1.9550002E+03  1.8603899E+01
  1.9670002E+03  2.1344463E+01
  1.9759990E+03  2.4049875E+01
  1.9839996E+03  3.0258242E+01
  1.9950001E+03  2.6529215E+01
  2.0050002E+03  2.9369055E+01
  2.0149996E+03  3.2995728E+01
  2.0249994E+03  2.5400812E+01
  2.0349995E+03  3.7368336E+01
  2.0449998E+03  3.9608986E+01
  2.0550000E+03  4.7261292E+01
  2.0649993E+03  4.3308788E+01
  2.0739993E+03  4.0405231E+01
  2.0780002E+03  1.0819301E+02
  2.0849993E+03  1.4501791E+02
  2.0950005E+03  1.4828889E+02
  2.1050002E+03  1.3708035E+02
  2.1149990E+03  1.4094156E+02
  2.1250000E+03  1.3682317E+02
  2.1350002E+03  1.9306815E+02
  2.1449998E+03  1.5752942E+02
  2.1550005E+03  1.7313879E+02
  2.1649995E+03  1.6029079E+02
  2.1750002E+03  1.8353149E+02
  2.1849998E+03  1.5864812E+02
  2.1950000E+03  2.6984985E+02
  2.2050000E+03  2.2636407E+02
  2.2149998E+03  2.4840515E+02
  2.2249998E+03  2.4583485E+02
  2.2350005E+03  4.3088907E+02
  2.2449990E+03  4.8431671E+02
  2.2549993E+03  5.2480127E+02
  2.2650000E+03  2.7387213E+02
  2.2750000E+03  4.7264642E+02
  2.2850000E+03  5.6682129E+02
  2.2950002E+03  7.3994373E+02
  2.3050000E+03  3.3280411E+02
  2.3149995E+03  8.5684045E+02
  2.3250000E+03  7.3205292E+02
  2.3349995E+03  1.1159189E+03
  2.3449993E+03  6.6387366E+02
  2.3550000E+03  6.2159991E+02
  2.3649988E+03  7.3390344E+02
  2.3750000E+03  7.9238745E+02
  2.3849990E+03  1.0147156E+03
  2.3950000E+03  1.0315452E+03
  2.4050005E+03  1.5938779E+03
  2.4149993E+03  1.0662069E+03
  2.4249990E+03  1.5647505E+03
  2.4349990E+03  2.0930811E+03
  2.4450000E+03  2.8107390E+03
  2.4549990E+03  3.1199915E+03
  2.4649990E+03  1.9028792E+03
  2.4749993E+03  2.4812041E+03
  2.4850005E+03  6.5539978E+02
  2.4950000E+03  1.1071973E+03
  2.5050005E+03  2.4217673E+03
  2.5129988E+03  1.2434554E+03
  2.5179990E+03  9.1902783E+02
  2.5249998E+03  1.0648534E+03
  2.5350007E+03  3.7612751E+03
  2.5449988E+03  4.0326660E+03
  2.5550000E+03  8.1688657E+03
  2.5649990E+03  4.5649077E+03
  2.5749990E+03  7.6970210E+03
  2.5849993E+03  6.3070532E+03
  2.5949990E+03  7.1586885E+03
  2.6049995E+03  8.7104648E+03
  2.6149998E+03  7.6737974E+03
  2.6249990E+03  1.1413602E+04
  2.6350007E+03  2.5852268E+04
  2.6449995E+03  2.6814408E+04
  2.6549998E+03  6.4395527E+04
  2.6649995E+03  3.1437283E+04
  2.6749988E+03  2.8733479E+04
  2.6849988E+03  4.4049617E+04
  2.6949988E+03  1.9197100E+04
  2.7050000E+03  4.0980711E+04
  2.7150000E+03  2.4497887E+04
  2.7249995E+03  1.3196979E+04
  2.7350007E+03  1.9273736E+04
  2.7450002E+03  1.8413105E+04
  2.7549998E+03  2.4138139E+04
  2.7649983E+03  3.5171926E+04
  2.7750005E+03  4.2987605E+04
  2.7850000E+03  2.3803045E+04
  2.7949993E+03  1.2244271E+04
  2.8049995E+03  1.5045337E+04
  2.8150002E+03  3.3624504E+04
  2.8250007E+03  4.0251551E+04
  2.8350000E+03  2.8618627E+04
  2.8450002E+03  1.5849356E+04
  2.8550005E+03  5.7334771E+03
  2.8650000E+03  2.3891689E+04
  2.8749983E+03  4.0209211E+04
  2.8850000E+03  6.1552973E+04
  2.8949988E+03  1.0698727E+05
  2.9099988E+03  2.2251827E+05
  2.9299983E+03  2.2501144E+05
  2.9499990E+03  2.3305731E+05
  2.9700005E+03  2.3387516E+05
  2.9899980E+03  2.8671459E+05
  3.0099995E+03  2.8060072E+05
  3.0299995E+03  3.4716781E+05
  3.0499995E+03  3.6107659E+05
  3.0699995E+03  3.6335447E+05
  3.0899995E+03  2.7423734E+05
  3.1099995E+03  4.0243656E+05
  3.1299998E+03  3.0941497E+05
  3.1499995E+03  3.5098353E+05
  3.1699995E+03  4.3908272E+05
  3.1899995E+03  3.4406547E+05
  3.2099998E+03  3.7387766E+05
  3.2299993E+03  3.2855872E+05
  3.2499993E+03  5.5433725E+05
  3.2699995E+03  6.5094794E+05
  3.2899995E+03  6.5388206E+05
  3.3099998E+03  5.4370656E+05
  3.3299993E+03  5.8122550E+05
  3.3499995E+03  5.3919244E+05
  3.3699995E+03  3.1984944E+05
  3.3899993E+03  3.9895603E+05
  3.4099993E+03  4.4023103E+05
  3.4299995E+03  5.1840069E+05
  3.4499993E+03  6.2986681E+05
  3.4699998E+03  6.7315662E+05
  3.4899993E+03  7.9404062E+05
  3.5099995E+03  8.3929462E+05
  3.5299995E+03  7.0896900E+05
  3.5499995E+03  7.5221069E+05
  3.5699995E+03  5.1353750E+05
  3.5899995E+03  6.0028950E+05
  3.6099995E+03  8.6201031E+05
  3.6299993E+03  8.7349462E+05
  3.6399993E+03  8.4933862E+05
  3.6499995E+03  8.9672238E+05
  3.6699993E+03  1.0037808E+06
  3.6899995E+03  8.3156806E+05
  3.7099995E+03  8.4641162E+05
  3.7299998E+03  3.8234091E+05
  3.7499993E+03  4.7369922E+05
  3.7699993E+03  7.7091288E+05
  3.7899995E+03  7.8711069E+05
  3.8099993E+03  6.6091350E+05
  3.8299998E+03  2.8119697E+05
  3.8499995E+03  4.0539000E+05
  3.8699995E+03  4.1630328E+05
  3.8899995E+03  7.0307112E+05
  3.9099995E+03  9.7743462E+05
  3.9299993E+03  3.9066347E+05
  3.9499993E+03  8.3855575E+05
  3.9699998E+03  5.5170550E+05
  3.9899995E+03  1.4359074E+06
  4.0099995E+03  1.5811680E+06
  4.0299993E+03  1.5258471E+06
  4.0499993E+03  1.4312989E+06
  4.0699993E+03  1.3139002E+06
  4.0899995E+03  1.7978042E+06
  4.1099995E+03  1.6875499E+06
  4.1299995E+03  1.5459908E+06
  4.1499990E+03  1.4390999E+06
  4.1699990E+03  1.5042332E+06
  4.1899995E+03  1.4685769E+06
  4.2099995E+03  1.5378929E+06
  4.2299995E+03  1.4929814E+06
  4.2499995E+03  1.5980991E+06
  4.2699990E+03  1.4734888E+06
  4.2899995E+03  1.3597035E+06
  4.3100000E+03  1.1665152E+06
  4.3299995E+03  1.8721419E+06
  4.3499995E+03  1.8907034E+06
  4.3699995E+03  2.0457362E+06
  4.3899995E+03  1.7491451E+06
  4.4099995E+03  1.8867551E+06
  4.4299995E+03  2.1054928E+06
  4.4499995E+03  2.1296050E+06
  4.4699995E+03  2.3245910E+06
  4.4899995E+03  2.4059595E+06
  4.5099990E+03  2.8267812E+06
  4.5299995E+03  2.4165302E+06
  4.5499990E+03  2.5620220E+06
  4.5699995E+03  2.7838878E+06
  4.5899990E+03  2.6386215E+06
  4.6099990E+03  2.7122108E+06
  4.6299990E+03  2.6415555E+06
  4.6499990E+03  2.6882258E+06
  4.6699990E+03  2.8411018E+06
  4.6899990E+03  2.7545790E+06
  4.7099995E+03  2.7066105E+06
  4.7299990E+03  2.7984428E+06
  4.7499995E+03  2.8837925E+06
  4.7699995E+03  2.8955902E+06
  4.7899990E+03  2.9054500E+06
  4.8099995E+03  2.9005520E+06
  4.8299995E+03  3.0033485E+06
  4.8499990E+03  2.8516250E+06
  4.8700000E+03  2.6065010E+06
  4.8899990E+03  2.8417145E+06
  4.9099990E+03  2.8454895E+06
  4.9299990E+03  2.7579675E+06
  4.9499995E+03  2.9492885E+06
  4.9699995E+03  2.9028742E+06
  4.9899990E+03  2.6731305E+06
  5.0099995E+03  2.5017378E+06
  5.0299995E+03  2.6712850E+06
  5.0499995E+03  2.6376115E+06
  5.0699995E+03  2.7836292E+06
  5.0899995E+03  2.5817778E+06
  5.1099990E+03  2.6374970E+06
  5.1299995E+03  2.5422460E+06
  5.1499985E+03  2.4120302E+06
  5.1700000E+03  2.1082695E+06
  5.1899990E+03  2.2498168E+06
  5.2099990E+03  2.5398582E+06
  5.2299995E+03  2.7729298E+06
  5.2499995E+03  2.9421062E+06
  5.2699995E+03  2.4960540E+06
  5.2899990E+03  2.9707478E+06
  5.3099995E+03  3.2106910E+06
  5.3299990E+03  2.7352335E+06
  5.3499995E+03  3.0773062E+06
  5.3699995E+03  3.0397948E+06
  5.3899995E+03  2.9537370E+06
  5.4099990E+03  2.8947392E+06
  5.4299990E+03  2.9436012E+06
  5.4499990E+03  3.0949128E+06
  5.4699995E+03  3.0395855E+06
  5.4899995E+03  3.0738518E+06
  5.5099995E+03  3.0189422E+06
  5.5299985E+03  3.1172585E+06
  5.5499990E+03  3.1739638E+06
  5.5699990E+03  3.0839395E+06
  5.5899995E+03  2.9924672E+06
  5.6099990E+03  3.1606600E+06
  5.6299995E+03  3.1276655E+06
  5.6499990E+03  3.1607938E+06
  5.6699990E+03  3.0754898E+06
  5.6899995E+03  3.1609592E+06
  5.7099995E+03  3.0389060E+06
  5.7299990E+03  3.3244365E+06
  5.7499990E+03  3.1944690E+06
  5.7699990E+03  3.2448960E+06
  5.7899995E+03  3.0876648E+06
  5.8099985E+03  3.2442305E+06
  5.8300000E+03  3.3460385E+06
  5.8499990E+03  3.2354635E+06
  5.8699985E+03  3.2588272E+06
  5.8899985E+03  2.9161662E+06
  5.9099995E+03  3.2139998E+06
  5.9299985E+03  3.2193558E+06
  5.9499995E+03  3.2224365E+06
  5.9699990E+03  3.2770940E+06
  5.9899990E+03  3.2218575E+06
  6.0099990E+03  3.1572692E+06
  6.0299995E+03  3.2336490E+06
  6.0499990E+03  3.2864120E+06
  6.0699990E+03  3.2570198E+06
  6.0899995E+03  3.1237228E+06
  6.1099985E+03  3.1421592E+06
  6.1299995E+03  2.9597738E+06
  6.1499985E+03  3.0802030E+06
  6.1699985E+03  2.9240962E+06
  6.1900000E+03  3.1481840E+06
  6.2099995E+03  3.1329215E+06
  6.2299985E+03  3.0314030E+06
  6.2499990E+03  2.9361315E+06
  6.2699985E+03  3.0682658E+06
  6.2900000E+03  3.1078202E+06
  6.3099985E+03  3.0120792E+06
  6.3299995E+03  3.0502398E+06
  6.3499985E+03  3.0632902E+06
  6.3699985E+03  3.0482622E+06
  6.3899995E+03  3.0978545E+06
  6.4099990E+03  3.0223480E+06
  6.4299985E+03  3.0577922E+06
  6.4499985E+03  3.0292598E+06
  6.4699990E+03  3.0058805E+06
  6.4899990E+03  2.9482070E+06
  6.5099985E+03  3.0507492E+06
  6.5299990E+03  3.0602738E+06
  6.5499985E+03  3.0035918E+06
  6.5699985E+03  2.8762355E+06
  6.5899995E+03  3.0074038E+06
  6.6099985E+03  3.0458825E+06
  6.6299990E+03  3.0168200E+06
  6.6499985E+03  3.0153988E+06
  6.6699995E+03  2.9591510E+06
  6.6899990E+03  3.0454405E+06
  6.7099995E+03  2.9326778E+06
  6.7299990E+03  3.0253168E+06
  6.7499995E+03  2.9754160E+06
  6.7699985E+03  2.9937008E+06
  6.7899995E+03  2.9621170E+06
  6.8099995E+03  2.9557105E+06
  6.8300000E+03  2.9886578E+06
  6.8499985E+03  2.8880532E+06
  6.8699985E+03  2.9322462E+06
  6.8899985E+03  2.9596885E+06
  6.9099990E+03  2.9302718E+06
  6.9299995E+03  2.9056162E+06
  6.9499990E+03  2.8854078E+06
  6.9699985E+03  2.8943085E+06
  6.9899985E+03  2.8712930E+06
  7.0099985E+03  2.7879272E+06
  7.0299985E+03  2.8450382E+06
  7.0499990E+03  2.8657562E+06
  7.0699980E+03  2.8212278E+06
  7.0899990E+03  2.8099790E+06
  7.1099990E+03  2.8184128E+06
  7.1299995E+03  2.7611240E+06
  7.1499990E+03  2.7446670E+06
  7.1699995E+03  2.7715132E+06
  7.1899985E+03  2.6653878E+06
  7.2099985E+03  2.7349048E+06
  7.2299980E+03  2.7706048E+06
  7.2499990E+03  2.7609295E+06
  7.2699995E+03  2.7545980E+06
  7.2899990E+03  2.6726565E+06
  7.3099980E+03  2.7171330E+06
  7.3299980E+03  2.7080052E+06
  7.3499980E+03  2.7010980E+06
  7.3699985E+03  2.7325810E+06
  7.3899995E+03  2.6595875E+06
  7.4099985E+03  2.6160910E+06
  7.4299995E+03  2.6725882E+06
  7.4500000E+03  2.6729192E+06
  7.4700000E+03  2.6859682E+06
  7.4899990E+03  2.6615040E+06
  7.5099985E+03  2.6768718E+06
  7.5299995E+03  2.6907082E+06
  7.5499980E+03  2.6980848E+06
  7.5699985E+03  2.6706980E+06
  7.5899990E+03  2.6525212E+06
  7.6099980E+03  2.6460790E+06
  7.6299995E+03  2.6575270E+06
  7.6499995E+03  2.6650212E+06
  7.6699980E+03  2.5644978E+06
  7.6899990E+03  2.6507478E+06
  7.7099995E+03  2.5951845E+06
  7.7299985E+03  2.6023905E+06
  7.7499990E+03  2.5710368E+06
  7.7700000E+03  2.6350698E+06
  7.7900000E+03  2.6185768E+06
  7.8099995E+03  2.6048125E+06
  7.8299980E+03  2.5741338E+06
  7.8499980E+03  2.5603612E+06
  7.8699995E+03  2.5844062E+06
  7.8900000E+03  2.5413035E+06
  7.9099995E+03  2.4802998E+06
  7.9300000E+03  2.4572008E+06
  7.9499985E+03  2.4238720E+06
  7.9699990E+03  2.5022268E+06
  7.9900000E+03  2.4952032E+06
  8.0099980E+03  2.4684912E+06
  8.0299985E+03  2.4692972E+06
  8.0500000E+03  2.4468098E+06
  8.0699985E+03  2.4453418E+06
  8.0899990E+03  2.3868130E+06
  8.1099995E+03  2.3986540E+06
  8.1299976E+03  2.4232320E+06
  8.1499976E+03  2.4106165E+06
  8.1699980E+03  2.4108500E+06
  8.1899985E+03  2.3346682E+06
  8.2099990E+03  2.3419750E+06
  8.2300000E+03  2.3551338E+06
  8.2500000E+03  2.3745042E+06
  8.2700000E+03  2.3992232E+06
  8.2899980E+03  2.3800422E+06
  8.3099990E+03  2.3077708E+06
  8.3299980E+03  2.3016432E+06
  8.3500000E+03  2.3074878E+06
  8.3699990E+03  2.3241690E+06
  8.3899990E+03  2.2363548E+06
  8.4099971E+03  2.3255502E+06
  8.4300000E+03  2.2547290E+06
  8.4499990E+03  2.3020540E+06
  8.4699980E+03  2.2810082E+06
  8.4899980E+03  2.3077488E+06
  8.5099990E+03  2.1982830E+06
  8.5299990E+03  2.2966145E+06
  8.5499990E+03  2.1558085E+06
  8.5699990E+03  2.3024635E+06
  8.5900000E+03  2.2521850E+06
  8.6099980E+03  2.2507302E+06
  8.6299990E+03  2.2694460E+06
  8.6499990E+03  2.2806648E+06
  8.6699990E+03  2.1031105E+06
  8.6899990E+03  2.1701185E+06
  8.7099971E+03  2.2192095E+06
  8.7299990E+03  2.2251668E+06
  8.7499980E+03  2.2043290E+06
  8.7699980E+03  2.2260265E+06
  8.7899980E+03  2.2045965E+06
  8.8099990E+03  2.1360610E+06
  8.8299980E+03  2.1770818E+06
  8.8499980E+03  2.1998650E+06
  8.8699980E+03  2.1533725E+06
  8.8899990E+03  2.1941272E+06
  8.9099971E+03  2.2096770E+06
  8.9299980E+03  2.1508945E+06
  8.9499980E+03  2.1412920E+06
  8.9699990E+03  2.1506230E+06
  8.9899990E+03  2.1539768E+06
  9.0099980E+03  2.0672500E+06
  9.0299990E+03  2.1320252E+06
  9.0499990E+03  2.1740380E+06
  9.0699980E+03  2.1465550E+06
  9.0899990E+03  2.0730142E+06
  9.1099980E+03  2.0861656E+06
  9.1299980E+03  2.1252592E+06
  9.1499980E+03  2.1076988E+06
  9.1699980E+03  2.1038912E+06
  9.1899990E+03  2.1273512E+06
  9.2099990E+03  2.0709548E+06
  9.2299980E+03  2.0867540E+06
  9.2499980E+03  2.0585868E+06
  9.2699971E+03  2.0685212E+06
  9.2899990E+03  2.0569174E+06
  9.3099980E+03  2.0767330E+06
  9.3299990E+03  2.0601781E+06
  9.3499980E+03  2.0527966E+06
  9.3699990E+03  2.0181678E+06
  9.3900000E+03  2.0415391E+06
  9.4099980E+03  1.9742008E+06
  9.4299971E+03  2.0318834E+06
  9.4499990E+03  1.9789112E+06
  9.4700000E+03  2.0204246E+06
  9.4899980E+03  2.0239240E+06
  9.5100000E+03  2.0054638E+06
  9.5300000E+03  1.9990046E+06
  9.5500000E+03  1.9619321E+06
  9.5699990E+03  1.9570726E+06
  9.5899980E+03  1.9926264E+06
  9.6099980E+03  1.9589678E+06
  9.6299990E+03  1.9532766E+06
  9.6499990E+03  1.9142398E+06
  9.6699980E+03  1.9169260E+06
  9.6899980E+03  1.9438875E+06
  9.7100000E+03  1.9223816E+06
  9.7299990E+03  1.9083990E+06
  9.7499980E+03  1.9000628E+06
  9.7699961E+03  1.9000280E+06
  9.7899980E+03  1.8679804E+06
  9.8099980E+03  1.9118104E+06
  9.8299990E+03  1.8944475E+06
  9.8499980E+03  1.9047792E+06
  9.8700000E+03  1.8834542E+06
  9.8899980E+03  1.8826240E+06
  9.9099990E+03  1.8756461E+06
  9.9300000E+03  1.8797889E+06
  9.9499980E+03  1.8762359E+06
  9.9699980E+03  1.8733776E+06
  9.9899990E+03  1.8612786E+06
  1.0024998E+04  1.8490924E+06
  1.0074998E+04  1.8247350E+06
  1.0124997E+04  1.8197299E+06
  1.0174997E+04  1.7901360E+06
  1.0224998E+04  1.7857154E+06
  1.0274997E+04  1.7836156E+06
  1.0325000E+04  1.7485710E+06
  1.0374999E+04  1.7328781E+06
  1.0425000E+04  1.7375791E+06
  1.0474998E+04  1.7141649E+06
  1.0524997E+04  1.7129149E+06
  1.0574999E+04  1.6884340E+06
  1.0625000E+04  1.6771184E+06
  1.0674997E+04  1.6461058E+06
  1.0724998E+04  1.6446470E+06
  1.0774999E+04  1.6232534E+06
  1.0824997E+04  1.5939864E+06
  1.0874997E+04  1.5911491E+06
  1.0924999E+04  1.6013638E+06
  1.0974996E+04  1.5708241E+06
  1.1025000E+04  1.5766915E+06
  1.1074998E+04  1.5721322E+06
  1.1124999E+04  1.5572712E+06
  1.1174998E+04  1.5376958E+06
  1.1224999E+04  1.5358076E+06
  1.1274997E+04  1.5060956E+06
  1.1325000E+04  1.5022544E+06
  1.1375000E+04  1.4867184E+06
  1.1425000E+04  1.4655661E+06
  1.1474997E+04  1.4826638E+06
  1.1525000E+04  1.4741941E+06
  1.1574998E+04  1.4511946E+06
  1.1625000E+04  1.4284510E+06
  1.1674998E+04  1.4275469E+06
  1.1724997E+04  1.4350462E+06
  1.1775001E+04  1.4070159E+06
  1.1824999E+04  1.3912900E+06
  1.1875000E+04  1.3736140E+06
  1.1925000E+04  1.3961352E+06
  1.1975001E+04  1.3402071E+06
  1.2024998E+04  1.3639712E+06
  1.2074996E+04  1.3450510E+06
  1.2125000E+04  1.3475869E+06
  1.2175000E+04  1.3512060E+06
  1.2225001E+04  1.3388394E+06
  1.2275001E+04  1.3261294E+06
  1.2324996E+04  1.3176496E+06
  1.2374996E+04  1.3112300E+06
  1.2424998E+04  1.2964272E+06
  1.2475000E+04  1.2961741E+06
  1.2524997E+04  1.2798430E+06
  1.2574997E+04  1.2771189E+06
  1.2624999E+04  1.2674716E+06
  1.2674997E+04  1.2518641E+06
  1.2724999E+04  1.2531664E+06
  1.2774999E+04  1.2518246E+06
  1.2825000E+04  1.2061000E+06
  1.2875001E+04  1.2212951E+06
  1.2924997E+04  1.2082569E+06
  1.2975001E+04  1.2171998E+06
  1.3024998E+04  1.1978138E+06
  1.3074999E+04  1.2022888E+06
  1.3125000E+04  1.1762844E+06
  1.3174998E+04  1.1718662E+06
  1.3224998E+04  1.1760536E+06
  1.3274997E+04  1.1534654E+06
  1.3324997E+04  1.1589562E+06
  1.3374999E+04  1.1484328E+06
  1.3424999E+04  1.1544426E+06
  1.3474999E+04  1.1434844E+06
  1.3525001E+04  1.1388758E+06
  1.3574999E+04  1.1164984E+06
  1.3624997E+04  1.1125401E+06
  1.3674997E+04  1.1118128E+06
  1.3724995E+04  1.1124270E+06
  1.3774998E+04  1.1028564E+06
  1.3824998E+04  1.1004324E+06
  1.3874996E+04  1.0888761E+06
  1.3925000E+04  1.0911340E+06
  1.3974996E+04  1.0862922E+06
  1.4024997E+04  1.0660921E+06
  1.4075001E+04  1.0736489E+06
  1.4124996E+04  1.0570740E+06
  1.4175000E+04  1.0664101E+06
  1.4225000E+04  1.0433061E+06
  1.4274994E+04  1.0225890E+06
  1.4325001E+04  1.0424312E+06
  1.4374998E+04  1.0445816E+06
  1.4424999E+04  1.0083300E+06
  1.4475000E+04  1.0295330E+06
  1.4524997E+04  1.0097973E+06
  1.4569999E+04  1.0138443E+06
  1.4620000E+04  1.0130726E+06
  1.4674998E+04  1.0091321E+06
  1.4725000E+04  9.8870300E+05
  1.4775002E+04  9.8899431E+05
  1.4824998E+04  9.8646619E+05
  1.4874996E+04  9.6222356E+05
  1.4924997E+04  9.8939206E+05
  1.4974999E+04  9.7128825E+05
  1.5024999E+04  9.3739944E+05
  1.5075000E+04  9.3979506E+05
  1.5124999E+04  9.6028662E+05
  1.5175000E+04  9.5884412E+05
  1.5225002E+04  9.4698175E+05
  1.5274998E+04  9.5240200E+05
  1.5324995E+04  9.4217150E+05
  1.5374997E+04  9.4343206E+05
  1.5425001E+04  9.4190119E+05
  1.5474996E+04  9.3464512E+05
  1.5524994E+04  9.1802175E+05
  1.5575001E+04  9.1002419E+05
  1.5624998E+04  9.2459400E+05
  1.5674997E+04  8.9444862E+05
  1.5724994E+04  9.0533081E+05
  1.5774996E+04  8.6520500E+05
  1.5825001E+04  8.8428156E+05
  1.5874995E+04  8.4969006E+05
  1.5925002E+04  8.6689738E+05
  1.5975001E+04  8.7727494E+05
  1.6049998E+04  8.6877388E+05
  1.6150001E+04  8.5305031E+05
  1.6249997E+04  8.4983156E+05
  1.6350000E+04  8.3655025E+05
  1.6449996E+04  8.1692994E+05
  1.6549998E+04  8.1209381E+05
  1.6649994E+04  7.9806069E+05
  1.6749998E+04  7.7556169E+05
  1.6849998E+04  7.5501200E+05
  1.6950000E+04  7.5810138E+05
  1.7049996E+04  7.3053469E+05
  1.7150000E+04  7.2134812E+05
  1.7249992E+04  7.0031094E+05
  1.7349994E+04  6.8065981E+05
  1.7449992E+04  6.7592456E+05
  1.7550000E+04  6.6508744E+05
  1.7649998E+04  6.5378731E+05
  1.7749994E+04  6.3834650E+05
  1.7849994E+04  6.3106050E+05
  1.7949998E+04  6.1732531E+05
  1.8050002E+04  6.0324212E+05
  1.8150002E+04  5.8837919E+05
  1.8249994E+04  5.7900844E+05
  1.8349992E+04  5.6840756E+05
  1.8449992E+04  5.5235738E+05
  1.8549998E+04  5.4820231E+05
  1.8650002E+04  5.3060888E+05
  1.8750002E+04  5.1445181E+05
  1.8850000E+04  5.1646159E+05
  1.8950004E+04  4.9282316E+05
  1.9049996E+04  4.9949762E+05
  1.9149998E+04  4.8859297E+05
  1.9249992E+04  4.8050050E+05
  1.9350000E+04  4.6616906E+05
  1.9449992E+04  4.5306288E+05
  1.9550002E+04  4.5422534E+05
  1.9649992E+04  4.4471650E+05
  1.9749992E+04  4.3433294E+05
  1.9849992E+04  4.2845706E+05
  1.9950002E+04  4.2204234E+05
  2.0050002E+04  4.1907997E+05
  2.0149996E+04  4.1355772E+05
  2.0249994E+04  4.0058094E+05
  2.0349994E+04  3.9243262E+05
  2.0449996E+04  3.9174784E+05
  2.0550000E+04  3.8380509E+05
  2.0649992E+04  3.7463725E+05
  2.0749998E+04  3.6979231E+05
  2.0849992E+04  3.6346338E+05
  2.0950004E+04  3.5400156E+05
  2.1050002E+04  3.5244012E+05
  2.1149992E+04  3.4535094E+05
  2.1250000E+04  3.3943828E+05
  2.1350002E+04  3.3561300E+05
  2.1449996E+04  3.2980553E+05
  2.1550006E+04  3.2449628E+05
  2.1649994E+04  3.1464194E+05
  2.1750002E+04  3.1110203E+05
  2.1849998E+04  3.0678550E+05
  2.1950002E+04  3.0315975E+05
  2.2050000E+04  2.9467469E+05
  2.2149996E+04  2.9402419E+05
  2.2249998E+04  2.8676803E+05
  2.2350004E+04  2.8254822E+05
  2.2449990E+04  2.7845988E+05
  2.2549994E+04  2.7467678E+05
  2.2650000E+04  2.6856284E+05
  2.2750000E+04  2.6672391E+05
  2.2850000E+04  2.6016619E+05
  2.2950004E+04  2.3544442E+05
  2.3050000E+04  2.4399959E+05
  2.3149996E+04  2.4141823E+05
  2.3250000E+04  2.1751116E+05
  2.3349996E+04  2.2643822E+05
  2.3449994E+04  2.2841617E+05
  2.3550002E+04  2.0386011E+05
  2.3649988E+04  2.1539555E+05
  2.3750000E+04  2.1504795E+05
  2.3849990E+04  1.9390270E+05
  2.3950002E+04  2.0282803E+05
  2.4050006E+04  2.0436236E+05
  2.4149992E+04  1.8761005E+05
  2.4249990E+04  1.9272859E+05
  2.4349990E+04  1.9385558E+05
  2.4450002E+04  1.8356989E+05
  2.4549990E+04  1.8112128E+05
  2.4649992E+04  1.8640039E+05
  2.4749992E+04  1.7952814E+05
  2.4850006E+04  1.7216214E+05
  2.4950000E+04  1.7615298E+05
  2.5050006E+04  1.7791325E+05
  2.5149994E+04  1.6658459E+05
  2.5249998E+04  1.7046755E+05
  2.5350004E+04  1.6943592E+05
  2.5449988E+04  1.6465227E+05
  2.5549998E+04  1.6280022E+05
  2.5649990E+04  1.6204877E+05
  2.5749990E+04  1.6201980E+05
  2.5849994E+04  1.5431333E+05
  2.5949990E+04  1.5584527E+05
  2.6049996E+04  1.5528388E+05
  2.6149998E+04  1.5246225E+05
  2.6249988E+04  1.4917067E+05
  2.6350008E+04  1.4884886E+05
  2.6449996E+04  1.4708478E+05
  2.6549994E+04  1.4493673E+05
  2.6649994E+04  1.4171869E+05
  2.6749988E+04  1.4321461E+05
  2.6849986E+04  1.4148094E+05
  2.6949986E+04  1.3862788E+05
  2.7050002E+04  1.3785177E+05
  2.7149998E+04  1.3616867E+05
  2.7249994E+04  1.3470945E+05
  2.7350006E+04  1.3252238E+05
  2.7450004E+04  1.3172358E+05
  2.7549996E+04  1.3006432E+05
  2.7649982E+04  1.2794765E+05
  2.7750004E+04  1.2612189E+05
  2.7850000E+04  1.2506726E+05
  2.7949992E+04  1.2415471E+05
  2.8049994E+04  1.2240437E+05
  2.8150002E+04  1.2074224E+05
  2.8250006E+04  1.1930355E+05
  2.8350000E+04  1.1829001E+05
  2.8450000E+04  1.1635215E+05
  2.8550002E+04  1.1501621E+05
  2.8650002E+04  1.1358133E+05
  2.8749982E+04  1.1204524E+05
  2.8849998E+04  1.1088498E+05
  2.8949986E+04  1.0960341E+05
  2.9049994E+04  1.0819385E+05
  2.9149986E+04  1.0701391E+05
  2.9249984E+04  1.0490521E+05
  2.9349980E+04  1.0433155E+05
  2.9450000E+04  1.0269887E+05
  2.9550004E+04  1.0164684E+05
  2.9649982E+04  1.0064538E+05
  2.9749992E+04  9.9429266E+04
  2.9849994E+04  9.8074992E+04
  2.9949984E+04  9.6715648E+04
  3.0049996E+04  9.5576469E+04
  3.0149994E+04  9.4674133E+04
  3.0249994E+04  9.3271109E+04
  3.0349996E+04  9.1753602E+04
  3.0449996E+04  9.1180383E+04
  3.0549996E+04  8.9978938E+04
  3.0649996E+04  8.8751133E+04
  3.0749994E+04  8.7963672E+04
  3.0849996E+04  8.6515539E+04
  3.0949994E+04  8.5611297E+04
  3.1049996E+04  8.4892695E+04
  3.1149996E+04  8.3078930E+04
  3.1249996E+04  8.2740953E+04
  3.1349996E+04  8.1865117E+04
  3.1449996E+04  8.0865438E+04
  3.1549998E+04  7.9604250E+04
  3.1649996E+04  7.8707133E+04
  3.1749998E+04  7.7980398E+04
  3.1849996E+04  7.7053281E+04
  3.1949994E+04  7.6276469E+04
  3.2099996E+04  7.4801117E+04
  3.2299992E+04  7.3061594E+04
  3.2499994E+04  7.1355484E+04
  3.2699996E+04  6.9664391E+04
  3.2899996E+04  6.7918531E+04
  3.3099996E+04  6.6470992E+04
  3.3299992E+04  6.4862969E+04
  3.3499996E+04  6.3637598E+04
  3.3699996E+04  6.2144758E+04
  3.3899996E+04  6.0620324E+04
  3.4099996E+04  5.9208270E+04
  3.4299996E+04  5.8170777E+04
  3.4499992E+04  5.6998203E+04
  3.4699996E+04  5.5686000E+04
  3.4899996E+04  5.4517598E+04
  3.5099996E+04  5.3411879E+04
  3.5299996E+04  5.2116016E+04
  3.5499996E+04  5.1123898E+04
  3.5699992E+04  4.9982199E+04
  3.5899992E+04  4.8903609E+04
  3.6099996E+04  4.8013441E+04
  3.6299992E+04  4.7008375E+04
  3.6499992E+04  4.5875340E+04
  3.6699992E+04  4.4876023E+04
  3.6899992E+04  4.3710242E+04
  3.7099996E+04  4.2753035E+04
  3.7299996E+04  4.2157691E+04
  3.7499992E+04  4.0961777E+04
  3.7699996E+04  4.0472652E+04
  3.7899996E+04  3.9621742E+04
  3.8099992E+04  3.8936957E+04
  3.8299996E+04  3.8266828E+04
  3.8499996E+04  3.7550039E+04
  3.8699996E+04  3.6659844E+04
  3.8899992E+04  3.6007508E+04
  3.9099996E+04  3.5386262E+04
  3.9299992E+04  3.4702605E+04
  3.9499992E+04  3.3866750E+04
  3.9699992E+04  3.3304082E+04
  3.9900000E+04  3.2448057E+04
  4.0099996E+04  3.1989312E+04
  4.0299992E+04  3.1498623E+04
  4.0499996E+04  3.0797828E+04
  4.0699992E+04  3.0282115E+04
  4.0899992E+04  2.9750211E+04
  4.1099996E+04  2.9213814E+04
  4.1299996E+04  2.8723938E+04
  4.1499992E+04  2.8137137E+04
  4.1699992E+04  2.7631734E+04
  4.1899996E+04  2.7078877E+04
  4.2099996E+04  2.6462990E+04
  4.2299992E+04  2.6223873E+04
  4.2499996E+04  2.5646006E+04
  4.2699992E+04  2.5269961E+04
  4.2899992E+04  2.3642924E+04
  4.3099996E+04  2.2128082E+04
  4.3299996E+04  2.2291854E+04
  4.3499992E+04  2.0890795E+04
  4.3699996E+04  2.0204850E+04
  4.3899996E+04  1.9821779E+04
  4.4099992E+04  1.8651564E+04
  4.4299992E+04  1.8422105E+04
  4.4499996E+04  1.8132461E+04
  4.4699996E+04  1.7173580E+04
  4.4899996E+04  1.7332438E+04
  4.5099992E+04  1.6821219E+04
  4.5299992E+04  1.6158425E+04
  4.5499996E+04  1.6249247E+04
  4.5699992E+04  1.6128981E+04
  4.5899996E+04  1.5386294E+04
  4.6099996E+04  1.5570035E+04
  4.6299992E+04  1.5249355E+04
  4.6499988E+04  1.5132748E+04
  4.6699992E+04  1.5092369E+04
  4.6899992E+04  1.4839066E+04
  4.7099992E+04  1.4511396E+04
  4.7299992E+04  1.4663913E+04
  4.7499996E+04  1.4289392E+04
  4.7699992E+04  1.4084214E+04
  4.7899992E+04  1.3964548E+04
  4.8099996E+04  1.3567607E+04
  4.8299992E+04  1.3744866E+04
  4.8499992E+04  1.3444036E+04
  4.8700000E+04  1.3142901E+04
  4.8899992E+04  1.2987250E+04
  4.9099988E+04  1.2822439E+04
  4.9299988E+04  1.2610269E+04
  4.9499996E+04  1.2386181E+04
  4.9699992E+04  1.2308658E+04
  4.9899988E+04  1.2099441E+04
  5.0099996E+04  1.2006630E+04
  5.0299996E+04  1.1844333E+04
  5.0499996E+04  1.1541083E+04
  5.0699996E+04  1.1465011E+04
  5.0899992E+04  1.1336995E+04
  5.1099992E+04  1.1078613E+04
  5.1299996E+04  1.1062684E+04
  5.1499988E+04  1.0836449E+04
  5.1699996E+04  1.0836913E+04
  5.1899992E+04  1.0600685E+04
  5.2099992E+04  1.0503077E+04
  5.2299996E+04  1.0287511E+04
  5.2499996E+04  1.0246866E+04
  5.2699996E+04  1.0218208E+04
  5.2899992E+04  9.9208457E+03
  5.3099988E+04  9.8176611E+03
  5.3299988E+04  9.7443867E+03
  5.3499992E+04  9.6308633E+03
  5.3699992E+04  9.5314316E+03
  5.3899992E+04  9.4277617E+03
  5.4099992E+04  9.3101729E+03
  5.4299984E+04  9.1127969E+03
  5.4499988E+04  9.0934717E+03
  5.4699996E+04  8.9521768E+03
  5.4899992E+04  8.8425752E+03
  5.5099992E+04  8.7428848E+03
  5.5299988E+04  8.7854590E+03
  5.5499988E+04  8.5019824E+03
  5.5699992E+04  8.5324707E+03
  5.5899992E+04  8.3624160E+03
  5.6099988E+04  8.2947588E+03
  5.6299996E+04  8.1353774E+03
  5.6499988E+04  8.1180112E+03
  5.6699988E+04  8.0220547E+03
  5.6899992E+04  7.8578911E+03
  5.7099996E+04  7.8518164E+03
  5.7299988E+04  7.7429443E+03
  5.7499988E+04  7.6609150E+03
  5.7699988E+04  7.5406836E+03
  5.7899996E+04  7.5084546E+03
  5.8099988E+04  7.3682388E+03
  5.8299996E+04  7.2942720E+03
  5.8499992E+04  7.2224653E+03
  5.8699988E+04  7.0971279E+03
  5.8899988E+04  7.0226240E+03
  5.9099992E+04  6.9613667E+03
  5.9299988E+04  6.8844927E+03
  5.9499996E+04  6.7803970E+03
  5.9699988E+04  6.7321914E+03
  5.9899992E+04  6.6516099E+03
  6.0099992E+04  6.5714302E+03
  6.0299992E+04  6.4950664E+03
  6.0499988E+04  6.3937339E+03
  6.0699992E+04  6.3213013E+03
  6.0899992E+04  6.2461260E+03
  6.1099988E+04  6.1543413E+03
  6.1299992E+04  6.1031187E+03
  6.1499988E+04  6.0398823E+03
  6.1699988E+04  5.9790181E+03
  6.1899996E+04  5.9133057E+03
  6.2099996E+04  5.8489014E+03
  6.2299988E+04  5.7607427E+03
  6.2499992E+04  5.6822686E+03
  6.2699988E+04  5.6188604E+03
  6.2899996E+04  5.5628071E+03
  6.3099984E+04  5.4893760E+03
  6.3299996E+04  5.4491929E+03
  6.3499984E+04  5.3737212E+03
  6.3699984E+04  5.3281465E+03
  6.3900000E+04  5.2525859E+03
  6.4199992E+04  5.1651313E+03
  6.4599984E+04  5.0409717E+03
  6.4999992E+04  4.9270449E+03
  6.5399992E+04  4.8168423E+03
  6.5799992E+04  4.7132969E+03
  6.6199984E+04  4.6018384E+03
  6.6599984E+04  4.5003530E+03
  6.6999992E+04  4.3997793E+03
  6.7399992E+04  4.2967095E+03
  6.7799992E+04  4.2033799E+03
  6.8199992E+04  4.1084546E+03
  6.8599992E+04  4.0196150E+03
  6.8999984E+04  3.9293091E+03
  6.9399984E+04  3.8425317E+03
  6.9800000E+04  3.7597217E+03
  7.0199992E+04  3.6731941E+03
  7.0599984E+04  3.5971489E+03
  7.0999977E+04  3.5189917E+03
  7.1399977E+04  3.4438328E+03
  7.1799984E+04  3.3693213E+03
  7.2199984E+04  3.2976909E+03
  7.2600000E+04  3.2267856E+03
  7.2999984E+04  3.1594260E+03
  7.3400000E+04  3.0911692E+03
  7.3799984E+04  3.0278708E+03
  7.4199992E+04  2.9616470E+03
  7.4599992E+04  2.8994412E+03
  7.5000000E+04  2.8413372E+03
  7.5399992E+04  2.7813850E+03
  7.5799992E+04  2.7278467E+03
  7.6199984E+04  2.6720986E+03
  7.6599992E+04  2.6180676E+03
  7.6999992E+04  2.5643137E+03
  7.7399992E+04  2.5137297E+03
  7.7799984E+04  2.4638613E+03
  7.8199984E+04  2.4146326E+03
  7.8599984E+04  2.3670681E+03
  7.8999984E+04  2.3204614E+03
  7.9399984E+04  2.2747913E+03
  7.9800000E+04  2.2308040E+03
  8.0199992E+04  2.1861746E+03
  8.0599984E+04  2.1435369E+03
  8.0999992E+04  2.1036990E+03
  8.1399977E+04  2.0620383E+03
  8.1799984E+04  2.0241853E+03
  8.2199984E+04  1.9860781E+03
  8.2599992E+04  1.9482804E+03
  8.2999984E+04  1.9118839E+03
  8.3400000E+04  1.8751722E+03
  8.3799992E+04  1.8403077E+03
  8.4199992E+04  1.8072415E+03
  8.4599977E+04  1.7737174E+03
  8.4999977E+04  1.7412114E+03
  8.5399984E+04  1.7094930E+03
  8.5799984E+04  1.6785966E+03
  8.6199992E+04  1.6481985E+03
  8.6599992E+04  1.6187412E+03
  8.6999984E+04  1.5897054E+03
  8.7399992E+04  1.5613290E+03
  8.7799992E+04  1.5335001E+03
  8.8199984E+04  1.5055784E+03
  8.8599977E+04  1.4792493E+03
  8.8999992E+04  1.4528076E+03
  8.9399977E+04  1.4283823E+03
  8.9799977E+04  1.4026982E+03
  9.0199984E+04  1.3792180E+03
  9.0599984E+04  1.3557760E+03
  9.0999992E+04  1.3310538E+03
  9.1400000E+04  1.3091918E+03
  9.1799969E+04  1.2870795E+03
  9.2199969E+04  1.2656989E+03
  9.2599984E+04  1.2442427E+03
  9.3000000E+04  1.2234132E+03
  9.3399984E+04  1.2028083E+03
  9.3799984E+04  1.1828521E+03
  9.4199977E+04  1.1632332E+03
  9.4599984E+04  1.1437766E+03
  9.4999969E+04  1.1250237E+03
  9.5399984E+04  1.1066677E+03
  9.5799984E+04  1.0887020E+03
  9.6199992E+04  1.0708740E+03
  9.6599984E+04  1.0536671E+03
  9.7000000E+04  1.0367064E+03
  9.7399977E+04  1.0187978E+03
  9.7799984E+04  1.0032731E+03
  9.8199977E+04  9.8769379E+02
  9.8599977E+04  9.7206244E+02
  9.8999992E+04  9.5676587E+02
  9.9399984E+04  9.4153162E+02
  9.9799977E+04  9.2685077E+02
  1.0019999E+05  9.1237335E+02
  1.9999991E+05  5.9154667E+01
  3.9999994E+05  3.7188268E+00
  5.9999981E+05  7.3120785E-01
  7.9999994E+05  2.2993079E-01
