  9.2499988E+02  3.7759391E-09
  9.3499982E+02  5.5245719E-09
  9.4500000E+02  7.9474516E-09
  9.5500000E+02  1.2472330E-08
  9.6499988E+02  2.1360583E-08
  9.7499982E+02  2.8184891E-08
  9.8499976E+02  4.4160757E-08
  9.9499988E+02  6.5093268E-08
  1.0049999E+03  9.4990348E-08
  1.0149997E+03  1.3708998E-07
  1.0249998E+03  1.5370534E-07
  1.0349998E+03  3.2187566E-07
  1.0449998E+03  4.5672675E-07
  1.0549999E+03  5.2656833E-07
  1.0649999E+03  8.8863476E-07
  1.0750000E+03  1.2193027E-06
  1.0849996E+03  1.7789482E-06
  1.0949999E+03  2.1591793E-06
  1.1049999E+03  2.7542294E-06
  1.1149999E+03  3.6699826E-06
  1.1249999E+03  5.7684629E-06
  1.1349996E+03  8.9002306E-06
  1.1449999E+03  1.2249195E-05
  1.1549999E+03  1.6232541E-05
  1.1650000E+03  2.0933390E-05
  1.1749995E+03  2.9300949E-05
  1.1849996E+03  3.6435857E-05
  1.1949998E+03  4.3737742E-05
  1.2049996E+03  4.7365862E-05
  1.2149998E+03  1.3875244E-05
  1.2249996E+03  7.1524395E-05
  1.2349996E+03  1.2741586E-04
  1.2449998E+03  1.6633594E-04
  1.2549996E+03  2.0359775E-04
  1.2650000E+03  2.5432967E-04
  1.2749998E+03  3.1292750E-04
  1.2849995E+03  3.5005639E-04
  1.2949998E+03  4.2154401E-04
  1.3049995E+03  5.0485507E-04
  1.3149998E+03  6.4025406E-04
  1.3249998E+03  6.9508806E-04
  1.3349996E+03  7.7520724E-04
  1.3449995E+03  9.7686902E-04
  1.3549996E+03  1.2489069E-03
  1.3649999E+03  1.3581580E-03
  1.3749999E+03  1.5133288E-03
  1.3849996E+03  1.6655624E-03
  1.3949999E+03  1.9039102E-03
  1.4050001E+03  2.5275520E-03
  1.4149998E+03  3.0135263E-03
  1.4249998E+03  3.6153398E-03
  1.4350000E+03  4.5378651E-03
  1.4419998E+03  6.0857385E-03
  1.4469999E+03  5.4046516E-03
  1.4549994E+03  6.5793195E-03
  1.4650000E+03  8.9207552E-03
  1.4749995E+03  1.0377361E-02
  1.4849996E+03  1.1382161E-02
  1.4949998E+03  1.5861887E-02
  1.5049996E+03  2.0345030E-02
  1.5119995E+03  1.4454869E-02
  1.5169994E+03  1.9770695E-02
  1.5250001E+03  6.9154441E-02
  1.5349994E+03  1.2906201E-01
  1.5449994E+03  9.7633995E-02
  1.5549998E+03  1.8412679E-01
  1.5649999E+03  1.7550547E-01
  1.5750001E+03  5.4053628E-01
  1.5850000E+03  6.3418043E-01
  1.5949996E+03  7.3448926E-01
  1.6049999E+03  7.4949557E-01
  1.6150000E+03  8.0756617E-01
  1.6249996E+03  9.0408826E-01
  1.6350000E+03  1.2678895E+00
  1.6449996E+03  1.8535770E+00
  1.6549999E+03  1.3013197E+00
  1.6649993E+03  2.2758446E+00
  1.6720000E+03  1.5005530E+00
  1.6770001E+03  5.4769921E+00
  1.6849998E+03  6.4015675E+00
  1.6950000E+03  8.3524380E+00
  1.7049995E+03  8.9137411E+00
  1.7150000E+03  8.8688793E+00
  1.7249993E+03  1.3029071E+01
  1.7349994E+03  1.5294728E+01
  1.7449993E+03  2.2279663E+01
  1.7550001E+03  2.6363752E+01
  1.7649998E+03  2.7767395E+01
  1.7749995E+03  2.7206701E+01
  1.7849995E+03  4.4325100E+01
  1.7949999E+03  4.4366932E+01
  1.8050001E+03  5.9815437E+01
  1.8150001E+03  4.9968029E+01
  1.8249994E+03  7.3315735E+01
  1.8349993E+03  7.2779526E+01
  1.8449993E+03  6.3982220E+01
  1.8549998E+03  7.5557373E+01
  1.8650002E+03  1.0178171E+02
  1.8750001E+03  1.0588869E+02
  1.8850000E+03  1.2024370E+02
  1.8950002E+03  1.6436183E+02
  1.9049996E+03  1.5567516E+02
  1.9149999E+03  1.9977852E+02
  1.9249993E+03  1.8547807E+02
  1.9350001E+03  1.1461291E+02
  1.9449993E+03  2.4171320E+02
  1.9550002E+03  2.9186258E+02
  1.9670002E+03  3.5601364E+02
  1.9759990E+03  3.7569366E+02
  1.9839996E+03  4.2090683E+02
  1.9950001E+03  4.1129892E+02
  2.0050002E+03  4.2252869E+02
  2.0149996E+03  4.8488251E+02
  2.0249994E+03  3.8314365E+02
  2.0349995E+03  5.4231708E+02
  2.0449998E+03  6.1191284E+02
  2.0550000E+03  6.8058655E+02
  2.0649993E+03  6.7369330E+02
  2.0739993E+03  6.7991907E+02
  2.0780002E+03  1.2707292E+03
  2.0849993E+03  1.5849363E+03
  2.0950005E+03  1.6244312E+03
  2.1050002E+03  1.6117549E+03
  2.1149990E+03  1.8748975E+03
  2.1250000E+03  1.7773663E+03
  2.1350002E+03  2.1663967E+03
  2.1449998E+03  2.1247925E+03
  2.1550005E+03  2.0789958E+03
  2.1649995E+03  1.9993147E+03
  2.1750002E+03  2.1683572E+03
  2.1849998E+03  2.2109736E+03
  2.1950000E+03  2.8387756E+03
  2.2050000E+03  2.7759705E+03
  2.2149998E+03  2.6698755E+03
  2.2249998E+03  2.9542036E+03
  2.2350005E+03  4.2364136E+03
  2.2449990E+03  4.5464912E+03
  2.2549993E+03  4.2822173E+03
  2.2650000E+03  3.0675588E+03
  2.2750000E+03  3.9249749E+03
  2.2850000E+03  5.0990610E+03
  2.2950002E+03  5.3153638E+03
  2.3050000E+03  4.0195303E+03
  2.3149995E+03  6.1655396E+03
  2.3250000E+03  6.2046084E+03
  2.3349995E+03  7.8736196E+03
  2.3449993E+03  5.3940640E+03
  2.3550000E+03  6.2326411E+03
  2.3649988E+03  6.0970029E+03
  2.3750000E+03  6.7537271E+03
  2.3849990E+03  6.9323335E+03
  2.3950000E+03  7.5503901E+03
  2.4050005E+03  9.6527598E+03
  2.4149993E+03  7.4730093E+03
  2.4249990E+03  1.0464129E+04
  2.4349990E+03  1.2258460E+04
  2.4450000E+03  1.5402000E+04
  2.4549990E+03  1.6809475E+04
  2.4649990E+03  1.2312200E+04
  2.4749993E+03  1.2973675E+04
  2.4850005E+03  5.3228125E+03
  2.4950000E+03  7.6363022E+03
  2.5050005E+03  1.3434450E+04
  2.5129988E+03  7.9568252E+03
  2.5179990E+03  5.8321157E+03
  2.5249998E+03  6.5110825E+03
  2.5350007E+03  1.5633337E+04
  2.5449988E+03  1.6041788E+04
  2.5550000E+03  3.5327242E+04
  2.5649990E+03  2.4212258E+04
  2.5749990E+03  3.7983410E+04
  2.5849993E+03  3.5308672E+04
  2.5949990E+03  3.7328570E+04
  2.6049995E+03  3.9147125E+04
  2.6149998E+03  3.4782480E+04
  2.6249990E+03  4.8513270E+04
  2.6350007E+03  1.0148612E+05
  2.6449995E+03  1.1147405E+05
  2.6549998E+03  2.3182711E+05
  2.6649995E+03  1.2086694E+05
  2.6749988E+03  1.1879621E+05
  2.6849988E+03  1.7176394E+05
  2.6949988E+03  8.2763820E+04
  2.7050000E+03  1.3962809E+05
  2.7150000E+03  8.5387141E+04
  2.7249995E+03  4.7713484E+04
  2.7350007E+03  7.0841766E+04
  2.7450002E+03  6.1607008E+04
  2.7549998E+03  8.3565969E+04
  2.7649983E+03  1.1788528E+05
  2.7750005E+03  1.2684105E+05
  2.7850000E+03  7.6170141E+04
  2.7949993E+03  4.0612500E+04
  2.8049995E+03  4.8781711E+04
  2.8150002E+03  1.0389338E+05
  2.8250007E+03  1.1535713E+05
  2.8350000E+03  8.3088000E+04
  2.8450002E+03  5.1375898E+04
  2.8550005E+03  2.4530314E+04
  2.8650000E+03  6.9038289E+04
  2.8749983E+03  1.1354477E+05
  2.8850000E+03  1.5673623E+05
  2.8949988E+03  2.6987978E+05
  2.9099988E+03  5.8044188E+05
  2.9299983E+03  5.6341725E+05
  2.9499990E+03  5.5675569E+05
  2.9700005E+03  5.8297950E+05
  2.9899980E+03  6.6408019E+05
  3.0099995E+03  6.5661450E+05
  3.0299995E+03  7.8630206E+05
  3.0499995E+03  7.9582719E+05
  3.0699995E+03  7.8848981E+05
  3.0899995E+03  5.4820644E+05
  3.1099995E+03  8.2317988E+05
  3.1299998E+03  6.6948962E+05
  3.1499995E+03  7.1071475E+05
  3.1699995E+03  8.4727369E+05
  3.1899995E+03  6.9689019E+05
  3.2099998E+03  7.4541531E+05
  3.2299993E+03  6.5037925E+05
  3.2499993E+03  1.0534619E+06
  3.2699995E+03  1.2719132E+06
  3.2899995E+03  1.2432356E+06
  3.3099998E+03  1.0491075E+06
  3.3299993E+03  1.0934840E+06
  3.3499995E+03  1.0269229E+06
  3.3699995E+03  6.1507856E+05
  3.3899993E+03  7.7240775E+05
  3.4099993E+03  8.1560025E+05
  3.4299995E+03  9.5841206E+05
  3.4499993E+03  1.1525614E+06
  3.4699998E+03  1.2535451E+06
  3.4899993E+03  1.4553596E+06
  3.5099995E+03  1.5280806E+06
  3.5299995E+03  1.3256962E+06
  3.5499995E+03  1.4558145E+06
  3.5699995E+03  1.0647634E+06
  3.5899995E+03  1.1283491E+06
  3.6099995E+03  1.4975258E+06
  3.6299993E+03  1.4603416E+06
  3.6399993E+03  1.4188056E+06
  3.6499995E+03  1.5106935E+06
  3.6699993E+03  1.7094788E+06
  3.6899995E+03  1.3769915E+06
  3.7099995E+03  1.3645390E+06
  3.7299998E+03  6.5712806E+05
  3.7499993E+03  7.9683919E+05
  3.7699993E+03  1.3289790E+06
  3.7899995E+03  1.3898690E+06
  3.8099993E+03  1.1665516E+06
  3.8299998E+03  5.0291341E+05
  3.8499995E+03  7.8767656E+05
  3.8699995E+03  7.6167156E+05
  3.8899995E+03  1.1466981E+06
  3.9099995E+03  1.5903612E+06
  3.9299993E+03  6.9710112E+05
  3.9499993E+03  1.4116538E+06
  3.9699998E+03  9.6783312E+05
  3.9899995E+03  2.3264308E+06
  4.0099995E+03  2.5265328E+06
  4.0299993E+03  2.4347118E+06
  4.0499993E+03  2.2779695E+06
  4.0699993E+03  2.0732618E+06
  4.0899995E+03  2.8558848E+06
  4.1099995E+03  2.7079482E+06
  4.1299995E+03  2.5455088E+06
  4.1499990E+03  2.4029112E+06
  4.1699990E+03  2.5573548E+06
  4.1899995E+03  2.3849328E+06
  4.2099995E+03  2.4456480E+06
  4.2299995E+03  2.2362400E+06
  4.2499995E+03  2.4163062E+06
  4.2699990E+03  2.2017720E+06
  4.2899995E+03  2.0556038E+06
  4.3100000E+03  1.7727002E+06
  4.3299995E+03  2.8149138E+06
  4.3499995E+03  2.8504095E+06
  4.3699995E+03  3.0709715E+06
  4.3899995E+03  2.6096725E+06
  4.4099995E+03  2.8078558E+06
  4.4299995E+03  3.1686052E+06
  4.4499995E+03  3.1662512E+06
  4.4699995E+03  3.4594530E+06
  4.4899995E+03  3.5559612E+06
  4.5099990E+03  4.1331168E+06
  4.5299995E+03  3.5499848E+06
  4.5499990E+03  3.7952645E+06
  4.5699995E+03  4.0777920E+06
  4.5899990E+03  3.8443835E+06
  4.6099990E+03  3.9318195E+06
  4.6299990E+03  3.8807018E+06
  4.6499990E+03  3.9041910E+06
  4.6699990E+03  4.1185350E+06
  4.6899990E+03  3.9944225E+06
  4.7099995E+03  3.8948495E+06
  4.7299990E+03  4.0342438E+06
  4.7499995E+03  4.1102100E+06
  4.7699995E+03  4.1109172E+06
  4.7899990E+03  4.1339652E+06
  4.8099995E+03  4.1410170E+06
  4.8299995E+03  4.2388910E+06
  4.8499990E+03  4.0375992E+06
  4.8700000E+03  3.6278790E+06
  4.8899990E+03  3.9484975E+06
  4.9099990E+03  3.9862480E+06
  4.9299990E+03  3.8316732E+06
  4.9499995E+03  4.0401652E+06
  4.9699995E+03  4.0514870E+06
  4.9899990E+03  3.7232892E+06
  5.0099995E+03  3.4846922E+06
  5.0299995E+03  3.7435215E+06
  5.0499995E+03  3.6625205E+06
  5.0699995E+03  3.8451692E+06
  5.0899995E+03  3.6256852E+06
  5.1099990E+03  3.6746922E+06
  5.1299995E+03  3.5603465E+06
  5.1499985E+03  3.3557632E+06
  5.1700000E+03  2.7998912E+06
  5.1899990E+03  2.9603148E+06
  5.2099990E+03  3.4743318E+06
  5.2299995E+03  3.8059092E+06
  5.2499995E+03  4.0869648E+06
  5.2699995E+03  3.4013670E+06
  5.2899990E+03  4.0698182E+06
  5.3099995E+03  4.3654970E+06
  5.3299990E+03  3.7282245E+06
  5.3499995E+03  4.1675258E+06
  5.3699995E+03  4.0829768E+06
  5.3899995E+03  4.0161645E+06
  5.4099990E+03  3.8935905E+06
  5.4299990E+03  3.9722898E+06
  5.4499990E+03  4.1184752E+06
  5.4699995E+03  4.1173725E+06
  5.4899995E+03  4.1856732E+06
  5.5099995E+03  4.0990065E+06
  5.5299985E+03  4.2078800E+06
  5.5499990E+03  4.2745955E+06
  5.5699990E+03  4.1247098E+06
  5.5899995E+03  4.0036202E+06
  5.6099990E+03  4.2085480E+06
  5.6299995E+03  4.2116225E+06
  5.6499990E+03  4.2553820E+06
  5.6699990E+03  4.1463160E+06
  5.6899995E+03  4.2185690E+06
  5.7099995E+03  4.0803380E+06
  5.7299990E+03  4.4120815E+06
  5.7499990E+03  4.2670410E+06
  5.7699990E+03  4.3149105E+06
  5.7899995E+03  4.1408602E+06
  5.8099985E+03  4.3009015E+06
  5.8300000E+03  4.4046710E+06
  5.8499990E+03  4.2722285E+06
  5.8699985E+03  4.2912740E+06
  5.8899985E+03  3.8294365E+06
  5.9099995E+03  4.2395295E+06
  5.9299985E+03  4.2375510E+06
  5.9499995E+03  4.2497595E+06
  5.9699990E+03  4.2914150E+06
  5.9899990E+03  4.2376060E+06
  6.0099990E+03  4.1542748E+06
  6.0299995E+03  4.2203210E+06
  6.0499990E+03  4.2917885E+06
  6.0699990E+03  4.2502605E+06
  6.0899995E+03  4.1126850E+06
  6.1099985E+03  4.1136580E+06
  6.1299995E+03  3.8918588E+06
  6.1499985E+03  4.0417958E+06
  6.1699985E+03  3.8028692E+06
  6.1900000E+03  4.1046640E+06
  6.2099995E+03  4.0950715E+06
  6.2299985E+03  3.9677785E+06
  6.2499990E+03  3.8617980E+06
  6.2699985E+03  4.0228228E+06
  6.2900000E+03  4.0556498E+06
  6.3099985E+03  3.9307282E+06
  6.3299995E+03  3.9650670E+06
  6.3499985E+03  3.9860982E+06
  6.3699985E+03  3.9697420E+06
  6.3899995E+03  4.0102528E+06
  6.4099990E+03  3.9043972E+06
  6.4299985E+03  3.9543182E+06
  6.4499985E+03  3.9019425E+06
  6.4699990E+03  3.8676858E+06
  6.4899990E+03  3.8084660E+06
  6.5099985E+03  3.9294652E+06
  6.5299990E+03  3.9450122E+06
  6.5499985E+03  3.8445620E+06
  6.5699985E+03  3.6020370E+06
  6.5899995E+03  3.8506008E+06
  6.6099985E+03  3.9148532E+06
  6.6299990E+03  3.8790992E+06
  6.6499985E+03  3.8722435E+06
  6.6699995E+03  3.8088328E+06
  6.6899990E+03  3.8926588E+06
  6.7099995E+03  3.7730960E+06
  6.7299990E+03  3.8616622E+06
  6.7499995E+03  3.8073915E+06
  6.7699985E+03  3.8242208E+06
  6.7899995E+03  3.7875878E+06
  6.8099995E+03  3.7717902E+06
  6.8300000E+03  3.8040835E+06
  6.8499985E+03  3.6919812E+06
  6.8699985E+03  3.7402002E+06
  6.8899985E+03  3.7581180E+06
  6.9099990E+03  3.7257432E+06
  6.9299995E+03  3.7024642E+06
  6.9499990E+03  3.6831360E+06
  6.9699985E+03  3.6891715E+06
  6.9899985E+03  3.6606885E+06
  7.0099985E+03  3.5696812E+06
  7.0299985E+03  3.6249422E+06
  7.0499990E+03  3.6392708E+06
  7.0699980E+03  3.5914275E+06
  7.0899990E+03  3.5744158E+06
  7.1099990E+03  3.5954720E+06
  7.1299995E+03  3.5222688E+06
  7.1499990E+03  3.4882952E+06
  7.1699995E+03  3.5194995E+06
  7.1899985E+03  3.3974130E+06
  7.2099985E+03  3.4659180E+06
  7.2299980E+03  3.5069485E+06
  7.2499990E+03  3.4968002E+06
  7.2699995E+03  3.4900605E+06
  7.2899990E+03  3.3932428E+06
  7.3099980E+03  3.4418190E+06
  7.3299980E+03  3.4216600E+06
  7.3499980E+03  3.4219628E+06
  7.3699985E+03  3.4433658E+06
  7.3899995E+03  3.3564588E+06
  7.4099985E+03  3.2845732E+06
  7.4299995E+03  3.3625220E+06
  7.4500000E+03  3.3559630E+06
  7.4700000E+03  3.3769045E+06
  7.4899990E+03  3.3455990E+06
  7.5099985E+03  3.3486440E+06
  7.5299995E+03  3.3621728E+06
  7.5499980E+03  3.3676488E+06
  7.5699985E+03  3.3330475E+06
  7.5899990E+03  3.3125615E+06
  7.6099980E+03  3.3007685E+06
  7.6299995E+03  3.3091762E+06
  7.6499995E+03  3.3099208E+06
  7.6699980E+03  3.1859300E+06
  7.6899990E+03  3.2895925E+06
  7.7099995E+03  3.2239380E+06
  7.7299985E+03  3.2375412E+06
  7.7499990E+03  3.1916235E+06
  7.7700000E+03  3.2636978E+06
  7.7900000E+03  3.2412495E+06
  7.8099995E+03  3.2237442E+06
  7.8299980E+03  3.1807520E+06
  7.8499980E+03  3.1692112E+06
  7.8699995E+03  3.2023305E+06
  7.8900000E+03  3.1689892E+06
  7.9099995E+03  3.1095120E+06
  7.9300000E+03  3.0641318E+06
  7.9499985E+03  3.0368142E+06
  7.9699990E+03  3.1144688E+06
  7.9900000E+03  3.1066262E+06
  8.0099980E+03  3.0625380E+06
  8.0299985E+03  3.0651792E+06
  8.0500000E+03  3.0318862E+06
  8.0699985E+03  3.0452812E+06
  8.0899990E+03  2.9793000E+06
  8.1099995E+03  3.0014535E+06
  8.1299976E+03  3.0187380E+06
  8.1499976E+03  3.0009342E+06
  8.1699980E+03  2.9951205E+06
  8.1899985E+03  2.8805922E+06
  8.2099990E+03  2.9081022E+06
  8.2300000E+03  2.9077782E+06
  8.2500000E+03  2.9353760E+06
  8.2700000E+03  2.9596440E+06
  8.2899980E+03  2.9372148E+06
  8.3099990E+03  2.8697380E+06
  8.3299980E+03  2.8414242E+06
  8.3500000E+03  2.8608420E+06
  8.3699990E+03  2.8711712E+06
  8.3899990E+03  2.7679075E+06
  8.4099971E+03  2.8641128E+06
  8.4300000E+03  2.7874515E+06
  8.4499990E+03  2.8342635E+06
  8.4699980E+03  2.7997320E+06
  8.4899980E+03  2.8251292E+06
  8.5099990E+03  2.6988768E+06
  8.5299990E+03  2.8132960E+06
  8.5499990E+03  2.6519870E+06
  8.5699990E+03  2.8161282E+06
  8.5900000E+03  2.7550360E+06
  8.6099980E+03  2.7480975E+06
  8.6299990E+03  2.7682032E+06
  8.6499990E+03  2.7780242E+06
  8.6699990E+03  2.5708640E+06
  8.6899990E+03  2.6504882E+06
  8.7099971E+03  2.7042782E+06
  8.7299990E+03  2.7075702E+06
  8.7499980E+03  2.6784282E+06
  8.7699980E+03  2.7013460E+06
  8.7899980E+03  2.6770238E+06
  8.8099990E+03  2.5807175E+06
  8.8299980E+03  2.6374112E+06
  8.8499980E+03  2.6602805E+06
  8.8699980E+03  2.6060162E+06
  8.8899990E+03  2.6580358E+06
  8.9099971E+03  2.6675668E+06
  8.9299980E+03  2.6063100E+06
  8.9499980E+03  2.5922290E+06
  8.9699990E+03  2.6023135E+06
  8.9899990E+03  2.6061770E+06
  9.0099980E+03  2.4941488E+06
  9.0299990E+03  2.5738988E+06
  9.0499990E+03  2.6138685E+06
  9.0699980E+03  2.5804180E+06
  9.0899990E+03  2.4984962E+06
  9.1099980E+03  2.5143205E+06
  9.1299980E+03  2.5523538E+06
  9.1499980E+03  2.5372032E+06
  9.1699980E+03  2.5301800E+06
  9.1899990E+03  2.5499575E+06
  9.2099990E+03  2.4893738E+06
  9.2299980E+03  2.4966400E+06
  9.2499980E+03  2.4672308E+06
  9.2699971E+03  2.4804898E+06
  9.2899990E+03  2.4693398E+06
  9.3099980E+03  2.4866028E+06
  9.3299990E+03  2.4678168E+06
  9.3499980E+03  2.4549440E+06
  9.3699990E+03  2.4240925E+06
  9.3900000E+03  2.4439420E+06
  9.4099980E+03  2.3597065E+06
  9.4299971E+03  2.4255418E+06
  9.4499990E+03  2.3701458E+06
  9.4700000E+03  2.4111845E+06
  9.4899980E+03  2.4147958E+06
  9.5100000E+03  2.3940262E+06
  9.5300000E+03  2.3835322E+06
  9.5500000E+03  2.3384068E+06
  9.5699990E+03  2.3406140E+06
  9.5899980E+03  2.3723578E+06
  9.6099980E+03  2.3369570E+06
  9.6299990E+03  2.3264065E+06
  9.6499990E+03  2.2860678E+06
  9.6699980E+03  2.2904405E+06
  9.6899980E+03  2.3148185E+06
  9.7100000E+03  2.2908670E+06
  9.7299990E+03  2.2771620E+06
  9.7499980E+03  2.2637478E+06
  9.7699961E+03  2.2634098E+06
  9.7899980E+03  2.2326302E+06
  9.8099980E+03  2.2680850E+06
  9.8299990E+03  2.2515740E+06
  9.8499980E+03  2.2588262E+06
  9.8700000E+03  2.2339408E+06
  9.8899980E+03  2.2306160E+06
  9.9099990E+03  2.2237692E+06
  9.9300000E+03  2.2285745E+06
  9.9499980E+03  2.2223650E+06
  9.9699980E+03  2.2167170E+06
  9.9899990E+03  2.2031690E+06
  1.0024998E+04  2.1885248E+06
  1.0074998E+04  2.1587658E+06
  1.0124997E+04  2.1509108E+06
  1.0174997E+04  2.1173058E+06
  1.0224998E+04  2.1062340E+06
  1.0274997E+04  2.1008440E+06
  1.0325000E+04  2.0614619E+06
  1.0374999E+04  2.0423056E+06
  1.0425000E+04  2.0452241E+06
  1.0474998E+04  2.0157556E+06
  1.0524997E+04  2.0117491E+06
  1.0574999E+04  1.9816526E+06
  1.0625000E+04  1.9656818E+06
  1.0674997E+04  1.9309145E+06
  1.0724998E+04  1.9284441E+06
  1.0774999E+04  1.9007882E+06
  1.0824997E+04  1.8644304E+06
  1.0874997E+04  1.8610551E+06
  1.0924999E+04  1.8662164E+06
  1.0974996E+04  1.8333008E+06
  1.1025000E+04  1.8395201E+06
  1.1074998E+04  1.8343744E+06
  1.1124999E+04  1.8146044E+06
  1.1174998E+04  1.7920076E+06
  1.1224999E+04  1.7879485E+06
  1.1274997E+04  1.7486261E+06
  1.1325000E+04  1.7477589E+06
  1.1375000E+04  1.7274199E+06
  1.1425000E+04  1.7007888E+06
  1.1474997E+04  1.7194459E+06
  1.1525000E+04  1.7082738E+06
  1.1574998E+04  1.6817942E+06
  1.1625000E+04  1.6526388E+06
  1.1674998E+04  1.6512834E+06
  1.1724997E+04  1.6577829E+06
  1.1775001E+04  1.6232186E+06
  1.1824999E+04  1.6014922E+06
  1.1875000E+04  1.5847748E+06
  1.1925000E+04  1.6086551E+06
  1.1975001E+04  1.5413931E+06
  1.2024998E+04  1.5661194E+06
  1.2074996E+04  1.5442882E+06
  1.2125000E+04  1.5483619E+06
  1.2175000E+04  1.5509704E+06
  1.2225001E+04  1.5365951E+06
  1.2275001E+04  1.5193271E+06
  1.2324996E+04  1.5109444E+06
  1.2374996E+04  1.5016132E+06
  1.2424998E+04  1.4834021E+06
  1.2475000E+04  1.4819438E+06
  1.2524997E+04  1.4643486E+06
  1.2574997E+04  1.4592070E+06
  1.2624999E+04  1.4464659E+06
  1.2674997E+04  1.4288159E+06
  1.2724999E+04  1.4292188E+06
  1.2774999E+04  1.4246319E+06
  1.2825000E+04  1.3695686E+06
  1.2875001E+04  1.3915192E+06
  1.2924997E+04  1.3768056E+06
  1.2975001E+04  1.3825946E+06
  1.3024998E+04  1.3623411E+06
  1.3074999E+04  1.3639735E+06
  1.3125000E+04  1.3307474E+06
  1.3174998E+04  1.3258100E+06
  1.3224998E+04  1.3332299E+06
  1.3274997E+04  1.3080701E+06
  1.3324997E+04  1.3101964E+06
  1.3374999E+04  1.2992180E+06
  1.3424999E+04  1.3032918E+06
  1.3474999E+04  1.2908366E+06
  1.3525001E+04  1.2843168E+06
  1.3574999E+04  1.2598682E+06
  1.3624997E+04  1.2546771E+06
  1.3674997E+04  1.2524088E+06
  1.3724995E+04  1.2504604E+06
  1.3774998E+04  1.2389366E+06
  1.3824998E+04  1.2348401E+06
  1.3874996E+04  1.2220625E+06
  1.3925000E+04  1.2218501E+06
  1.3974996E+04  1.2148016E+06
  1.4024997E+04  1.1930931E+06
  1.4075001E+04  1.1994829E+06
  1.4124996E+04  1.1809425E+06
  1.4175000E+04  1.1886938E+06
  1.4225000E+04  1.1623300E+06
  1.4274994E+04  1.1387100E+06
  1.4325001E+04  1.1597071E+06
  1.4374998E+04  1.1607881E+06
  1.4424999E+04  1.1204552E+06
  1.4475000E+04  1.1428986E+06
  1.4524997E+04  1.1183840E+06
  1.4569999E+04  1.1209626E+06
  1.4620000E+04  1.1218038E+06
  1.4674998E+04  1.1155801E+06
  1.4725000E+04  1.0937171E+06
  1.4775002E+04  1.0919872E+06
  1.4824998E+04  1.0883541E+06
  1.4874996E+04  1.0574686E+06
  1.4924997E+04  1.0882789E+06
  1.4974999E+04  1.0686926E+06
  1.5024999E+04  1.0130462E+06
  1.5075000E+04  1.0277055E+06
  1.5124999E+04  1.0543688E+06
  1.5175000E+04  1.0508511E+06
  1.5225002E+04  1.0359151E+06
  1.5274998E+04  1.0399307E+06
  1.5324995E+04  1.0295151E+06
  1.5374997E+04  1.0284075E+06
  1.5425001E+04  1.0273084E+06
  1.5474996E+04  1.0183529E+06
  1.5524994E+04  1.0001128E+06
  1.5575001E+04  9.9297094E+05
  1.5624998E+04  1.0015483E+06
  1.5674997E+04  9.7348869E+05
  1.5724994E+04  9.8167519E+05
  1.5774996E+04  9.3401138E+05
  1.5825001E+04  9.5639956E+05
  1.5874995E+04  9.2388094E+05
  1.5925002E+04  9.4042994E+05
  1.5975001E+04  9.4605206E+05
  1.6049998E+04  9.3711444E+05
  1.6150001E+04  9.2034506E+05
  1.6249997E+04  9.1403212E+05
  1.6350000E+04  8.9717762E+05
  1.6449996E+04  8.7874369E+05
  1.6549998E+04  8.7148475E+05
  1.6649994E+04  8.5542231E+05
  1.6749998E+04  8.2932644E+05
  1.6849998E+04  8.1117919E+05
  1.6950000E+04  8.1144419E+05
  1.7049996E+04  7.8357756E+05
  1.7150000E+04  7.7062331E+05
  1.7249992E+04  7.5157388E+05
  1.7349994E+04  7.3019469E+05
  1.7449992E+04  7.2436125E+05
  1.7550000E+04  7.1360969E+05
  1.7649998E+04  7.0110825E+05
  1.7749994E+04  6.8505212E+05
  1.7849994E+04  6.7634562E+05
  1.7949998E+04  6.6235288E+05
  1.8050002E+04  6.4772594E+05
  1.8150002E+04  6.3001825E+05
  1.8249994E+04  6.2102944E+05
  1.8349992E+04  6.1038581E+05
  1.8449992E+04  5.9333950E+05
  1.8549998E+04  5.8843725E+05
  1.8650002E+04  5.7027269E+05
  1.8750002E+04  5.4763906E+05
  1.8850000E+04  5.5366594E+05
  1.8950004E+04  5.3043319E+05
  1.9049996E+04  5.3543700E+05
  1.9149998E+04  5.2388059E+05
  1.9249992E+04  5.1514800E+05
  1.9350000E+04  5.0011725E+05
  1.9449992E+04  4.8392431E+05
  1.9550002E+04  4.8636866E+05
  1.9649992E+04  4.7687497E+05
  1.9749992E+04  4.6507525E+05
  1.9849992E+04  4.5884266E+05
  1.9950002E+04  4.5214291E+05
  2.0050002E+04  4.4848744E+05
  2.0149996E+04  4.4237712E+05
  2.0249994E+04  4.2947472E+05
  2.0349994E+04  4.2065200E+05
  2.0449996E+04  4.1888116E+05
  2.0550000E+04  4.1064819E+05
  2.0649992E+04  4.0078809E+05
  2.0749998E+04  3.9560419E+05
  2.0849992E+04  3.8903694E+05
  2.0950004E+04  3.7906547E+05
  2.1050002E+04  3.7664578E+05
  2.1149992E+04  3.6938722E+05
  2.1250000E+04  3.6316544E+05
  2.1350002E+04  3.5838278E+05
  2.1449996E+04  3.5236356E+05
  2.1550006E+04  3.4666694E+05
  2.1649994E+04  3.3474359E+05
  2.1750002E+04  3.3263588E+05
  2.1849998E+04  3.2790172E+05
  2.1950002E+04  3.2397456E+05
  2.2050000E+04  3.1499894E+05
  2.2149996E+04  3.1392734E+05
  2.2249998E+04  3.0678944E+05
  2.2350004E+04  3.0210425E+05
  2.2449990E+04  2.9758047E+05
  2.2549994E+04  2.9341334E+05
  2.2650000E+04  2.8709762E+05
  2.2750000E+04  2.8468116E+05
  2.2850000E+04  2.7800991E+05
  2.2950004E+04  2.6132278E+05
  2.3050000E+04  2.6495984E+05
  2.3149996E+04  2.6166355E+05
  2.3250000E+04  2.4340202E+05
  2.3349996E+04  2.4783067E+05
  2.3449994E+04  2.4879762E+05
  2.3550002E+04  2.2974086E+05
  2.3649988E+04  2.3708395E+05
  2.3750000E+04  2.3567248E+05
  2.3849990E+04  2.1912323E+05
  2.3950002E+04  2.2473177E+05
  2.4050006E+04  2.2423453E+05
  2.4149992E+04  2.1141336E+05
  2.4249990E+04  2.1380545E+05
  2.4349990E+04  2.1299966E+05
  2.4450002E+04  2.0519822E+05
  2.4549990E+04  2.0176122E+05
  2.4649992E+04  2.0461634E+05
  2.4749992E+04  1.9859350E+05
  2.4850006E+04  1.9207489E+05
  2.4950000E+04  1.9434503E+05
  2.5050006E+04  1.9412922E+05
  2.5149994E+04  1.8604300E+05
  2.5249998E+04  1.8748536E+05
  2.5350004E+04  1.8531725E+05
  2.5449988E+04  1.8107792E+05
  2.5549998E+04  1.7887825E+05
  2.5649990E+04  1.7705689E+05
  2.5749990E+04  1.7633205E+05
  2.5849994E+04  1.6986248E+05
  2.5949990E+04  1.7028462E+05
  2.6049996E+04  1.6895745E+05
  2.6149998E+04  1.6626284E+05
  2.6249988E+04  1.6134097E+05
  2.6350008E+04  1.6150205E+05
  2.6449996E+04  1.5916864E+05
  2.6549994E+04  1.5721833E+05
  2.6649994E+04  1.5368019E+05
  2.6749988E+04  1.5449720E+05
  2.6849986E+04  1.5260648E+05
  2.6949986E+04  1.4995111E+05
  2.7050002E+04  1.4851477E+05
  2.7149998E+04  1.4653350E+05
  2.7249994E+04  1.4468380E+05
  2.7350006E+04  1.4272608E+05
  2.7450004E+04  1.4133311E+05
  2.7549996E+04  1.3930145E+05
  2.7649982E+04  1.3705895E+05
  2.7750004E+04  1.3525081E+05
  2.7850000E+04  1.3384903E+05
  2.7949992E+04  1.3254583E+05
  2.8049994E+04  1.3069267E+05
  2.8150002E+04  1.2899077E+05
  2.8250006E+04  1.2730968E+05
  2.8350000E+04  1.2600070E+05
  2.8450000E+04  1.2397149E+05
  2.8550002E+04  1.2254991E+05
  2.8650002E+04  1.2092026E+05
  2.8749982E+04  1.1928309E+05
  2.8849998E+04  1.1794600E+05
  2.8949986E+04  1.1653032E+05
  2.9049994E+04  1.1502404E+05
  2.9149986E+04  1.1367762E+05
  2.9249984E+04  1.1152784E+05
  2.9349980E+04  1.1076043E+05
  2.9450000E+04  1.0909719E+05
  2.9550004E+04  1.0794584E+05
  2.9649982E+04  1.0676912E+05
  2.9749992E+04  1.0545656E+05
  2.9849994E+04  1.0404084E+05
  2.9949984E+04  1.0259972E+05
  3.0049996E+04  1.0136722E+05
  3.0149994E+04  1.0033536E+05
  3.0249994E+04  9.8878492E+04
  3.0349996E+04  9.7344547E+04
  3.0449996E+04  9.6576203E+04
  3.0549996E+04  9.5371789E+04
  3.0649996E+04  9.4060711E+04
  3.0749994E+04  9.3171055E+04
  3.0849996E+04  9.1712969E+04
  3.0949994E+04  9.0724055E+04
  3.1049996E+04  8.9867086E+04
  3.1149996E+04  8.8044711E+04
  3.1249996E+04  8.7624867E+04
  3.1349996E+04  8.6656602E+04
  3.1449996E+04  8.5607430E+04
  3.1549998E+04  8.4274609E+04
  3.1649996E+04  8.3370594E+04
  3.1749998E+04  8.2536047E+04
  3.1849996E+04  8.1565508E+04
  3.1949994E+04  8.0705133E+04
  3.2099996E+04  7.9159258E+04
  3.2299992E+04  7.7326203E+04
  3.2499994E+04  7.5514266E+04
  3.2699996E+04  7.3737227E+04
  3.2899996E+04  7.1872383E+04
  3.3099996E+04  7.0342812E+04
  3.3299992E+04  6.8637469E+04
  3.3499996E+04  6.7326875E+04
  3.3699996E+04  6.5760523E+04
  3.3899996E+04  6.4134547E+04
  3.4099996E+04  6.2668434E+04
  3.4299996E+04  6.1529859E+04
  3.4499992E+04  6.0270977E+04
  3.4699996E+04  5.8902383E+04
  3.4899996E+04  5.7647727E+04
  3.5099996E+04  5.6460582E+04
  3.5299996E+04  5.5127250E+04
  3.5499996E+04  5.4050477E+04
  3.5699992E+04  5.2843559E+04
  3.5899992E+04  5.1709793E+04
  3.6099996E+04  5.0742363E+04
  3.6299992E+04  4.9681582E+04
  3.6499992E+04  4.8510844E+04
  3.6699992E+04  4.7449320E+04
  3.6899992E+04  4.6266785E+04
  3.7099996E+04  4.5273879E+04
  3.7299996E+04  4.4583875E+04
  3.7499992E+04  4.3378227E+04
  3.7699996E+04  4.2810520E+04
  3.7899996E+04  4.1908770E+04
  3.8099992E+04  4.1168898E+04
  3.8299996E+04  4.0436996E+04
  3.8499996E+04  3.9669758E+04
  3.8699996E+04  3.8747648E+04
  3.8899992E+04  3.8061453E+04
  3.9099996E+04  3.7382285E+04
  3.9299992E+04  3.6661289E+04
  3.9499992E+04  3.5808062E+04
  3.9699992E+04  3.5197203E+04
  3.9900000E+04  3.4336441E+04
  4.0099996E+04  3.3816738E+04
  4.0299992E+04  3.3273160E+04
  4.0499996E+04  3.2492871E+04
  4.0699992E+04  3.1990102E+04
  4.0899992E+04  3.1425770E+04
  4.1099996E+04  3.0855266E+04
  4.1299996E+04  3.0327445E+04
  4.1499992E+04  2.9716473E+04
  4.1699992E+04  2.9187295E+04
  4.1899996E+04  2.8591721E+04
  4.2099996E+04  2.7955121E+04
  4.2299992E+04  2.7680871E+04
  4.2499996E+04  2.7089324E+04
  4.2699992E+04  2.6679125E+04
  4.2899992E+04  2.5309189E+04
  4.3099996E+04  2.4152078E+04
  4.3299996E+04  2.4130416E+04
  4.3499992E+04  2.2871770E+04
  4.3699996E+04  2.2264396E+04
  4.3899996E+04  2.1936887E+04
  4.4099992E+04  2.0791115E+04
  4.4299992E+04  2.0590369E+04
  4.4499996E+04  2.0287750E+04
  4.4699996E+04  1.9335453E+04
  4.4899996E+04  1.9443891E+04
  4.5099992E+04  1.8932877E+04
  4.5299992E+04  1.8233855E+04
  4.5499996E+04  1.8266617E+04
  4.5699992E+04  1.8128732E+04
  4.5899996E+04  1.7367764E+04
  4.6099996E+04  1.7460607E+04
  4.6299992E+04  1.7150691E+04
  4.6499988E+04  1.6982395E+04
  4.6699992E+04  1.6846055E+04
  4.6899992E+04  1.6598721E+04
  4.7099992E+04  1.6261743E+04
  4.7299992E+04  1.6302499E+04
  4.7499996E+04  1.5923726E+04
  4.7699992E+04  1.5689307E+04
  4.7899992E+04  1.5505036E+04
  4.8099996E+04  1.5122015E+04
  4.8299992E+04  1.5196158E+04
  4.8499992E+04  1.4898595E+04
  4.8700000E+04  1.4579187E+04
  4.8899992E+04  1.4402987E+04
  4.9099988E+04  1.4209945E+04
  4.9299988E+04  1.3971505E+04
  4.9499996E+04  1.3735514E+04
  4.9699992E+04  1.3591944E+04
  4.9899988E+04  1.3371554E+04
  5.0099996E+04  1.3257198E+04
  5.0299996E+04  1.3074702E+04
  5.0499996E+04  1.2759954E+04
  5.0699996E+04  1.2642921E+04
  5.0899992E+04  1.2512646E+04
  5.1099992E+04  1.2236421E+04
  5.1299996E+04  1.2170256E+04
  5.1499988E+04  1.1938844E+04
  5.1699996E+04  1.1900209E+04
  5.1899992E+04  1.1647551E+04
  5.2099992E+04  1.1519575E+04
  5.2299996E+04  1.1309884E+04
  5.2499996E+04  1.1239596E+04
  5.2699996E+04  1.1146987E+04
  5.2899992E+04  1.0866714E+04
  5.3099988E+04  1.0755349E+04
  5.3299988E+04  1.0639112E+04
  5.3499992E+04  1.0516017E+04
  5.3699992E+04  1.0385443E+04
  5.3899992E+04  1.0266890E+04
  5.4099992E+04  1.0127274E+04
  5.4299984E+04  9.9209531E+03
  5.4499988E+04  9.8736367E+03
  5.4699996E+04  9.7339512E+03
  5.4899992E+04  9.5980381E+03
  5.5099992E+04  9.4912607E+03
  5.5299988E+04  9.4641260E+03
  5.5499988E+04  9.2174717E+03
  5.5699992E+04  9.1999688E+03
  5.5899992E+04  9.0291230E+03
  5.6099988E+04  8.9317031E+03
  5.6299996E+04  8.7864639E+03
  5.6499988E+04  8.7340498E+03
  5.6699988E+04  8.6262549E+03
  5.6899992E+04  8.4619238E+03
  5.7099996E+04  8.4212354E+03
  5.7299988E+04  8.3039209E+03
  5.7499988E+04  8.2060322E+03
  5.7699988E+04  8.0865532E+03
  5.7899996E+04  8.0225791E+03
  5.8099988E+04  7.8894312E+03
  5.8299996E+04  7.8002563E+03
  5.8499992E+04  7.7180615E+03
  5.8699988E+04  7.5919761E+03
  5.8899988E+04  7.5001084E+03
  5.9099992E+04  7.4326055E+03
  5.9299988E+04  7.3410942E+03
  5.9499996E+04  7.2354238E+03
  5.9699988E+04  7.1728652E+03
  5.9899992E+04  7.0830459E+03
  6.0099992E+04  6.9944717E+03
  6.0299992E+04  6.9110581E+03
  6.0499988E+04  6.8106846E+03
  6.0699992E+04  6.7293740E+03
  6.0899992E+04  6.6468516E+03
  6.1099988E+04  6.5528506E+03
  6.1299992E+04  6.4909106E+03
  6.1499988E+04  6.4179849E+03
  6.1699988E+04  6.3459648E+03
  6.1899996E+04  6.2741484E+03
  6.2099996E+04  6.2026372E+03
  6.2299988E+04  6.1109492E+03
  6.2499992E+04  6.0334199E+03
  6.2699988E+04  5.9629844E+03
  6.2899996E+04  5.9020791E+03
  6.3099984E+04  5.8237573E+03
  6.3299996E+04  5.7725327E+03
  6.3499984E+04  5.6953071E+03
  6.3699984E+04  5.6375029E+03
  6.3900000E+04  5.5626851E+03
  6.4199992E+04  5.4674028E+03
  6.4599984E+04  5.3361719E+03
  6.4999992E+04  5.2126484E+03
  6.5399992E+04  5.0949990E+03
  6.5799992E+04  4.9807734E+03
  6.6199984E+04  4.8633418E+03
  6.6599984E+04  4.7536284E+03
  6.6999992E+04  4.6448359E+03
  6.7399992E+04  4.5368755E+03
  6.7799992E+04  4.4364590E+03
  6.8199992E+04  4.3358115E+03
  6.8599992E+04  4.2400044E+03
  6.8999984E+04  4.1449355E+03
  6.9399984E+04  4.0525515E+03
  6.9800000E+04  3.9645564E+03
  7.0199992E+04  3.8734851E+03
  7.0599984E+04  3.7918511E+03
  7.0999977E+04  3.7096377E+03
  7.1399977E+04  3.6293928E+03
  7.1799984E+04  3.5508459E+03
  7.2199984E+04  3.4751143E+03
  7.2600000E+04  3.4003291E+03
  7.2999984E+04  3.3291648E+03
  7.3400000E+04  3.2573843E+03
  7.3799984E+04  3.1901450E+03
  7.4199992E+04  3.1210127E+03
  7.4599992E+04  3.0548010E+03
  7.5000000E+04  2.9935037E+03
  7.5399992E+04  2.9306160E+03
  7.5799992E+04  2.8736060E+03
  7.6199984E+04  2.8148386E+03
  7.6599992E+04  2.7577795E+03
  7.6999992E+04  2.7011804E+03
  7.7399992E+04  2.6478650E+03
  7.7799984E+04  2.5951270E+03
  7.8199984E+04  2.5433882E+03
  7.8599984E+04  2.4931140E+03
  7.8999984E+04  2.4439668E+03
  7.9399984E+04  2.3959792E+03
  7.9800000E+04  2.3495378E+03
  8.0199992E+04  2.3026731E+03
  8.0599984E+04  2.2578960E+03
  8.0999992E+04  2.2156108E+03
  8.1399977E+04  2.1718862E+03
  8.1799984E+04  2.1318359E+03
  8.2199984E+04  2.0916238E+03
  8.2599992E+04  2.0518677E+03
  8.2999984E+04  2.0134910E+03
  8.3400000E+04  1.9750486E+03
  8.3799992E+04  1.9382673E+03
  8.4199992E+04  1.9032097E+03
  8.4599977E+04  1.8679907E+03
  8.4999977E+04  1.8337653E+03
  8.5399984E+04  1.8002522E+03
  8.5799984E+04  1.7676927E+03
  8.6199992E+04  1.7356074E+03
  8.6599992E+04  1.7045409E+03
  8.6999984E+04  1.6739713E+03
  8.7399992E+04  1.6440854E+03
  8.7799992E+04  1.6148202E+03
  8.8199984E+04  1.5855331E+03
  8.8599977E+04  1.5577157E+03
  8.8999992E+04  1.5299520E+03
  8.9399977E+04  1.5040837E+03
  8.9799977E+04  1.4771663E+03
  9.0199984E+04  1.4523324E+03
  9.0599984E+04  1.4275576E+03
  9.0999992E+04  1.4017965E+03
  9.1400000E+04  1.3785500E+03
  9.1799969E+04  1.3552087E+03
  9.2199969E+04  1.3325734E+03
  9.2599984E+04  1.3099696E+03
  9.3000000E+04  1.2880096E+03
  9.3399984E+04  1.2663345E+03
  9.3799984E+04  1.2452809E+03
  9.4199977E+04  1.2246235E+03
  9.4599984E+04  1.2041859E+03
  9.4999969E+04  1.1843826E+03
  9.5399984E+04  1.1649918E+03
  9.5799984E+04  1.1460476E+03
  9.6199992E+04  1.1272959E+03
  9.6599984E+04  1.1091381E+03
  9.7000000E+04  1.0912404E+03
  9.7399977E+04  1.0726067E+03
  9.7799984E+04  1.0560914E+03
  9.8199977E+04  1.0395748E+03
  9.8599977E+04  1.0230972E+03
  9.8999992E+04  1.0069662E+03
  9.9399984E+04  9.9094739E+02
  9.9799977E+04  9.7545514E+02
  1.0019999E+05  9.6021521E+02
  1.9999991E+05  6.2233524E+01
  3.9999994E+05  3.9128442E+00
  5.9999981E+05  7.6962417E-01
  7.9999994E+05  2.4211575E-01
