  9.2499988E+02  1.9660351E-10
  9.3499982E+02  2.8011993E-10
  9.4500000E+02  4.5784646E-10
  9.5500000E+02  7.2861966E-10
  9.6499988E+02  1.2133863E-09
  9.7499982E+02  1.7201819E-09
  9.8499976E+02  2.6876983E-09
  9.9499988E+02  4.0301811E-09
  1.0049999E+03  6.3793135E-09
  1.0149997E+03  9.5153734E-09
  1.0249998E+03  1.0720827E-08
  1.0349998E+03  2.1172108E-08
  1.0449998E+03  3.2203740E-08
  1.0549999E+03  4.0525823E-08
  1.0649999E+03  6.2776394E-08
  1.0750000E+03  8.9366210E-08
  1.0849996E+03  1.2732879E-07
  1.0949999E+03  1.6015379E-07
  1.1049999E+03  2.0606970E-07
  1.1149999E+03  2.9221681E-07
  1.1249999E+03  4.3506813E-07
  1.1349996E+03  6.5349468E-07
  1.1449999E+03  9.0213064E-07
  1.1549999E+03  1.2154356E-06
  1.1650000E+03  1.6375593E-06
  1.1749995E+03  2.2695001E-06
  1.1849996E+03  2.8752161E-06
  1.1949998E+03  3.4380257E-06
  1.2049996E+03  3.8788321E-06
  1.2149998E+03  1.2705660E-06
  1.2249996E+03  6.0212051E-06
  1.2349996E+03  1.0051736E-05
  1.2449998E+03  1.3143400E-05
  1.2549996E+03  1.6167220E-05
  1.2650000E+03  2.0163920E-05
  1.2749998E+03  2.5170006E-05
  1.2849995E+03  2.8341266E-05
  1.2949998E+03  3.5156743E-05
  1.3049995E+03  4.0966654E-05
  1.3149998E+03  5.3509189E-05
  1.3249998E+03  5.8054189E-05
  1.3349996E+03  6.6416738E-05
  1.3449995E+03  8.3442465E-05
  1.3549996E+03  1.0771633E-04
  1.3649999E+03  1.1695109E-04
  1.3749999E+03  1.3233506E-04
  1.3849996E+03  1.4729759E-04
  1.3949999E+03  1.6982583E-04
  1.4050001E+03  2.2783084E-04
  1.4149998E+03  2.7213182E-04
  1.4249998E+03  3.2849182E-04
  1.4350000E+03  4.1430618E-04
  1.4419998E+03  5.5518094E-04
  1.4469999E+03  4.9632904E-04
  1.4549994E+03  6.0730404E-04
  1.4650000E+03  8.3041081E-04
  1.4749995E+03  9.7146758E-04
  1.4849996E+03  1.0739303E-03
  1.4949998E+03  1.5106746E-03
  1.5049996E+03  1.9543339E-03
  1.5119995E+03  1.3763411E-03
  1.5169994E+03  1.9217371E-03
  1.5250001E+03  6.9977362E-03
  1.5349994E+03  1.3068007E-02
  1.5449994E+03  9.9928770E-03
  1.5549998E+03  1.9141832E-02
  1.5649999E+03  1.8531904E-02
  1.5750001E+03  7.2366133E-02
  1.5850000E+03  8.9272626E-02
  1.5949996E+03  1.0529471E-01
  1.6049999E+03  1.0640559E-01
  1.6150000E+03  1.1542086E-01
  1.6249996E+03  1.4073361E-01
  1.6350000E+03  2.0085099E-01
  1.6449996E+03  3.0989012E-01
  1.6549999E+03  2.0434730E-01
  1.6649993E+03  3.8693571E-01
  1.6720000E+03  2.3653083E-01
  1.6770001E+03  1.8858557E+00
  1.6849998E+03  2.1410649E+00
  1.6950000E+03  2.8685484E+00
  1.7049995E+03  3.0564766E+00
  1.7150000E+03  3.2850502E+00
  1.7249993E+03  5.2079568E+00
  1.7349994E+03  6.7148623E+00
  1.7449993E+03  1.0141156E+01
  1.7550001E+03  1.3304193E+01
  1.7649998E+03  1.3785139E+01
  1.7749995E+03  1.3438936E+01
  1.7849995E+03  2.1799562E+01
  1.7949999E+03  2.4461735E+01
  1.8050001E+03  3.1811604E+01
  1.8150001E+03  2.6488441E+01
  1.8249994E+03  4.2257469E+01
  1.8349993E+03  4.1200706E+01
  1.8449993E+03  3.0924223E+01
  1.8549998E+03  4.1913307E+01
  1.8650002E+03  5.7772449E+01
  1.8750001E+03  6.2725872E+01
  1.8850000E+03  7.2111229E+01
  1.8950002E+03  1.0445951E+02
  1.9049996E+03  9.7880394E+01
  1.9149999E+03  1.1992670E+02
  1.9249993E+03  1.1383458E+02
  1.9350001E+03  6.4553902E+01
  1.9449993E+03  1.6015292E+02
  1.9550002E+03  1.8462946E+02
  1.9670002E+03  2.4620959E+02
  1.9759990E+03  2.5281989E+02
  1.9839996E+03  2.9423663E+02
  1.9950001E+03  2.9351859E+02
  2.0050002E+03  3.0061600E+02
  2.0149996E+03  3.3937506E+02
  2.0249994E+03  2.5282295E+02
  2.0349995E+03  3.8713803E+02
  2.0449998E+03  4.4701431E+02
  2.0550000E+03  4.9201590E+02
  2.0649993E+03  4.8691797E+02
  2.0739993E+03  5.0104099E+02
  2.0780002E+03  1.1052246E+03
  2.0849993E+03  1.4079752E+03
  2.0950005E+03  1.3731057E+03
  2.1050002E+03  1.3940145E+03
  2.1149990E+03  1.6600531E+03
  2.1250000E+03  1.4552479E+03
  2.1350002E+03  1.7870376E+03
  2.1449998E+03  1.9202556E+03
  2.1550005E+03  1.8598854E+03
  2.1649995E+03  1.7950028E+03
  2.1750002E+03  1.9666365E+03
  2.1849998E+03  2.0765110E+03
  2.1950000E+03  2.5245986E+03
  2.2050000E+03  2.5593228E+03
  2.2149998E+03  2.2039333E+03
  2.2249998E+03  2.6438757E+03
  2.2350005E+03  3.8383540E+03
  2.2449990E+03  3.9636787E+03
  2.2549993E+03  3.5882463E+03
  2.2650000E+03  2.7616331E+03
  2.2750000E+03  3.6212224E+03
  2.2850000E+03  4.9336836E+03
  2.2950002E+03  4.6435854E+03
  2.3050000E+03  3.9501826E+03
  2.3149995E+03  4.7822510E+03
  2.3250000E+03  5.0394146E+03
  2.3349995E+03  5.8572959E+03
  2.3449993E+03  3.9041963E+03
  2.3550000E+03  5.4864468E+03
  2.3649988E+03  4.4426216E+03
  2.3750000E+03  5.5226680E+03
  2.3849990E+03  4.2951729E+03
  2.3950000E+03  5.2634673E+03
  2.4050005E+03  6.2679761E+03
  2.4149993E+03  5.3685000E+03
  2.4249990E+03  8.7907910E+03
  2.4349990E+03  1.0402503E+04
  2.4450000E+03  1.2941714E+04
  2.4549990E+03  1.4053526E+04
  2.4649990E+03  1.0136577E+04
  2.4749993E+03  9.4299775E+03
  2.4850005E+03  2.7827190E+03
  2.4950000E+03  5.6497622E+03
  2.5050005E+03  1.0559886E+04
  2.5129988E+03  5.2702480E+03
  2.5179990E+03  3.2347498E+03
  2.5249998E+03  3.8245737E+03
  2.5350007E+03  1.2746090E+04
  2.5449988E+03  1.3384249E+04
  2.5550000E+03  4.6560508E+04
  2.5649990E+03  2.3103688E+04
  2.5749990E+03  3.5160164E+04
  2.5849993E+03  2.9817979E+04
  2.5949990E+03  2.6174309E+04
  2.6049995E+03  2.4888391E+04
  2.6149998E+03  2.2702957E+04
  2.6249990E+03  3.2302633E+04
  2.6350007E+03  8.0276258E+04
  2.6449995E+03  1.1797909E+05
  2.6549998E+03  2.3486812E+05
  2.6649995E+03  1.1651199E+05
  2.6749988E+03  1.1820128E+05
  2.6849988E+03  1.6760948E+05
  2.6949988E+03  9.7375609E+04
  2.7050000E+03  1.5727791E+05
  2.7150000E+03  9.2082367E+04
  2.7249995E+03  4.2477719E+04
  2.7350007E+03  7.2000133E+04
  2.7450002E+03  4.3322895E+04
  2.7549998E+03  6.6436836E+04
  2.7649983E+03  9.8233633E+04
  2.7750005E+03  1.0720849E+05
  2.7850000E+03  5.8703750E+04
  2.7949993E+03  2.0156994E+04
  2.8049995E+03  2.6551750E+04
  2.8150002E+03  8.7824203E+04
  2.8250007E+03  1.3399875E+05
  2.8350000E+03  1.0955747E+05
  2.8450002E+03  5.1953051E+04
  2.8550005E+03  1.8174727E+04
  2.8650000E+03  8.7011562E+04
  2.8749983E+03  1.9812905E+05
  2.8850000E+03  2.1000159E+05
  2.8949988E+03  3.2065616E+05
  2.9099988E+03  5.0917128E+05
  2.9299983E+03  5.0562294E+05
  2.9499990E+03  5.0164722E+05
  2.9700005E+03  5.3300981E+05
  2.9899980E+03  6.0740225E+05
  3.0099995E+03  5.8654956E+05
  3.0299995E+03  6.7251344E+05
  3.0499995E+03  6.9332662E+05
  3.0699995E+03  6.8588144E+05
  3.0899995E+03  5.9437044E+05
  3.1099995E+03  7.4621362E+05
  3.1299998E+03  6.1334638E+05
  3.1499995E+03  6.3333688E+05
  3.1699995E+03  7.6277125E+05
  3.1899995E+03  6.2910406E+05
  3.2099998E+03  6.9419269E+05
  3.2299993E+03  5.7837569E+05
  3.2499993E+03  9.3037494E+05
  3.2699995E+03  1.0791234E+06
  3.2899995E+03  1.0431764E+06
  3.3099998E+03  9.2222425E+05
  3.3299993E+03  9.8449562E+05
  3.3499995E+03  9.2708744E+05
  3.3699995E+03  6.1783181E+05
  3.3899993E+03  7.4414969E+05
  3.4099993E+03  8.1391544E+05
  3.4299995E+03  8.8629906E+05
  3.4499993E+03  1.0622276E+06
  3.4699998E+03  1.0956669E+06
  3.4899993E+03  1.2412916E+06
  3.5099995E+03  1.2832672E+06
  3.5299995E+03  1.0978890E+06
  3.5499995E+03  1.1633062E+06
  3.5699995E+03  7.8498256E+05
  3.5899995E+03  9.1937606E+05
  3.6099995E+03  1.2848780E+06
  3.6299993E+03  1.3194195E+06
  3.6399993E+03  1.2998681E+06
  3.6499995E+03  1.4179418E+06
  3.6699993E+03  1.5017692E+06
  3.6899995E+03  1.3848215E+06
  3.7099995E+03  1.5507969E+06
  3.7299998E+03  8.5986088E+05
  3.7499993E+03  1.0091761E+06
  3.7699993E+03  1.3160970E+06
  3.7899995E+03  1.2863495E+06
  3.8099993E+03  1.1331762E+06
  3.8299998E+03  5.5569081E+05
  3.8499995E+03  6.6636456E+05
  3.8699995E+03  7.3113425E+05
  3.8899995E+03  1.2892791E+06
  3.9099995E+03  1.6199565E+06
  3.9299993E+03  6.8453919E+05
  3.9499993E+03  1.3462914E+06
  3.9699998E+03  8.9048294E+05
  3.9899995E+03  2.1642378E+06
  4.0099995E+03  2.3719045E+06
  4.0299993E+03  2.3815918E+06
  4.0499993E+03  2.2442520E+06
  4.0699993E+03  2.1164730E+06
  4.0899995E+03  2.6759422E+06
  4.1099995E+03  2.6733798E+06
  4.1299995E+03  2.4103372E+06
  4.1499990E+03  2.3036012E+06
  4.1699990E+03  2.3459030E+06
  4.1899995E+03  2.2855785E+06
  4.2099995E+03  2.4384212E+06
  4.2299995E+03  2.4878462E+06
  4.2499995E+03  2.5066178E+06
  4.2699990E+03  2.3247125E+06
  4.2899995E+03  2.1006380E+06
  4.3100000E+03  1.7106824E+06
  4.3299995E+03  2.7558388E+06
  4.3499995E+03  2.6893435E+06
  4.3699995E+03  2.9243965E+06
  4.3899995E+03  2.5903198E+06
  4.4099995E+03  2.8396248E+06
  4.4299995E+03  3.1129350E+06
  4.4499995E+03  3.1245872E+06
  4.4699995E+03  3.3844115E+06
  4.4899995E+03  3.4649555E+06
  4.5099990E+03  3.9845722E+06
  4.5299995E+03  3.4928895E+06
  4.5499990E+03  3.6303958E+06
  4.5699995E+03  3.9356482E+06
  4.5899990E+03  3.7047278E+06
  4.6099990E+03  3.8217352E+06
  4.6299990E+03  3.7100580E+06
  4.6499990E+03  3.7888495E+06
  4.6699990E+03  3.9305910E+06
  4.6899990E+03  3.8200668E+06
  4.7099995E+03  3.7696912E+06
  4.7299990E+03  3.9327062E+06
  4.7499995E+03  4.1011932E+06
  4.7699995E+03  4.1483372E+06
  4.7899990E+03  4.1292035E+06
  4.8099995E+03  4.0464110E+06
  4.8299995E+03  4.1985190E+06
  4.8499990E+03  3.9440665E+06
  4.8700000E+03  3.6204138E+06
  4.8899990E+03  4.0001735E+06
  4.9099990E+03  3.9789032E+06
  4.9299990E+03  3.9209550E+06
  4.9499995E+03  4.1900740E+06
  4.9699995E+03  4.1102065E+06
  4.9899990E+03  3.7995430E+06
  5.0099995E+03  3.6206758E+06
  5.0299995E+03  3.8389670E+06
  5.0499995E+03  3.8761292E+06
  5.0699995E+03  4.0981330E+06
  5.0899995E+03  3.8202458E+06
  5.1099990E+03  3.9248660E+06
  5.1299995E+03  3.7856690E+06
  5.1499985E+03  3.6490815E+06
  5.1700000E+03  3.3774878E+06
  5.1899990E+03  3.5280140E+06
  5.2099990E+03  3.8015985E+06
  5.2299995E+03  3.8976378E+06
  5.2499995E+03  4.0370755E+06
  5.2699995E+03  3.5467810E+06
  5.2899990E+03  4.0706258E+06
  5.3099995E+03  4.3234100E+06
  5.3299990E+03  3.7955910E+06
  5.3499995E+03  4.1910858E+06
  5.3699995E+03  4.1861845E+06
  5.3899995E+03  4.0762035E+06
  5.4099990E+03  3.9751982E+06
  5.4299990E+03  4.0649240E+06
  5.4499990E+03  4.2749905E+06
  5.4699995E+03  4.1270675E+06
  5.4899995E+03  4.1421750E+06
  5.5099995E+03  4.0916850E+06
  5.5299985E+03  4.1799158E+06
  5.5499990E+03  4.2491555E+06
  5.5699990E+03  4.1539740E+06
  5.5899995E+03  4.0431645E+06
  5.6099990E+03  4.2420645E+06
  5.6299995E+03  4.1757280E+06
  5.6499990E+03  4.2111265E+06
  5.6699990E+03  4.0946375E+06
  5.6899995E+03  4.2156600E+06
  5.7099995E+03  4.0836888E+06
  5.7299990E+03  4.4451270E+06
  5.7499990E+03  4.2488095E+06
  5.7699990E+03  4.3163815E+06
  5.7899995E+03  4.1376008E+06
  5.8099985E+03  4.3081565E+06
  5.8300000E+03  4.4258415E+06
  5.8499990E+03  4.2944660E+06
  5.8699985E+03  4.3189360E+06
  5.8899985E+03  3.9830958E+06
  5.9099995E+03  4.2518255E+06
  5.9299985E+03  4.2566200E+06
  5.9499995E+03  4.2665730E+06
  5.9699990E+03  4.3256625E+06
  5.9899990E+03  4.2503105E+06
  6.0099990E+03  4.1638700E+06
  6.0299995E+03  4.2483990E+06
  6.0499990E+03  4.3237985E+06
  6.0699990E+03  4.2925915E+06
  6.0899995E+03  4.1143102E+06
  6.1099985E+03  4.1214292E+06
  6.1299995E+03  3.9243425E+06
  6.1499985E+03  4.0357198E+06
  6.1699985E+03  3.8926265E+06
  6.1900000E+03  4.1256070E+06
  6.2099995E+03  4.1225220E+06
  6.2299985E+03  3.9795232E+06
  6.2499990E+03  3.8492602E+06
  6.2699985E+03  4.0445760E+06
  6.2900000E+03  4.0776455E+06
  6.3099985E+03  3.9563702E+06
  6.3299995E+03  3.9944015E+06
  6.3499985E+03  4.0009538E+06
  6.3699985E+03  3.9739195E+06
  6.3899995E+03  4.0308275E+06
  6.4099990E+03  3.9311702E+06
  6.4299985E+03  3.9816542E+06
  6.4499985E+03  3.9539212E+06
  6.4699990E+03  3.9266338E+06
  6.4899990E+03  3.8457630E+06
  6.5099985E+03  3.9593340E+06
  6.5299990E+03  3.9620640E+06
  6.5499985E+03  3.8866238E+06
  6.5699985E+03  3.6468102E+06
  6.5899995E+03  3.8896378E+06
  6.6099985E+03  3.9353750E+06
  6.6299990E+03  3.8966685E+06
  6.6499985E+03  3.8932855E+06
  6.6699995E+03  3.8239902E+06
  6.6899990E+03  3.9304528E+06
  6.7099995E+03  3.7901655E+06
  6.7299990E+03  3.8931032E+06
  6.7499995E+03  3.8317012E+06
  6.7699985E+03  3.8490440E+06
  6.7899995E+03  3.8120195E+06
  6.8099995E+03  3.7961612E+06
  6.8300000E+03  3.8325110E+06
  6.8499985E+03  3.7074768E+06
  6.8699985E+03  3.7686165E+06
  6.8899985E+03  3.7993848E+06
  6.9099990E+03  3.7535155E+06
  6.9299995E+03  3.7261548E+06
  6.9499990E+03  3.6899998E+06
  6.9699985E+03  3.6960735E+06
  6.9899985E+03  3.6788855E+06
  7.0099985E+03  3.5479085E+06
  7.0299985E+03  3.6250948E+06
  7.0499990E+03  3.6560982E+06
  7.0699980E+03  3.6015272E+06
  7.0899990E+03  3.5837085E+06
  7.1099990E+03  3.5874978E+06
  7.1299995E+03  3.5112270E+06
  7.1499990E+03  3.5004545E+06
  7.1699995E+03  3.5151025E+06
  7.1899985E+03  3.3854610E+06
  7.2099985E+03  3.4857750E+06
  7.2299980E+03  3.5047868E+06
  7.2499990E+03  3.5103465E+06
  7.2699995E+03  3.4893478E+06
  7.2899990E+03  3.3704168E+06
  7.3099980E+03  3.4359672E+06
  7.3299980E+03  3.4349825E+06
  7.3499980E+03  3.4255192E+06
  7.3699985E+03  3.4558500E+06
  7.3899995E+03  3.3568722E+06
  7.4099985E+03  3.2984330E+06
  7.4299995E+03  3.3649788E+06
  7.4500000E+03  3.3740862E+06
  7.4700000E+03  3.3893948E+06
  7.4899990E+03  3.3570822E+06
  7.5099985E+03  3.3696185E+06
  7.5299995E+03  3.3837670E+06
  7.5499980E+03  3.3924988E+06
  7.5699985E+03  3.3556622E+06
  7.5899990E+03  3.3373468E+06
  7.6099980E+03  3.3258785E+06
  7.6299995E+03  3.3371965E+06
  7.6499995E+03  3.3439105E+06
  7.6699980E+03  3.2301168E+06
  7.6899990E+03  3.3227200E+06
  7.7099995E+03  3.2565770E+06
  7.7299985E+03  3.2591038E+06
  7.7499990E+03  3.2209778E+06
  7.7700000E+03  3.2914038E+06
  7.7900000E+03  3.2780012E+06
  7.8099995E+03  3.2580230E+06
  7.8299980E+03  3.2225370E+06
  7.8499980E+03  3.2001458E+06
  7.8699995E+03  3.2218555E+06
  7.8900000E+03  3.1640270E+06
  7.9099995E+03  3.0823565E+06
  7.9300000E+03  3.0521505E+06
  7.9499985E+03  3.0208990E+06
  7.9699990E+03  3.1080040E+06
  7.9900000E+03  3.1069215E+06
  8.0099980E+03  3.0682335E+06
  8.0299985E+03  3.0660555E+06
  8.0500000E+03  3.0366532E+06
  8.0699985E+03  3.0374138E+06
  8.0899990E+03  2.9557572E+06
  8.1099995E+03  2.9716115E+06
  8.1299976E+03  2.9972502E+06
  8.1499976E+03  2.9793815E+06
  8.1699980E+03  2.9805588E+06
  8.1899985E+03  2.9015980E+06
  8.2099990E+03  2.8961412E+06
  8.2300000E+03  2.9078338E+06
  8.2500000E+03  2.9338262E+06
  8.2700000E+03  2.9608558E+06
  8.2899980E+03  2.9375982E+06
  8.3099990E+03  2.8442068E+06
  8.3299980E+03  2.8479940E+06
  8.3500000E+03  2.8483602E+06
  8.3699990E+03  2.8681060E+06
  8.3899990E+03  2.7855155E+06
  8.4099971E+03  2.8655508E+06
  8.4300000E+03  2.7896782E+06
  8.4499990E+03  2.8373235E+06
  8.4699980E+03  2.8092370E+06
  8.4899980E+03  2.8412270E+06
  8.5099990E+03  2.6966915E+06
  8.5299990E+03  2.8264472E+06
  8.5499990E+03  2.6413705E+06
  8.5699990E+03  2.8305932E+06
  8.5900000E+03  2.7617752E+06
  8.6099980E+03  2.7592778E+06
  8.6299990E+03  2.7897015E+06
  8.6499990E+03  2.7972080E+06
  8.6699990E+03  2.5740215E+06
  8.6899990E+03  2.6800220E+06
  8.7099971E+03  2.7225030E+06
  8.7299990E+03  2.7310998E+06
  8.7499980E+03  2.6854155E+06
  8.7699980E+03  2.7321065E+06
  8.7899980E+03  2.6972588E+06
  8.8099990E+03  2.6285760E+06
  8.8299980E+03  2.6747612E+06
  8.8499980E+03  2.6917380E+06
  8.8699980E+03  2.6207162E+06
  8.8899990E+03  2.6777702E+06
  8.9099971E+03  2.6987445E+06
  8.9299980E+03  2.6251125E+06
  8.9499980E+03  2.6184725E+06
  8.9699990E+03  2.6255372E+06
  8.9899990E+03  2.6286448E+06
  9.0099980E+03  2.5218538E+06
  9.0299990E+03  2.6050388E+06
  9.0499990E+03  2.6528745E+06
  9.0699980E+03  2.6055598E+06
  9.0899990E+03  2.5205632E+06
  9.1099980E+03  2.5386062E+06
  9.1299980E+03  2.5909505E+06
  9.1499980E+03  2.5675318E+06
  9.1699980E+03  2.5624822E+06
  9.1899990E+03  2.5884978E+06
  9.2099990E+03  2.5147785E+06
  9.2299980E+03  2.5147708E+06
  9.2499980E+03  2.4957622E+06
  9.2699971E+03  2.5133700E+06
  9.2899990E+03  2.5050908E+06
  9.3099980E+03  2.5207660E+06
  9.3299990E+03  2.4980250E+06
  9.3499980E+03  2.4920905E+06
  9.3699990E+03  2.4530998E+06
  9.3900000E+03  2.4736800E+06
  9.4099980E+03  2.3856165E+06
  9.4299971E+03  2.4587985E+06
  9.4499990E+03  2.4010685E+06
  9.4700000E+03  2.4472695E+06
  9.4899980E+03  2.4508125E+06
  9.5100000E+03  2.4258510E+06
  9.5300000E+03  2.4178370E+06
  9.5500000E+03  2.3679002E+06
  9.5699990E+03  2.3691615E+06
  9.5899980E+03  2.4066442E+06
  9.6099980E+03  2.3673480E+06
  9.6299990E+03  2.3515122E+06
  9.6499990E+03  2.3196055E+06
  9.6699980E+03  2.3190455E+06
  9.6899980E+03  2.3481602E+06
  9.7100000E+03  2.3237118E+06
  9.7299990E+03  2.3131745E+06
  9.7499980E+03  2.2944215E+06
  9.7699961E+03  2.2908795E+06
  9.7899980E+03  2.2613635E+06
  9.8099980E+03  2.3013988E+06
  9.8299990E+03  2.2852205E+06
  9.8499980E+03  2.2893462E+06
  9.8700000E+03  2.2631770E+06
  9.8899980E+03  2.2598882E+06
  9.9099990E+03  2.2506220E+06
  9.9300000E+03  2.2599800E+06
  9.9499980E+03  2.2542915E+06
  9.9699980E+03  2.2491220E+06
  9.9899990E+03  2.2340478E+06
  1.0024998E+04  2.2187010E+06
  1.0074998E+04  2.1848570E+06
  1.0124997E+04  2.1775902E+06
  1.0174997E+04  2.1386660E+06
  1.0224998E+04  2.1338718E+06
  1.0274997E+04  2.1309612E+06
  1.0325000E+04  2.0867292E+06
  1.0374999E+04  2.0665950E+06
  1.0425000E+04  2.0692812E+06
  1.0474998E+04  2.0387248E+06
  1.0524997E+04  2.0356911E+06
  1.0574999E+04  2.0083334E+06
  1.0625000E+04  1.9903435E+06
  1.0674997E+04  1.9492956E+06
  1.0724998E+04  1.9470798E+06
  1.0774999E+04  1.9214905E+06
  1.0824997E+04  1.8881571E+06
  1.0874997E+04  1.8795946E+06
  1.0924999E+04  1.8858176E+06
  1.0974996E+04  1.8522858E+06
  1.1025000E+04  1.8601930E+06
  1.1074998E+04  1.8516666E+06
  1.1124999E+04  1.8316809E+06
  1.1174998E+04  1.8088711E+06
  1.1224999E+04  1.8050209E+06
  1.1274997E+04  1.7693112E+06
  1.1325000E+04  1.7624456E+06
  1.1375000E+04  1.7457630E+06
  1.1425000E+04  1.7192601E+06
  1.1474997E+04  1.7383576E+06
  1.1525000E+04  1.7243271E+06
  1.1574998E+04  1.6957974E+06
  1.1625000E+04  1.6696998E+06
  1.1674998E+04  1.6654896E+06
  1.1724997E+04  1.6738415E+06
  1.1775001E+04  1.6389508E+06
  1.1824999E+04  1.6237195E+06
  1.1875000E+04  1.6002966E+06
  1.1925000E+04  1.6240470E+06
  1.1975001E+04  1.5632772E+06
  1.2024998E+04  1.5843044E+06
  1.2074996E+04  1.5619100E+06
  1.2125000E+04  1.5609951E+06
  1.2175000E+04  1.5644661E+06
  1.2225001E+04  1.5492241E+06
  1.2275001E+04  1.5330285E+06
  1.2324996E+04  1.5224768E+06
  1.2374996E+04  1.5123142E+06
  1.2424998E+04  1.4967749E+06
  1.2475000E+04  1.4937812E+06
  1.2524997E+04  1.4748670E+06
  1.2574997E+04  1.4677836E+06
  1.2624999E+04  1.4569601E+06
  1.2674997E+04  1.4381721E+06
  1.2724999E+04  1.4387110E+06
  1.2774999E+04  1.4358046E+06
  1.2825000E+04  1.3769209E+06
  1.2875001E+04  1.3996328E+06
  1.2924997E+04  1.3849918E+06
  1.2975001E+04  1.3908074E+06
  1.3024998E+04  1.3668045E+06
  1.3074999E+04  1.3702980E+06
  1.3125000E+04  1.3456185E+06
  1.3174998E+04  1.3365318E+06
  1.3224998E+04  1.3380762E+06
  1.3274997E+04  1.3117258E+06
  1.3324997E+04  1.3167101E+06
  1.3374999E+04  1.3024401E+06
  1.3424999E+04  1.3075140E+06
  1.3474999E+04  1.2941565E+06
  1.3525001E+04  1.2874678E+06
  1.3574999E+04  1.2613400E+06
  1.3624997E+04  1.2570312E+06
  1.3674997E+04  1.2528318E+06
  1.3724995E+04  1.2492604E+06
  1.3774998E+04  1.2395720E+06
  1.3824998E+04  1.2353920E+06
  1.3874996E+04  1.2237259E+06
  1.3925000E+04  1.2224525E+06
  1.3974996E+04  1.2160169E+06
  1.4024997E+04  1.1934186E+06
  1.4075001E+04  1.1992928E+06
  1.4124996E+04  1.1803760E+06
  1.4175000E+04  1.1887874E+06
  1.4225000E+04  1.1620321E+06
  1.4274994E+04  1.1427404E+06
  1.4325001E+04  1.1586058E+06
  1.4374998E+04  1.1601318E+06
  1.4424999E+04  1.1167980E+06
  1.4475000E+04  1.1402376E+06
  1.4524997E+04  1.1167054E+06
  1.4569999E+04  1.1218678E+06
  1.4620000E+04  1.1176970E+06
  1.4674998E+04  1.1142508E+06
  1.4725000E+04  1.0906939E+06
  1.4775002E+04  1.0879145E+06
  1.4824998E+04  1.0838802E+06
  1.4874996E+04  1.0628150E+06
  1.4924997E+04  1.0833235E+06
  1.4974999E+04  1.0628966E+06
  1.5024999E+04  1.0408985E+06
  1.5075000E+04  1.0313360E+06
  1.5124999E+04  1.0459701E+06
  1.5175000E+04  1.0440129E+06
  1.5225002E+04  1.0293492E+06
  1.5274998E+04  1.0330201E+06
  1.5324995E+04  1.0209812E+06
  1.5374997E+04  1.0207898E+06
  1.5425001E+04  1.0142296E+06
  1.5474996E+04  1.0084736E+06
  1.5524994E+04  9.9126594E+05
  1.5575001E+04  9.7681950E+05
  1.5624998E+04  9.9721219E+05
  1.5674997E+04  9.6243381E+05
  1.5724994E+04  9.7072094E+05
  1.5774996E+04  9.3844706E+05
  1.5825001E+04  9.5102912E+05
  1.5874995E+04  9.0661512E+05
  1.5925002E+04  9.2890238E+05
  1.5975001E+04  9.4063425E+05
  1.6049998E+04  9.2775481E+05
  1.6150001E+04  9.0585775E+05
  1.6249997E+04  9.0642800E+05
  1.6350000E+04  8.8883469E+05
  1.6449996E+04  8.6324850E+05
  1.6549998E+04  8.6235194E+05
  1.6649994E+04  8.4811112E+05
  1.6749998E+04  8.2480131E+05
  1.6849998E+04  7.9737950E+05
  1.6950000E+04  8.0499269E+05
  1.7049996E+04  7.7616481E+05
  1.7150000E+04  7.6806156E+05
  1.7249992E+04  7.4400281E+05
  1.7349994E+04  7.1792981E+05
  1.7449992E+04  7.1728444E+05
  1.7550000E+04  7.0601394E+05
  1.7649998E+04  6.9359838E+05
  1.7749994E+04  6.7792550E+05
  1.7849994E+04  6.6941694E+05
  1.7949998E+04  6.5564150E+05
  1.8050002E+04  6.4075331E+05
  1.8150002E+04  6.2121238E+05
  1.8249994E+04  6.1410700E+05
  1.8349992E+04  6.0417631E+05
  1.8449992E+04  5.8751819E+05
  1.8549998E+04  5.8195588E+05
  1.8650002E+04  5.6382806E+05
  1.8750002E+04  5.4379206E+05
  1.8850000E+04  5.4824806E+05
  1.8950004E+04  5.2442188E+05
  1.9049996E+04  5.3069294E+05
  1.9149998E+04  5.1903175E+05
  1.9249992E+04  5.1045109E+05
  1.9350000E+04  4.9579069E+05
  1.9449992E+04  4.7987116E+05
  1.9550002E+04  4.8259350E+05
  1.9649992E+04  4.7236731E+05
  1.9749992E+04  4.6283444E+05
  1.9849992E+04  4.5618462E+05
  1.9950002E+04  4.4882053E+05
  2.0050002E+04  4.4455150E+05
  2.0149996E+04  4.3886050E+05
  2.0249994E+04  4.2550584E+05
  2.0349994E+04  4.1617619E+05
  2.0449996E+04  4.1578228E+05
  2.0550000E+04  4.0727603E+05
  2.0649992E+04  3.9795212E+05
  2.0749998E+04  3.9242800E+05
  2.0849992E+04  3.8569184E+05
  2.0950004E+04  3.7634447E+05
  2.1050002E+04  3.7410362E+05
  2.1149992E+04  3.6671750E+05
  2.1250000E+04  3.6027878E+05
  2.1350002E+04  3.5620084E+05
  2.1449996E+04  3.5007909E+05
  2.1550006E+04  3.4433875E+05
  2.1649994E+04  3.3209125E+05
  2.1750002E+04  3.3024681E+05
  2.1849998E+04  3.2558966E+05
  2.1950002E+04  3.2198850E+05
  2.2050000E+04  3.1378244E+05
  2.2149996E+04  3.1175425E+05
  2.2249998E+04  3.0501634E+05
  2.2350004E+04  3.0022638E+05
  2.2449990E+04  2.9578656E+05
  2.2549994E+04  2.9123516E+05
  2.2650000E+04  2.8546003E+05
  2.2750000E+04  2.8289781E+05
  2.2850000E+04  2.7633591E+05
  2.2950004E+04  2.5306145E+05
  2.3050000E+04  2.6052105E+05
  2.3149996E+04  2.5766369E+05
  2.3250000E+04  2.3466952E+05
  2.3349996E+04  2.4323572E+05
  2.3449994E+04  2.4423492E+05
  2.3550002E+04  2.2053656E+05
  2.3649988E+04  2.3098830E+05
  2.3750000E+04  2.3019573E+05
  2.3849990E+04  2.0930788E+05
  2.3950002E+04  2.1767794E+05
  2.4050006E+04  2.1865261E+05
  2.4149992E+04  2.0223438E+05
  2.4249990E+04  2.0689302E+05
  2.4349990E+04  2.0740195E+05
  2.4450002E+04  1.9698047E+05
  2.4549990E+04  1.9472286E+05
  2.4649992E+04  1.9938967E+05
  2.4749992E+04  1.9238188E+05
  2.4850006E+04  1.8532748E+05
  2.4950000E+04  1.8832944E+05
  2.5050006E+04  1.9007672E+05
  2.5149994E+04  1.7872898E+05
  2.5249998E+04  1.8209638E+05
  2.5350004E+04  1.8107869E+05
  2.5449988E+04  1.7609905E+05
  2.5549998E+04  1.7405945E+05
  2.5649990E+04  1.7284819E+05
  2.5749990E+04  1.7280939E+05
  2.5849994E+04  1.6493502E+05
  2.5949990E+04  1.6643002E+05
  2.6049996E+04  1.6564317E+05
  2.6149998E+04  1.6214744E+05
  2.6249988E+04  1.5871117E+05
  2.6350008E+04  1.5877284E+05
  2.6449996E+04  1.5685309E+05
  2.6549994E+04  1.5435905E+05
  2.6649994E+04  1.5110755E+05
  2.6749988E+04  1.5194373E+05
  2.6849986E+04  1.5052142E+05
  2.6949986E+04  1.4748208E+05
  2.7050002E+04  1.4657370E+05
  2.7149998E+04  1.4471405E+05
  2.7249994E+04  1.4319730E+05
  2.7350006E+04  1.4084247E+05
  2.7450004E+04  1.3996319E+05
  2.7549996E+04  1.3770319E+05
  2.7649982E+04  1.3588616E+05
  2.7750004E+04  1.3397883E+05
  2.7850000E+04  1.3280959E+05
  2.7949992E+04  1.3180798E+05
  2.8049994E+04  1.2997923E+05
  2.8150002E+04  1.2821109E+05
  2.8250006E+04  1.2663936E+05
  2.8350000E+04  1.2556947E+05
  2.8450000E+04  1.2347346E+05
  2.8550002E+04  1.2208310E+05
  2.8650002E+04  1.2051637E+05
  2.8749982E+04  1.1840341E+05
  2.8849998E+04  1.1762010E+05
  2.8949986E+04  1.1629658E+05
  2.9049994E+04  1.1480975E+05
  2.9149986E+04  1.1351802E+05
  2.9249984E+04  1.1148821E+05
  2.9349980E+04  1.1074293E+05
  2.9450000E+04  1.0894081E+05
  2.9550004E+04  1.0785954E+05
  2.9649982E+04  1.0678197E+05
  2.9749992E+04  1.0545230E+05
  2.9849994E+04  1.0407044E+05
  2.9949984E+04  1.0262072E+05
  3.0049996E+04  1.0138807E+05
  3.0149994E+04  1.0041410E+05
  3.0249994E+04  9.8973188E+04
  3.0349996E+04  9.6947812E+04
  3.0449996E+04  9.6641211E+04
  3.0549996E+04  9.5416195E+04
  3.0649996E+04  9.4132898E+04
  3.0749994E+04  9.3306516E+04
  3.0849996E+04  9.1807969E+04
  3.0949994E+04  9.0783055E+04
  3.1049996E+04  9.0035109E+04
  3.1149996E+04  8.8211664E+04
  3.1249996E+04  8.7721312E+04
  3.1349996E+04  8.6806094E+04
  3.1449996E+04  8.5763602E+04
  3.1549998E+04  8.4444914E+04
  3.1649996E+04  8.3513500E+04
  3.1749998E+04  8.2696742E+04
  3.1849996E+04  8.1706633E+04
  3.1949994E+04  8.0908109E+04
  3.2099996E+04  7.9316469E+04
  3.2299992E+04  7.7517570E+04
  3.2499994E+04  7.5674766E+04
  3.2699996E+04  7.3878148E+04
  3.2899996E+04  7.1858469E+04
  3.3099996E+04  7.0497547E+04
  3.3299992E+04  6.8800539E+04
  3.3499996E+04  6.7477938E+04
  3.3699996E+04  6.5876625E+04
  3.3899996E+04  6.4295180E+04
  3.4099996E+04  6.2778586E+04
  3.4299996E+04  6.1670754E+04
  3.4499992E+04  6.0435566E+04
  3.4699996E+04  5.9046312E+04
  3.4899996E+04  5.7808570E+04
  3.5099996E+04  5.6628766E+04
  3.5299996E+04  5.5251203E+04
  3.5499996E+04  5.4202930E+04
  3.5699992E+04  5.2976578E+04
  3.5899992E+04  5.1838406E+04
  3.6099996E+04  5.0907145E+04
  3.6299992E+04  4.9841688E+04
  3.6499992E+04  4.8615473E+04
  3.6699992E+04  4.7577984E+04
  3.6899992E+04  4.6302754E+04
  3.7099996E+04  4.5293039E+04
  3.7299996E+04  4.4632617E+04
  3.7499992E+04  4.3271070E+04
  3.7699996E+04  4.2868832E+04
  3.7899996E+04  4.1963848E+04
  3.8099992E+04  4.1246758E+04
  3.8299996E+04  4.0539727E+04
  3.8499996E+04  3.9794301E+04
  3.8699996E+04  3.8883480E+04
  3.8899992E+04  3.8146098E+04
  3.9099996E+04  3.7483316E+04
  3.9299992E+04  3.6775934E+04
  3.9499992E+04  3.5885328E+04
  3.9699992E+04  3.5290426E+04
  3.9900000E+04  3.4376672E+04
  4.0099996E+04  3.3868281E+04
  4.0299992E+04  3.3358984E+04
  4.0499996E+04  3.2582445E+04
  4.0699992E+04  3.2081076E+04
  4.0899992E+04  3.1506846E+04
  4.1099996E+04  3.0960082E+04
  4.1299996E+04  3.0440088E+04
  4.1499992E+04  2.9801785E+04
  4.1699992E+04  2.9256621E+04
  4.1899996E+04  2.8709744E+04
  4.2099996E+04  2.8069896E+04
  4.2299992E+04  2.7786145E+04
  4.2499996E+04  2.7170666E+04
  4.2699992E+04  2.6770039E+04
  4.2899992E+04  2.5188416E+04
  4.3099996E+04  2.3870180E+04
  4.3299996E+04  2.4042004E+04
  4.3499992E+04  2.2585074E+04
  4.3699996E+04  2.2000049E+04
  4.3899996E+04  2.1694490E+04
  4.4099992E+04  2.0308771E+04
  4.4299992E+04  2.0246750E+04
  4.4499996E+04  1.9901553E+04
  4.4699996E+04  1.8780938E+04
  4.4899996E+04  1.9049592E+04
  4.5099992E+04  1.8529104E+04
  4.5299992E+04  1.7671533E+04
  4.5499996E+04  1.7824420E+04
  4.5699992E+04  1.7676148E+04
  4.5899996E+04  1.6768014E+04
  4.6099996E+04  1.7014951E+04
  4.6299992E+04  1.6655805E+04
  4.6499988E+04  1.6463359E+04
  4.6699992E+04  1.6358574E+04
  4.6899992E+04  1.6138168E+04
  4.7099992E+04  1.5742599E+04
  4.7299992E+04  1.5863681E+04
  4.7499996E+04  1.5506458E+04
  4.7699992E+04  1.5262783E+04
  4.7899992E+04  1.5067454E+04
  4.8099996E+04  1.4701416E+04
  4.8299992E+04  1.4850735E+04
  4.8499992E+04  1.4505085E+04
  4.8700000E+04  1.4206535E+04
  4.8899992E+04  1.4076073E+04
  4.9099988E+04  1.3824588E+04
  4.9299988E+04  1.3621662E+04
  4.9499996E+04  1.3402025E+04
  4.9699992E+04  1.3292094E+04
  4.9899988E+04  1.3038697E+04
  5.0099996E+04  1.2970223E+04
  5.0299996E+04  1.2790749E+04
  5.0499996E+04  1.2466573E+04
  5.0699996E+04  1.2348188E+04
  5.0899992E+04  1.2228075E+04
  5.1099992E+04  1.1951910E+04
  5.1299996E+04  1.1876649E+04
  5.1499988E+04  1.1671661E+04
  5.1699996E+04  1.1667226E+04
  5.1899992E+04  1.1403491E+04
  5.2099992E+04  1.1253652E+04
  5.2299996E+04  1.1066101E+04
  5.2499996E+04  1.1011062E+04
  5.2699996E+04  1.0974037E+04
  5.2899992E+04  1.0645393E+04
  5.3099988E+04  1.0531281E+04
  5.3299988E+04  1.0442981E+04
  5.3499992E+04  1.0314767E+04
  5.3699992E+04  1.0198887E+04
  5.3899992E+04  1.0085862E+04
  5.4099992E+04  9.9523467E+03
  5.4299984E+04  9.7473105E+03
  5.4499988E+04  9.7163613E+03
  5.4699996E+04  9.5633428E+03
  5.4899992E+04  9.4439209E+03
  5.5099992E+04  9.3249824E+03
  5.5299988E+04  9.3518975E+03
  5.5499988E+04  9.0653232E+03
  5.5699992E+04  9.0904375E+03
  5.5899992E+04  8.9032568E+03
  5.6099988E+04  8.8298340E+03
  5.6299996E+04  8.6596465E+03
  5.6499988E+04  8.6355068E+03
  5.6699988E+04  8.5241875E+03
  5.6899992E+04  8.3477725E+03
  5.7099996E+04  8.3350371E+03
  5.7299988E+04  8.2216504E+03
  5.7499988E+04  8.1302578E+03
  5.7699988E+04  7.9993086E+03
  5.7899996E+04  7.9572876E+03
  5.8099988E+04  7.8130942E+03
  5.8299996E+04  7.7335303E+03
  5.8499992E+04  7.6523413E+03
  5.8699988E+04  7.5199253E+03
  5.8899988E+04  7.4381016E+03
  5.9099992E+04  7.3686445E+03
  5.9299988E+04  7.2907417E+03
  5.9499996E+04  7.1742358E+03
  5.9699988E+04  7.1242417E+03
  5.9899992E+04  7.0377920E+03
  6.0099992E+04  6.9535854E+03
  6.0299992E+04  6.8709604E+03
  6.0499988E+04  6.7658096E+03
  6.0699992E+04  6.6862256E+03
  6.0899992E+04  6.6071338E+03
  6.1099988E+04  6.5096592E+03
  6.1299992E+04  6.4542173E+03
  6.1499988E+04  6.3860112E+03
  6.1699988E+04  6.3232036E+03
  6.1899996E+04  6.2520254E+03
  6.2099996E+04  6.1841738E+03
  6.2299988E+04  6.0887217E+03
  6.2499992E+04  6.0077656E+03
  6.2699988E+04  5.9427637E+03
  6.2899996E+04  5.8791309E+03
  6.3099984E+04  5.8004810E+03
  6.3299996E+04  5.7594634E+03
  6.3499984E+04  5.6797979E+03
  6.3699984E+04  5.6329536E+03
  6.3900000E+04  5.5520747E+03
  6.4199992E+04  5.4582632E+03
  6.4599984E+04  5.3268735E+03
  6.4999992E+04  5.2058721E+03
  6.5399992E+04  5.0892739E+03
  6.5799992E+04  4.9811221E+03
  6.6199984E+04  4.8623101E+03
  6.6599984E+04  4.7557515E+03
  6.6999992E+04  4.6498721E+03
  6.7399992E+04  4.5403589E+03
  6.7799992E+04  4.4422778E+03
  6.8199992E+04  4.3420483E+03
  6.8599992E+04  4.2486504E+03
  6.8999984E+04  4.1527690E+03
  6.9399984E+04  4.0611555E+03
  6.9800000E+04  3.9739126E+03
  7.0199992E+04  3.8825061E+03
  7.0599984E+04  3.8022058E+03
  7.0999977E+04  3.7196523E+03
  7.1399977E+04  3.6406252E+03
  7.1799984E+04  3.5617351E+03
  7.2199984E+04  3.4857378E+03
  7.2600000E+04  3.4105505E+03
  7.2999984E+04  3.3400513E+03
  7.3400000E+04  3.2674539E+03
  7.3799984E+04  3.2010049E+03
  7.4199992E+04  3.1308660E+03
  7.4599992E+04  3.0639399E+03
  7.5000000E+04  3.0028132E+03
  7.5399992E+04  2.9404233E+03
  7.5799992E+04  2.8835066E+03
  7.6199984E+04  2.8246357E+03
  7.6599992E+04  2.7677319E+03
  7.6999992E+04  2.7107117E+03
  7.7399992E+04  2.6573606E+03
  7.7799984E+04  2.6045876E+03
  7.8199984E+04  2.5526292E+03
  7.8599984E+04  2.5024438E+03
  7.8999984E+04  2.4529607E+03
  7.9399984E+04  2.4046443E+03
  7.9800000E+04  2.3582937E+03
  8.0199992E+04  2.3109314E+03
  8.0599984E+04  2.2660146E+03
  8.0999992E+04  2.2238792E+03
  8.1399977E+04  2.1796189E+03
  8.1799984E+04  2.1393240E+03
  8.2199984E+04  2.0993740E+03
  8.2599992E+04  2.0593220E+03
  8.2999984E+04  2.0210376E+03
  8.3400000E+04  1.9819274E+03
  8.3799992E+04  1.9454561E+03
  8.4199992E+04  1.9103301E+03
  8.4599977E+04  1.8749915E+03
  8.4999977E+04  1.8405439E+03
  8.5399984E+04  1.8069156E+03
  8.5799984E+04  1.7741918E+03
  8.6199992E+04  1.7419958E+03
  8.6599992E+04  1.7109207E+03
  8.6999984E+04  1.6803423E+03
  8.7399992E+04  1.6502504E+03
  8.7799992E+04  1.6207338E+03
  8.8199984E+04  1.5911991E+03
  8.8599977E+04  1.5634749E+03
  8.8999992E+04  1.5354692E+03
  8.9399977E+04  1.5095045E+03
  8.9799977E+04  1.4821650E+03
  9.0199984E+04  1.4574722E+03
  9.0599984E+04  1.4329735E+03
  9.0999992E+04  1.4067554E+03
  9.1400000E+04  1.3834203E+03
  9.1799969E+04  1.3603495E+03
  9.2199969E+04  1.3376697E+03
  9.2599984E+04  1.3149783E+03
  9.3000000E+04  1.2929752E+03
  9.3399984E+04  1.2711282E+03
  9.3799984E+04  1.2500764E+03
  9.4199977E+04  1.2293362E+03
  9.4599984E+04  1.2087744E+03
  9.4999969E+04  1.1889325E+03
  9.5399984E+04  1.1694210E+03
  9.5799984E+04  1.1505630E+03
  9.6199992E+04  1.1315295E+03
  9.6599984E+04  1.1134984E+03
  9.7000000E+04  1.0955647E+03
  9.7399977E+04  1.0766573E+03
  9.7799984E+04  1.0601876E+03
  9.8199977E+04  1.0436769E+03
  9.8599977E+04  1.0272047E+03
  9.8999992E+04  1.0110790E+03
  9.9399984E+04  9.9483667E+02
  9.9799977E+04  9.7935107E+02
  1.0019999E+05  9.6404260E+02
  1.9999991E+05  6.2410591E+01
  3.9999994E+05  3.9149635E+00
  5.9999981E+05  7.6881844E-01
  7.9999994E+05  2.4158598E-01
