  9.2499988E+02  2.3054197E-11
  9.3499982E+02  3.3595605E-11
  9.4500000E+02  5.6504152E-11
  9.5500000E+02  9.1470907E-11
  9.6499988E+02  1.5223056E-10
  9.7499982E+02  2.1894017E-10
  9.8499976E+02  3.4364467E-10
  9.9499988E+02  5.1588306E-10
  1.0049999E+03  8.4863555E-10
  1.0149997E+03  1.2753109E-09
  1.0249998E+03  1.4279018E-09
  1.0349998E+03  2.8553613E-09
  1.0449998E+03  4.3847699E-09
  1.0549999E+03  5.7940452E-09
  1.0649999E+03  8.7617913E-09
  1.0750000E+03  1.2671594E-08
  1.0849996E+03  1.8001654E-08
  1.0949999E+03  2.3193895E-08
  1.1049999E+03  3.0259596E-08
  1.1149999E+03  4.3608882E-08
  1.1249999E+03  6.4209459E-08
  1.1349996E+03  9.5950782E-08
  1.1449999E+03  1.3315292E-07
  1.1549999E+03  1.8041901E-07
  1.1650000E+03  2.4883852E-07
  1.1749995E+03  3.4190808E-07
  1.1849996E+03  4.3816391E-07
  1.1949998E+03  5.1821007E-07
  1.2049996E+03  5.9134686E-07
  1.2149998E+03  1.9599133E-07
  1.2249996E+03  9.3694700E-07
  1.2349996E+03  1.5596678E-06
  1.2449998E+03  2.0578536E-06
  1.2549996E+03  2.5545696E-06
  1.2650000E+03  3.1909510E-06
  1.2749998E+03  4.0365630E-06
  1.2849995E+03  4.5795036E-06
  1.2949998E+03  5.7652569E-06
  1.3049995E+03  6.6908442E-06
  1.3149998E+03  8.8883507E-06
  1.3249998E+03  9.7029506E-06
  1.3349996E+03  1.1288310E-05
  1.3449995E+03  1.4165726E-05
  1.3549996E+03  1.8470142E-05
  1.3649999E+03  2.0090813E-05
  1.3749999E+03  2.3068767E-05
  1.3849996E+03  2.6022572E-05
  1.3949999E+03  3.0260224E-05
  1.4050001E+03  4.0695806E-05
  1.4149998E+03  4.9088347E-05
  1.4249998E+03  5.9323702E-05
  1.4350000E+03  7.5497526E-05
  1.4419998E+03  1.0163310E-04
  1.4469999E+03  9.1214068E-05
  1.4549994E+03  1.1189934E-04
  1.4650000E+03  1.5435481E-04
  1.4749995E+03  1.8199215E-04
  1.4849996E+03  2.0273183E-04
  1.4949998E+03  2.8685338E-04
  1.5049996E+03  3.7494930E-04
  1.5119995E+03  2.6171919E-04
  1.5169994E+03  3.7036696E-04
  1.5250001E+03  1.3811936E-03
  1.5349994E+03  2.5507011E-03
  1.5449994E+03  1.9641379E-03
  1.5549998E+03  3.7624622E-03
  1.5649999E+03  3.6803856E-03
  1.5750001E+03  1.5414822E-02
  1.5850000E+03  1.9637249E-02
  1.5949996E+03  2.3480438E-02
  1.6049999E+03  2.3706460E-02
  1.6150000E+03  2.6146596E-02
  1.6249996E+03  3.2541189E-02
  1.6350000E+03  4.7089778E-02
  1.6449996E+03  7.4865632E-02
  1.6549999E+03  4.8021682E-02
  1.6649993E+03  9.4534464E-02
  1.6720000E+03  5.6197628E-02
  1.6770001E+03  8.6441529E-01
  1.6849998E+03  9.7092313E-01
  1.6950000E+03  1.3057954E+00
  1.7049995E+03  1.3865272E+00
  1.7150000E+03  1.6162032E+00
  1.7249993E+03  2.6482272E+00
  1.7349994E+03  3.6867042E+00
  1.7449993E+03  5.7010608E+00
  1.7550001E+03  8.4128189E+00
  1.7649998E+03  8.5319338E+00
  1.7749995E+03  8.2751265E+00
  1.7849995E+03  1.3068857E+01
  1.7949999E+03  1.6676914E+01
  1.8050001E+03  2.0173212E+01
  1.8150001E+03  1.7290335E+01
  1.8249994E+03  2.8688566E+01
  1.8349993E+03  2.7888933E+01
  1.8449993E+03  1.8109406E+01
  1.8549998E+03  2.8023222E+01
  1.8650002E+03  4.0178272E+01
  1.8750001E+03  4.4438015E+01
  1.8850000E+03  5.2021488E+01
  1.8950002E+03  7.7550201E+01
  1.9049996E+03  7.3720436E+01
  1.9149999E+03  8.4851685E+01
  1.9249993E+03  8.3905342E+01
  1.9350001E+03  4.5774731E+01
  1.9449993E+03  1.2423253E+02
  1.9550002E+03  1.3792751E+02
  1.9670002E+03  1.9816728E+02
  1.9759990E+03  1.9626997E+02
  1.9839996E+03  2.4217120E+02
  1.9950001E+03  2.4761046E+02
  2.0050002E+03  2.5602686E+02
  2.0149996E+03  2.8395383E+02
  2.0249994E+03  2.0602327E+02
  2.0349995E+03  3.3053561E+02
  2.0449998E+03  3.9136948E+02
  2.0550000E+03  4.2003299E+02
  2.0649993E+03  4.1751224E+02
  2.0739993E+03  4.4279874E+02
  2.0780002E+03  1.0472937E+03
  2.0849993E+03  1.3314540E+03
  2.0950005E+03  1.2232374E+03
  2.1050002E+03  1.2656318E+03
  2.1149990E+03  1.5184799E+03
  2.1250000E+03  1.2613595E+03
  2.1350002E+03  1.5387600E+03
  2.1449998E+03  1.8095536E+03
  2.1550005E+03  1.7623765E+03
  2.1649995E+03  1.6740393E+03
  2.1750002E+03  1.8353948E+03
  2.1849998E+03  2.0705928E+03
  2.1950000E+03  2.4102812E+03
  2.2050000E+03  2.4413909E+03
  2.2149998E+03  1.9202063E+03
  2.2249998E+03  2.5079646E+03
  2.2350005E+03  3.7756057E+03
  2.2449990E+03  3.7615591E+03
  2.2549993E+03  3.0694165E+03
  2.2650000E+03  2.4501992E+03
  2.2750000E+03  3.4249810E+03
  2.2850000E+03  4.7376411E+03
  2.2950002E+03  4.2670688E+03
  2.3050000E+03  4.0192468E+03
  2.3149995E+03  4.0644563E+03
  2.3250000E+03  4.1682554E+03
  2.3349995E+03  4.2653667E+03
  2.3449993E+03  2.7986653E+03
  2.3550000E+03  4.7560801E+03
  2.3649988E+03  3.1876575E+03
  2.3750000E+03  4.3181240E+03
  2.3849990E+03  2.6851123E+03
  2.3950000E+03  3.6102766E+03
  2.4050005E+03  4.0535083E+03
  2.4149993E+03  4.1825332E+03
  2.4249990E+03  8.0649517E+03
  2.4349990E+03  9.5885762E+03
  2.4450000E+03  1.1995159E+04
  2.4549990E+03  1.2896516E+04
  2.4649990E+03  9.2586416E+03
  2.4749993E+03  7.8666177E+03
  2.4850005E+03  1.8214294E+03
  2.4950000E+03  4.8970859E+03
  2.5050005E+03  9.2048525E+03
  2.5129988E+03  4.1188413E+03
  2.5179990E+03  2.1182737E+03
  2.5249998E+03  2.7401025E+03
  2.5350007E+03  1.1111646E+04
  2.5449988E+03  1.1863826E+04
  2.5550000E+03  4.2594098E+04
  2.5649990E+03  1.8976883E+04
  2.5749990E+03  2.6187031E+04
  2.5849993E+03  1.9974307E+04
  2.5949990E+03  1.6578105E+04
  2.6049995E+03  1.4277613E+04
  2.6149998E+03  1.3472806E+04
  2.6249990E+03  1.9253752E+04
  2.6350007E+03  4.9082734E+04
  2.6449995E+03  9.3978320E+04
  2.6549998E+03  1.8394066E+05
  2.6649995E+03  9.0912758E+04
  2.6749988E+03  9.6531133E+04
  2.6849988E+03  1.3661580E+05
  2.6949988E+03  8.8656266E+04
  2.7050000E+03  1.3598795E+05
  2.7150000E+03  6.8199320E+04
  2.7249995E+03  3.2741316E+04
  2.7350007E+03  5.5052711E+04
  2.7450002E+03  2.7990139E+04
  2.7549998E+03  4.3074992E+04
  2.7649983E+03  6.4133965E+04
  2.7750005E+03  6.8373922E+04
  2.7850000E+03  3.9068156E+04
  2.7949993E+03  1.0561710E+04
  2.8049995E+03  1.4620148E+04
  2.8150002E+03  5.8452797E+04
  2.8250007E+03  9.3500789E+04
  2.8350000E+03  9.3423609E+04
  2.8450002E+03  4.8764750E+04
  2.8550005E+03  1.5089144E+04
  2.8650000E+03  9.0793469E+04
  2.8749983E+03  1.9439162E+05
  2.8850000E+03  1.8290725E+05
  2.8949988E+03  2.6446772E+05
  2.9099988E+03  4.0802653E+05
  2.9299983E+03  4.0930800E+05
  2.9499990E+03  4.0177669E+05
  2.9700005E+03  4.3981856E+05
  2.9899980E+03  4.9484703E+05
  3.0099995E+03  4.8642112E+05
  3.0299995E+03  5.4210606E+05
  3.0499995E+03  5.6486681E+05
  3.0699995E+03  5.5073575E+05
  3.0899995E+03  5.2678169E+05
  3.1099995E+03  6.1424938E+05
  3.1299998E+03  5.1521091E+05
  3.1499995E+03  5.3200144E+05
  3.1699995E+03  6.3249350E+05
  3.1899995E+03  5.3003488E+05
  3.2099998E+03  5.9873075E+05
  3.2299993E+03  4.7990341E+05
  3.2499993E+03  7.7932494E+05
  3.2699995E+03  8.9612794E+05
  3.2899995E+03  8.5394144E+05
  3.3099998E+03  7.8774181E+05
  3.3299993E+03  8.3677712E+05
  3.3499995E+03  7.9526012E+05
  3.3699995E+03  5.6697888E+05
  3.3899993E+03  6.6924300E+05
  3.4099993E+03  7.4263875E+05
  3.4299995E+03  8.0400300E+05
  3.4499993E+03  9.4590812E+05
  3.4699998E+03  9.5690556E+05
  3.4899993E+03  1.0621438E+06
  3.5099995E+03  1.0972569E+06
  3.5299995E+03  9.3481112E+05
  3.5499995E+03  9.9336169E+05
  3.5699995E+03  6.5929550E+05
  3.5899995E+03  7.9549469E+05
  3.6099995E+03  1.0966862E+06
  3.6299993E+03  1.1628869E+06
  3.6399993E+03  1.1429149E+06
  3.6499995E+03  1.2417700E+06
  3.6699993E+03  1.3071499E+06
  3.6899995E+03  1.3104495E+06
  3.7099995E+03  1.5048688E+06
  3.7299998E+03  9.2872019E+05
  3.7499993E+03  1.0303936E+06
  3.7699993E+03  1.2251005E+06
  3.7899995E+03  1.1932946E+06
  3.8099993E+03  1.0682425E+06
  3.8299998E+03  5.7102325E+05
  3.8499995E+03  5.9868094E+05
  3.8699995E+03  6.7961831E+05
  3.8899995E+03  1.2475530E+06
  3.9099995E+03  1.4350165E+06
  3.9299993E+03  5.2421009E+05
  3.9499993E+03  1.0583540E+06
  3.9699998E+03  6.7277431E+05
  3.9899995E+03  1.8831095E+06
  4.0099995E+03  2.1912705E+06
  4.0299993E+03  2.2677892E+06
  4.0499993E+03  2.1334545E+06
  4.0699993E+03  2.0204752E+06
  4.0899995E+03  2.5358618E+06
  4.1099995E+03  2.5866238E+06
  4.1299995E+03  2.2915102E+06
  4.1499990E+03  2.2178532E+06
  4.1699990E+03  2.2063790E+06
  4.1899995E+03  2.1840780E+06
  4.2099995E+03  2.3608390E+06
  4.2299995E+03  2.4606855E+06
  4.2499995E+03  2.4753320E+06
  4.2699990E+03  2.3088025E+06
  4.2899995E+03  2.0813959E+06
  4.3100000E+03  1.6532074E+06
  4.3299995E+03  2.6790810E+06
  4.3499995E+03  2.6055258E+06
  4.3699995E+03  2.8368068E+06
  4.3899995E+03  2.5392992E+06
  4.4099995E+03  2.7869350E+06
  4.4299995E+03  3.0303890E+06
  4.4499995E+03  3.0532455E+06
  4.4699995E+03  3.3155920E+06
  4.4899995E+03  3.3941315E+06
  4.5099990E+03  3.9062258E+06
  4.5299995E+03  3.4284515E+06
  4.5499990E+03  3.5272160E+06
  4.5699995E+03  3.8463580E+06
  4.5899990E+03  3.6094185E+06
  4.6099990E+03  3.7568550E+06
  4.6299990E+03  3.6214848E+06
  4.6499990E+03  3.7142782E+06
  4.6699990E+03  3.8145078E+06
  4.6899990E+03  3.7010322E+06
  4.7099995E+03  3.6644022E+06
  4.7299990E+03  3.8567630E+06
  4.7499995E+03  4.0861655E+06
  4.7699995E+03  4.1437010E+06
  4.7899990E+03  4.1144258E+06
  4.8099995E+03  4.0076568E+06
  4.8299995E+03  4.1681595E+06
  4.8499990E+03  3.9033865E+06
  4.8700000E+03  3.5922978E+06
  4.8899990E+03  4.0171890E+06
  4.9099990E+03  3.9781222E+06
  4.9299990E+03  3.9301002E+06
  4.9499995E+03  4.2248225E+06
  4.9699995E+03  4.1120365E+06
  4.9899990E+03  3.7897082E+06
  5.0099995E+03  3.6160230E+06
  5.0299995E+03  3.8431362E+06
  5.0499995E+03  3.9154240E+06
  5.0699995E+03  4.1185050E+06
  5.0899995E+03  3.8280982E+06
  5.1099990E+03  3.9307812E+06
  5.1299995E+03  3.7613328E+06
  5.1499985E+03  3.6718088E+06
  5.1700000E+03  3.5556435E+06
  5.1899990E+03  3.7060580E+06
  5.2099990E+03  3.8743248E+06
  5.2299995E+03  3.9276628E+06
  5.2499995E+03  4.0205365E+06
  5.2699995E+03  3.5920875E+06
  5.2899990E+03  4.0710298E+06
  5.3099995E+03  4.2900065E+06
  5.3299990E+03  3.8247652E+06
  5.3499995E+03  4.2071435E+06
  5.3699995E+03  4.2385725E+06
  5.3899995E+03  4.1036948E+06
  5.4099990E+03  4.0053182E+06
  5.4299990E+03  4.0941838E+06
  5.4499990E+03  4.3390420E+06
  5.4699995E+03  4.1399102E+06
  5.4899995E+03  4.1391755E+06
  5.5099995E+03  4.1004955E+06
  5.5299985E+03  4.1850895E+06
  5.5499990E+03  4.2555160E+06
  5.5699990E+03  4.1874885E+06
  5.5899995E+03  4.0699290E+06
  5.6099990E+03  4.2773775E+06
  5.6299995E+03  4.1884455E+06
  5.6499990E+03  4.2301270E+06
  5.6699990E+03  4.1027238E+06
  5.6899995E+03  4.2487070E+06
  5.7099995E+03  4.1111895E+06
  5.7299990E+03  4.4958435E+06
  5.7499990E+03  4.2774095E+06
  5.7699990E+03  4.3548550E+06
  5.7899995E+03  4.1686175E+06
  5.8099985E+03  4.3459900E+06
  5.8300000E+03  4.4700670E+06
  5.8499990E+03  4.3380590E+06
  5.8699985E+03  4.3662780E+06
  5.8899985E+03  4.0781152E+06
  5.9099995E+03  4.2961555E+06
  5.9299985E+03  4.3016165E+06
  5.9499995E+03  4.3135020E+06
  5.9699990E+03  4.3802045E+06
  5.9899990E+03  4.2897900E+06
  6.0099990E+03  4.2051730E+06
  6.0299995E+03  4.2923300E+06
  6.0499990E+03  4.3724825E+06
  6.0699990E+03  4.3502595E+06
  6.0899995E+03  4.1519960E+06
  6.1099985E+03  4.1507948E+06
  6.1299995E+03  3.9633422E+06
  6.1499985E+03  4.0617160E+06
  6.1699985E+03  3.9439872E+06
  6.1900000E+03  4.1698520E+06
  6.2099995E+03  4.1737120E+06
  6.2299985E+03  4.0121370E+06
  6.2499990E+03  3.8554325E+06
  6.2699985E+03  4.0925865E+06
  6.2900000E+03  4.1249705E+06
  6.3099985E+03  3.9902432E+06
  6.3299995E+03  4.0392498E+06
  6.3499985E+03  4.0454265E+06
  6.3699985E+03  4.0088292E+06
  6.3899995E+03  4.0709622E+06
  6.4099990E+03  3.9745398E+06
  6.4299985E+03  4.0181022E+06
  6.4499985E+03  4.0039078E+06
  6.4699990E+03  3.9811715E+06
  6.4899990E+03  3.8829715E+06
  6.5099985E+03  4.0049360E+06
  6.5299990E+03  4.0065925E+06
  6.5499985E+03  3.9408038E+06
  6.5699985E+03  3.6890520E+06
  6.5899995E+03  3.9421202E+06
  6.6099985E+03  3.9772800E+06
  6.6299990E+03  3.9466348E+06
  6.6499985E+03  3.9414185E+06
  6.6699995E+03  3.8684472E+06
  6.6899990E+03  3.9841568E+06
  6.7099995E+03  3.8378592E+06
  6.7299990E+03  3.9468355E+06
  6.7499995E+03  3.8786658E+06
  6.7699985E+03  3.8997595E+06
  6.7899995E+03  3.8572075E+06
  6.8099995E+03  3.8453075E+06
  6.8300000E+03  3.8801588E+06
  6.8499985E+03  3.7536428E+06
  6.8699985E+03  3.8203412E+06
  6.8899985E+03  3.8570785E+06
  6.9099990E+03  3.8055110E+06
  6.9299995E+03  3.7754970E+06
  6.9499990E+03  3.7268910E+06
  6.9699985E+03  3.7370960E+06
  6.9899985E+03  3.7212928E+06
  7.0099985E+03  3.5724412E+06
  7.0299985E+03  3.6599318E+06
  7.0499990E+03  3.7023342E+06
  7.0699980E+03  3.6416988E+06
  7.0899990E+03  3.6250032E+06
  7.1099990E+03  3.6140280E+06
  7.1299995E+03  3.5414625E+06
  7.1499990E+03  3.5376692E+06
  7.1699995E+03  3.5469065E+06
  7.1899985E+03  3.4111135E+06
  7.2099985E+03  3.5225900E+06
  7.2299980E+03  3.5337588E+06
  7.2499990E+03  3.5501250E+06
  7.2699995E+03  3.5221365E+06
  7.2899990E+03  3.3904782E+06
  7.3099980E+03  3.4598672E+06
  7.3299980E+03  3.4688492E+06
  7.3499980E+03  3.4560638E+06
  7.3699985E+03  3.4947598E+06
  7.3899995E+03  3.3934338E+06
  7.4099985E+03  3.3342480E+06
  7.4299995E+03  3.3932310E+06
  7.4500000E+03  3.4091782E+06
  7.4700000E+03  3.4269325E+06
  7.4899990E+03  3.3903235E+06
  7.5099985E+03  3.4068908E+06
  7.5299995E+03  3.4244958E+06
  7.5499980E+03  3.4377710E+06
  7.5699985E+03  3.3978032E+06
  7.5899990E+03  3.3830585E+06
  7.6099980E+03  3.3721960E+06
  7.6299995E+03  3.3837895E+06
  7.6499995E+03  3.3883285E+06
  7.6699980E+03  3.2745600E+06
  7.6899990E+03  3.3684602E+06
  7.7099995E+03  3.2940955E+06
  7.7299985E+03  3.3022290E+06
  7.7499990E+03  3.2659505E+06
  7.7700000E+03  3.3310288E+06
  7.7900000E+03  3.3271072E+06
  7.8099995E+03  3.3062600E+06
  7.8299980E+03  3.2729248E+06
  7.8499980E+03  3.2414125E+06
  7.8699995E+03  3.2614528E+06
  7.8900000E+03  3.1888995E+06
  7.9099995E+03  3.0968072E+06
  7.9300000E+03  3.0726988E+06
  7.9499985E+03  3.0405098E+06
  7.9699990E+03  3.1346930E+06
  7.9900000E+03  3.1366042E+06
  8.0099980E+03  3.0992950E+06
  8.0299985E+03  3.0952682E+06
  8.0500000E+03  3.0644420E+06
  8.0699985E+03  3.0619415E+06
  8.0899990E+03  2.9719895E+06
  8.1099995E+03  2.9866755E+06
  8.1299976E+03  3.0153752E+06
  8.1499976E+03  2.9970775E+06
  8.1699980E+03  3.0009905E+06
  8.1899985E+03  2.9292312E+06
  8.2099990E+03  2.9172685E+06
  8.2300000E+03  2.9314722E+06
  8.2500000E+03  2.9584575E+06
  8.2700000E+03  2.9883975E+06
  8.2899980E+03  2.9631982E+06
  8.3099990E+03  2.8586090E+06
  8.3299980E+03  2.8665622E+06
  8.3500000E+03  2.8704598E+06
  8.3699990E+03  2.8899385E+06
  8.3899990E+03  2.8154865E+06
  8.4099971E+03  2.8917572E+06
  8.4300000E+03  2.8160782E+06
  8.4499990E+03  2.8650235E+06
  8.4699980E+03  2.8372265E+06
  8.4899980E+03  2.8702870E+06
  8.5099990E+03  2.7066275E+06
  8.5299990E+03  2.8601022E+06
  8.5499990E+03  2.6475548E+06
  8.5699990E+03  2.8666532E+06
  8.5900000E+03  2.7925112E+06
  8.6099980E+03  2.7895152E+06
  8.6299990E+03  2.8265770E+06
  8.6499990E+03  2.8344668E+06
  8.6699990E+03  2.5847468E+06
  8.6899990E+03  2.7158912E+06
  8.7099971E+03  2.7607902E+06
  8.7299990E+03  2.7688655E+06
  8.7499980E+03  2.7118392E+06
  8.7699980E+03  2.7728595E+06
  8.7899980E+03  2.7339742E+06
  8.8099990E+03  2.6706582E+06
  8.8299980E+03  2.7150105E+06
  8.8499980E+03  2.7301702E+06
  8.8699980E+03  2.6519365E+06
  8.8899990E+03  2.7124252E+06
  8.9099971E+03  2.7380370E+06
  8.9299980E+03  2.6589850E+06
  8.9499980E+03  2.6547338E+06
  8.9699990E+03  2.6615432E+06
  8.9899990E+03  2.6631858E+06
  9.0099980E+03  2.5584225E+06
  9.0299990E+03  2.6433860E+06
  9.0499990E+03  2.6960665E+06
  9.0699980E+03  2.6367002E+06
  9.0899990E+03  2.5472812E+06
  9.1099980E+03  2.5699735E+06
  9.1299980E+03  2.6327558E+06
  9.1499980E+03  2.6079398E+06
  9.1699980E+03  2.6028040E+06
  9.1899990E+03  2.6303842E+06
  9.2099990E+03  2.5494652E+06
  9.2299980E+03  2.5452835E+06
  9.2499980E+03  2.5279922E+06
  9.2699971E+03  2.5499328E+06
  9.2899990E+03  2.5457742E+06
  9.3099980E+03  2.5601015E+06
  9.3299990E+03  2.5358072E+06
  9.3499980E+03  2.5315210E+06
  9.3699990E+03  2.4903020E+06
  9.3900000E+03  2.5103825E+06
  9.4099980E+03  2.4156962E+06
  9.4299971E+03  2.4935382E+06
  9.4499990E+03  2.4384030E+06
  9.4700000E+03  2.4860432E+06
  9.4899980E+03  2.4902175E+06
  9.5100000E+03  2.4632162E+06
  9.5300000E+03  2.4562065E+06
  9.5500000E+03  2.4021852E+06
  9.5699990E+03  2.4037148E+06
  9.5899980E+03  2.4439622E+06
  9.6099980E+03  2.4006758E+06
  9.6299990E+03  2.3820208E+06
  9.6499990E+03  2.3552062E+06
  9.6699980E+03  2.3487380E+06
  9.6899980E+03  2.3806992E+06
  9.7100000E+03  2.3599528E+06
  9.7299990E+03  2.3506995E+06
  9.7499980E+03  2.3256498E+06
  9.7699961E+03  2.3241902E+06
  9.7899980E+03  2.2943812E+06
  9.8099980E+03  2.3367485E+06
  9.8299990E+03  2.3218298E+06
  9.8499980E+03  2.3223122E+06
  9.8700000E+03  2.2963190E+06
  9.8899980E+03  2.2911632E+06
  9.9099990E+03  2.2820010E+06
  9.9300000E+03  2.2930285E+06
  9.9499980E+03  2.2878160E+06
  9.9699980E+03  2.2826260E+06
  9.9899990E+03  2.2679082E+06
  1.0024998E+04  2.2507510E+06
  1.0074998E+04  2.2153652E+06
  1.0124997E+04  2.2065850E+06
  1.0174997E+04  2.1669398E+06
  1.0224998E+04  2.1638875E+06
  1.0274997E+04  2.1622200E+06
  1.0325000E+04  2.1147885E+06
  1.0374999E+04  2.0951892E+06
  1.0425000E+04  2.0974285E+06
  1.0474998E+04  2.0639262E+06
  1.0524997E+04  2.0618779E+06
  1.0574999E+04  2.0367322E+06
  1.0625000E+04  2.0169738E+06
  1.0674997E+04  1.9707514E+06
  1.0724998E+04  1.9701375E+06
  1.0774999E+04  1.9456004E+06
  1.0824997E+04  1.9125908E+06
  1.0874997E+04  1.9031036E+06
  1.0924999E+04  1.9086069E+06
  1.0974996E+04  1.8760876E+06
  1.1025000E+04  1.8855150E+06
  1.1074998E+04  1.8746414E+06
  1.1124999E+04  1.8535058E+06
  1.1174998E+04  1.8301391E+06
  1.1224999E+04  1.8274155E+06
  1.1274997E+04  1.7897590E+06
  1.1325000E+04  1.7804224E+06
  1.1375000E+04  1.7661731E+06
  1.1425000E+04  1.7375295E+06
  1.1474997E+04  1.7593008E+06
  1.1525000E+04  1.7436990E+06
  1.1574998E+04  1.7141869E+06
  1.1625000E+04  1.6854780E+06
  1.1674998E+04  1.6806358E+06
  1.1724997E+04  1.6921746E+06
  1.1775001E+04  1.6540854E+06
  1.1824999E+04  1.6429024E+06
  1.1875000E+04  1.6139750E+06
  1.1925000E+04  1.6419292E+06
  1.1975001E+04  1.5822715E+06
  1.2024998E+04  1.6026461E+06
  1.2074996E+04  1.5798931E+06
  1.2125000E+04  1.5763959E+06
  1.2175000E+04  1.5800965E+06
  1.2225001E+04  1.5645254E+06
  1.2275001E+04  1.5484554E+06
  1.2324996E+04  1.5369600E+06
  1.2374996E+04  1.5260905E+06
  1.2424998E+04  1.5117092E+06
  1.2475000E+04  1.5075554E+06
  1.2524997E+04  1.4872826E+06
  1.2574997E+04  1.4784331E+06
  1.2624999E+04  1.4690145E+06
  1.2674997E+04  1.4501552E+06
  1.2724999E+04  1.4503905E+06
  1.2774999E+04  1.4477620E+06
  1.2825000E+04  1.3863348E+06
  1.2875001E+04  1.4105644E+06
  1.2924997E+04  1.3949821E+06
  1.2975001E+04  1.4004521E+06
  1.3024998E+04  1.3756426E+06
  1.3074999E+04  1.3793551E+06
  1.3125000E+04  1.3565094E+06
  1.3174998E+04  1.3452568E+06
  1.3224998E+04  1.3464121E+06
  1.3274997E+04  1.3191654E+06
  1.3324997E+04  1.3248365E+06
  1.3374999E+04  1.3095582E+06
  1.3424999E+04  1.3140359E+06
  1.3474999E+04  1.3006920E+06
  1.3525001E+04  1.2931312E+06
  1.3574999E+04  1.2662465E+06
  1.3624997E+04  1.2620438E+06
  1.3674997E+04  1.2568810E+06
  1.3724995E+04  1.2504004E+06
  1.3774998E+04  1.2428874E+06
  1.3824998E+04  1.2383092E+06
  1.3874996E+04  1.2276788E+06
  1.3925000E+04  1.2249976E+06
  1.3974996E+04  1.2188910E+06
  1.4024997E+04  1.1961576E+06
  1.4075001E+04  1.2014228E+06
  1.4124996E+04  1.1829252E+06
  1.4175000E+04  1.1900061E+06
  1.4225000E+04  1.1628698E+06
  1.4274994E+04  1.1459941E+06
  1.4325001E+04  1.1589545E+06
  1.4374998E+04  1.1606239E+06
  1.4424999E+04  1.1141908E+06
  1.4475000E+04  1.1395722E+06
  1.4524997E+04  1.1146161E+06
  1.4569999E+04  1.1212999E+06
  1.4620000E+04  1.1158286E+06
  1.4674998E+04  1.1149155E+06
  1.4725000E+04  1.0895298E+06
  1.4775002E+04  1.0848254E+06
  1.4824998E+04  1.0798864E+06
  1.4874996E+04  1.0633599E+06
  1.4924997E+04  1.0781315E+06
  1.4974999E+04  1.0573864E+06
  1.5024999E+04  1.0442528E+06
  1.5075000E+04  1.0282526E+06
  1.5124999E+04  1.0390041E+06
  1.5175000E+04  1.0375998E+06
  1.5225002E+04  1.0251235E+06
  1.5274998E+04  1.0246725E+06
  1.5324995E+04  1.0132013E+06
  1.5374997E+04  1.0161999E+06
  1.5425001E+04  1.0022119E+06
  1.5474996E+04  1.0031719E+06
  1.5524994E+04  9.8776475E+05
  1.5575001E+04  9.6552912E+05
  1.5624998E+04  9.9411056E+05
  1.5674997E+04  9.5840125E+05
  1.5724994E+04  9.5967519E+05
  1.5774996E+04  9.3947650E+05
  1.5825001E+04  9.4774956E+05
  1.5874995E+04  8.9576231E+05
  1.5925002E+04  9.2443100E+05
  1.5975001E+04  9.3712100E+05
  1.6049998E+04  9.2231444E+05
  1.6150001E+04  8.9808688E+05
  1.6249997E+04  9.0110656E+05
  1.6350000E+04  8.8316944E+05
  1.6449996E+04  8.5478388E+05
  1.6549998E+04  8.5563988E+05
  1.6649994E+04  8.4238981E+05
  1.6749998E+04  8.2049094E+05
  1.6849998E+04  7.9074506E+05
  1.6950000E+04  7.9952462E+05
  1.7049996E+04  7.7063112E+05
  1.7150000E+04  7.6435988E+05
  1.7249992E+04  7.3893862E+05
  1.7349994E+04  7.1274856E+05
  1.7449992E+04  7.1233562E+05
  1.7550000E+04  7.0090125E+05
  1.7649998E+04  6.8848288E+05
  1.7749994E+04  6.7333388E+05
  1.7849994E+04  6.6451006E+05
  1.7949998E+04  6.5160756E+05
  1.8050002E+04  6.3667144E+05
  1.8150002E+04  6.1749562E+05
  1.8249994E+04  6.1057800E+05
  1.8349992E+04  6.0108838E+05
  1.8449992E+04  5.8486200E+05
  1.8549998E+04  5.7860569E+05
  1.8650002E+04  5.6116362E+05
  1.8750002E+04  5.4138094E+05
  1.8850000E+04  5.4534300E+05
  1.8950004E+04  5.2155791E+05
  1.9049996E+04  5.2840900E+05
  1.9149998E+04  5.1649434E+05
  1.9249992E+04  5.0818394E+05
  1.9350000E+04  4.9372803E+05
  1.9449992E+04  4.7809862E+05
  1.9550002E+04  4.8040528E+05
  1.9649992E+04  4.7033794E+05
  1.9749992E+04  4.6111531E+05
  1.9849992E+04  4.5464525E+05
  1.9950002E+04  4.4688006E+05
  2.0050002E+04  4.4235853E+05
  2.0149996E+04  4.3683778E+05
  2.0249994E+04  4.2363162E+05
  2.0349994E+04  4.1415659E+05
  2.0449996E+04  4.1405269E+05
  2.0550000E+04  4.0549184E+05
  2.0649992E+04  3.9660925E+05
  2.0749998E+04  3.9070431E+05
  2.0849992E+04  3.8400197E+05
  2.0950004E+04  3.7527156E+05
  2.1050002E+04  3.7273478E+05
  2.1149992E+04  3.6518469E+05
  2.1250000E+04  3.5881875E+05
  2.1350002E+04  3.5495284E+05
  2.1449996E+04  3.4890819E+05
  2.1550006E+04  3.4320306E+05
  2.1649994E+04  3.3115891E+05
  2.1750002E+04  3.2926728E+05
  2.1849998E+04  3.2466644E+05
  2.1950002E+04  3.2105797E+05
  2.2050000E+04  3.1313931E+05
  2.2149996E+04  3.1052566E+05
  2.2249998E+04  3.0417166E+05
  2.2350004E+04  2.9936659E+05
  2.2449990E+04  2.9500166E+05
  2.2549994E+04  2.8993869E+05
  2.2650000E+04  2.8465962E+05
  2.2750000E+04  2.8198062E+05
  2.2850000E+04  2.7563606E+05
  2.2950004E+04  2.4919898E+05
  2.3050000E+04  2.5853561E+05
  2.3149996E+04  2.5573758E+05
  2.3250000E+04  2.3062036E+05
  2.3349996E+04  2.4068605E+05
  2.3449994E+04  2.4170692E+05
  2.3550002E+04  2.1612803E+05
  2.3649988E+04  2.2779566E+05
  2.3750000E+04  2.2734388E+05
  2.3849990E+04  2.0481084E+05
  2.3950002E+04  2.1417069E+05
  2.4050006E+04  2.1566950E+05
  2.4149992E+04  1.9803570E+05
  2.4249990E+04  2.0374752E+05
  2.4349990E+04  2.0457450E+05
  2.4450002E+04  1.9320559E+05
  2.4549990E+04  1.9167877E+05
  2.4649992E+04  1.9687239E+05
  2.4749992E+04  1.8950980E+05
  2.4850006E+04  1.8207581E+05
  2.4950000E+04  1.8526716E+05
  2.5050006E+04  1.8822158E+05
  2.5149994E+04  1.7532212E+05
  2.5249998E+04  1.7936053E+05
  2.5350004E+04  1.7913239E+05
  2.5449988E+04  1.7385972E+05
  2.5549998E+04  1.7171642E+05
  2.5649990E+04  1.7063792E+05
  2.5749990E+04  1.7107078E+05
  2.5849994E+04  1.6258967E+05
  2.5949990E+04  1.6456705E+05
  2.6049996E+04  1.6401098E+05
  2.6149998E+04  1.5995478E+05
  2.6249988E+04  1.5718033E+05
  2.6350008E+04  1.5740550E+05
  2.6449996E+04  1.5570072E+05
  2.6549994E+04  1.5284655E+05
  2.6649994E+04  1.4964883E+05
  2.6749988E+04  1.5063280E+05
  2.6849986E+04  1.4937698E+05
  2.6949986E+04  1.4613864E+05
  2.7050002E+04  1.4548731E+05
  2.7149998E+04  1.4373275E+05
  2.7249994E+04  1.4239061E+05
  2.7350006E+04  1.3974453E+05
  2.7450004E+04  1.3913322E+05
  2.7549996E+04  1.3681969E+05
  2.7649982E+04  1.3528005E+05
  2.7750004E+04  1.3328412E+05
  2.7850000E+04  1.3221702E+05
  2.7949992E+04  1.3135467E+05
  2.8049994E+04  1.2954830E+05
  2.8150002E+04  1.2771664E+05
  2.8250006E+04  1.2624283E+05
  2.8350000E+04  1.2525072E+05
  2.8450000E+04  1.2319420E+05
  2.8550002E+04  1.2179655E+05
  2.8650002E+04  1.2029606E+05
  2.8749982E+04  1.1797042E+05
  2.8849998E+04  1.1741641E+05
  2.8949986E+04  1.1612128E+05
  2.9049994E+04  1.1467136E+05
  2.9149986E+04  1.1337614E+05
  2.9249984E+04  1.1142216E+05
  2.9349980E+04  1.1071233E+05
  2.9450000E+04  1.0884523E+05
  2.9550004E+04  1.0780345E+05
  2.9649982E+04  1.0676912E+05
  2.9749992E+04  1.0542252E+05
  2.9849994E+04  1.0407466E+05
  2.9949984E+04  1.0264172E+05
  3.0049996E+04  1.0140476E+05
  3.0149994E+04  1.0043068E+05
  3.0249994E+04  9.9034938E+04
  3.0349996E+04  9.6808758E+04
  3.0449996E+04  9.6706219E+04
  3.0549996E+04  9.5432344E+04
  3.0649996E+04  9.4189047E+04
  3.0749994E+04  9.3378234E+04
  3.0849996E+04  9.1867336E+04
  3.0949994E+04  9.0842055E+04
  3.1049996E+04  9.0093719E+04
  3.1149996E+04  8.8332031E+04
  3.1249996E+04  8.7771461E+04
  3.1349996E+04  8.6875094E+04
  3.1449996E+04  8.5843586E+04
  3.1549998E+04  8.4577391E+04
  3.1649996E+04  8.3633859E+04
  3.1749998E+04  8.2808859E+04
  3.1849996E+04  8.1814336E+04
  3.1949994E+04  8.1029906E+04
  3.2099996E+04  7.9433461E+04
  3.2299992E+04  7.7651180E+04
  3.2499994E+04  7.5785328E+04
  3.2699996E+04  7.4001461E+04
  3.2899996E+04  7.1948961E+04
  3.3099996E+04  7.0624781E+04
  3.3299992E+04  6.8943242E+04
  3.3499996E+04  6.7608867E+04
  3.3699996E+04  6.5976148E+04
  3.3899996E+04  6.4413199E+04
  3.4099996E+04  6.2904945E+04
  3.4299996E+04  6.1798848E+04
  3.4499992E+04  6.0574828E+04
  3.4699996E+04  5.9180852E+04
  3.4899996E+04  5.7932289E+04
  3.5099996E+04  5.6751078E+04
  3.5299996E+04  5.5369117E+04
  3.5499996E+04  5.4331477E+04
  3.5699992E+04  5.3082992E+04
  3.5899992E+04  5.1967023E+04
  3.6099996E+04  5.1022773E+04
  3.6299992E+04  4.9981781E+04
  3.6499992E+04  4.8711621E+04
  3.6699992E+04  4.7715039E+04
  3.6899992E+04  4.6394062E+04
  3.7099996E+04  4.5416207E+04
  3.7299996E+04  4.4724684E+04
  3.7499992E+04  4.3311254E+04
  3.7699996E+04  4.2977508E+04
  3.7899996E+04  4.2068758E+04
  3.8099992E+04  4.1332398E+04
  3.8299996E+04  4.0652730E+04
  3.8499996E+04  3.9913750E+04
  3.8699996E+04  3.9011766E+04
  3.8899992E+04  3.8250660E+04
  3.9099996E+04  3.7569562E+04
  3.9299992E+04  3.6895453E+04
  3.9499992E+04  3.5993984E+04
  3.9699992E+04  3.5402770E+04
  3.9900000E+04  3.4468961E+04
  4.0099996E+04  3.3961992E+04
  4.0299992E+04  3.3444812E+04
  4.0499996E+04  3.2674316E+04
  4.0699992E+04  3.2181145E+04
  4.0899992E+04  3.1601438E+04
  4.1099996E+04  3.1076059E+04
  4.1299996E+04  3.0550521E+04
  4.1499992E+04  2.9900221E+04
  4.1699992E+04  2.9334615E+04
  4.1899996E+04  2.8819186E+04
  4.2099996E+04  2.8193180E+04
  4.2299992E+04  2.7893525E+04
  4.2499996E+04  2.7272865E+04
  4.2699992E+04  2.6869219E+04
  4.2899992E+04  2.5253920E+04
  4.3099996E+04  2.3977666E+04
  4.3299996E+04  2.4257004E+04
  4.3499992E+04  2.2704529E+04
  4.3699996E+04  2.2193381E+04
  4.3899996E+04  2.1954480E+04
  4.4099992E+04  2.0351387E+04
  4.4299992E+04  2.0452156E+04
  4.4499996E+04  1.9998576E+04
  4.4699996E+04  1.8756240E+04
  4.4899996E+04  1.9186010E+04
  4.5099992E+04  1.8638381E+04
  4.5299992E+04  1.7632248E+04
  4.5499996E+04  1.7863908E+04
  4.5699992E+04  1.7697611E+04
  4.5899996E+04  1.6646059E+04
  4.6099996E+04  1.7016195E+04
  4.6299992E+04  1.6588498E+04
  4.6499988E+04  1.6378854E+04
  4.6699992E+04  1.6253547E+04
  4.6899992E+04  1.6045512E+04
  4.7099992E+04  1.5609798E+04
  4.7299992E+04  1.5774603E+04
  4.7499996E+04  1.5426646E+04
  4.7699992E+04  1.5179168E+04
  4.7899992E+04  1.4934127E+04
  4.8099996E+04  1.4600785E+04
  4.8299992E+04  1.4784201E+04
  4.8499992E+04  1.4402104E+04
  4.8700000E+04  1.4118533E+04
  4.8899992E+04  1.4036843E+04
  4.9099988E+04  1.3712544E+04
  4.9299988E+04  1.3551910E+04
  4.9499996E+04  1.3361436E+04
  4.9699992E+04  1.3246948E+04
  4.9899988E+04  1.2965017E+04
  5.0099996E+04  1.2945457E+04
  5.0299996E+04  1.2761117E+04
  5.0499996E+04  1.2417087E+04
  5.0699996E+04  1.2288977E+04
  5.0899992E+04  1.2183726E+04
  5.1099992E+04  1.1911657E+04
  5.1299996E+04  1.1802354E+04
  5.1499988E+04  1.1631606E+04
  5.1699996E+04  1.1649184E+04
  5.1899992E+04  1.1372301E+04
  5.2099992E+04  1.1179261E+04
  5.2299996E+04  1.1033046E+04
  5.2499996E+04  1.0977301E+04
  5.2699996E+04  1.0969832E+04
  5.2899992E+04  1.0608773E+04
  5.3099988E+04  1.0485186E+04
  5.3299988E+04  1.0407309E+04
  5.3499992E+04  1.0278045E+04
  5.3699992E+04  1.0160738E+04
  5.3899992E+04  1.0061483E+04
  5.4099992E+04  9.9223555E+03
  5.4299984E+04  9.7135801E+03
  5.4499988E+04  9.6927705E+03
  5.4699996E+04  9.5302285E+03
  5.4899992E+04  9.4202969E+03
  5.5099992E+04  9.2873838E+03
  5.5299988E+04  9.3350205E+03
  5.5499988E+04  9.0368271E+03
  5.5699992E+04  9.0770811E+03
  5.5899992E+04  8.8757686E+03
  5.6099988E+04  8.8188223E+03
  5.6299996E+04  8.6361123E+03
  5.6499988E+04  8.6257109E+03
  5.6699988E+04  8.5045000E+03
  5.6899992E+04  8.3210088E+03
  5.7099996E+04  8.3156260E+03
  5.7299988E+04  8.2107500E+03
  5.7499988E+04  8.1141914E+03
  5.7699988E+04  7.9827886E+03
  5.7899996E+04  7.9439146E+03
  5.8099988E+04  7.8032729E+03
  5.8299996E+04  7.7242207E+03
  5.8499992E+04  7.6405630E+03
  5.8699988E+04  7.5048369E+03
  5.8899988E+04  7.4281108E+03
  5.9099992E+04  7.3580747E+03
  5.9299988E+04  7.2813145E+03
  5.9499996E+04  7.1619980E+03
  5.9699988E+04  7.1173711E+03
  5.9899992E+04  7.0289722E+03
  6.0099992E+04  6.9496216E+03
  6.0299992E+04  6.8659883E+03
  6.0499988E+04  6.7598398E+03
  6.0699992E+04  6.6828516E+03
  6.0899992E+04  6.6023599E+03
  6.1099988E+04  6.5052197E+03
  6.1299992E+04  6.4520112E+03
  6.1499988E+04  6.3819277E+03
  6.1699988E+04  6.3257769E+03
  6.1899996E+04  6.2522227E+03
  6.2099996E+04  6.1883740E+03
  6.2299988E+04  6.0911479E+03
  6.2499992E+04  6.0078623E+03
  6.2699988E+04  5.9448726E+03
  6.2899996E+04  5.8782734E+03
  6.3099984E+04  5.8002920E+03
  6.3299996E+04  5.7630361E+03
  6.3499984E+04  5.6824141E+03
  6.3699984E+04  5.6405674E+03
  6.3900000E+04  5.5562261E+03
  6.4199992E+04  5.4632905E+03
  6.4599984E+04  5.3315679E+03
  6.4999992E+04  5.2118462E+03
  6.5399992E+04  5.0946465E+03
  6.5799992E+04  4.9891270E+03
  6.6199984E+04  4.8696177E+03
  6.6599984E+04  4.7637354E+03
  6.6999992E+04  4.6598584E+03
  6.7399992E+04  4.5497300E+03
  6.7799992E+04  4.4517847E+03
  6.8199992E+04  4.3522539E+03
  6.8599992E+04  4.2601782E+03
  6.8999984E+04  4.1632935E+03
  6.9399984E+04  4.0724192E+03
  6.9800000E+04  3.9852803E+03
  7.0199992E+04  3.8943550E+03
  7.0599984E+04  3.8142234E+03
  7.0999977E+04  3.7313108E+03
  7.1399977E+04  3.6525974E+03
  7.1799984E+04  3.5732078E+03
  7.2199984E+04  3.4973013E+03
  7.2600000E+04  3.4215576E+03
  7.2999984E+04  3.3517161E+03
  7.3400000E+04  3.2787820E+03
  7.3799984E+04  3.2124871E+03
  7.4199992E+04  3.1415405E+03
  7.4599992E+04  3.0757188E+03
  7.5000000E+04  3.0132612E+03
  7.5399992E+04  2.9506943E+03
  7.5799992E+04  2.8939319E+03
  7.6199984E+04  2.8344980E+03
  7.6599992E+04  2.7776841E+03
  7.6999992E+04  2.7200522E+03
  7.7399992E+04  2.6669192E+03
  7.7799984E+04  2.6141729E+03
  7.8199984E+04  2.5618081E+03
  7.8599984E+04  2.5115911E+03
  7.8999984E+04  2.4620154E+03
  7.9399984E+04  2.4134880E+03
  7.9800000E+04  2.3669312E+03
  8.0199992E+04  2.3193071E+03
  8.0599984E+04  2.2743076E+03
  8.0999992E+04  2.2321479E+03
  8.1399977E+04  2.1875789E+03
  8.1799984E+04  2.1468684E+03
  8.2199984E+04  2.1071240E+03
  8.2599992E+04  2.0667761E+03
  8.2999984E+04  2.0283654E+03
  8.3400000E+04  1.9890769E+03
  8.3799992E+04  1.9525911E+03
  8.4199992E+04  1.9173445E+03
  8.4599977E+04  1.8818871E+03
  8.4999977E+04  1.8473224E+03
  8.5399984E+04  1.8134761E+03
  8.5799984E+04  1.7805375E+03
  8.6199992E+04  1.7482321E+03
  8.6599992E+04  1.7170994E+03
  8.6999984E+04  1.6865143E+03
  8.7399992E+04  1.6561685E+03
  8.7799992E+04  1.6265979E+03
  8.8199984E+04  1.5969138E+03
  8.8599977E+04  1.5691857E+03
  8.8999992E+04  1.5410814E+03
  8.9399977E+04  1.5148783E+03
  8.9799977E+04  1.4873040E+03
  9.0199984E+04  1.4626121E+03
  9.0599984E+04  1.4382056E+03
  9.0999992E+04  1.4116687E+03
  9.1400000E+04  1.3882006E+03
  9.1799969E+04  1.3652671E+03
  9.2199969E+04  1.3425447E+03
  9.2599984E+04  1.3197233E+03
  9.3000000E+04  1.2976796E+03
  9.3399984E+04  1.2756195E+03
  9.3799984E+04  1.2546154E+03
  9.4199977E+04  1.2337516E+03
  9.4599984E+04  1.2131104E+03
  9.4999969E+04  1.1931904E+03
  9.5399984E+04  1.1734777E+03
  9.5799984E+04  1.1547091E+03
  9.6199992E+04  1.1354781E+03
  9.6599984E+04  1.1175354E+03
  9.7000000E+04  1.0995286E+03
  9.7399977E+04  1.0804696E+03
  9.7799984E+04  1.0639688E+03
  9.8199977E+04  1.0473491E+03
  9.8599977E+04  1.0308861E+03
  9.8999992E+04  1.0147307E+03
  9.9399984E+04  9.9834454E+02
  9.9799977E+04  9.8279303E+02
  1.0019999E+05  9.6741968E+02
  1.9999991E+05  6.2601780E+01
  3.9999994E+05  3.9220271E+00
  5.9999981E+05  7.6949859E-01
  7.9999994E+05  2.4164483E-01
