  9.2499988E+02  1.4475798E-09
  9.3499982E+02  2.0710682E-09
  9.4500000E+02  3.1531207E-09
  9.5500000E+02  4.9829008E-09
  9.6499988E+02  8.4196294E-09
  9.7499982E+02  1.1541855E-08
  9.8499976E+02  1.8004060E-08
  9.9499988E+02  2.6843269E-08
  1.0049999E+03  4.0391502E-08
  1.0149997E+03  5.9200023E-08
  1.0249998E+03  6.7090326E-08
  1.0349998E+03  1.3511365E-07
  1.0449998E+03  1.9844623E-07
  1.0549999E+03  2.3659187E-07
  1.0649999E+03  3.8340102E-07
  1.0750000E+03  5.3503015E-07
  1.0849996E+03  7.7005950E-07
  1.0949999E+03  9.4671464E-07
  1.1049999E+03  1.2096248E-06
  1.1149999E+03  1.6603861E-06
  1.1249999E+03  2.5346826E-06
  1.1349996E+03  3.8728317E-06
  1.1449999E+03  5.3210015E-06
  1.1549999E+03  7.1080913E-06
  1.1650000E+03  9.3143390E-06
  1.1749995E+03  1.3030708E-05
  1.1849996E+03  1.6323564E-05
  1.1949998E+03  1.9704543E-05
  1.2049996E+03  2.1941998E-05
  1.2149998E+03  6.8488130E-06
  1.2249996E+03  3.3512781E-05
  1.2349996E+03  5.7185840E-05
  1.2449998E+03  7.4533629E-05
  1.2549996E+03  9.1249312E-05
  1.2650000E+03  1.1381388E-04
  1.2749998E+03  1.4046165E-04
  1.2849995E+03  1.5808320E-04
  1.2949998E+03  1.9203444E-04
  1.3049995E+03  2.2769575E-04
  1.3149998E+03  2.9202277E-04
  1.3249998E+03  3.1672945E-04
  1.3349996E+03  3.5662536E-04
  1.3449995E+03  4.4782532E-04
  1.3549996E+03  5.7368958E-04
  1.3649999E+03  6.2336435E-04
  1.3749999E+03  6.9871848E-04
  1.3849996E+03  7.7107339E-04
  1.3949999E+03  8.8385947E-04
  1.4050001E+03  1.1759683E-03
  1.4149998E+03  1.4004168E-03
  1.4249998E+03  1.6833489E-03
  1.4350000E+03  2.1132431E-03
  1.4419998E+03  2.8270874E-03
  1.4469999E+03  2.5189801E-03
  1.4549994E+03  3.0697086E-03
  1.4650000E+03  4.1667991E-03
  1.4749995E+03  4.8509310E-03
  1.4849996E+03  5.3369361E-03
  1.4949998E+03  7.4455794E-03
  1.5049996E+03  9.5611000E-03
  1.5119995E+03  6.7954375E-03
  1.5169994E+03  9.3415175E-03
  1.5250001E+03  3.3044774E-02
  1.5349994E+03  6.1771318E-02
  1.5449994E+03  4.7006734E-02
  1.5549998E+03  8.9190416E-02
  1.5649999E+03  8.5431643E-02
  1.5750001E+03  2.8850776E-01
  1.5850000E+03  3.4301826E-01
  1.5949996E+03  3.9997894E-01
  1.6049999E+03  4.0568614E-01
  1.6150000E+03  4.3701881E-01
  1.6249996E+03  5.0518811E-01
  1.6350000E+03  7.1270251E-01
  1.6449996E+03  1.0633495E+00
  1.6549999E+03  7.2894919E-01
  1.6649993E+03  1.3133092E+00
  1.6720000E+03  8.3764142E-01
  1.6770001E+03  3.9304509E+00
  1.6849998E+03  4.5237560E+00
  1.6950000E+03  5.9800768E+00
  1.7049995E+03  6.3832855E+00
  1.7150000E+03  6.4557176E+00
  1.7249993E+03  9.7454052E+00
  1.7349994E+03  1.1742311E+01
  1.7449993E+03  1.7334541E+01
  1.7550001E+03  2.1109104E+01
  1.7649998E+03  2.2165785E+01
  1.7749995E+03  2.1644112E+01
  1.7849995E+03  3.5454876E+01
  1.7949999E+03  3.6442970E+01
  1.8050001E+03  4.8904373E+01
  1.8150001E+03  4.0614391E+01
  1.8249994E+03  6.1546436E+01
  1.8349993E+03  6.0620140E+01
  1.8449993E+03  5.0860832E+01
  1.8549998E+03  6.2560673E+01
  1.8650002E+03  8.4585037E+01
  1.8750001E+03  8.9280022E+01
  1.8850000E+03  1.0147717E+02
  1.8950002E+03  1.4184824E+02
  1.9049996E+03  1.3327272E+02
  1.9149999E+03  1.6931915E+02
  1.9249993E+03  1.5749980E+02
  1.9350001E+03  9.4134315E+01
  1.9449993E+03  2.1070235E+02
  1.9550002E+03  2.5126205E+02
  1.9670002E+03  3.1434906E+02
  1.9759990E+03  3.2974744E+02
  1.9839996E+03  3.7259320E+02
  1.9950001E+03  3.6588303E+02
  2.0050002E+03  3.7420966E+02
  2.0149996E+03  4.2779111E+02
  2.0249994E+03  3.3142880E+02
  2.0349995E+03  4.8073856E+02
  2.0449998E+03  5.4639484E+02
  2.0550000E+03  6.0708698E+02
  2.0649993E+03  6.0006451E+02
  2.0739993E+03  6.0805780E+02
  2.0780002E+03  1.2078252E+03
  2.0849993E+03  1.5279136E+03
  2.0950005E+03  1.5488962E+03
  2.1050002E+03  1.5497740E+03
  2.1149990E+03  1.8164490E+03
  2.1250000E+03  1.6841765E+03
  2.1350002E+03  2.0544897E+03
  2.1449998E+03  2.0670671E+03
  2.1550005E+03  2.0091498E+03
  2.1649995E+03  1.9412040E+03
  2.1750002E+03  2.1191414E+03
  2.1849998E+03  2.1688357E+03
  2.1950000E+03  2.7386892E+03
  2.2050000E+03  2.7168494E+03
  2.2149998E+03  2.5278198E+03
  2.2249998E+03  2.8564180E+03
  2.2350005E+03  4.0867825E+03
  2.2449990E+03  4.3410830E+03
  2.2549993E+03  4.0966304E+03
  2.2650000E+03  2.9964749E+03
  2.2750000E+03  3.8308579E+03
  2.2850000E+03  5.0817441E+03
  2.2950002E+03  5.1261758E+03
  2.3050000E+03  3.9981870E+03
  2.3149995E+03  5.7069971E+03
  2.3250000E+03  5.8847183E+03
  2.3349995E+03  7.2856035E+03
  2.3449993E+03  4.9316963E+03
  2.3550000E+03  6.0289917E+03
  2.3649988E+03  5.6081377E+03
  2.3750000E+03  6.4253911E+03
  2.3849990E+03  6.0812734E+03
  2.3950000E+03  6.8535415E+03
  2.4050005E+03  8.5793633E+03
  2.4149993E+03  6.7631089E+03
  2.4249990E+03  9.8612920E+03
  2.4349990E+03  1.1613544E+04
  2.4450000E+03  1.4487585E+04
  2.4549990E+03  1.5801856E+04
  2.4649990E+03  1.1545246E+04
  2.4749993E+03  1.1739962E+04
  2.4850005E+03  4.3451118E+03
  2.4950000E+03  6.8901011E+03
  2.5050005E+03  1.2460652E+04
  2.5129988E+03  6.9510366E+03
  2.5179990E+03  4.8442217E+03
  2.5249998E+03  5.4718735E+03
  2.5350007E+03  1.4636137E+04
  2.5449988E+03  1.5090797E+04
  2.5550000E+03  3.7972672E+04
  2.5649990E+03  2.4268377E+04
  2.5749990E+03  3.8606121E+04
  2.5849993E+03  3.5181820E+04
  2.5949990E+03  3.5054977E+04
  2.6049995E+03  3.6007137E+04
  2.6149998E+03  3.1891242E+04
  2.6249990E+03  4.5232875E+04
  2.6350007E+03  1.0040638E+05
  2.6449995E+03  1.1872759E+05
  2.6549998E+03  2.4265500E+05
  2.6649995E+03  1.2432541E+05
  2.6749988E+03  1.2289753E+05
  2.6849988E+03  1.7652456E+05
  2.6949988E+03  8.9330570E+04
  2.7050000E+03  1.5037348E+05
  2.7150000E+03  9.2603672E+04
  2.7249995E+03  4.7718051E+04
  2.7350007E+03  7.4760070E+04
  2.7450002E+03  5.8082168E+04
  2.7549998E+03  8.2826406E+04
  2.7649983E+03  1.1790005E+05
  2.7750005E+03  1.2830382E+05
  2.7850000E+03  7.3600695E+04
  2.7949993E+03  3.3597723E+04
  2.8049995E+03  4.1900652E+04
  2.8150002E+03  1.0502962E+05
  2.8250007E+03  1.3148269E+05
  2.8350000E+03  9.2706438E+04
  2.8450002E+03  5.1445719E+04
  2.8550005E+03  2.2418102E+04
  2.8650000E+03  7.2833969E+04
  2.8749983E+03  1.4144781E+05
  2.8850000E+03  1.8325123E+05
  2.8949988E+03  3.0908581E+05
  2.9099988E+03  5.6989800E+05
  2.9299983E+03  5.5828294E+05
  2.9499990E+03  5.5285962E+05
  2.9700005E+03  5.8272325E+05
  2.9899980E+03  6.6361662E+05
  3.0099995E+03  6.4692600E+05
  3.0299995E+03  7.6319969E+05
  3.0499995E+03  7.7825106E+05
  3.0699995E+03  7.7541900E+05
  3.0899995E+03  5.8932000E+05
  3.1099995E+03  8.2364725E+05
  3.1299998E+03  6.6856675E+05
  3.1499995E+03  7.0232394E+05
  3.1699995E+03  8.4101281E+05
  3.1899995E+03  6.8689438E+05
  3.2099998E+03  7.4453788E+05
  3.2299993E+03  6.4077400E+05
  3.2499993E+03  1.0295650E+06
  3.2699995E+03  1.2211088E+06
  3.2899995E+03  1.1921070E+06
  3.3099998E+03  1.0212551E+06
  3.3299993E+03  1.0794528E+06
  3.3499995E+03  1.0100374E+06
  3.3699995E+03  6.2934250E+05
  3.3899993E+03  7.7696438E+05
  3.4099993E+03  8.2966112E+05
  3.4299995E+03  9.4166462E+05
  3.4499993E+03  1.1348365E+06
  3.4699998E+03  1.2072391E+06
  3.4899993E+03  1.3911484E+06
  3.5099995E+03  1.4525818E+06
  3.5299995E+03  1.2557972E+06
  3.5499995E+03  1.3546249E+06
  3.5699995E+03  9.6364025E+05
  3.5899995E+03  1.0586036E+06
  3.6099995E+03  1.4383509E+06
  3.6299993E+03  1.4278630E+06
  3.6399993E+03  1.3998974E+06
  3.6499995E+03  1.5087422E+06
  3.6699993E+03  1.6654531E+06
  3.6899995E+03  1.4023631E+06
  3.7099995E+03  1.4598712E+06
  3.7299998E+03  7.3359631E+05
  3.7499993E+03  8.8781769E+05
  3.7699993E+03  1.3470300E+06
  3.7899995E+03  1.3692805E+06
  3.8099993E+03  1.1707819E+06
  3.8299998E+03  5.2225228E+05
  3.8499995E+03  7.5013669E+05
  3.8699995E+03  7.5953344E+05
  3.8899995E+03  1.2199180E+06
  3.9099995E+03  1.6360972E+06
  3.9299993E+03  7.2095656E+05
  3.9499993E+03  1.4354372E+06
  3.9699998E+03  9.7882850E+05
  3.9899995E+03  2.3039498E+06
  4.0099995E+03  2.4920928E+06
  4.0299993E+03  2.4365675E+06
  4.0499993E+03  2.2899128E+06
  4.0699993E+03  2.1222270E+06
  4.0899995E+03  2.8038612E+06
  4.1099995E+03  2.7153080E+06
  4.1299995E+03  2.5161332E+06
  4.1499990E+03  2.3845368E+06
  4.1699990E+03  2.4945260E+06
  4.1899995E+03  2.3664780E+06
  4.2099995E+03  2.4656280E+06
  4.2299995E+03  2.3752025E+06
  4.2499995E+03  2.4674062E+06
  4.2699990E+03  2.2687178E+06
  4.2899995E+03  2.0875372E+06
  4.3100000E+03  1.7620530E+06
  4.3299995E+03  2.8116988E+06
  4.3499995E+03  2.7984465E+06
  4.3699995E+03  3.0267825E+06
  4.3899995E+03  2.6182735E+06
  4.4099995E+03  2.8394308E+06
  4.4299995E+03  3.1676455E+06
  4.4499995E+03  3.1664415E+06
  4.4699995E+03  3.4390900E+06
  4.4899995E+03  3.5311078E+06
  4.5099990E+03  4.0795890E+06
  4.5299995E+03  3.5411725E+06
  4.5499990E+03  3.7388525E+06
  4.5699995E+03  4.0289078E+06
  4.5899990E+03  3.7995002E+06
  4.6099990E+03  3.8958338E+06
  4.6299990E+03  3.8211262E+06
  4.6499990E+03  3.8707382E+06
  4.6699990E+03  4.0584210E+06
  4.6899990E+03  3.9387588E+06
  4.7099995E+03  3.8630932E+06
  4.7299990E+03  4.0073018E+06
  4.7499995E+03  4.1132158E+06
  4.7699995E+03  4.1352568E+06
  4.7899990E+03  4.1406972E+06
  4.8099995E+03  4.1051938E+06
  4.8299995E+03  4.2275865E+06
  4.8499990E+03  4.0039662E+06
  4.8700000E+03  3.6348688E+06
  4.8899990E+03  3.9729178E+06
  4.9099990E+03  3.9885920E+06
  4.9299990E+03  3.8730590E+06
  4.9499995E+03  4.1085855E+06
  4.9699995E+03  4.0876335E+06
  4.9899990E+03  3.7742765E+06
  5.0099995E+03  3.5619895E+06
  5.0299995E+03  3.7978702E+06
  5.0499995E+03  3.7702112E+06
  5.0699995E+03  3.9751688E+06
  5.0899995E+03  3.7328532E+06
  5.1099990E+03  3.8061270E+06
  5.1299995E+03  3.6906155E+06
  5.1499985E+03  3.5036298E+06
  5.1700000E+03  3.0200488E+06
  5.1899990E+03  3.1789188E+06
  5.2099990E+03  3.6225595E+06
  5.2299995E+03  3.8429588E+06
  5.2499995E+03  4.0678288E+06
  5.2699995E+03  3.4615945E+06
  5.2899990E+03  4.0717032E+06
  5.3099995E+03  4.3497310E+06
  5.3299990E+03  3.7536858E+06
  5.3499995E+03  4.1766072E+06
  5.3699995E+03  4.1221692E+06
  5.3899995E+03  4.0411912E+06
  5.4099990E+03  3.9274440E+06
  5.4299990E+03  4.0130485E+06
  5.4499990E+03  4.1799908E+06
  5.4699995E+03  4.1206460E+06
  5.4899995E+03  4.1675492E+06
  5.5099995E+03  4.0957800E+06
  5.5299985E+03  4.1949450E+06
  5.5499990E+03  4.2610195E+06
  5.5699990E+03  4.1319958E+06
  5.5899995E+03  4.0213428E+06
  5.6099990E+03  4.2182435E+06
  5.6299995E+03  4.1940318E+06
  5.6499990E+03  4.2304810E+06
  5.6699990E+03  4.1219415E+06
  5.6899995E+03  4.2100745E+06
  5.7099995E+03  4.0756008E+06
  5.7299990E+03  4.4146055E+06
  5.7499990E+03  4.2513160E+06
  5.7699990E+03  4.3063105E+06
  5.7899995E+03  4.1315325E+06
  5.8099985E+03  4.2948750E+06
  5.8300000E+03  4.4034520E+06
  5.8499990E+03  4.2734400E+06
  5.8699985E+03  4.2940075E+06
  5.8899985E+03  3.8794978E+06
  5.9099995E+03  4.2356455E+06
  5.9299985E+03  4.2364800E+06
  5.9499995E+03  4.2455030E+06
  5.9699990E+03  4.2952200E+06
  5.9899990E+03  4.2339310E+06
  6.0099990E+03  4.1491635E+06
  6.0299995E+03  4.2232225E+06
  6.0499990E+03  4.2952875E+06
  6.0699990E+03  4.2570090E+06
  6.0899995E+03  4.1044570E+06
  6.1099985E+03  4.1100255E+06
  6.1299995E+03  3.8998800E+06
  6.1499985E+03  4.0321332E+06
  6.1699985E+03  3.8355258E+06
  6.1900000E+03  4.1059422E+06
  6.2099995E+03  4.0963412E+06
  6.2299985E+03  3.9668082E+06
  6.2499990E+03  3.8548540E+06
  6.2699985E+03  4.0221518E+06
  6.2900000E+03  4.0547928E+06
  6.3099985E+03  3.9335670E+06
  6.3299995E+03  3.9683578E+06
  6.3499985E+03  3.9840430E+06
  6.3699985E+03  3.9641712E+06
  6.3899995E+03  4.0111758E+06
  6.4099990E+03  3.9082485E+06
  6.4299985E+03  3.9603322E+06
  6.4499985E+03  3.9161598E+06
  6.4699990E+03  3.8835252E+06
  6.4899990E+03  3.8192885E+06
  6.5099985E+03  3.9346212E+06
  6.5299990E+03  3.9431570E+06
  6.5499985E+03  3.8524652E+06
  6.5699985E+03  3.6128590E+06
  6.5899995E+03  3.8574545E+06
  6.6099985E+03  3.9152845E+06
  6.6299990E+03  3.8764422E+06
  6.6499985E+03  3.8711365E+06
  6.6699995E+03  3.8068002E+06
  6.6899990E+03  3.8984668E+06
  6.7099995E+03  3.7719245E+06
  6.7299990E+03  3.8641575E+06
  6.7499995E+03  3.8088800E+06
  6.7699985E+03  3.8243848E+06
  6.7899995E+03  3.7885680E+06
  6.8099995E+03  3.7726845E+06
  6.8300000E+03  3.8063448E+06
  6.8499985E+03  3.6887692E+06
  6.8699985E+03  3.7415575E+06
  6.8899985E+03  3.7644672E+06
  6.9099990E+03  3.7272420E+06
  6.9299995E+03  3.7029348E+06
  6.9499990E+03  3.6794702E+06
  6.9699985E+03  3.6838982E+06
  6.9899985E+03  3.6614595E+06
  7.0099985E+03  3.5550385E+06
  7.0299985E+03  3.6181580E+06
  7.0499990E+03  3.6373002E+06
  7.0699980E+03  3.5874330E+06
  7.0899990E+03  3.5711182E+06
  7.1099990E+03  3.5866778E+06
  7.1299995E+03  3.5123388E+06
  7.1499990E+03  3.4881480E+06
  7.1699995E+03  3.5122448E+06
  7.1899985E+03  3.3863358E+06
  7.2099985E+03  3.4685268E+06
  7.2299980E+03  3.4998140E+06
  7.2499990E+03  3.4954385E+06
  7.2699995E+03  3.4833602E+06
  7.2899990E+03  3.3787820E+06
  7.3099980E+03  3.4346278E+06
  7.3299980E+03  3.4221510E+06
  7.3499980E+03  3.4185455E+06
  7.3699985E+03  3.4410768E+06
  7.3899995E+03  3.3488702E+06
  7.4099985E+03  3.2834070E+06
  7.4299995E+03  3.3575402E+06
  7.4500000E+03  3.3573885E+06
  7.4700000E+03  3.3752842E+06
  7.4899990E+03  3.3442560E+06
  7.5099985E+03  3.3509820E+06
  7.5299995E+03  3.3635680E+06
  7.5499980E+03  3.3698960E+06
  7.5699985E+03  3.3344938E+06
  7.5899990E+03  3.3149815E+06
  7.6099980E+03  3.3029150E+06
  7.6299995E+03  3.3126060E+06
  7.6499995E+03  3.3164870E+06
  7.6699980E+03  3.1980335E+06
  7.6899990E+03  3.2948162E+06
  7.7099995E+03  3.2324940E+06
  7.7299985E+03  3.2387392E+06
  7.7499990E+03  3.1955122E+06
  7.7700000E+03  3.2678162E+06
  7.7900000E+03  3.2473952E+06
  7.8099995E+03  3.2286232E+06
  7.8299980E+03  3.1891708E+06
  7.8499980E+03  3.1745912E+06
  7.8699995E+03  3.2029388E+06
  7.8900000E+03  3.1626352E+06
  7.9099995E+03  3.0951212E+06
  7.9300000E+03  3.0543668E+06
  7.9499985E+03  3.0259060E+06
  7.9699990E+03  3.1066995E+06
  7.9900000E+03  3.1006070E+06
  8.0099980E+03  3.0590732E+06
  8.0299985E+03  3.0603885E+06
  8.0500000E+03  3.0289210E+06
  8.0699985E+03  3.0367775E+06
  8.0899990E+03  2.9662335E+06
  8.1099995E+03  2.9859880E+06
  8.1299976E+03  3.0064838E+06
  8.1499976E+03  2.9883430E+06
  8.1699980E+03  2.9855258E+06
  8.1899985E+03  2.8869950E+06
  8.2099990E+03  2.8982092E+06
  8.2300000E+03  2.9039400E+06
  8.2500000E+03  2.9299520E+06
  8.2700000E+03  2.9545762E+06
  8.2899980E+03  2.9322808E+06
  8.3099990E+03  2.8555538E+06
  8.3299980E+03  2.8406645E+06
  8.3500000E+03  2.8507378E+06
  8.3699990E+03  2.8654708E+06
  8.3899990E+03  2.7698880E+06
  8.4099971E+03  2.8599582E+06
  8.4300000E+03  2.7837938E+06
  8.4499990E+03  2.8299898E+06
  8.4699980E+03  2.7984720E+06
  8.4899980E+03  2.8263312E+06
  8.5099990E+03  2.6958592E+06
  8.5299990E+03  2.8129338E+06
  8.5499990E+03  2.6457508E+06
  8.5699990E+03  2.8155640E+06
  8.5900000E+03  2.7519728E+06
  8.6099980E+03  2.7475385E+06
  8.6299990E+03  2.7703785E+06
  8.6499990E+03  2.7789308E+06
  8.6699990E+03  2.5698115E+06
  8.6899990E+03  2.6551775E+06
  8.7099971E+03  2.7043280E+06
  8.7299990E+03  2.7091520E+06
  8.7499980E+03  2.6761650E+06
  8.7699980E+03  2.7067828E+06
  8.7899980E+03  2.6782915E+06
  8.8099990E+03  2.5956188E+06
  8.8299980E+03  2.6454318E+06
  8.8499980E+03  2.6663412E+06
  8.8699980E+03  2.6054892E+06
  8.8899990E+03  2.6591795E+06
  8.9099971E+03  2.6729765E+06
  8.9299980E+03  2.6072075E+06
  8.9499980E+03  2.5958502E+06
  8.9699990E+03  2.6050762E+06
  8.9899990E+03  2.6084145E+06
  9.0099980E+03  2.4986968E+06
  9.0299990E+03  2.5788885E+06
  9.0499990E+03  2.6216880E+06
  9.0699980E+03  2.5841732E+06
  9.0899990E+03  2.5024625E+06
  9.1099980E+03  2.5182242E+06
  9.1299980E+03  2.5602630E+06
  9.1499980E+03  2.5417480E+06
  9.1699980E+03  2.5355115E+06
  9.1899990E+03  2.5578530E+06
  9.2099990E+03  2.4925272E+06
  9.2299980E+03  2.4971708E+06
  9.2499980E+03  2.4718978E+06
  9.2699971E+03  2.4868462E+06
  9.2899990E+03  2.4760622E+06
  9.3099980E+03  2.4929922E+06
  9.3299990E+03  2.4726640E+06
  9.3499980E+03  2.4622700E+06
  9.3699990E+03  2.4290275E+06
  9.3900000E+03  2.4489840E+06
  9.4099980E+03  2.3630248E+06
  9.4299971E+03  2.4315578E+06
  9.4499990E+03  2.3753348E+06
  9.4700000E+03  2.4183260E+06
  9.4899980E+03  2.4219910E+06
  9.5100000E+03  2.3997332E+06
  9.5300000E+03  2.3899618E+06
  9.5500000E+03  2.3424550E+06
  9.5699990E+03  2.3451388E+06
  9.5899980E+03  2.3790350E+06
  9.6099980E+03  2.3427088E+06
  9.6299990E+03  2.3303068E+06
  9.6499990E+03  2.2929450E+06
  9.6699980E+03  2.2961210E+06
  9.6899980E+03  2.3215188E+06
  9.7100000E+03  2.2972600E+06
  9.7299990E+03  2.2847225E+06
  9.7499980E+03  2.2701680E+06
  9.7699961E+03  2.2681852E+06
  9.7899980E+03  2.2380152E+06
  9.8099980E+03  2.2747008E+06
  9.8299990E+03  2.2580460E+06
  9.8499980E+03  2.2643400E+06
  9.8700000E+03  2.2389295E+06
  9.8899980E+03  2.2361622E+06
  9.9099990E+03  2.2284495E+06
  9.9300000E+03  2.2347258E+06
  9.9499980E+03  2.2287200E+06
  9.9699980E+03  2.2231222E+06
  9.9899990E+03  2.2087558E+06
  1.0024998E+04  2.1943352E+06
  1.0074998E+04  2.1626995E+06
  1.0124997E+04  2.1558350E+06
  1.0174997E+04  2.1201440E+06
  1.0224998E+04  2.1115668E+06
  1.0274997E+04  2.1072670E+06
  1.0325000E+04  2.0662679E+06
  1.0374999E+04  2.0466104E+06
  1.0425000E+04  2.0497306E+06
  1.0474998E+04  2.0201846E+06
  1.0524997E+04  2.0165784E+06
  1.0574999E+04  1.9872786E+06
  1.0625000E+04  1.9705540E+06
  1.0674997E+04  1.9339560E+06
  1.0724998E+04  1.9317846E+06
  1.0774999E+04  1.9048119E+06
  1.0824997E+04  1.8693494E+06
  1.0874997E+04  1.8642408E+06
  1.0924999E+04  1.8696569E+06
  1.0974996E+04  1.8362721E+06
  1.1025000E+04  1.8433322E+06
  1.1074998E+04  1.8373536E+06
  1.1124999E+04  1.8177094E+06
  1.1174998E+04  1.7949941E+06
  1.1224999E+04  1.7909982E+06
  1.1274997E+04  1.7537828E+06
  1.1325000E+04  1.7503144E+06
  1.1375000E+04  1.7316125E+06
  1.1425000E+04  1.7051465E+06
  1.1474997E+04  1.7234228E+06
  1.1525000E+04  1.7112518E+06
  1.1574998E+04  1.6841002E+06
  1.1625000E+04  1.6567925E+06
  1.1674998E+04  1.6541022E+06
  1.1724997E+04  1.6608248E+06
  1.1775001E+04  1.6268598E+06
  1.1824999E+04  1.6071769E+06
  1.1875000E+04  1.5883815E+06
  1.1925000E+04  1.6117018E+06
  1.1975001E+04  1.5468576E+06
  1.2024998E+04  1.5703400E+06
  1.2074996E+04  1.5481898E+06
  1.2125000E+04  1.5505400E+06
  1.2175000E+04  1.5537662E+06
  1.2225001E+04  1.5389898E+06
  1.2275001E+04  1.5221525E+06
  1.2324996E+04  1.5129531E+06
  1.2374996E+04  1.5035072E+06
  1.2424998E+04  1.4860376E+06
  1.2475000E+04  1.4841708E+06
  1.2524997E+04  1.4662938E+06
  1.2574997E+04  1.4605650E+06
  1.2624999E+04  1.4483331E+06
  1.2674997E+04  1.4302698E+06
  1.2724999E+04  1.4308705E+06
  1.2774999E+04  1.4270094E+06
  1.2825000E+04  1.3706222E+06
  1.2875001E+04  1.3927464E+06
  1.2924997E+04  1.3784069E+06
  1.2975001E+04  1.3841165E+06
  1.3024998E+04  1.3623632E+06
  1.3074999E+04  1.3649431E+06
  1.3125000E+04  1.3351650E+06
  1.3174998E+04  1.3285666E+06
  1.3224998E+04  1.3335960E+06
  1.3274997E+04  1.3080701E+06
  1.3324997E+04  1.3112784E+06
  1.3374999E+04  1.2989865E+06
  1.3424999E+04  1.3037726E+06
  1.3474999E+04  1.2908160E+06
  1.3525001E+04  1.2842344E+06
  1.3574999E+04  1.2590912E+06
  1.3624997E+04  1.2545148E+06
  1.3674997E+04  1.2512805E+06
  1.3724995E+04  1.2493004E+06
  1.3774998E+04  1.2381026E+06
  1.3824998E+04  1.2340714E+06
  1.3874996E+04  1.2216711E+06
  1.3925000E+04  1.2211508E+06
  1.3974996E+04  1.2142230E+06
  1.4024997E+04  1.1920589E+06
  1.4075001E+04  1.1983609E+06
  1.4124996E+04  1.1792620E+06
  1.4175000E+04  1.1876812E+06
  1.4225000E+04  1.1607660E+06
  1.4274994E+04  1.1385992E+06
  1.4325001E+04  1.1582202E+06
  1.4374998E+04  1.1596212E+06
  1.4424999E+04  1.1179025E+06
  1.4475000E+04  1.1409029E+06
  1.4524997E+04  1.1165446E+06
  1.4569999E+04  1.1203948E+06
  1.4620000E+04  1.1192480E+06
  1.4674998E+04  1.1136734E+06
  1.4725000E+04  1.0913366E+06
  1.4775002E+04  1.0894159E+06
  1.4824998E+04  1.0857144E+06
  1.4874996E+04  1.0569919E+06
  1.4924997E+04  1.0859112E+06
  1.4974999E+04  1.0656686E+06
  1.5024999E+04  1.0226918E+06
  1.5075000E+04  1.0279045E+06
  1.5124999E+04  1.0506634E+06
  1.5175000E+04  1.0478901E+06
  1.5225002E+04  1.0325184E+06
  1.5274998E+04  1.0370728E+06
  1.5324995E+04  1.0258256E+06
  1.5374997E+04  1.0247262E+06
  1.5425001E+04  1.0226532E+06
  1.5474996E+04  1.0138222E+06
  1.5524994E+04  9.9553312E+05
  1.5575001E+04  9.8692969E+05
  1.5624998E+04  9.9894044E+05
  1.5674997E+04  9.6816819E+05
  1.5724994E+04  9.7748544E+05
  1.5774996E+04  9.3325450E+05
  1.5825001E+04  9.5298469E+05
  1.5874995E+04  9.1715400E+05
  1.5925002E+04  9.3481469E+05
  1.5975001E+04  9.4261250E+05
  1.6049998E+04  9.3243462E+05
  1.6150001E+04  9.1455319E+05
  1.6249997E+04  9.1030856E+05
  1.6350000E+04  8.9314712E+05
  1.6449996E+04  8.7265975E+05
  1.6549998E+04  8.6764744E+05
  1.6649994E+04  8.5231025E+05
  1.6749998E+04  8.2717788E+05
  1.6849998E+04  8.0542050E+05
  1.6950000E+04  8.0895269E+05
  1.7049996E+04  7.8046725E+05
  1.7150000E+04  7.6940644E+05
  1.7249992E+04  7.4838344E+05
  1.7349994E+04  7.2486325E+05
  1.7449992E+04  7.2155288E+05
  1.7550000E+04  7.1080875E+05
  1.7649998E+04  6.9836306E+05
  1.7749994E+04  6.8255306E+05
  1.7849994E+04  6.7404000E+05
  1.7949998E+04  6.6004950E+05
  1.8050002E+04  6.4541325E+05
  1.8150002E+04  6.2659875E+05
  1.8249994E+04  6.1872200E+05
  1.8349992E+04  6.0834956E+05
  1.8449992E+04  5.9125894E+05
  1.8549998E+04  5.8632425E+05
  1.8650002E+04  5.6797644E+05
  1.8750002E+04  5.4640675E+05
  1.8850000E+04  5.5201200E+05
  1.8950004E+04  5.2809375E+05
  1.9049996E+04  5.3391100E+05
  1.9149998E+04  5.2238069E+05
  1.9249992E+04  5.1353150E+05
  1.9350000E+04  4.9859791E+05
  1.9449992E+04  4.8226128E+05
  1.9550002E+04  4.8528441E+05
  1.9649992E+04  4.7531394E+05
  1.9749992E+04  4.6437981E+05
  1.9849992E+04  4.5807769E+05
  1.9950002E+04  4.5109222E+05
  2.0050002E+04  4.4730669E+05
  2.0149996E+04  4.4136578E+05
  2.0249994E+04  4.2816094E+05
  2.0349994E+04  4.1907816E+05
  2.0449996E+04  4.1799831E+05
  2.0550000E+04  4.0964009E+05
  2.0649992E+04  3.9978978E+05
  2.0749998E+04  3.9464172E+05
  2.0849992E+04  3.8801434E+05
  2.0950004E+04  3.7805259E+05
  2.1050002E+04  3.7592309E+05
  2.1149992E+04  3.6863769E+05
  2.1250000E+04  3.6230606E+05
  2.1350002E+04  3.5774641E+05
  2.1449996E+04  3.5174122E+05
  2.1550006E+04  3.4604231E+05
  2.1649994E+04  3.3374694E+05
  2.1750002E+04  3.3187938E+05
  2.1849998E+04  3.2712053E+05
  2.1950002E+04  3.2341159E+05
  2.2050000E+04  3.1463475E+05
  2.2149996E+04  3.1336678E+05
  2.2249998E+04  3.0629478E+05
  2.2350004E+04  3.0156125E+05
  2.2449990E+04  2.9705725E+05
  2.2549994E+04  2.9277619E+05
  2.2650000E+04  2.8664231E+05
  2.2750000E+04  2.8420069E+05
  2.2850000E+04  2.7750481E+05
  2.2950004E+04  2.5822569E+05
  2.3050000E+04  2.6335025E+05
  2.3149996E+04  2.6025059E+05
  2.3250000E+04  2.3993131E+05
  2.3349996E+04  2.4606870E+05
  2.3449994E+04  2.4719450E+05
  2.3550002E+04  2.2599803E+05
  2.3649988E+04  2.3486795E+05
  2.3750000E+04  2.3378900E+05
  2.3849990E+04  2.1527523E+05
  2.3950002E+04  2.2213747E+05
  2.4050006E+04  2.2226753E+05
  2.4149992E+04  2.0788645E+05
  2.4249990E+04  2.1117886E+05
  2.4349990E+04  2.1093467E+05
  2.4450002E+04  2.0214808E+05
  2.4549990E+04  1.9904212E+05
  2.4649992E+04  2.0270670E+05
  2.4749992E+04  1.9626261E+05
  2.4850006E+04  1.8951258E+05
  2.4950000E+04  1.9219659E+05
  2.5050006E+04  1.9265831E+05
  2.5149994E+04  1.8335086E+05
  2.5249998E+04  1.8557086E+05
  2.5350004E+04  1.8373439E+05
  2.5449988E+04  1.7925739E+05
  2.5549998E+04  1.7713542E+05
  2.5649990E+04  1.7555092E+05
  2.5749990E+04  1.7505936E+05
  2.5849994E+04  1.6805273E+05
  2.5949990E+04  1.6889717E+05
  2.6049996E+04  1.6773611E+05
  2.6149998E+04  1.6484145E+05
  2.6249988E+04  1.6036231E+05
  2.6350008E+04  1.6044942E+05
  2.6449996E+04  1.5826936E+05
  2.6549994E+04  1.5617616E+05
  2.6649994E+04  1.5273070E+05
  2.6749988E+04  1.5357059E+05
  2.6849986E+04  1.5182784E+05
  2.6949986E+04  1.4905892E+05
  2.7050002E+04  1.4780939E+05
  2.7149998E+04  1.4586398E+05
  2.7249994E+04  1.4409530E+05
  2.7350006E+04  1.4202602E+05
  2.7450004E+04  1.4080814E+05
  2.7549996E+04  1.3871575E+05
  2.7649982E+04  1.3655633E+05
  2.7750004E+04  1.3474203E+05
  2.7850000E+04  1.3342645E+05
  2.7949992E+04  1.3221306E+05
  2.8049994E+04  1.3035270E+05
  2.8150002E+04  1.2865798E+05
  2.8250006E+04  1.2700756E+05
  2.8350000E+04  1.2577102E+05
  2.8450000E+04  1.2369223E+05
  2.8550002E+04  1.2229571E+05
  2.8650002E+04  1.2067241E+05
  2.8749982E+04  1.1890478E+05
  2.8849998E+04  1.1774683E+05
  2.8949986E+04  1.1636402E+05
  2.9049994E+04  1.1485886E+05
  2.9149986E+04  1.1352245E+05
  2.9249984E+04  1.1140894E+05
  2.9349980E+04  1.1065546E+05
  2.9450000E+04  1.0893647E+05
  2.9550004E+04  1.0780345E+05
  2.9649982E+04  1.0666627E+05
  2.9749992E+04  1.0534590E+05
  2.9849994E+04  1.0394360E+05
  2.9949984E+04  1.0249052E+05
  3.0049996E+04  1.0126291E+05
  3.0149994E+04  1.0025661E+05
  3.0249994E+04  9.8804391E+04
  3.0349996E+04  9.7111422E+04
  3.0449996E+04  9.6482750E+04
  3.0549996E+04  9.5282984E+04
  3.0649996E+04  9.3972484E+04
  3.0749994E+04  9.3111289E+04
  3.0849996E+04  9.1633797E+04
  3.0949994E+04  9.0645398E+04
  3.1049996E+04  8.9828000E+04
  3.1149996E+04  8.7955414E+04
  3.1249996E+04  8.7567000E+04
  3.1349996E+04  8.6618266E+04
  3.1449996E+04  8.5561734E+04
  3.1549998E+04  8.4210250E+04
  3.1649996E+04  8.3314172E+04
  3.1749998E+04  8.2483719E+04
  3.1849996E+04  8.1513516E+04
  3.1949994E+04  8.0686680E+04
  3.2099996E+04  7.9115383E+04
  3.2299992E+04  7.7297305E+04
  3.2499994E+04  7.5478602E+04
  3.2699996E+04  7.3701984E+04
  3.2899996E+04  7.1774938E+04
  3.3099996E+04  7.0308438E+04
  3.3299992E+04  6.8610289E+04
  3.3499996E+04  6.7289953E+04
  3.3699996E+04  6.5724039E+04
  3.3899996E+04  6.4105047E+04
  3.4099996E+04  6.2623078E+04
  3.4299996E+04  6.1507445E+04
  3.4499992E+04  6.0258316E+04
  3.4699996E+04  5.8886742E+04
  3.4899996E+04  5.7635359E+04
  3.5099996E+04  5.6454461E+04
  3.5299996E+04  5.5100039E+04
  3.5499996E+04  5.4035527E+04
  3.5699992E+04  5.2825824E+04
  3.5899992E+04  5.1692254E+04
  3.6099996E+04  5.0739473E+04
  3.6299992E+04  4.9678719E+04
  3.6499992E+04  4.8488227E+04
  3.6699992E+04  4.7435336E+04
  3.6899992E+04  4.6216988E+04
  3.7099996E+04  4.5224613E+04
  3.7299996E+04  4.4551387E+04
  3.7499992E+04  4.3292500E+04
  3.7699996E+04  4.2778711E+04
  3.7899996E+04  4.1879918E+04
  3.8099992E+04  4.1148133E+04
  3.8299996E+04  4.0429293E+04
  3.8499996E+04  3.9669758E+04
  3.8699996E+04  3.8747648E+04
  3.8899992E+04  3.8049004E+04
  3.9099996E+04  3.7379816E+04
  3.9299992E+04  3.6658852E+04
  3.9499992E+04  3.5795988E+04
  3.9699992E+04  3.5190027E+04
  3.9900000E+04  3.4308047E+04
  4.0099996E+04  3.3800336E+04
  4.0299992E+04  3.3270840E+04
  4.0499996E+04  3.2492871E+04
  4.0699992E+04  3.1985553E+04
  4.0899992E+04  3.1421266E+04
  4.1099996E+04  3.0855266E+04
  4.1299996E+04  3.0334068E+04
  4.1499992E+04  2.9714287E+04
  4.1699992E+04  2.9182959E+04
  4.1899996E+04  2.8602449E+04
  4.2099996E+04  2.7957244E+04
  4.2299992E+04  2.7691400E+04
  4.2499996E+04  2.7089324E+04
  4.2699992E+04  2.6683262E+04
  4.2899992E+04  2.5208887E+04
  4.3099996E+04  2.3947246E+04
  4.3299996E+04  2.3995789E+04
  4.3499992E+04  2.2662721E+04
  4.3699996E+04  2.2035559E+04
  4.3899996E+04  2.1702309E+04
  4.4099992E+04  2.0496674E+04
  4.4299992E+04  2.0313939E+04
  4.4499996E+04  2.0015697E+04
  4.4699996E+04  1.9018695E+04
  4.4899996E+04  1.9167324E+04
  4.5099992E+04  1.8655053E+04
  4.5299992E+04  1.7919740E+04
  4.5499996E+04  1.7991289E+04
  4.5699992E+04  1.7854910E+04
  4.5899996E+04  1.7064490E+04
  4.6099996E+04  1.7200199E+04
  4.6299992E+04  1.6883215E+04
  4.6499988E+04  1.6711467E+04
  4.6699992E+04  1.6598859E+04
  4.6899992E+04  1.6357570E+04
  4.7099992E+04  1.6007689E+04
  4.7299992E+04  1.6080227E+04
  4.7499996E+04  1.5704321E+04
  4.7699992E+04  1.5470084E+04
  4.7899992E+04  1.5295851E+04
  4.8099996E+04  1.4910494E+04
  4.8299992E+04  1.5019329E+04
  4.8499992E+04  1.4710089E+04
  4.8700000E+04  1.4395720E+04
  4.8899992E+04  1.4228580E+04
  4.9099988E+04  1.4027894E+04
  4.9299988E+04  1.3796195E+04
  4.9499996E+04  1.3562851E+04
  4.9699992E+04  1.3435613E+04
  4.9899988E+04  1.3208001E+04
  5.0099996E+04  1.3107407E+04
  5.0299996E+04  1.2925354E+04
  5.0499996E+04  1.2610013E+04
  5.0699996E+04  1.2496800E+04
  5.0899992E+04  1.2367962E+04
  5.1099992E+04  1.2090992E+04
  5.1299996E+04  1.2032829E+04
  5.1499988E+04  1.1803762E+04
  5.1699996E+04  1.1776600E+04
  5.1899992E+04  1.1524752E+04
  5.2099992E+04  1.1398134E+04
  5.2299996E+04  1.1186341E+04
  5.2499996E+04  1.1125739E+04
  5.2699996E+04  1.1051220E+04
  5.2899992E+04  1.0757264E+04
  5.3099988E+04  1.0646856E+04
  5.3299988E+04  1.0542439E+04
  5.3499992E+04  1.0419274E+04
  5.3699992E+04  1.0295691E+04
  5.3899992E+04  1.0178711E+04
  5.4099992E+04  1.0042706E+04
  5.4299984E+04  9.8373896E+03
  5.4499988E+04  9.7960127E+03
  5.4699996E+04  9.6536201E+03
  5.4899992E+04  9.5231670E+03
  5.5099992E+04  9.4161875E+03
  5.5299988E+04  9.4097979E+03
  5.5499988E+04  9.1465352E+03
  5.5699992E+04  9.1464170E+03
  5.5899992E+04  8.9702891E+03
  5.6099988E+04  8.8811885E+03
  5.6299996E+04  8.7269189E+03
  5.6499988E+04  8.6866074E+03
  5.6699988E+04  8.5792637E+03
  5.6899992E+04  8.4111904E+03
  5.7099996E+04  8.3820654E+03
  5.7299988E+04  8.2651367E+03
  5.7499988E+04  8.1716201E+03
  5.7699988E+04  8.0470615E+03
  5.7899996E+04  7.9939229E+03
  5.8099988E+04  7.8548340E+03
  5.8299996E+04  7.7686670E+03
  5.8499992E+04  7.6894399E+03
  5.8699988E+04  7.5596133E+03
  5.8899988E+04  7.4728521E+03
  5.9099992E+04  7.4046704E+03
  5.9299988E+04  7.3175254E+03
  5.9499996E+04  7.2081816E+03
  5.9699988E+04  7.1509844E+03
  5.9899992E+04  7.0626763E+03
  6.0099992E+04  6.9758013E+03
  6.0299992E+04  6.8930293E+03
  6.0499988E+04  6.7898936E+03
  6.0699992E+04  6.7105605E+03
  6.0899992E+04  6.6284658E+03
  6.1099988E+04  6.5324663E+03
  6.1299992E+04  6.4738677E+03
  6.1499988E+04  6.4032441E+03
  6.1699988E+04  6.3348813E+03
  6.1899996E+04  6.2643164E+03
  6.2099996E+04  6.1937471E+03
  6.2299988E+04  6.1008545E+03
  6.2499992E+04  6.0207856E+03
  6.2699988E+04  5.9534014E+03
  6.2899996E+04  5.8915093E+03
  6.3099984E+04  5.8135381E+03
  6.3299996E+04  5.7661392E+03
  6.3499984E+04  5.6873652E+03
  6.3699984E+04  5.6337891E+03
  6.3900000E+04  5.5569644E+03
  6.4199992E+04  5.4623760E+03
  6.4599984E+04  5.3313872E+03
  6.4999992E+04  5.2089033E+03
  6.5399992E+04  5.0913877E+03
  6.5799992E+04  4.9798164E+03
  6.6199984E+04  4.8614507E+03
  6.6599984E+04  4.7530332E+03
  6.6999992E+04  4.6451719E+03
  6.7399992E+04  4.5369590E+03
  6.7799992E+04  4.4371963E+03
  6.8199992E+04  4.3369453E+03
  6.8599992E+04  4.2416060E+03
  6.8999984E+04  4.1463594E+03
  6.9399984E+04  4.0540371E+03
  6.9800000E+04  3.9666445E+03
  7.0199992E+04  3.8750139E+03
  7.0599984E+04  3.7941938E+03
  7.0999977E+04  3.7117305E+03
  7.1399977E+04  3.6319795E+03
  7.1799984E+04  3.5533311E+03
  7.2199984E+04  3.4775713E+03
  7.2600000E+04  3.4026162E+03
  7.2999984E+04  3.3315681E+03
  7.3400000E+04  3.2594822E+03
  7.3799984E+04  3.1927732E+03
  7.4199992E+04  3.1234077E+03
  7.4599992E+04  3.0566965E+03
  7.5000000E+04  2.9957810E+03
  7.5399992E+04  2.9329351E+03
  7.5799992E+04  2.8759006E+03
  7.6199984E+04  2.8171099E+03
  7.6599992E+04  2.7600913E+03
  7.6999992E+04  2.7034680E+03
  7.7399992E+04  2.6500659E+03
  7.7799984E+04  2.5974302E+03
  7.8199984E+04  2.5456677E+03
  7.8599984E+04  2.4953704E+03
  7.8999984E+04  2.4462002E+03
  7.9399984E+04  2.3980110E+03
  7.9800000E+04  2.3516677E+03
  8.0199992E+04  2.3047231E+03
  8.0599984E+04  2.2598098E+03
  8.0999992E+04  2.2176777E+03
  8.1399977E+04  2.1736489E+03
  8.1799984E+04  2.1336936E+03
  8.2199984E+04  2.0935195E+03
  8.2599992E+04  2.0536345E+03
  8.2999984E+04  2.0153503E+03
  8.3400000E+04  1.9766737E+03
  8.3799992E+04  1.9399841E+03
  8.4199992E+04  1.9049633E+03
  8.4599977E+04  1.8696752E+03
  8.4999977E+04  1.8353817E+03
  8.5399984E+04  1.8018535E+03
  8.5799984E+04  1.7692791E+03
  8.6199992E+04  1.7371792E+03
  8.6599992E+04  1.7060983E+03
  8.6999984E+04  1.6755641E+03
  8.7399992E+04  1.6455651E+03
  8.7799992E+04  1.6162863E+03
  8.8199984E+04  1.5868407E+03
  8.8599977E+04  1.5591075E+03
  8.8999992E+04  1.5312362E+03
  8.9399977E+04  1.5054037E+03
  8.9799977E+04  1.4783810E+03
  9.0199984E+04  1.4535826E+03
  9.0599984E+04  1.4288887E+03
  9.0999992E+04  1.4030247E+03
  9.1400000E+04  1.3797225E+03
  9.1799969E+04  1.3564604E+03
  9.2199969E+04  1.3338141E+03
  9.2599984E+04  1.3111998E+03
  9.3000000E+04  1.2892292E+03
  9.3399984E+04  1.2675006E+03
  9.3799984E+04  1.2464370E+03
  9.4199977E+04  1.2257274E+03
  9.4599984E+04  1.2052805E+03
  9.4999969E+04  1.1854261E+03
  9.5399984E+04  1.1660266E+03
  9.5799984E+04  1.1471150E+03
  9.6199992E+04  1.1282729E+03
  9.6599984E+04  1.1101473E+03
  9.7000000E+04  1.0922415E+03
  9.7399977E+04  1.0735200E+03
  9.7799984E+04  1.0569973E+03
  9.8199977E+04  1.0405125E+03
  9.8599977E+04  1.0240272E+03
  9.8999992E+04  1.0078887E+03
  9.9399984E+04  9.9182440E+02
  9.9799977E+04  9.7632507E+02
  1.0019999E+05  9.6104071E+02
  1.9999991E+05  6.2260834E+01
  3.9999994E+05  3.9111965E+00
  5.9999981E+05  7.6892304E-01
  7.9999994E+05  2.4180377E-01
