  9.2499988E+02  7.2028952E-11
  9.3499982E+02  1.0365683E-10
  9.4500000E+02  1.7214910E-10
  9.5500000E+02  2.7625505E-10
  9.6499988E+02  4.5848386E-10
  9.7499982E+02  6.5433181E-10
  9.8499976E+02  1.0251368E-09
  9.9499988E+02  1.5366898E-09
  1.0049999E+03  2.4820874E-09
  1.0149997E+03  3.7123888E-09
  1.0249998E+03  4.1623975E-09
  1.0349998E+03  8.2600122E-09
  1.0449998E+03  1.2640973E-08
  1.0549999E+03  1.6289192E-08
  1.0649999E+03  2.4886690E-08
  1.0750000E+03  3.5700189E-08
  1.0849996E+03  5.0735661E-08
  1.0949999E+03  6.4546008E-08
  1.1049999E+03  8.3394852E-08
  1.1149999E+03  1.1938126E-07
  1.1249999E+03  1.7630438E-07
  1.1349996E+03  2.6385436E-07
  1.1449999E+03  3.6537529E-07
  1.1549999E+03  4.9279379E-07
  1.1650000E+03  6.7303836E-07
  1.1749995E+03  9.2779061E-07
  1.1849996E+03  1.1804294E-06
  1.1949998E+03  1.4003255E-06
  1.2049996E+03  1.5908663E-06
  1.2149998E+03  5.2530447E-07
  1.2249996E+03  2.4917554E-06
  1.2349996E+03  4.1496291E-06
  1.2449998E+03  5.4460147E-06
  1.2549996E+03  6.7260767E-06
  1.2650000E+03  8.3813666E-06
  1.2749998E+03  1.0525934E-05
  1.2849995E+03  1.1901872E-05
  1.2949998E+03  1.4859284E-05
  1.3049995E+03  1.7252938E-05
  1.3149998E+03  2.2716516E-05
  1.3249998E+03  2.4711764E-05
  1.3349996E+03  2.8498744E-05
  1.3449995E+03  3.5744393E-05
  1.3549996E+03  4.6348228E-05
  1.3649999E+03  5.0303865E-05
  1.3749999E+03  5.7372024E-05
  1.3849996E+03  6.4245309E-05
  1.3949999E+03  7.4364143E-05
  1.4050001E+03  9.9787161E-05
  1.4149998E+03  1.1965672E-04
  1.4249998E+03  1.4449484E-04
  1.4350000E+03  1.8309530E-04
  1.4419998E+03  2.4565804E-04
  1.4469999E+03  2.1990694E-04
  1.4549994E+03  2.6931576E-04
  1.4650000E+03  3.6991795E-04
  1.4749995E+03  4.3421841E-04
  1.4849996E+03  4.8146883E-04
  1.4949998E+03  6.7915715E-04
  1.5049996E+03  8.8264368E-04
  1.5119995E+03  6.1863748E-04
  1.5169994E+03  8.6947181E-04
  1.5250001E+03  3.1876813E-03
  1.5349994E+03  5.9021246E-03
  1.5449994E+03  4.5291171E-03
  1.5549998E+03  8.6549567E-03
  1.5649999E+03  8.4359534E-03
  1.5750001E+03  3.4040175E-02
  1.5850000E+03  4.2642593E-02
  1.5949996E+03  5.0556384E-02
  1.6049999E+03  5.1014956E-02
  1.6150000E+03  5.5801652E-02
  1.6249996E+03  6.8910159E-02
  1.6350000E+03  9.8906286E-02
  1.6449996E+03  1.5477104E-01
  1.6549999E+03  1.0023979E-01
  1.6649993E+03  1.9464336E-01
  1.6720000E+03  1.1708896E-01
  1.6770001E+03  1.2706285E+00
  1.6849998E+03  1.4325073E+00
  1.6950000E+03  1.9316413E+00
  1.7049995E+03  2.0499194E+00
  1.7150000E+03  2.2904537E+00
  1.7249993E+03  3.6991873E+00
  1.7349994E+03  4.9735084E+00
  1.7449993E+03  7.5759268E+00
  1.7550001E+03  1.0494863E+01
  1.7649998E+03  1.0759155E+01
  1.7749995E+03  1.0480074E+01
  1.7849995E+03  1.6788630E+01
  1.7949999E+03  2.0005753E+01
  1.8050001E+03  2.5241375E+01
  1.8150001E+03  2.1238100E+01
  1.8249994E+03  3.4657482E+01
  1.8349993E+03  3.3675491E+01
  1.8449993E+03  2.3609850E+01
  1.8549998E+03  3.4041492E+01
  1.8650002E+03  4.7776348E+01
  1.8750001E+03  5.2438553E+01
  1.8850000E+03  6.0696510E+01
  1.8950002E+03  8.9360924E+01
  1.9049996E+03  8.4236496E+01
  1.9149999E+03  1.0030943E+02
  1.9249993E+03  9.6929680E+01
  1.9350001E+03  5.3784859E+01
  1.9449993E+03  1.3995703E+02
  1.9550002E+03  1.5817357E+02
  1.9670002E+03  2.1905313E+02
  1.9759990E+03  2.2125960E+02
  1.9839996E+03  2.6408847E+02
  1.9950001E+03  2.6642804E+02
  2.0050002E+03  2.7386063E+02
  2.0149996E+03  3.0707617E+02
  2.0249994E+03  2.2511433E+02
  2.0349995E+03  3.5352414E+02
  2.0449998E+03  4.1285449E+02
  2.0550000E+03  4.4957910E+02
  2.0649993E+03  4.4598660E+02
  2.0739993E+03  4.6481693E+02
  2.0780002E+03  1.0674474E+03
  2.0849993E+03  1.3609187E+03
  2.0950005E+03  1.2889872E+03
  2.1050002E+03  1.3221711E+03
  2.1149990E+03  1.5806340E+03
  2.1250000E+03  1.3464569E+03
  2.1350002E+03  1.6550470E+03
  2.1449998E+03  1.8554065E+03
  2.1550005E+03  1.7986381E+03
  2.1649995E+03  1.7274077E+03
  2.1750002E+03  1.8910608E+03
  2.1849998E+03  2.0567834E+03
  2.1950000E+03  2.4464844E+03
  2.2050000E+03  2.4870295E+03
  2.2149998E+03  2.0483635E+03
  2.2249998E+03  2.5565913E+03
  2.2350005E+03  3.7756057E+03
  2.2449990E+03  3.8384006E+03
  2.2549993E+03  3.3174590E+03
  2.2650000E+03  2.6068340E+03
  2.2750000E+03  3.5159688E+03
  2.2850000E+03  4.8353379E+03
  2.2950002E+03  4.4280034E+03
  2.3050000E+03  3.9628040E+03
  2.3149995E+03  4.3856396E+03
  2.3250000E+03  4.5906626E+03
  2.3349995E+03  5.0554932E+03
  2.3449993E+03  3.3472861E+03
  2.3550000E+03  5.1442231E+03
  2.3649988E+03  3.8069895E+03
  2.3750000E+03  4.9490146E+03
  2.3849990E+03  3.4453706E+03
  2.3950000E+03  4.4205513E+03
  2.4050005E+03  5.1149863E+03
  2.4149993E+03  4.7400542E+03
  2.4249990E+03  8.3775811E+03
  2.4349990E+03  9.9374023E+03
  2.4450000E+03  1.2390292E+04
  2.4549990E+03  1.3395323E+04
  2.4649990E+03  9.6027480E+03
  2.4749993E+03  8.5332910E+03
  2.4850005E+03  2.2285911E+03
  2.4950000E+03  5.1998628E+03
  2.5050005E+03  9.7776045E+03
  2.5129988E+03  4.6135630E+03
  2.5179990E+03  2.6138252E+03
  2.5249998E+03  3.2082693E+03
  2.5350007E+03  1.1888418E+04
  2.5449988E+03  1.2623455E+04
  2.5550000E+03  4.6958137E+04
  2.5649990E+03  2.1356080E+04
  2.5749990E+03  3.0874443E+04
  2.5849993E+03  2.4941809E+04
  2.5949990E+03  2.1083334E+04
  2.6049995E+03  1.9062537E+04
  2.6149998E+03  1.7706094E+04
  2.6249990E+03  2.5181982E+04
  2.6350007E+03  6.4649656E+04
  2.6449995E+03  1.0870619E+05
  2.6549998E+03  2.1420105E+05
  2.6649995E+03  1.0532492E+05
  2.6749988E+03  1.0907202E+05
  2.6849988E+03  1.5422644E+05
  2.6949988E+03  9.5534227E+04
  2.7050000E+03  1.4969898E+05
  2.7150000E+03  8.2116188E+04
  2.7249995E+03  3.7668113E+04
  2.7350007E+03  6.4500965E+04
  2.7450002E+03  3.5054297E+04
  2.7549998E+03  5.4310934E+04
  2.7649983E+03  8.1149305E+04
  2.7750005E+03  8.7732508E+04
  2.7850000E+03  4.8595984E+04
  2.7949993E+03  1.4757748E+04
  2.8049995E+03  1.9936436E+04
  2.8150002E+03  7.2915055E+04
  2.8250007E+03  1.1614074E+05
  2.8350000E+03  1.0563416E+05
  2.8450002E+03  5.1138523E+04
  2.8550005E+03  1.6443824E+04
  2.8650000E+03  9.1798617E+04
  2.8749983E+03  2.0443253E+05
  2.8850000E+03  2.0157366E+05
  2.8949988E+03  2.9760541E+05
  2.9099988E+03  4.6294766E+05
  2.9299983E+03  4.6239797E+05
  2.9499990E+03  4.5671197E+05
  2.9700005E+03  4.9119759E+05
  2.9899980E+03  5.5653956E+05
  3.0099995E+03  5.4139194E+05
  3.0299995E+03  6.1137212E+05
  3.0499995E+03  6.3338956E+05
  3.0699995E+03  6.2196606E+05
  3.0899995E+03  5.6817138E+05
  3.1099995E+03  6.8471081E+05
  3.1299998E+03  5.6785488E+05
  3.1499995E+03  5.8587744E+05
  3.1699995E+03  7.0237494E+05
  3.1899995E+03  5.8327162E+05
  3.2099998E+03  6.5134262E+05
  3.2299993E+03  5.3190194E+05
  3.2499993E+03  8.6046756E+05
  3.2699995E+03  9.9386181E+05
  3.2899995E+03  9.5219600E+05
  3.3099998E+03  8.5864519E+05
  3.3299993E+03  9.1607219E+05
  3.3499995E+03  8.6699806E+05
  3.3699995E+03  5.9683381E+05
  3.3899993E+03  7.1143344E+05
  3.4099993E+03  7.8365531E+05
  3.4299995E+03  8.4761662E+05
  3.4499993E+03  1.0086099E+06
  3.4699998E+03  1.0298687E+06
  3.4899993E+03  1.1564190E+06
  3.5099995E+03  1.1932435E+06
  3.5299995E+03  1.0153826E+06
  3.5499995E+03  1.0762862E+06
  3.5699995E+03  7.1610888E+05
  3.5899995E+03  8.5652919E+05
  3.6099995E+03  1.1948581E+06
  3.6299993E+03  1.2468570E+06
  3.6399993E+03  1.2250880E+06
  3.6499995E+03  1.3389898E+06
  3.6699993E+03  1.4045154E+06
  3.6899995E+03  1.3530585E+06
  3.7099995E+03  1.5436256E+06
  3.7299998E+03  9.0364594E+05
  3.7499993E+03  1.0303133E+06
  3.7699993E+03  1.2754362E+06
  3.7899995E+03  1.2397696E+06
  3.8099993E+03  1.0999049E+06
  3.8299998E+03  5.6516769E+05
  3.8499995E+03  6.2872300E+05
  3.8699995E+03  7.0615606E+05
  3.8899995E+03  1.2806152E+06
  3.9099995E+03  1.5491348E+06
  3.9299993E+03  6.1553400E+05
  3.9499993E+03  1.2241625E+06
  3.9699998E+03  7.9271969E+05
  3.9899995E+03  2.0452079E+06
  4.0099995E+03  2.2909120E+06
  4.0299993E+03  2.3314870E+06
  4.0499993E+03  2.1960422E+06
  4.0699993E+03  2.0754448E+06
  4.0899995E+03  2.6081538E+06
  4.1099995E+03  2.6370268E+06
  4.1299995E+03  2.3515865E+06
  4.1499990E+03  2.2594148E+06
  4.1699990E+03  2.2748412E+06
  4.1899995E+03  2.2364375E+06
  4.2099995E+03  2.4044122E+06
  4.2299995E+03  2.4870040E+06
  4.2499995E+03  2.5003608E+06
  4.2699990E+03  2.3236792E+06
  4.2899995E+03  2.0924498E+06
  4.3100000E+03  1.6800791E+06
  4.3299995E+03  2.7178615E+06
  4.3499995E+03  2.6445478E+06
  4.3699995E+03  2.8792210E+06
  4.3899995E+03  2.5662755E+06
  4.4099995E+03  2.8181225E+06
  4.4299995E+03  3.0756932E+06
  4.4499995E+03  3.0920555E+06
  4.4699995E+03  3.3536785E+06
  4.4899995E+03  3.4300108E+06
  4.5099990E+03  3.9475295E+06
  4.5299995E+03  3.4640665E+06
  4.5499990E+03  3.5823542E+06
  4.5699995E+03  3.8941595E+06
  4.5899990E+03  3.6589505E+06
  4.6099990E+03  3.7903590E+06
  4.6299990E+03  3.6641895E+06
  4.6499990E+03  3.7513895E+06
  4.6699990E+03  3.8701312E+06
  4.6899990E+03  3.7604638E+06
  4.7099995E+03  3.7180658E+06
  4.7299990E+03  3.8963340E+06
  4.7499995E+03  4.0958502E+06
  4.7699995E+03  4.1496618E+06
  4.7899990E+03  4.1236208E+06
  4.8099995E+03  4.0270340E+06
  4.8299995E+03  4.1859230E+06
  4.8499990E+03  3.9227658E+06
  4.8700000E+03  3.6094532E+06
  4.8899990E+03  4.0108870E+06
  4.9099990E+03  3.9778092E+06
  4.9299990E+03  3.9316502E+06
  4.9499995E+03  4.2139060E+06
  4.9699995E+03  4.1135618E+06
  4.9899990E+03  3.7974248E+06
  5.0099995E+03  3.6241275E+06
  5.0299995E+03  3.8441788E+06
  5.0499995E+03  3.9007992E+06
  5.0699995E+03  4.1165998E+06
  5.0899995E+03  3.8296978E+06
  5.1099990E+03  3.9355418E+06
  5.1299995E+03  3.7818038E+06
  5.1499985E+03  3.6708142E+06
  5.1700000E+03  3.4865800E+06
  5.1899990E+03  3.6382250E+06
  5.2099990E+03  3.8485100E+06
  5.2299995E+03  3.9169200E+06
  5.2499995E+03  4.0284642E+06
  5.2699995E+03  3.5747248E+06
  5.2899990E+03  4.0725105E+06
  5.3099995E+03  4.3107165E+06
  5.3299990E+03  3.8126978E+06
  5.3499995E+03  4.2001675E+06
  5.3699995E+03  4.2142725E+06
  5.3899995E+03  4.0912462E+06
  5.4099990E+03  3.9938620E+06
  5.4299990E+03  4.0825568E+06
  5.4499990E+03  4.3113920E+06
  5.4699995E+03  4.1334890E+06
  5.4899995E+03  4.1388002E+06
  5.5099995E+03  4.0950350E+06
  5.5299985E+03  4.1809010E+06
  5.5499990E+03  4.2505015E+06
  5.5699990E+03  4.1697598E+06
  5.5899995E+03  4.0554620E+06
  5.6099990E+03  4.2587035E+06
  5.6299995E+03  4.1789372E+06
  5.6499990E+03  4.2166730E+06
  5.6699990E+03  4.0945205E+06
  5.6899995E+03  4.2297395E+06
  5.7099995E+03  4.0967460E+06
  5.7299990E+03  4.4697970E+06
  5.7499990E+03  4.2603180E+06
  5.7699990E+03  4.3330155E+06
  5.7899995E+03  4.1497378E+06
  5.8099985E+03  4.3256780E+06
  5.8300000E+03  4.4467905E+06
  5.8499990E+03  4.3139505E+06
  5.8699985E+03  4.3408025E+06
  5.8899985E+03  4.0325060E+06
  5.9099995E+03  4.2709160E+06
  5.9299985E+03  4.2766545E+06
  5.9499995E+03  4.2880680E+06
  5.9699990E+03  4.3505025E+06
  5.9899990E+03  4.2680555E+06
  6.0099990E+03  4.1817052E+06
  6.0299995E+03  4.2686030E+06
  6.0499990E+03  4.3464415E+06
  6.0699990E+03  4.3190735E+06
  6.0899995E+03  4.1308678E+06
  6.1099985E+03  4.1346485E+06
  6.1299995E+03  3.9416868E+06
  6.1499985E+03  4.0448835E+06
  6.1699985E+03  3.9179608E+06
  6.1900000E+03  4.1448780E+06
  6.2099995E+03  4.1454792E+06
  6.2299985E+03  3.9938890E+06
  6.2499990E+03  3.8497422E+06
  6.2699985E+03  4.0659462E+06
  6.2900000E+03  4.0984990E+06
  6.3099985E+03  3.9736850E+06
  6.3299995E+03  4.0149922E+06
  6.3499985E+03  4.0202938E+06
  6.3699985E+03  3.9886820E+06
  6.3899995E+03  4.0490038E+06
  6.4099990E+03  3.9507000E+06
  6.4299985E+03  3.9979645E+06
  6.4499985E+03  3.9773752E+06
  6.4699990E+03  3.9524625E+06
  6.4899990E+03  3.8621310E+06
  6.5099985E+03  3.9796908E+06
  6.5299990E+03  3.9813240E+06
  6.5499985E+03  3.9109475E+06
  6.5699985E+03  3.6670582E+06
  6.5899995E+03  3.9140140E+06
  6.6099985E+03  3.9542582E+06
  6.6299990E+03  3.9188668E+06
  6.6499985E+03  3.9148388E+06
  6.6699995E+03  3.8432972E+06
  6.6899990E+03  3.9550322E+06
  6.7099995E+03  3.8107492E+06
  6.7299990E+03  3.9174742E+06
  6.7499995E+03  3.8530335E+06
  6.7699985E+03  3.8718948E+06
  6.7899995E+03  3.8328565E+06
  6.8099995E+03  3.8180130E+06
  6.8300000E+03  3.8545582E+06
  6.8499985E+03  3.7276290E+06
  6.8699985E+03  3.7920048E+06
  6.8899985E+03  3.8263668E+06
  6.9099990E+03  3.7770278E+06
  6.9299995E+03  3.7479625E+06
  6.9499990E+03  3.7052085E+06
  6.9699985E+03  3.7132888E+06
  6.9899985E+03  3.6967732E+06
  7.0099985E+03  3.5561882E+06
  7.0299985E+03  3.6386640E+06
  7.0499990E+03  3.6758812E+06
  7.0699980E+03  3.6187110E+06
  7.0899990E+03  3.6007210E+06
  7.1099990E+03  3.5973348E+06
  7.1299995E+03  3.5220465E+06
  7.1499990E+03  3.5151932E+06
  7.1699995E+03  3.5265342E+06
  7.1899985E+03  3.3945705E+06
  7.2099985E+03  3.5014288E+06
  7.2299980E+03  3.5163178E+06
  7.2499990E+03  3.5271180E+06
  7.2699995E+03  3.5017502E+06
  7.2899990E+03  3.3760168E+06
  7.3099980E+03  3.4444980E+06
  7.3299980E+03  3.4484450E+06
  7.3499980E+03  3.4370258E+06
  7.3699985E+03  3.4719412E+06
  7.3899995E+03  3.3717728E+06
  7.4099985E+03  3.3135278E+06
  7.4299995E+03  3.3762390E+06
  7.4500000E+03  3.3886118E+06
  7.4700000E+03  3.4049228E+06
  7.4899990E+03  3.3707145E+06
  7.5099985E+03  3.3855828E+06
  7.5299995E+03  3.4014405E+06
  7.5499980E+03  3.4120612E+06
  7.5699985E+03  3.3739390E+06
  7.5899990E+03  3.3570308E+06
  7.6099980E+03  3.3461100E+06
  7.6299995E+03  3.3573868E+06
  7.6499995E+03  3.3638018E+06
  7.6699980E+03  3.2499690E+06
  7.6899990E+03  3.3432330E+06
  7.7099995E+03  3.2727378E+06
  7.7299985E+03  3.2777660E+06
  7.7499990E+03  3.2409240E+06
  7.7700000E+03  3.3091880E+06
  7.7900000E+03  3.2999780E+06
  7.8099995E+03  3.2796400E+06
  7.8299980E+03  3.2457645E+06
  7.8499980E+03  3.2185478E+06
  7.8699995E+03  3.2387648E+06
  7.8900000E+03  3.1728020E+06
  7.9099995E+03  3.0855478E+06
  7.9300000E+03  3.0587402E+06
  7.9499985E+03  3.0266808E+06
  7.9699990E+03  3.1173748E+06
  7.9900000E+03  3.1181925E+06
  8.0099980E+03  3.0802708E+06
  8.0299985E+03  3.0772150E+06
  8.0500000E+03  3.0471175E+06
  8.0699985E+03  3.0459175E+06
  8.0899990E+03  2.9593255E+06
  8.1099995E+03  2.9743608E+06
  8.1299976E+03  3.0018100E+06
  8.1499976E+03  2.9839188E+06
  8.1699980E+03  2.9867108E+06
  8.1899985E+03  2.9126628E+06
  8.2099990E+03  2.9029602E+06
  8.2300000E+03  2.9163992E+06
  8.2500000E+03  2.9427378E+06
  8.2700000E+03  2.9716522E+06
  8.2899980E+03  2.9473010E+06
  8.3099990E+03  2.8476435E+06
  8.3299980E+03  2.8547805E+06
  8.3500000E+03  2.8554925E+06
  8.3699990E+03  2.8756882E+06
  8.3899990E+03  2.7976642E+06
  8.4099971E+03  2.8754048E+06
  8.4300000E+03  2.7994325E+06
  8.4499990E+03  2.8478760E+06
  8.4699980E+03  2.8203172E+06
  8.4899980E+03  2.8529345E+06
  8.5099990E+03  2.6993970E+06
  8.5299990E+03  2.8399610E+06
  8.5499990E+03  2.6420405E+06
  8.5699990E+03  2.8452122E+06
  8.5900000E+03  2.7737228E+06
  8.6099980E+03  2.7710678E+06
  8.6299990E+03  2.8052308E+06
  8.6499990E+03  2.8129172E+06
  8.6699990E+03  2.5776800E+06
  8.6899990E+03  2.6962352E+06
  8.7099971E+03  2.7387912E+06
  8.7299990E+03  2.7475608E+06
  8.7499980E+03  2.6954045E+06
  8.7699980E+03  2.7500338E+06
  8.7899980E+03  2.7128128E+06
  8.8099990E+03  2.6472632E+06
  8.8299980E+03  2.6934602E+06
  8.8499980E+03  2.7086695E+06
  8.8699980E+03  2.6336928E+06
  8.8899990E+03  2.6923570E+06
  8.9099971E+03  2.7164452E+06
  8.9299980E+03  2.6396160E+06
  8.9499980E+03  2.6342750E+06
  8.9699990E+03  2.6410820E+06
  8.9899990E+03  2.6436080E+06
  9.0099980E+03  2.5382820E+06
  9.0299990E+03  2.6223180E+06
  9.0499990E+03  2.6726535E+06
  9.0699980E+03  2.6196648E+06
  9.0899990E+03  2.5322352E+06
  9.1099980E+03  2.5523152E+06
  9.1299980E+03  2.6102035E+06
  9.1499980E+03  2.5856660E+06
  9.1699980E+03  2.5807612E+06
  9.1899990E+03  2.6080805E+06
  9.2099990E+03  2.5304120E+06
  9.2299980E+03  2.5280812E+06
  9.2499980E+03  2.5107325E+06
  9.2699971E+03  2.5299415E+06
  9.2899990E+03  2.5236865E+06
  9.3099980E+03  2.5387602E+06
  9.3299990E+03  2.5151202E+06
  9.3499980E+03  2.5104052E+06
  9.3699990E+03  2.4698775E+06
  9.3900000E+03  2.4903862E+06
  9.4099980E+03  2.3994865E+06
  9.4299971E+03  2.4747280E+06
  9.4499990E+03  2.4181115E+06
  9.4700000E+03  2.4650390E+06
  9.4899980E+03  2.4690510E+06
  9.5100000E+03  2.4429300E+06
  9.5300000E+03  2.4353832E+06
  9.5500000E+03  2.3836382E+06
  9.5699990E+03  2.3850808E+06
  9.5899980E+03  2.4239718E+06
  9.6099980E+03  2.3826455E+06
  9.6299990E+03  2.3654462E+06
  9.6499990E+03  2.3360305E+06
  9.6699980E+03  2.3327432E+06
  9.6899980E+03  2.3636072E+06
  9.7100000E+03  2.3403340E+06
  9.7299990E+03  2.3305642E+06
  9.7499980E+03  2.3091638E+06
  9.7699961E+03  2.3057588E+06
  9.7899980E+03  2.2763788E+06
  9.8099980E+03  2.3176448E+06
  9.8299990E+03  2.3021020E+06
  9.8499980E+03  2.3047230E+06
  9.8700000E+03  2.2786072E+06
  9.8899980E+03  2.2742932E+06
  9.9099990E+03  2.2648538E+06
  9.9300000E+03  2.2755680E+06
  9.9499980E+03  2.2698932E+06
  9.9699980E+03  2.2646232E+06
  9.9899990E+03  2.2496755E+06
  1.0024998E+04  2.2335452E+06
  1.0074998E+04  2.1987750E+06
  1.0124997E+04  2.1909672E+06
  1.0174997E+04  2.1514380E+06
  1.0224998E+04  2.1477445E+06
  1.0274997E+04  2.1452345E+06
  1.0325000E+04  2.0992392E+06
  1.0374999E+04  2.0793698E+06
  1.0425000E+04  2.0818644E+06
  1.0474998E+04  2.0501239E+06
  1.0524997E+04  2.0475604E+06
  1.0574999E+04  2.0212698E+06
  1.0625000E+04  2.0023569E+06
  1.0674997E+04  1.9590482E+06
  1.0724998E+04  1.9572986E+06
  1.0774999E+04  1.9322312E+06
  1.0824997E+04  1.8993131E+06
  1.0874997E+04  1.8901066E+06
  1.0924999E+04  1.8961075E+06
  1.0974996E+04  1.8629512E+06
  1.1025000E+04  1.8717226E+06
  1.1074998E+04  1.8619255E+06
  1.1124999E+04  1.8416346E+06
  1.1174998E+04  1.8186151E+06
  1.1224999E+04  1.8152764E+06
  1.1274997E+04  1.7787942E+06
  1.1325000E+04  1.7707290E+06
  1.1375000E+04  1.7551964E+06
  1.1425000E+04  1.7278895E+06
  1.1474997E+04  1.7482284E+06
  1.1525000E+04  1.7333466E+06
  1.1574998E+04  1.7043174E+06
  1.1625000E+04  1.6773100E+06
  1.1674998E+04  1.6725928E+06
  1.1724997E+04  1.6824461E+06
  1.1775001E+04  1.6461240E+06
  1.1824999E+04  1.6330415E+06
  1.1875000E+04  1.6068419E+06
  1.1925000E+04  1.6321536E+06
  1.1975001E+04  1.5722881E+06
  1.2024998E+04  1.5927459E+06
  1.2074996E+04  1.5702296E+06
  1.2125000E+04  1.5678626E+06
  1.2175000E+04  1.5715568E+06
  1.2225001E+04  1.5561310E+06
  1.2275001E+04  1.5401045E+06
  1.2324996E+04  1.5290736E+06
  1.2374996E+04  1.5187350E+06
  1.2424998E+04  1.5038029E+06
  1.2475000E+04  1.5002688E+06
  1.2524997E+04  1.4807748E+06
  1.2574997E+04  1.4728821E+06
  1.2624999E+04  1.4628218E+06
  1.2674997E+04  1.4439409E+06
  1.2724999E+04  1.4442950E+06
  1.2774999E+04  1.4416216E+06
  1.2825000E+04  1.3813644E+06
  1.2875001E+04  1.4047918E+06
  1.2924997E+04  1.3897051E+06
  1.2975001E+04  1.3953502E+06
  1.3024998E+04  1.3707795E+06
  1.3074999E+04  1.3744630E+06
  1.3125000E+04  1.3508454E+06
  1.3174998E+04  1.3406121E+06
  1.3224998E+04  1.3419319E+06
  1.3274997E+04  1.3150608E+06
  1.3324997E+04  1.3206566E+06
  1.3374999E+04  1.3057676E+06
  1.3424999E+04  1.3107121E+06
  1.3474999E+04  1.2973308E+06
  1.3525001E+04  1.2902894E+06
  1.3574999E+04  1.2637319E+06
  1.3624997E+04  1.2594665E+06
  1.3674997E+04  1.2548664E+06
  1.3724995E+04  1.2499005E+06
  1.3774998E+04  1.2412991E+06
  1.3824998E+04  1.2368506E+06
  1.3874996E+04  1.2256241E+06
  1.3925000E+04  1.2237154E+06
  1.3974996E+04  1.2174442E+06
  1.4024997E+04  1.1948169E+06
  1.4075001E+04  1.2002626E+06
  1.4124996E+04  1.1817355E+06
  1.4175000E+04  1.1895936E+06
  1.4225000E+04  1.1627210E+06
  1.4274994E+04  1.1448110E+06
  1.4325001E+04  1.1590464E+06
  1.4374998E+04  1.1606239E+06
  1.4424999E+04  1.1158202E+06
  1.4475000E+04  1.1401298E+06
  1.4524997E+04  1.1160446E+06
  1.4569999E+04  1.1219210E+06
  1.4620000E+04  1.1169391E+06
  1.4674998E+04  1.1147580E+06
  1.4725000E+04  1.0903984E+06
  1.4775002E+04  1.0868618E+06
  1.4824998E+04  1.0824061E+06
  1.4874996E+04  1.0640749E+06
  1.4924997E+04  1.0812602E+06
  1.4974999E+04  1.0605951E+06
  1.5024999E+04  1.0443028E+06
  1.5075000E+04  1.0307061E+06
  1.5124999E+04  1.0428905E+06
  1.5175000E+04  1.0412645E+06
  1.5225002E+04  1.0274152E+06
  1.5274998E+04  1.0293711E+06
  1.5324995E+04  1.0175003E+06
  1.5374997E+04  1.0185744E+06
  1.5425001E+04  1.0086245E+06
  1.5474996E+04  1.0059721E+06
  1.5524994E+04  9.8959344E+05
  1.5575001E+04  9.7119762E+05
  1.5624998E+04  9.9588506E+05
  1.5674997E+04  9.6045588E+05
  1.5724994E+04  9.6554094E+05
  1.5774996E+04  9.3976412E+05
  1.5825001E+04  9.4982569E+05
  1.5874995E+04  9.0097944E+05
  1.5925002E+04  9.2670388E+05
  1.5975001E+04  9.3935012E+05
  1.6049998E+04  9.2540019E+05
  1.6150001E+04  9.0187112E+05
  1.6249997E+04  9.0405975E+05
  1.6350000E+04  8.8626981E+05
  1.6449996E+04  8.5905788E+05
  1.6549998E+04  8.5927106E+05
  1.6649994E+04  8.4561050E+05
  1.6749998E+04  8.2294825E+05
  1.6849998E+04  7.9400925E+05
  1.6950000E+04  8.0255362E+05
  1.7049996E+04  7.7370256E+05
  1.7150000E+04  7.6663975E+05
  1.7249992E+04  7.4176194E+05
  1.7349994E+04  7.1537675E+05
  1.7449992E+04  7.1504519E+05
  1.7550000E+04  7.0371438E+05
  1.7649998E+04  6.9131275E+05
  1.7749994E+04  6.7583294E+05
  1.7849994E+04  6.6724131E+05
  1.7949998E+04  6.5384081E+05
  1.8050002E+04  6.3894938E+05
  1.8150002E+04  6.1946262E+05
  1.8249994E+04  6.1248956E+05
  1.8349992E+04  6.0283375E+05
  1.8449992E+04  5.8642256E+05
  1.8549998E+04  5.8052169E+05
  1.8650002E+04  5.6258250E+05
  1.8750002E+04  5.4275262E+05
  1.8850000E+04  5.4691219E+05
  1.8950004E+04  5.2319447E+05
  1.9049996E+04  5.2968588E+05
  1.9149998E+04  5.1787094E+05
  1.9249992E+04  5.0945472E+05
  1.9350000E+04  4.9490531E+05
  1.9449992E+04  4.7906456E+05
  1.9550002E+04  4.8162750E+05
  1.9649992E+04  4.7150872E+05
  1.9749992E+04  4.6218738E+05
  1.9849992E+04  4.5561094E+05
  1.9950002E+04  4.4796859E+05
  2.0050002E+04  4.4357681E+05
  2.0149996E+04  4.3796981E+05
  2.0249994E+04  4.2468819E+05
  2.0349994E+04  4.1526641E+05
  2.0449996E+04  4.1504359E+05
  2.0550000E+04  4.0649991E+05
  2.0649992E+04  3.9748391E+05
  2.0749998E+04  3.9169306E+05
  2.0849992E+04  3.8494653E+05
  2.0950004E+04  3.7592388E+05
  2.1050002E+04  3.7353397E+05
  2.1149992E+04  3.6606056E+05
  2.1250000E+04  3.5961134E+05
  2.1350002E+04  3.5570494E+05
  2.1449996E+04  3.4957141E+05
  2.1550006E+04  3.4383578E+05
  2.1649994E+04  3.3165725E+05
  2.1750002E+04  3.2981678E+05
  2.1849998E+04  3.2521094E+05
  2.1950002E+04  3.2158972E+05
  2.2050000E+04  3.1358094E+05
  2.2149996E+04  3.1120906E+05
  2.2249998E+04  3.0465109E+05
  2.2350004E+04  2.9984928E+05
  2.2449990E+04  2.9545016E+05
  2.2549994E+04  2.9066472E+05
  2.2650000E+04  2.8511494E+05
  2.2750000E+04  2.8249741E+05
  2.2850000E+04  2.7606175E+05
  2.2950004E+04  2.5109444E+05
  2.3050000E+04  2.5953544E+05
  2.3149996E+04  2.5671469E+05
  2.3250000E+04  2.3264147E+05
  2.3349996E+04  2.4205419E+05
  2.3449994E+04  2.4300175E+05
  2.3550002E+04  2.1834248E+05
  2.3649988E+04  2.2937850E+05
  2.3750000E+04  2.2875308E+05
  2.3849990E+04  2.0699644E+05
  2.3950002E+04  2.1587177E+05
  2.4050006E+04  2.1714150E+05
  2.4149992E+04  2.0005106E+05
  2.4249990E+04  2.0524656E+05
  2.4349990E+04  2.0595964E+05
  2.4450002E+04  1.9498906E+05
  2.4549990E+04  1.9311019E+05
  2.4649992E+04  1.9808762E+05
  2.4749992E+04  1.9086281E+05
  2.4850006E+04  1.8361928E+05
  2.4950000E+04  1.8670752E+05
  2.5050006E+04  1.8909811E+05
  2.5149994E+04  1.7689452E+05
  2.5249998E+04  1.8063095E+05
  2.5350004E+04  1.8005864E+05
  2.5449988E+04  1.7488922E+05
  2.5549998E+04  1.7280714E+05
  2.5649990E+04  1.7167434E+05
  2.5749990E+04  1.7188328E+05
  2.5849994E+04  1.6367214E+05
  2.5949990E+04  1.6543978E+05
  2.6049996E+04  1.6478267E+05
  2.6149998E+04  1.6095194E+05
  2.6249988E+04  1.5790202E+05
  2.6350008E+04  1.5804577E+05
  2.6449996E+04  1.5622845E+05
  2.6549994E+04  1.5354133E+05
  2.6649994E+04  1.5031717E+05
  2.6749988E+04  1.5121192E+05
  2.6849986E+04  1.4989956E+05
  2.6949986E+04  1.4675591E+05
  2.7050002E+04  1.4598675E+05
  2.7149998E+04  1.4417739E+05
  2.7249994E+04  1.4276097E+05
  2.7350006E+04  1.4024314E+05
  2.7450004E+04  1.3951320E+05
  2.7549996E+04  1.3719691E+05
  2.7649982E+04  1.3555108E+05
  2.7750004E+04  1.3359234E+05
  2.7850000E+04  1.3247930E+05
  2.7949992E+04  1.3155239E+05
  2.8049994E+04  1.2973983E+05
  2.8150002E+04  1.2794009E+05
  2.8250006E+04  1.2642220E+05
  2.8350000E+04  1.2538197E+05
  2.8450000E+04  1.2331520E+05
  2.8550002E+04  1.2191672E+05
  2.8650002E+04  1.2038786E+05
  2.8749982E+04  1.1813450E+05
  2.8849998E+04  1.1750242E+05
  2.8949986E+04  1.1619319E+05
  2.9049994E+04  1.1472941E+05
  2.9149986E+04  1.1343378E+05
  2.9249984E+04  1.1144417E+05
  2.9349980E+04  1.1071233E+05
  2.9450000E+04  1.0886696E+05
  2.9550004E+04  1.0781641E+05
  2.9649982E+04  1.0676055E+05
  2.9749992E+04  1.0542252E+05
  2.9849994E+04  1.0405776E+05
  2.9949984E+04  1.0261652E+05
  3.0049996E+04  1.0137555E+05
  3.0149994E+04  1.0040995E+05
  3.0249994E+04  9.8985531E+04
  3.0349996E+04  9.6833305E+04
  3.0449996E+04  9.6653398E+04
  3.0549996E+04  9.5404086E+04
  3.0649996E+04  9.4140914E+04
  3.0749994E+04  9.3326430E+04
  3.0849996E+04  9.1823797E+04
  3.0949994E+04  9.0794844E+04
  3.1049996E+04  9.0046828E+04
  3.1149996E+04  8.8273789E+04
  3.1249996E+04  8.7736742E+04
  3.1349996E+04  8.6832922E+04
  3.1449996E+04  8.5790266E+04
  3.1549998E+04  8.4501688E+04
  3.1649996E+04  8.3558633E+04
  3.1749998E+04  8.2741594E+04
  3.1849996E+04  8.1747492E+04
  3.1949994E+04  8.0956094E+04
  3.2099996E+04  7.9363992E+04
  3.2299992E+04  7.7571750E+04
  3.2499994E+04  7.5710430E+04
  3.2699996E+04  7.3923945E+04
  3.2899996E+04  7.1875867E+04
  3.3099996E+04  7.0545688E+04
  3.3299992E+04  6.8858305E+04
  3.3499996E+04  6.7528297E+04
  3.3699996E+04  6.5909797E+04
  3.3899996E+04  6.4341070E+04
  3.4099996E+04  6.2827184E+04
  3.4299996E+04  6.1718785E+04
  3.4499992E+04  6.0489371E+04
  3.4699996E+04  5.9096371E+04
  3.4899996E+04  5.7851871E+04
  3.5099996E+04  5.6677688E+04
  3.5299996E+04  5.5299578E+04
  3.5499996E+04  5.4256742E+04
  3.5699992E+04  5.3015008E+04
  3.5899992E+04  5.1885180E+04
  3.6099996E+04  5.0950504E+04
  3.6299992E+04  4.9896012E+04
  3.6499992E+04  4.8646578E+04
  3.6699992E+04  4.7631129E+04
  3.6899992E+04  4.6327656E+04
  3.7099996E+04  4.5328617E+04
  3.7299996E+04  4.4656988E+04
  3.7499992E+04  4.3260352E+04
  3.7699996E+04  4.2903289E+04
  3.7899996E+04  4.1995320E+04
  3.8099992E+04  4.1270117E+04
  3.8299996E+04  4.0580820E+04
  3.8499996E+04  3.9837504E+04
  3.8699996E+04  3.8933789E+04
  3.8899992E+04  3.8180953E+04
  3.9099996E+04  3.7510422E+04
  3.9299992E+04  3.6822281E+04
  3.9499992E+04  3.5923961E+04
  3.9699992E+04  3.5331059E+04
  3.9900000E+04  3.4407434E+04
  4.0099996E+04  3.3898734E+04
  4.0299992E+04  3.3389141E+04
  4.0499996E+04  3.2614598E+04
  4.0699992E+04  3.2117463E+04
  4.0899992E+04  3.1540627E+04
  4.1099996E+04  3.1004691E+04
  4.1299996E+04  3.0482051E+04
  4.1499992E+04  2.9838971E+04
  4.1699992E+04  2.9280453E+04
  4.1899996E+04  2.8752662E+04
  4.2099996E+04  2.8118785E+04
  4.2299992E+04  2.7826154E+04
  4.2499996E+04  2.7208211E+04
  4.2699992E+04  2.6807230E+04
  4.2899992E+04  2.5215027E+04
  4.3099996E+04  2.3928992E+04
  4.3299996E+04  2.4148502E+04
  4.3499992E+04  2.2650775E+04
  4.3699996E+04  2.2106578E+04
  4.3899996E+04  2.1833281E+04
  4.4099992E+04  2.0337828E+04
  4.4299992E+04  2.0358090E+04
  4.4499996E+04  1.9960527E+04
  4.4699996E+04  1.8779621E+04
  4.4899996E+04  1.9129947E+04
  4.5099992E+04  1.8593932E+04
  4.5299992E+04  1.7659051E+04
  4.5499996E+04  1.7853172E+04
  4.5699992E+04  1.7697072E+04
  4.5899996E+04  1.6715799E+04
  4.6099996E+04  1.7025059E+04
  4.6299992E+04  1.6632961E+04
  4.6499988E+04  1.6430777E+04
  4.6699992E+04  1.6312625E+04
  4.6899992E+04  1.6103744E+04
  4.7099992E+04  1.5684010E+04
  4.7299992E+04  1.5825118E+04
  4.7499996E+04  1.5475735E+04
  4.7699992E+04  1.5228509E+04
  4.7899992E+04  1.5005716E+04
  4.8099996E+04  1.4658754E+04
  4.8299992E+04  1.4822475E+04
  4.8499992E+04  1.4456718E+04
  4.8700000E+04  1.4166504E+04
  4.8899992E+04  1.4062051E+04
  4.9099988E+04  1.3771770E+04
  4.9299988E+04  1.3589422E+04
  4.9499996E+04  1.3385112E+04
  4.9699992E+04  1.3273183E+04
  4.9899988E+04  1.3004656E+04
  5.0099996E+04  1.2960316E+04
  5.0299996E+04  1.2779135E+04
  5.0499996E+04  1.2444562E+04
  5.0699996E+04  1.2319021E+04
  5.0899992E+04  1.2208154E+04
  5.1099992E+04  1.1933443E+04
  5.1299996E+04  1.1837712E+04
  5.1499988E+04  1.1652629E+04
  5.1699996E+04  1.1658909E+04
  5.1899992E+04  1.1388107E+04
  5.2099992E+04  1.1215624E+04
  5.2299996E+04  1.1050262E+04
  5.2499996E+04  1.0993155E+04
  5.2699996E+04  1.0972816E+04
  5.2899992E+04  1.0626005E+04
  5.3099988E+04  1.0507767E+04
  5.3299988E+04  1.0424680E+04
  5.3499992E+04  1.0294892E+04
  5.3699992E+04  1.0177852E+04
  5.3899992E+04  1.0072247E+04
  5.4099992E+04  9.9353564E+03
  5.4299984E+04  9.7286562E+03
  5.4499988E+04  9.7030439E+03
  5.4699996E+04  9.5457158E+03
  5.4899992E+04  9.4299209E+03
  5.5099992E+04  9.3035146E+03
  5.5299988E+04  9.3401943E+03
  5.5499988E+04  9.0494238E+03
  5.5699992E+04  9.0814531E+03
  5.5899992E+04  8.8880654E+03
  5.6099988E+04  8.8222939E+03
  5.6299996E+04  8.6459775E+03
  5.6499988E+04  8.6279531E+03
  5.6699988E+04  8.5114141E+03
  5.6899992E+04  8.3315986E+03
  5.7099996E+04  8.3218652E+03
  5.7299988E+04  8.2132734E+03
  5.7499988E+04  8.1193188E+03
  5.7699988E+04  7.9874282E+03
  5.7899996E+04  7.9477363E+03
  5.8099988E+04  7.8055049E+03
  5.8299996E+04  7.7266582E+03
  5.8499992E+04  7.6436445E+03
  5.8699988E+04  7.5096475E+03
  5.8899988E+04  7.4302832E+03
  5.9099992E+04  7.3596924E+03
  5.9299988E+04  7.2827065E+03
  5.9499996E+04  7.1649780E+03
  5.9699988E+04  7.1171592E+03
  5.9899992E+04  7.0302314E+03
  6.0099992E+04  6.9484741E+03
  6.0299992E+04  6.8650557E+03
  6.0499988E+04  6.7597373E+03
  6.0699992E+04  6.6811138E+03
  6.0899992E+04  6.6015474E+03
  6.1099988E+04  6.5048154E+03
  6.1299992E+04  6.4501069E+03
  6.1499988E+04  6.3808325E+03
  6.1699988E+04  6.3212246E+03
  6.1899996E+04  6.2494692E+03
  6.2099996E+04  6.1836855E+03
  6.2299988E+04  6.0867803E+03
  6.2499992E+04  6.0051621E+03
  6.2699988E+04  5.9417104E+03
  6.2899996E+04  5.8757979E+03
  6.3099984E+04  5.7980210E+03
  6.3299996E+04  5.7586172E+03
  6.3499984E+04  5.6783965E+03
  6.3699984E+04  5.6341606E+03
  6.3900000E+04  5.5517051E+03
  6.4199992E+04  5.4582632E+03
  6.4599984E+04  5.3267832E+03
  6.4999992E+04  5.2064961E+03
  6.5399992E+04  5.0897148E+03
  6.5799992E+04  4.9829482E+03
  6.6199984E+04  4.8638579E+03
  6.6599984E+04  4.7578750E+03
  6.6999992E+04  4.6527251E+03
  6.7399992E+04  4.5431782E+03
  6.7799992E+04  4.4450645E+03
  6.8199992E+04  4.3454502E+03
  6.8599992E+04  4.2528135E+03
  6.8999984E+04  4.1564883E+03
  6.9399984E+04  4.0653010E+03
  6.9800000E+04  3.9781660E+03
  7.0199992E+04  3.8870161E+03
  7.0599984E+04  3.8068916E+03
  7.0999977E+04  3.7242109E+03
  7.1399977E+04  3.6454287E+03
  7.1799984E+04  3.5664121E+03
  7.2199984E+04  3.4903630E+03
  7.2600000E+04  3.4148391E+03
  7.2999984E+04  3.3447883E+03
  7.3400000E+04  3.2720691E+03
  7.3799984E+04  3.2057776E+03
  7.4199992E+04  3.1352454E+03
  7.4599992E+04  3.0689495E+03
  7.5000000E+04  3.0069656E+03
  7.5399992E+04  2.9445981E+03
  7.5799992E+04  2.8878997E+03
  7.6199984E+04  2.8286587E+03
  7.6599992E+04  2.7718408E+03
  7.6999992E+04  2.7145244E+03
  7.7399992E+04  2.6613223E+03
  7.7799984E+04  2.6086335E+03
  7.8199984E+04  2.5566333E+03
  7.8599984E+04  2.5062856E+03
  7.8999984E+04  2.4568242E+03
  7.9399984E+04  2.4084685E+03
  7.9800000E+04  2.3620798E+03
  8.0199992E+04  2.3145042E+03
  8.0599984E+04  2.2696106E+03
  8.0999992E+04  2.2274968E+03
  8.1399977E+04  2.1830874E+03
  8.1799984E+04  2.1425894E+03
  8.2199984E+04  2.1027751E+03
  8.2599992E+04  2.0625796E+03
  8.2999984E+04  2.0243185E+03
  8.3400000E+04  1.9850687E+03
  8.3799992E+04  1.9485675E+03
  8.4199992E+04  1.9134122E+03
  8.4599977E+04  1.8779917E+03
  8.4999977E+04  1.8435161E+03
  8.5399984E+04  1.8098086E+03
  8.5799984E+04  1.7770575E+03
  8.6199992E+04  1.7447844E+03
  8.6599992E+04  1.7136333E+03
  8.6999984E+04  1.6830797E+03
  8.7399992E+04  1.6529136E+03
  8.7799992E+04  1.6233727E+03
  8.8199984E+04  1.5937660E+03
  8.8599977E+04  1.5660663E+03
  8.8999992E+04  1.5379899E+03
  8.9399977E+04  1.5119084E+03
  8.9799977E+04  1.4844541E+03
  9.0199984E+04  1.4597411E+03
  9.0599984E+04  1.4353141E+03
  9.0999992E+04  1.4089390E+03
  9.1400000E+04  1.3855850E+03
  9.1799969E+04  1.3625850E+03
  9.2199969E+04  1.3398413E+03
  9.2599984E+04  1.3171311E+03
  9.3000000E+04  1.2951095E+03
  9.3399984E+04  1.2731578E+03
  9.3799984E+04  1.2521318E+03
  9.4199977E+04  1.2313315E+03
  9.4599984E+04  1.2107108E+03
  9.4999969E+04  1.1908947E+03
  9.5399984E+04  1.1712423E+03
  9.5799984E+04  1.1524512E+03
  9.6199992E+04  1.1333207E+03
  9.6599984E+04  1.1153553E+03
  9.7000000E+04  1.0973665E+03
  9.7399977E+04  1.0784047E+03
  9.7799984E+04  1.0618813E+03
  9.8199977E+04  1.0453567E+03
  9.8599977E+04  1.0288710E+03
  9.8999992E+04  1.0127319E+03
  9.9399984E+04  9.9643805E+02
  9.9799977E+04  9.8090179E+02
  1.0019999E+05  9.6558099E+02
  1.9999991E+05  6.2499123E+01
  3.9999994E+05  3.9177887E+00
  5.9999981E+05  7.6898587E-01
  7.9999994E+05  2.4155067E-01
