  9.2499988E+02  5.1154248E-10
  9.3499982E+02  7.2620976E-10
  9.4500000E+02  1.1540027E-09
  9.5500000E+02  1.8260723E-09
  9.6499988E+02  3.0673473E-09
  9.7499982E+02  4.3002570E-09
  9.8499976E+02  6.7008017E-09
  9.9499988E+02  1.0037970E-08
  1.0049999E+03  1.5530345E-08
  1.0149997E+03  2.3014834E-08
  1.0249998E+03  2.6114311E-08
  1.0349998E+03  5.1697615E-08
  1.0449998E+03  7.7590776E-08
  1.0549999E+03  9.5203362E-08
  1.0649999E+03  1.5036774E-07
  1.0750000E+03  2.1227775E-07
  1.0849996E+03  3.0385394E-07
  1.0949999E+03  3.7751076E-07
  1.1049999E+03  4.8363393E-07
  1.1149999E+03  6.7796651E-07
  1.1249999E+03  1.0212314E-06
  1.1349996E+03  1.5454186E-06
  1.1449999E+03  2.1280271E-06
  1.1549999E+03  2.8610280E-06
  1.1650000E+03  3.8000144E-06
  1.1749995E+03  5.2980745E-06
  1.1849996E+03  6.6880898E-06
  1.1949998E+03  8.0534537E-06
  1.2049996E+03  9.0352141E-06
  1.2149998E+03  2.9166849E-06
  1.2249996E+03  1.3934830E-05
  1.2349996E+03  2.3401932E-05
  1.2449998E+03  3.0534338E-05
  1.2549996E+03  3.7412006E-05
  1.2650000E+03  4.6729510E-05
  1.2749998E+03  5.8047903E-05
  1.2849995E+03  6.5265682E-05
  1.2949998E+03  8.0267448E-05
  1.3049995E+03  9.4226183E-05
  1.3149998E+03  1.2209010E-04
  1.3249998E+03  1.3241264E-04
  1.3349996E+03  1.5032338E-04
  1.3449995E+03  1.8905336E-04
  1.3549996E+03  2.4296500E-04
  1.3649999E+03  2.6390373E-04
  1.3749999E+03  2.9740119E-04
  1.3849996E+03  3.2906278E-04
  1.3949999E+03  3.7860608E-04
  1.4050001E+03  5.0654099E-04
  1.4149998E+03  6.0383428E-04
  1.4249998E+03  7.2696392E-04
  1.4350000E+03  9.1500080E-04
  1.4419998E+03  1.2253370E-03
  1.4469999E+03  1.0943349E-03
  1.4549994E+03  1.3364709E-03
  1.4650000E+03  1.8209779E-03
  1.4749995E+03  2.1252043E-03
  1.4849996E+03  2.3449033E-03
  1.4949998E+03  3.2833568E-03
  1.5049996E+03  4.2354986E-03
  1.5119995E+03  2.9978566E-03
  1.5169994E+03  4.1538589E-03
  1.5250001E+03  1.5184657E-02
  1.5349994E+03  2.8464951E-02
  1.5449994E+03  2.1701001E-02
  1.5549998E+03  4.1500982E-02
  1.5649999E+03  3.9924808E-02
  1.5750001E+03  1.4722900E-01
  1.5850000E+03  1.7819735E-01
  1.5949996E+03  2.0891902E-01
  1.6049999E+03  2.1117908E-01
  1.6150000E+03  2.2795580E-01
  1.6249996E+03  2.7125502E-01
  1.6350000E+03  3.8464966E-01
  1.6449996E+03  5.8441830E-01
  1.6549999E+03  3.9251953E-01
  1.6649993E+03  7.2573721E-01
  1.6720000E+03  4.5129788E-01
  1.6770001E+03  2.7443900E+00
  1.6849998E+03  3.1356995E+00
  1.6950000E+03  4.1811361E+00
  1.7049995E+03  4.4585547E+00
  1.7150000E+03  4.6321425E+00
  1.7249993E+03  7.1836510E+00
  1.7349994E+03  8.9194012E+00
  1.7449993E+03  1.3344540E+01
  1.7550001E+03  1.6790167E+01
  1.7649998E+03  1.7564291E+01
  1.7749995E+03  1.7100294E+01
  1.7849995E+03  2.7983414E+01
  1.7949999E+03  2.9865980E+01
  1.8050001E+03  3.9661884E+01
  1.8150001E+03  3.2842377E+01
  1.8249994E+03  5.1210278E+01
  1.8349993E+03  5.0114376E+01
  1.8449993E+03  3.9928570E+01
  1.8549998E+03  5.1336494E+01
  1.8650002E+03  6.9970512E+01
  1.8750001E+03  7.4905624E+01
  1.8850000E+03  8.5597687E+01
  1.8950002E+03  1.2197836E+02
  1.9049996E+03  1.1403651E+02
  1.9149999E+03  1.4281488E+02
  1.9249993E+03  1.3377113E+02
  1.9350001E+03  7.7814224E+01
  1.9449993E+03  1.8364507E+02
  1.9550002E+03  2.1575751E+02
  1.9670002E+03  2.7793274E+02
  1.9759990E+03  2.8895352E+02
  1.9839996E+03  3.3057715E+02
  1.9950001E+03  3.2677118E+02
  2.0050002E+03  3.3413751E+02
  2.0149996E+03  3.7960721E+02
  2.0249994E+03  2.8822131E+02
  2.0349995E+03  4.2961261E+02
  2.0449998E+03  4.9168692E+02
  2.0550000E+03  5.4486346E+02
  2.0649993E+03  5.3832733E+02
  2.0739993E+03  5.4866827E+02
  2.0780002E+03  1.1525989E+03
  2.0849993E+03  1.4660378E+03
  2.0950005E+03  1.4628033E+03
  2.1050002E+03  1.4729146E+03
  2.1149990E+03  1.7412407E+03
  2.1250000E+03  1.5728824E+03
  2.1350002E+03  1.9231605E+03
  2.1449998E+03  1.9933749E+03
  2.1550005E+03  1.9324086E+03
  2.1649995E+03  1.8679829E+03
  2.1750002E+03  2.0470699E+03
  2.1849998E+03  2.1177810E+03
  2.1950000E+03  2.6267959E+03
  2.2050000E+03  2.6383572E+03
  2.2149998E+03  2.3660303E+03
  2.2249998E+03  2.7480540E+03
  2.2350005E+03  3.9455996E+03
  2.2449990E+03  4.1333574E+03
  2.2549993E+03  3.8551809E+03
  2.2650000E+03  2.8938140E+03
  2.2750000E+03  3.7260398E+03
  2.2850000E+03  5.0170942E+03
  2.2950002E+03  4.8892080E+03
  2.3050000E+03  3.9647188E+03
  2.3149995E+03  5.2321465E+03
  2.3250000E+03  5.4822427E+03
  2.3349995E+03  6.6087974E+03
  2.3449993E+03  4.4311685E+03
  2.3550000E+03  5.7747354E+03
  2.3649988E+03  5.0496948E+03
  2.3750000E+03  6.0097617E+03
  2.3849990E+03  5.1847129E+03
  2.3950000E+03  6.0847104E+03
  2.4050005E+03  7.4375757E+03
  2.4149993E+03  6.0464902E+03
  2.4249990E+03  9.2834385E+03
  2.4349990E+03  1.0973713E+04
  2.4450000E+03  1.3645645E+04
  2.4549990E+03  1.4859870E+04
  2.4649990E+03  1.0799372E+04
  2.4749993E+03  1.0521623E+04
  2.4850005E+03  3.4919270E+03
  2.4950000E+03  6.2153140E+03
  2.5050005E+03  1.1474847E+04
  2.5129988E+03  6.0538208E+03
  2.5179990E+03  3.9759375E+03
  2.5249998E+03  4.5826343E+03
  2.5350007E+03  1.3679977E+04
  2.5449988E+03  1.4210185E+04
  2.5550000E+03  4.2266883E+04
  2.5649990E+03  2.3986078E+04
  2.5749990E+03  3.7933977E+04
  2.5849993E+03  3.3491031E+04
  2.5949990E+03  3.1133248E+04
  2.6049995E+03  3.0994598E+04
  2.6149998E+03  2.7741695E+04
  2.6249990E+03  3.9505840E+04
  2.6350007E+03  9.3162789E+04
  2.6449995E+03  1.2136623E+05
  2.6549998E+03  2.4454162E+05
  2.6649995E+03  1.2337062E+05
  2.6749988E+03  1.2317657E+05
  2.6849988E+03  1.7580864E+05
  2.6949988E+03  9.4979219E+04
  2.7050000E+03  1.5777219E+05
  2.7150000E+03  9.5593531E+04
  2.7249995E+03  4.6117387E+04
  2.7350007E+03  7.5691805E+04
  2.7450002E+03  5.1632484E+04
  2.7549998E+03  7.6775859E+04
  2.7649983E+03  1.1148420E+05
  2.7750005E+03  1.2183139E+05
  2.7850000E+03  6.7616656E+04
  2.7949993E+03  2.6586322E+04
  2.8049995E+03  3.4152465E+04
  2.8150002E+03  9.9590836E+04
  2.8250007E+03  1.3989006E+05
  2.8350000E+03  1.0382484E+05
  2.8450002E+03  5.1715676E+04
  2.8550005E+03  2.0237021E+04
  2.8650000E+03  7.9388062E+04
  2.8749983E+03  1.7474280E+05
  2.8850000E+03  2.0397711E+05
  2.8949988E+03  3.2684588E+05
  2.9099988E+03  5.4645262E+05
  2.9299983E+03  5.3871100E+05
  2.9499990E+03  5.3480756E+05
  2.9700005E+03  5.6551144E+05
  2.9899980E+03  6.4461162E+05
  3.0099995E+03  6.2301656E+05
  3.0299995E+03  7.2487344E+05
  3.0499995E+03  7.4407075E+05
  3.0699995E+03  7.3964381E+05
  3.0899995E+03  6.0423444E+05
  3.1099995E+03  7.9607031E+05
  3.1299998E+03  6.4899350E+05
  3.1499995E+03  6.7445581E+05
  3.1699995E+03  8.1214556E+05
  3.1899995E+03  6.6431138E+05
  3.2099998E+03  7.2717125E+05
  3.2299993E+03  6.1719400E+05
  3.2499993E+03  9.8886894E+05
  3.2699995E+03  1.1563169E+06
  3.2899995E+03  1.1251421E+06
  3.3099998E+03  9.7799781E+05
  3.3299993E+03  1.0420814E+06
  3.3499995E+03  9.7677012E+05
  3.3699995E+03  6.2974069E+05
  3.3899993E+03  7.6729381E+05
  3.4099993E+03  8.3024431E+05
  3.4299995E+03  9.1899319E+05
  3.4499993E+03  1.1056854E+06
  3.4699998E+03  1.1555830E+06
  3.4899993E+03  1.3205966E+06
  3.5099995E+03  1.3710895E+06
  3.5299995E+03  1.1799722E+06
  3.5499995E+03  1.2573514E+06
  3.5699995E+03  8.6925669E+05
  3.5899995E+03  9.8774756E+05
  3.6099995E+03  1.3679888E+06
  3.6299993E+03  1.3815179E+06
  3.6399993E+03  1.3613130E+06
  3.6499995E+03  1.4773539E+06
  3.6699993E+03  1.5934848E+06
  3.6899995E+03  1.4051579E+06
  3.7099995E+03  1.5250682E+06
  3.7299998E+03  8.0210362E+05
  3.7499993E+03  9.6245438E+05
  3.7699993E+03  1.3425504E+06
  3.7899995E+03  1.3326671E+06
  3.8099993E+03  1.1602710E+06
  3.8299998E+03  5.4136006E+05
  3.8499995E+03  7.0786931E+05
  3.8699995E+03  7.5045275E+05
  3.8899995E+03  1.2702584E+06
  3.9099995E+03  1.6489605E+06
  3.9299993E+03  7.1981012E+05
  3.9499993E+03  1.4156619E+06
  3.9699998E+03  9.5420838E+05
  3.9899995E+03  2.2512028E+06
  4.0099995E+03  2.4407842E+06
  4.0299993E+03  2.4198660E+06
  4.0499993E+03  2.2793015E+06
  4.0699993E+03  2.1364868E+06
  4.0899995E+03  2.7439555E+06
  4.1099995E+03  2.7028188E+06
  4.1299995E+03  2.4690882E+06
  4.1499990E+03  2.3497562E+06
  4.1699990E+03  2.4228142E+06
  4.1899995E+03  2.3325730E+06
  4.2099995E+03  2.4632898E+06
  4.2299995E+03  2.4571062E+06
  4.2499995E+03  2.4972318E+06
  4.2699990E+03  2.3100422E+06
  4.2899995E+03  2.1028898E+06
  4.3100000E+03  1.7412045E+06
  4.3299995E+03  2.7906005E+06
  4.3499995E+03  2.7440942E+06
  4.3699995E+03  2.9770690E+06
  4.3899995E+03  2.6112362E+06
  4.4099995E+03  2.8496972E+06
  4.4299995E+03  3.1469132E+06
  4.4499995E+03  3.1519828E+06
  4.4699995E+03  3.4134475E+06
  4.4899995E+03  3.5012085E+06
  4.5099990E+03  4.0303212E+06
  4.5299995E+03  3.5215290E+06
  4.5499990E+03  3.6838960E+06
  4.5699995E+03  3.9820075E+06
  4.5899990E+03  3.7539025E+06
  4.6099990E+03  3.8591395E+06
  4.6299990E+03  3.7647135E+06
  4.6499990E+03  3.8318850E+06
  4.6699990E+03  3.9964062E+06
  4.6899990E+03  3.8817248E+06
  4.7099995E+03  3.8209775E+06
  4.7299990E+03  3.9719400E+06
  4.7499995E+03  4.1093752E+06
  4.7699995E+03  4.1460192E+06
  4.7899990E+03  4.1377415E+06
  4.8099995E+03  4.0736042E+06
  4.8299995E+03  4.2130535E+06
  4.8499990E+03  3.9722545E+06
  4.8700000E+03  3.6307385E+06
  4.8899990E+03  3.9894598E+06
  4.9099990E+03  3.9851540E+06
  4.9299990E+03  3.9025095E+06
  4.9499995E+03  4.1574790E+06
  4.9699995E+03  4.1047158E+06
  4.9899990E+03  3.7959118E+06
  5.0099995E+03  3.6038650E+06
  5.0299995E+03  3.8269055E+06
  5.0499995E+03  3.8380165E+06
  5.0699995E+03  4.0563632E+06
  5.0899995E+03  3.7933448E+06
  5.1099990E+03  3.8867772E+06
  5.1299995E+03  3.7619052E+06
  5.1499985E+03  3.5978040E+06
  5.1700000E+03  3.2204738E+06
  5.1899990E+03  3.3751450E+06
  5.2099990E+03  3.7303992E+06
  5.2299995E+03  3.8729840E+06
  5.2499995E+03  4.0511532E+06
  5.2699995E+03  3.5097495E+06
  5.2899990E+03  4.0715685E+06
  5.3099995E+03  4.3361030E+06
  5.3299990E+03  3.7762298E+06
  5.3499995E+03  4.1843730E+06
  5.3699995E+03  4.1563982E+06
  5.3899995E+03  4.0603838E+06
  5.4099990E+03  3.9530585E+06
  5.4299990E+03  4.0433302E+06
  5.4499990E+03  4.2325005E+06
  5.4699995E+03  4.1234158E+06
  5.4899995E+03  4.1521748E+06
  5.5099995E+03  4.0931740E+06
  5.5299985E+03  4.1853358E+06
  5.5499990E+03  4.2529475E+06
  5.5699990E+03  4.1418315E+06
  5.5899995E+03  4.0340018E+06
  5.6099990E+03  4.2293760E+06
  5.6299995E+03  4.1817892E+06
  5.6499990E+03  4.2157290E+06
  5.6699990E+03  4.1043640E+06
  5.6899995E+03  4.2094925E+06
  5.7099995E+03  4.0762938E+06
  5.7299990E+03  4.4260795E+06
  5.7499990E+03  4.2458470E+06
  5.7699990E+03  4.3071025E+06
  5.7899995E+03  4.1314202E+06
  5.8099985E+03  4.2976650E+06
  5.8300000E+03  4.4108780E+06
  5.8499990E+03  4.2807060E+06
  5.8699985E+03  4.3033015E+06
  5.8899985E+03  3.9320570E+06
  5.9099995E+03  4.2398530E+06
  5.9299985E+03  4.2429075E+06
  5.9499995E+03  4.2518875E+06
  5.9699990E+03  4.3067415E+06
  5.9899990E+03  4.2384460E+06
  6.0099990E+03  4.1528145E+06
  6.0299995E+03  4.2329615E+06
  6.0499990E+03  4.3065065E+06
  6.0699990E+03  4.2714265E+06
  6.0899995E+03  4.1050670E+06
  6.1099985E+03  4.1128510E+06
  6.1299995E+03  3.9110080E+06
  6.1499985E+03  4.0317348E+06
  6.1699985E+03  3.8655115E+06
  6.1900000E+03  4.1126282E+06
  6.2099995E+03  4.1059152E+06
  6.2299985E+03  3.9710788E+06
  6.2499990E+03  3.8515745E+06
  6.2699985E+03  4.0295308E+06
  6.2900000E+03  4.0628860E+06
  6.3099985E+03  3.9424608E+06
  6.3299995E+03  3.9782302E+06
  6.3499985E+03  3.9890880E+06
  6.3699985E+03  3.9657495E+06
  6.3899995E+03  4.0181872E+06
  6.4099990E+03  3.9173252E+06
  6.4299985E+03  3.9694442E+06
  6.4499985E+03  3.9338180E+06
  6.4699990E+03  3.9034148E+06
  6.4899990E+03  3.8320785E+06
  6.5099985E+03  3.9444882E+06
  6.5299990E+03  3.9492530E+06
  6.5499985E+03  3.8668662E+06
  6.5699985E+03  3.6283945E+06
  6.5899995E+03  3.8708132E+06
  6.6099985E+03  3.9223550E+06
  6.6299990E+03  3.8824415E+06
  6.6499985E+03  3.8786330E+06
  6.6699995E+03  3.8117965E+06
  6.6899990E+03  3.9115142E+06
  6.7099995E+03  3.7777818E+06
  6.7299990E+03  3.8752202E+06
  6.7499995E+03  3.8167348E+06
  6.7699985E+03  3.8332618E+06
  6.7899995E+03  3.7969842E+06
  6.8099995E+03  3.7811325E+06
  6.8300000E+03  3.8161170E+06
  6.8499985E+03  3.6943900E+06
  6.8699985E+03  3.7515348E+06
  6.8899985E+03  3.7782752E+06
  6.9099990E+03  3.7366308E+06
  6.9299995E+03  3.7111718E+06
  6.9499990E+03  3.6817318E+06
  6.9699985E+03  3.6863025E+06
  6.9899985E+03  3.6675505E+06
  7.0099985E+03  3.5477550E+06
  7.0299985E+03  3.6185390E+06
  7.0499990E+03  3.6435155E+06
  7.0699980E+03  3.5911260E+06
  7.0899990E+03  3.5741160E+06
  7.1099990E+03  3.5840698E+06
  7.1299995E+03  3.5086335E+06
  7.1499990E+03  3.4919800E+06
  7.1699995E+03  3.5109252E+06
  7.1899985E+03  3.3827648E+06
  7.2099985E+03  3.4751945E+06
  7.2299980E+03  3.4993092E+06
  7.2499990E+03  3.5002405E+06
  7.2699995E+03  3.4837165E+06
  7.2899990E+03  3.3715510E+06
  7.3099980E+03  3.4328655E+06
  7.3299980E+03  3.4266382E+06
  7.3499980E+03  3.4198010E+06
  7.3699985E+03  3.4455158E+06
  7.3899995E+03  3.3489392E+06
  7.4099985E+03  3.2888272E+06
  7.4299995E+03  3.3588370E+06
  7.4500000E+03  3.3640402E+06
  7.4700000E+03  3.3797398E+06
  7.4899990E+03  3.3484192E+06
  7.5099985E+03  3.3584635E+06
  7.5299995E+03  3.3712092E+06
  7.5499980E+03  3.3784215E+06
  7.5699985E+03  3.3425800E+06
  7.5899990E+03  3.3234830E+06
  7.6099980E+03  3.3115672E+06
  7.6299995E+03  3.3225068E+06
  7.6499995E+03  3.3282028E+06
  7.6699980E+03  3.2131468E+06
  7.6899990E+03  3.3064112E+06
  7.7099995E+03  3.2435215E+06
  7.7299985E+03  3.2462420E+06
  7.7499990E+03  3.2056105E+06
  7.7700000E+03  3.2777378E+06
  7.7900000E+03  3.2601222E+06
  7.8099995E+03  3.2407290E+06
  7.8299980E+03  3.2032420E+06
  7.8499980E+03  3.1854735E+06
  7.8699995E+03  3.2098120E+06
  7.8900000E+03  3.1607590E+06
  7.9099995E+03  3.0859088E+06
  7.9300000E+03  3.0507725E+06
  7.9499985E+03  3.0207798E+06
  7.9699990E+03  3.1045640E+06
  7.9900000E+03  3.1010790E+06
  8.0099980E+03  3.0612462E+06
  8.0299985E+03  3.0604468E+06
  8.0500000E+03  3.0305488E+06
  8.0699985E+03  3.0342325E+06
  8.0899990E+03  2.9584625E+06
  8.1099995E+03  2.9757352E+06
  8.1299976E+03  2.9990742E+06
  8.1499976E+03  2.9810830E+06
  8.1699980E+03  2.9806718E+06
  8.1899985E+03  2.8935662E+06
  8.2099990E+03  2.8947440E+06
  8.2300000E+03  2.9036620E+06
  8.2500000E+03  2.9295642E+06
  8.2700000E+03  2.9551272E+06
  8.2899980E+03  2.9323905E+06
  8.3099990E+03  2.8467160E+06
  8.3299980E+03  2.8430530E+06
  8.3500000E+03  2.8466312E+06
  8.3699990E+03  2.8646642E+06
  8.3899990E+03  2.7759358E+06
  8.4099971E+03  2.8600112E+06
  8.4300000E+03  2.7845360E+06
  8.4499990E+03  2.8312035E+06
  8.4699980E+03  2.8016752E+06
  8.4899980E+03  2.8319760E+06
  8.5099990E+03  2.6952348E+06
  8.5299990E+03  2.8172308E+06
  8.5499990E+03  2.6425045E+06
  8.5699990E+03  2.8203855E+06
  8.5900000E+03  2.7540660E+06
  8.6099980E+03  2.7511468E+06
  8.6299990E+03  2.7777635E+06
  8.6499990E+03  2.7850732E+06
  8.6699990E+03  2.5708640E+06
  8.6899990E+03  2.6653550E+06
  8.7099971E+03  2.7103365E+06
  8.7299990E+03  2.7172590E+06
  8.7499980E+03  2.6783300E+06
  8.7699980E+03  2.7171670E+06
  8.7899980E+03  2.6851175E+06
  8.8099990E+03  2.6111992E+06
  8.8299980E+03  2.6576082E+06
  8.8499980E+03  2.6768270E+06
  8.8699980E+03  2.6106608E+06
  8.8899990E+03  2.6657580E+06
  8.9099971E+03  2.6831318E+06
  8.9299980E+03  2.6133962E+06
  8.9499980E+03  2.6047392E+06
  8.9699990E+03  2.6127550E+06
  8.9899990E+03  2.6158728E+06
  9.0099980E+03  2.5077925E+06
  9.0299990E+03  2.5891450E+06
  9.0499990E+03  2.6345215E+06
  9.0699980E+03  2.5924165E+06
  9.0899990E+03  2.5096665E+06
  9.1099980E+03  2.5262135E+06
  9.1299980E+03  2.5729628E+06
  9.1499980E+03  2.5516925E+06
  9.1699980E+03  2.5461742E+06
  9.1899990E+03  2.5702985E+06
  9.2099990E+03  2.5008768E+06
  9.2299980E+03  2.5032732E+06
  9.2499980E+03  2.4816288E+06
  9.2699971E+03  2.4977188E+06
  9.2899990E+03  2.4880665E+06
  9.3099980E+03  2.5042060E+06
  9.3299990E+03  2.4826612E+06
  9.3499980E+03  2.4745948E+06
  9.3699990E+03  2.4383388E+06
  9.3900000E+03  2.4583838E+06
  9.4099980E+03  2.3720018E+06
  9.4299971E+03  2.4426575E+06
  9.4499990E+03  2.3855018E+06
  9.4700000E+03  2.4300882E+06
  9.4899980E+03  2.4334525E+06
  9.5100000E+03  2.4101055E+06
  9.5300000E+03  2.4009955E+06
  9.5500000E+03  2.3523688E+06
  9.5699990E+03  2.3543530E+06
  9.5899980E+03  2.3900950E+06
  9.6099980E+03  2.3524585E+06
  9.6299990E+03  2.3381062E+06
  9.6499990E+03  2.3038278E+06
  9.6699980E+03  2.3050650E+06
  9.6899980E+03  2.3324320E+06
  9.7100000E+03  2.3077288E+06
  9.7299990E+03  2.2963022E+06
  9.7499980E+03  2.2798770E+06
  9.7699961E+03  2.2768682E+06
  9.7899980E+03  2.2469380E+06
  9.8099980E+03  2.2853880E+06
  9.8299990E+03  2.2689625E+06
  9.8499980E+03  2.2741640E+06
  9.8700000E+03  2.2482882E+06
  9.8899980E+03  2.2455988E+06
  9.9099990E+03  2.2368122E+06
  9.9300000E+03  2.2446592E+06
  9.9499980E+03  2.2390322E+06
  9.9699980E+03  2.2336210E+06
  9.9899990E+03  2.2187215E+06
  1.0024998E+04  2.2040440E+06
  1.0074998E+04  2.1712730E+06
  1.0124997E+04  2.1643240E+06
  1.0174997E+04  2.1268030E+06
  1.0224998E+04  2.1206112E+06
  1.0274997E+04  2.1170442E+06
  1.0325000E+04  2.0745374E+06
  1.0374999E+04  2.0545902E+06
  1.0425000E+04  2.0574261E+06
  1.0474998E+04  2.0278066E+06
  1.0524997E+04  2.0244005E+06
  1.0574999E+04  1.9962395E+06
  1.0625000E+04  1.9791305E+06
  1.0674997E+04  1.9402704E+06
  1.0724998E+04  1.9381059E+06
  1.0774999E+04  1.9120802E+06
  1.0824997E+04  1.8776761E+06
  1.0874997E+04  1.8705479E+06
  1.0924999E+04  1.8764746E+06
  1.0974996E+04  1.8430591E+06
  1.1025000E+04  1.8504918E+06
  1.1074998E+04  1.8433430E+06
  1.1124999E+04  1.8234929E+06
  1.1174998E+04  1.8008768E+06
  1.1224999E+04  1.7968585E+06
  1.1274997E+04  1.7610136E+06
  1.1325000E+04  1.7553666E+06
  1.1375000E+04  1.7379015E+06
  1.1425000E+04  1.7115251E+06
  1.1474997E+04  1.7299460E+06
  1.1525000E+04  1.7168110E+06
  1.1574998E+04  1.6889646E+06
  1.1625000E+04  1.6627861E+06
  1.1674998E+04  1.6591602E+06
  1.1724997E+04  1.6664698E+06
  1.1775001E+04  1.6324298E+06
  1.1824999E+04  1.6148556E+06
  1.1875000E+04  1.5938049E+06
  1.1925000E+04  1.6169736E+06
  1.1975001E+04  1.5546076E+06
  1.2024998E+04  1.5766186E+06
  1.2074996E+04  1.5543392E+06
  1.2125000E+04  1.5549475E+06
  1.2175000E+04  1.5582646E+06
  1.2225001E+04  1.5432248E+06
  1.2275001E+04  1.5267780E+06
  1.2324996E+04  1.5168718E+06
  1.2374996E+04  1.5070008E+06
  1.2424998E+04  1.4905765E+06
  1.2475000E+04  1.4881649E+06
  1.2524997E+04  1.4698719E+06
  1.2574997E+04  1.4634716E+06
  1.2624999E+04  1.4519966E+06
  1.2674997E+04  1.4335059E+06
  1.2724999E+04  1.4341742E+06
  1.2774999E+04  1.4309336E+06
  1.2825000E+04  1.3732792E+06
  1.2875001E+04  1.3956101E+06
  1.2924997E+04  1.3812032E+06
  1.2975001E+04  1.3870256E+06
  1.3024998E+04  1.3638954E+06
  1.3074999E+04  1.3671468E+06
  1.3125000E+04  1.3404574E+06
  1.3174998E+04  1.3325600E+06
  1.3224998E+04  1.3352114E+06
  1.3274997E+04  1.3093101E+06
  1.3324997E+04  1.3135275E+06
  1.3374999E+04  1.3001869E+06
  1.3424999E+04  1.3051311E+06
  1.3474999E+04  1.2919986E+06
  1.3525001E+04  1.2853878E+06
  1.3574999E+04  1.2596840E+06
  1.3624997E+04  1.2553061E+06
  1.3674997E+04  1.2514416E+06
  1.3724995E+04  1.2488804E+06
  1.3774998E+04  1.2383410E+06
  1.3824998E+04  1.2342094E+06
  1.3874996E+04  1.2221212E+06
  1.3925000E+04  1.2212478E+06
  1.3974996E+04  1.2145509E+06
  1.4024997E+04  1.1921162E+06
  1.4075001E+04  1.1979995E+06
  1.4124996E+04  1.1789032E+06
  1.4175000E+04  1.1875312E+06
  1.4225000E+04  1.1607660E+06
  1.4274994E+04  1.1401336E+06
  1.4325001E+04  1.1576326E+06
  1.4374998E+04  1.1591290E+06
  1.4424999E+04  1.1168161E+06
  1.4475000E+04  1.1397701E+06
  1.4524997E+04  1.1162232E+06
  1.4569999E+04  1.1205368E+06
  1.4620000E+04  1.1176089E+06
  1.4674998E+04  1.1128512E+06
  1.4725000E+04  1.0901030E+06
  1.4775002E+04  1.0879318E+06
  1.4824998E+04  1.0838974E+06
  1.4874996E+04  1.0590181E+06
  1.4924997E+04  1.0835604E+06
  1.4974999E+04  1.0634342E+06
  1.5024999E+04  1.0327380E+06
  1.5075000E+04  1.0292141E+06
  1.5124999E+04  1.0474192E+06
  1.5175000E+04  1.0451254E+06
  1.5225002E+04  1.0299506E+06
  1.5274998E+04  1.0343442E+06
  1.5324995E+04  1.0225212E+06
  1.5374997E+04  1.0216344E+06
  1.5425001E+04  1.0176971E+06
  1.5474996E+04  1.0098736E+06
  1.5524994E+04  9.9201619E+05
  1.5575001E+04  9.8098162E+05
  1.5624998E+04  9.9687269E+05
  1.5674997E+04  9.6389050E+05
  1.5724994E+04  9.7353944E+05
  1.5774996E+04  9.3487425E+05
  1.5825001E+04  9.5080350E+05
  1.5874995E+04  9.1120444E+05
  1.5925002E+04  9.3037306E+05
  1.5975001E+04  9.4033906E+05
  1.6049998E+04  9.2877850E+05
  1.6150001E+04  9.0912212E+05
  1.6249997E+04  9.0711281E+05
  1.6350000E+04  8.8997619E+05
  1.6449996E+04  8.6695162E+05
  1.6549998E+04  8.6396125E+05
  1.6649994E+04  8.4933406E+05
  1.6749998E+04  8.2539212E+05
  1.6849998E+04  8.0051100E+05
  1.6950000E+04  8.0633019E+05
  1.7049996E+04  7.7769400E+05
  1.7150000E+04  7.6835612E+05
  1.7249992E+04  7.4557269E+05
  1.7349994E+04  7.2069569E+05
  1.7449992E+04  7.1907844E+05
  1.7550000E+04  7.0815450E+05
  1.7649998E+04  6.9578719E+05
  1.7749994E+04  6.8013762E+05
  1.7849994E+04  6.7176988E+05
  1.7949998E+04  6.5785131E+05
  1.8050002E+04  6.4318156E+05
  1.8150002E+04  6.2392275E+05
  1.8249994E+04  6.1665206E+05
  1.8349992E+04  6.0649225E+05
  1.8449992E+04  5.8954350E+05
  1.8549998E+04  5.8439738E+05
  1.8650002E+04  5.6602688E+05
  1.8750002E+04  5.4528162E+05
  1.8850000E+04  5.5042156E+05
  1.8950004E+04  5.2633131E+05
  1.9049996E+04  5.3254069E+05
  1.9149998E+04  5.2099388E+05
  1.9249992E+04  5.1218950E+05
  1.9350000E+04  4.9741062E+05
  1.9449992E+04  4.8121562E+05
  1.9550002E+04  4.8424941E+05
  1.9649992E+04  4.7402603E+05
  1.9749992E+04  4.6392584E+05
  1.9849992E+04  4.5743716E+05
  1.9950002E+04  4.5028766E+05
  2.0050002E+04  4.4621953E+05
  2.0149996E+04  4.4042866E+05
  2.0249994E+04  4.2704931E+05
  2.0349994E+04  4.1777722E+05
  2.0449996E+04  4.1717862E+05
  2.0550000E+04  4.0873016E+05
  2.0649992E+04  3.9906531E+05
  2.0749998E+04  3.9379300E+05
  2.0849992E+04  3.8711306E+05
  2.0950004E+04  3.7733156E+05
  2.1050002E+04  3.7529397E+05
  2.1149992E+04  3.6796391E+05
  2.1250000E+04  3.6155525E+05
  2.1350002E+04  3.5725047E+05
  2.1449996E+04  3.5118447E+05
  2.1550006E+04  3.4545825E+05
  2.1649994E+04  3.3304769E+05
  2.1750002E+04  3.3121841E+05
  2.1849998E+04  3.2653659E+05
  2.1950002E+04  3.2296591E+05
  2.2050000E+04  3.1443331E+05
  2.2149996E+04  3.1281391E+05
  2.2249998E+04  3.0589909E+05
  2.2350004E+04  3.0113138E+05
  2.2449990E+04  2.9665362E+05
  2.2549994E+04  2.9225019E+05
  2.2650000E+04  2.8628984E+05
  2.2750000E+04  2.8379309E+05
  2.2850000E+04  2.7708634E+05
  2.2950004E+04  2.5566500E+05
  2.3050000E+04  2.6202427E+05
  2.3149996E+04  2.5908369E+05
  2.3250000E+04  2.3724117E+05
  2.3349996E+04  2.4475586E+05
  2.3449994E+04  2.4583805E+05
  2.3550002E+04  2.2315181E+05
  2.3649988E+04  2.3296853E+05
  2.3750000E+04  2.3210592E+05
  2.3849990E+04  2.1213592E+05
  2.3950002E+04  2.1989784E+05
  2.4050006E+04  2.2052194E+05
  2.4149992E+04  2.0493445E+05
  2.4249990E+04  2.0897508E+05
  2.4349990E+04  2.0918739E+05
  2.4450002E+04  1.9947605E+05
  2.4549990E+04  1.9678561E+05
  2.4649992E+04  2.0106989E+05
  2.4749992E+04  1.9428228E+05
  2.4850006E+04  1.8737123E+05
  2.4950000E+04  1.9027816E+05
  2.5050006E+04  1.9138553E+05
  2.5149994E+04  1.8097439E+05
  2.5249998E+04  1.8386317E+05
  2.5350004E+04  1.8238605E+05
  2.5449988E+04  1.7765203E+05
  2.5549998E+04  1.7557725E+05
  2.5649990E+04  1.7421102E+05
  2.5749990E+04  1.7393438E+05
  2.5849994E+04  1.6643467E+05
  2.5949990E+04  1.6762162E+05
  2.6049996E+04  1.6664245E+05
  2.6149998E+04  1.6346416E+05
  2.6249988E+04  1.5951489E+05
  2.6350008E+04  1.5954873E+05
  2.6449996E+04  1.5751006E+05
  2.6549994E+04  1.5521416E+05
  2.6649994E+04  1.5188200E+05
  2.6749988E+04  1.5270188E+05
  2.6849986E+04  1.5112239E+05
  2.6949986E+04  1.4821345E+05
  2.7050002E+04  1.4712461E+05
  2.7149998E+04  1.4523023E+05
  2.7249994E+04  1.4357272E+05
  2.7350006E+04  1.4137130E+05
  2.7450004E+04  1.4031817E+05
  2.7549996E+04  1.3814495E+05
  2.7649982E+04  1.3613253E+05
  2.7750004E+04  1.3427725E+05
  2.7850000E+04  1.3302816E+05
  2.7949992E+04  1.3193338E+05
  2.8049994E+04  1.3007979E+05
  2.8150002E+04  1.2835371E+05
  2.8250006E+04  1.2672905E+05
  2.8350000E+04  1.2558352E+05
  2.8450000E+04  1.2348743E+05
  2.8550002E+04  1.2209697E+05
  2.8650002E+04  1.2049799E+05
  2.8749982E+04  1.1856750E+05
  2.8849998E+04  1.1758388E+05
  2.8949986E+04  1.1624265E+05
  2.9049994E+04  1.1474726E+05
  2.9149986E+04  1.1342934E+05
  2.9249984E+04  1.1136052E+05
  2.9349980E+04  1.1059862E+05
  2.9450000E+04  1.0883655E+05
  2.9550004E+04  1.0773443E+05
  2.9649982E+04  1.0662770E+05
  2.9749992E+04  1.0530334E+05
  2.9849994E+04  1.0390976E+05
  2.9949984E+04  1.0245273E+05
  3.0049996E+04  1.0122536E+05
  3.0149994E+04  1.0024003E+05
  3.0249994E+04  9.8792039E+04
  3.0349996E+04  9.6927367E+04
  3.0449996E+04  9.6462438E+04
  3.0549996E+04  9.5254727E+04
  3.0649996E+04  9.3952430E+04
  3.0749994E+04  9.3115273E+04
  3.0849996E+04  9.1625875E+04
  3.0949994E+04  9.0621805E+04
  3.1049996E+04  8.9839734E+04
  3.1149996E+04  8.7967062E+04
  3.1249996E+04  8.7547711E+04
  3.1349996E+04  8.6629758E+04
  3.1449996E+04  8.5573156E+04
  3.1549998E+04  8.4232977E+04
  3.1649996E+04  8.3325461E+04
  3.1749998E+04  8.2498672E+04
  3.1849996E+04  8.1520945E+04
  3.1949994E+04  8.0708828E+04
  3.2099996E+04  7.9126344E+04
  3.2299992E+04  7.7322586E+04
  3.2499994E+04  7.5492867E+04
  3.2699996E+04  7.3705508E+04
  3.2899996E+04  7.1736641E+04
  3.3099996E+04  7.0325617E+04
  3.3299992E+04  6.8634078E+04
  3.3499996E+04  6.7310094E+04
  3.3699996E+04  6.5727352E+04
  3.3899996E+04  6.4131270E+04
  3.4099996E+04  6.2626320E+04
  3.4299996E+04  6.1526664E+04
  3.4499992E+04  6.0286809E+04
  3.4699996E+04  5.8899254E+04
  3.4899996E+04  5.7660105E+04
  3.5099996E+04  5.6481980E+04
  3.5299996E+04  5.5118176E+04
  3.5499996E+04  5.4062434E+04
  3.5699992E+04  5.2843559E+04
  3.5899992E+04  5.1709793E+04
  3.6099996E+04  5.0771273E+04
  3.6299992E+04  4.9707312E+04
  3.6499992E+04  4.8502363E+04
  3.6699992E+04  4.7454910E+04
  3.6899992E+04  4.6211449E+04
  3.7099996E+04  4.5208191E+04
  3.7299996E+04  4.4548672E+04
  3.7499992E+04  4.3236242E+04
  3.7699996E+04  4.2781359E+04
  3.7899996E+04  4.1879918E+04
  3.8099992E+04  4.1158520E+04
  3.8299996E+04  4.0449836E+04
  3.8499996E+04  3.9692633E+04
  3.8699996E+04  3.8780352E+04
  3.8899992E+04  3.8061453E+04
  3.9099996E+04  3.7401996E+04
  3.9299992E+04  3.6683242E+04
  3.9499992E+04  3.5805645E+04
  3.9699992E+04  3.5206762E+04
  3.9900000E+04  3.4310410E+04
  4.0099996E+04  3.3800336E+04
  4.0299992E+04  3.3284758E+04
  4.0499996E+04  3.2511244E+04
  4.0699992E+04  3.2006025E+04
  4.0899992E+04  3.1434783E+04
  4.1099996E+04  3.0879797E+04
  4.1299996E+04  3.0360572E+04
  4.1499992E+04  2.9733975E+04
  4.1699992E+04  2.9193793E+04
  4.1899996E+04  2.8632494E+04
  4.2099996E+04  2.7987004E+04
  4.2299992E+04  2.7714559E+04
  4.2499996E+04  2.7106008E+04
  4.2699992E+04  2.6703920E+04
  4.2899992E+04  2.5157709E+04
  4.3099996E+04  2.3839760E+04
  4.3299996E+04  2.3953592E+04
  4.3499992E+04  2.2553221E+04
  4.3699996E+04  2.1936920E+04
  4.3899996E+04  2.1608479E+04
  4.4099992E+04  2.0328143E+04
  4.4299992E+04  2.0189160E+04
  4.4499996E+04  1.9880625E+04
  4.4699996E+04  1.8828076E+04
  4.4899996E+04  1.9025301E+04
  4.5099992E+04  1.8511506E+04
  4.5299992E+04  1.7728445E+04
  4.5499996E+04  1.7837521E+04
  4.5699992E+04  1.7696170E+04
  4.5899996E+04  1.6859209E+04
  4.6099996E+04  1.7043316E+04
  4.6299992E+04  1.6710637E+04
  4.6499988E+04  1.6530961E+04
  4.6699992E+04  1.6428707E+04
  4.6899992E+04  1.6195031E+04
  4.7099992E+04  1.5826830E+04
  4.7299992E+04  1.5925646E+04
  4.7499996E+04  1.5557552E+04
  4.7699992E+04  1.5319907E+04
  4.7899992E+04  1.5144626E+04
  4.8099996E+04  1.4763617E+04
  4.8299992E+04  1.4896598E+04
  4.8499992E+04  1.4572672E+04
  4.8700000E+04  1.4265624E+04
  4.8899992E+04  1.4112623E+04
  4.9099988E+04  1.3893816E+04
  4.9299988E+04  1.3673742E+04
  4.9499996E+04  1.3444616E+04
  4.9699992E+04  1.3329919E+04
  4.9899988E+04  1.3091955E+04
  5.0099996E+04  1.3004293E+04
  5.0299996E+04  1.2823805E+04
  5.0499996E+04  1.2507493E+04
  5.0699996E+04  1.2394501E+04
  5.0899992E+04  1.2267191E+04
  5.1099992E+04  1.1991299E+04
  5.1299996E+04  1.1931190E+04
  5.1499988E+04  1.1709870E+04
  5.1699996E+04  1.1693582E+04
  5.1899992E+04  1.1438316E+04
  5.2099992E+04  1.1305005E+04
  5.2299996E+04  1.1100120E+04
  5.2499996E+04  1.1044960E+04
  5.2699996E+04  1.0989094E+04
  5.2899992E+04  1.0680125E+04
  5.3099988E+04  1.0568025E+04
  5.3299988E+04  1.0473217E+04
  5.3499992E+04  1.0347542E+04
  5.3699992E+04  1.0230632E+04
  5.3899992E+04  1.0113483E+04
  5.4099992E+04  9.9805361E+03
  5.4299984E+04  9.7768262E+03
  5.4499988E+04  9.7398252E+03
  5.4699996E+04  9.5926797E+03
  5.4899992E+04  9.4680449E+03
  5.5099992E+04  9.3569980E+03
  5.5299988E+04  9.3700078E+03
  5.5499988E+04  9.0922314E+03
  5.5699992E+04  9.1069531E+03
  5.5899992E+04  8.9254395E+03
  5.6099988E+04  8.8444395E+03
  5.6299996E+04  8.6818721E+03
  5.6499988E+04  8.6512031E+03
  5.6699988E+04  8.5431709E+03
  5.6899992E+04  8.3703477E+03
  5.7099996E+04  8.3514443E+03
  5.7299988E+04  8.2357637E+03
  5.7499988E+04  8.1445010E+03
  5.7699988E+04  8.0159434E+03
  5.7899996E+04  7.9702104E+03
  5.8099988E+04  7.8267100E+03
  5.8299996E+04  7.7449473E+03
  5.8499992E+04  7.6652217E+03
  5.8699988E+04  7.5343569E+03
  5.8899988E+04  7.4500479E+03
  5.9099992E+04  7.3816958E+03
  5.9299988E+04  7.3000625E+03
  5.9499996E+04  7.1865796E+03
  5.9699988E+04  7.1338604E+03
  5.9899992E+04  7.0469268E+03
  6.0099992E+04  6.9610952E+03
  6.0299992E+04  6.8788354E+03
  6.0499988E+04  6.7739404E+03
  6.0699992E+04  6.6945078E+03
  6.0899992E+04  6.6146519E+03
  6.1099988E+04  6.5174297E+03
  6.1299992E+04  6.4608330E+03
  6.1499988E+04  6.3920874E+03
  6.1699988E+04  6.3262720E+03
  6.1899996E+04  6.2560566E+03
  6.2099996E+04  6.1872993E+03
  6.2299988E+04  6.0922163E+03
  6.2499992E+04  6.0117197E+03
  6.2699988E+04  5.9456392E+03
  6.2899996E+04  5.8835112E+03
  6.3099984E+04  5.8047383E+03
  6.3299996E+04  5.7609678E+03
  6.3499984E+04  5.6819463E+03
  6.3699984E+04  5.6320254E+03
  6.3900000E+04  5.5529971E+03
  6.4199992E+04  5.4589941E+03
  6.4599984E+04  5.3281372E+03
  6.4999992E+04  5.2060508E+03
  6.5399992E+04  5.0893618E+03
  6.5799992E+04  4.9793813E+03
  6.6199984E+04  4.8610205E+03
  6.6599984E+04  4.7536284E+03
  6.6999992E+04  4.6467666E+03
  6.7399992E+04  4.5377881E+03
  6.7799992E+04  4.4391636E+03
  6.8199992E+04  4.3391323E+03
  6.8599992E+04  4.2444878E+03
  6.8999984E+04  4.1490498E+03
  6.9399984E+04  4.0570881E+03
  6.9800000E+04  3.9696602E+03
  7.0199992E+04  3.8782249E+03
  7.0599984E+04  3.7978220E+03
  7.0999977E+04  3.7151685E+03
  7.1399977E+04  3.6358225E+03
  7.1799984E+04  3.5571309E+03
  7.2199984E+04  3.4812571E+03
  7.2600000E+04  3.4061189E+03
  7.2999984E+04  3.3353857E+03
  7.3400000E+04  3.2630483E+03
  7.3799984E+04  3.1963704E+03
  7.4199992E+04  3.1266921E+03
  7.4599992E+04  3.0597429E+03
  7.5000000E+04  2.9991294E+03
  7.5399992E+04  2.9363147E+03
  7.5799992E+04  2.8795071E+03
  7.6199984E+04  2.8205483E+03
  7.6599992E+04  2.7635586E+03
  7.6999992E+04  2.7067722E+03
  7.7399992E+04  2.6533987E+03
  7.7799984E+04  2.6007910E+03
  7.8199984E+04  2.5488093E+03
  7.8599984E+04  2.4986025E+03
  7.8999984E+04  2.4493391E+03
  7.9399984E+04  2.4010586E+03
  7.9800000E+04  2.3546848E+03
  8.0199992E+04  2.3076516E+03
  8.0599984E+04  2.2626511E+03
  8.0999992E+04  2.2206064E+03
  8.1399977E+04  2.1763782E+03
  8.1799984E+04  2.1362837E+03
  8.2199984E+04  2.0962517E+03
  8.2599992E+04  2.0562852E+03
  8.2999984E+04  2.0179750E+03
  8.3400000E+04  1.9790566E+03
  8.3799992E+04  1.9425054E+03
  8.4199992E+04  1.9074608E+03
  8.4599977E+04  1.8721492E+03
  8.4999977E+04  1.8377803E+03
  8.5399984E+04  1.8042295E+03
  8.5799984E+04  1.7715819E+03
  8.6199992E+04  1.7394102E+03
  8.6599992E+04  1.7083588E+03
  8.6999984E+04  1.6778037E+03
  8.7399992E+04  1.6477350E+03
  8.7799992E+04  1.6183390E+03
  8.8199984E+04  1.5888748E+03
  8.8599977E+04  1.5611232E+03
  8.8999992E+04  1.5331862E+03
  8.9399977E+04  1.5072892E+03
  8.9799977E+04  1.4801095E+03
  9.0199984E+04  1.4553884E+03
  9.0599984E+04  1.4307704E+03
  9.0999992E+04  1.4047991E+03
  9.1400000E+04  1.3814363E+03
  9.1799969E+04  1.3582485E+03
  9.2199969E+04  1.3356312E+03
  9.2599984E+04  1.3129573E+03
  9.3000000E+04  1.2909280E+03
  9.3399984E+04  1.2691416E+03
  9.3799984E+04  1.2481071E+03
  9.4199977E+04  1.2273832E+03
  9.4599984E+04  1.2068379E+03
  9.4999969E+04  1.1870123E+03
  9.5399984E+04  1.1675582E+03
  9.5799984E+04  1.1486337E+03
  9.6199992E+04  1.1297383E+03
  9.6599984E+04  1.1116412E+03
  9.7000000E+04  1.0937229E+03
  9.7399977E+04  1.0749102E+03
  9.7799984E+04  1.0583759E+03
  9.8199977E+04  1.0418799E+03
  9.8599977E+04  1.0253835E+03
  9.8999992E+04  1.0092726E+03
  9.9399984E+04  9.9312085E+02
  9.9799977E+04  9.7761115E+02
  1.0019999E+05  9.6231647E+02
  1.9999991E+05  6.2318287E+01
  3.9999994E+05  3.9116671E+00
  5.9999981E+05  7.6852536E-01
  7.9999994E+05  2.4158008E-01
