  9.2499988E+02  2.3346556E-09
  9.3499982E+02  3.3163376E-09
  9.4500000E+02  5.2129443E-09
  9.5500000E+02  8.3585343E-09
  9.6499988E+02  1.3233446E-08
  9.7499982E+02  1.8460470E-08
  9.8499976E+02  2.7603482E-08
  9.9499988E+02  3.9415180E-08
  1.0049999E+03  6.3580529E-08
  1.0149997E+03  9.1394533E-08
  1.0249998E+03  1.0061756E-07
  1.0349998E+03  1.9190367E-07
  1.0449998E+03  2.8177755E-07
  1.0549999E+03  3.7147822E-07
  1.0649999E+03  5.2855063E-07
  1.0750000E+03  7.4800550E-07
  1.0849996E+03  1.0393226E-06
  1.0949999E+03  1.3219632E-06
  1.1049999E+03  2.1041085E-06
  1.1149999E+03  3.0192282E-06
  1.1249999E+03  4.2592978E-06
  1.1349996E+03  6.2571248E-06
  1.1449999E+03  8.6313630E-06
  1.1549999E+03  1.1024460E-05
  1.1650000E+03  1.5434332E-05
  1.1749995E+03  2.0494292E-05
  1.1849996E+03  2.5000989E-05
  1.1949998E+03  2.6465834E-05
  1.2049996E+03  3.0838666E-05
  1.2149998E+03  9.1254542E-06
  1.2249996E+03  4.6210935E-05
  1.2349996E+03  7.8479861E-05
  1.2449998E+03  1.0246976E-04
  1.2549996E+03  1.2426738E-04
  1.2650000E+03  1.4647438E-04
  1.2749998E+03  1.8238461E-04
  1.2849995E+03  2.0404937E-04
  1.2949998E+03  2.5719462E-04
  1.3049995E+03  2.8348598E-04
  1.3149998E+03  3.6951643E-04
  1.3249998E+03  3.8994630E-04
  1.3349996E+03  4.5121953E-04
  1.3449995E+03  5.5016042E-04
  1.3549996E+03  6.8808283E-04
  1.3649999E+03  7.3867571E-04
  1.3749999E+03  8.3160750E-04
  1.3849996E+03  9.3514333E-04
  1.3949999E+03  1.0764826E-03
  1.4050001E+03  1.3910505E-03
  1.4149998E+03  1.6471097E-03
  1.4249998E+03  1.9470922E-03
  1.4350000E+03  2.4443807E-03
  1.4419998E+03  3.2832914E-03
  1.4469999E+03  2.8982668E-03
  1.4549994E+03  3.5040947E-03
  1.4650000E+03  4.8015253E-03
  1.4749995E+03  5.6348299E-03
  1.4849996E+03  6.1193677E-03
  1.4949998E+03  8.5086804E-03
  1.5049996E+03  1.0922646E-02
  1.5119995E+03  7.5480328E-03
  1.5169994E+03  1.0504643E-02
  1.5250001E+03  4.4436064E-02
  1.5349994E+03  9.1681674E-02
  1.5449994E+03  7.0899926E-02
  1.5549998E+03  1.4062844E-01
  1.5649999E+03  1.3058163E-01
  1.5750001E+03  3.9990455E-01
  1.5850000E+03  5.1766157E-01
  1.5949996E+03  6.2806022E-01
  1.6049999E+03  6.4618748E-01
  1.6150000E+03  7.1068996E-01
  1.6249996E+03  8.4482390E-01
  1.6350000E+03  1.0801166E+00
  1.6449996E+03  1.7222924E+00
  1.6549999E+03  1.0145429E+00
  1.6649993E+03  2.1197007E+00
  1.6720000E+03  1.2700998E+00
  1.6770001E+03  1.3748072E+01
  1.6849998E+03  1.5390564E+01
  1.6950000E+03  2.0857164E+01
  1.7049995E+03  2.1688866E+01
  1.7150000E+03  2.1184328E+01
  1.7249993E+03  3.0029783E+01
  1.7349994E+03  3.9178581E+01
  1.7449993E+03  5.8852814E+01
  1.7550001E+03  8.9507599E+01
  1.7649998E+03  8.8426117E+01
  1.7749995E+03  8.8871063E+01
  1.7849995E+03  1.2242374E+02
  1.7949999E+03  1.6116847E+02
  1.8050001E+03  1.7473196E+02
  1.8150001E+03  1.6760840E+02
  1.8249994E+03  2.3658481E+02
  1.8349993E+03  2.4388133E+02
  1.8449993E+03  1.6744809E+02
  1.8549998E+03  2.6526593E+02
  1.8650002E+03  3.2998282E+02
  1.8750001E+03  3.6975418E+02
  1.8850000E+03  4.1283209E+02
  1.8950002E+03  5.7214532E+02
  1.9049996E+03  5.6265631E+02
  1.9149999E+03  6.1518677E+02
  1.9249993E+03  6.6111902E+02
  1.9350001E+03  4.4323834E+02
  1.9449993E+03  9.1781696E+02
  1.9550002E+03  9.5905603E+02
  1.9670002E+03  1.3401023E+03
  1.9759990E+03  1.3156708E+03
  1.9839996E+03  1.5948865E+03
  1.9950001E+03  1.6351812E+03
  2.0050002E+03  1.6726088E+03
  2.0149996E+03  1.8223224E+03
  2.0249994E+03  1.4916362E+03
  2.0349995E+03  2.1270940E+03
  2.0449998E+03  2.5160430E+03
  2.0550000E+03  2.6455903E+03
  2.0649993E+03  2.6662368E+03
  2.0739993E+03  2.9855940E+03
  2.0780002E+03  5.7805308E+03
  2.0849993E+03  7.3183169E+03
  2.0950005E+03  6.9460420E+03
  2.1050002E+03  7.5290898E+03
  2.1149990E+03  8.5154463E+03
  2.1250000E+03  7.1925596E+03
  2.1350002E+03  7.9863765E+03
  2.1449998E+03  1.0471666E+04
  2.1550005E+03  1.0242471E+04
  2.1649995E+03  9.8723945E+03
  2.1750002E+03  1.0164870E+04
  2.1849998E+03  1.2976715E+04
  2.1950000E+03  1.3627374E+04
  2.2050000E+03  1.3696988E+04
  2.2149998E+03  1.0450677E+04
  2.2249998E+03  1.3744836E+04
  2.2350005E+03  2.0380367E+04
  2.2449990E+03  1.9519773E+04
  2.2549993E+03  1.5287812E+04
  2.2650000E+03  1.3071989E+04
  2.2750000E+03  1.7270850E+04
  2.2850000E+03  2.4702691E+04
  2.2950002E+03  2.0734160E+04
  2.3050000E+03  2.4488596E+04
  2.3149995E+03  1.9856568E+04
  2.3250000E+03  1.8626090E+04
  2.3349995E+03  1.6305543E+04
  2.3449993E+03  1.1192331E+04
  2.3550000E+03  2.1417848E+04
  2.3649988E+03  1.3132940E+04
  2.3750000E+03  1.7758590E+04
  2.3849990E+03  1.0167688E+04
  2.3950000E+03  1.3824649E+04
  2.4050005E+03  1.4447226E+04
  2.4149993E+03  1.7172611E+04
  2.4249990E+03  3.3345039E+04
  2.4349990E+03  3.8302207E+04
  2.4450000E+03  4.6960980E+04
  2.4549990E+03  5.0872855E+04
  2.4649990E+03  3.8952883E+04
  2.4749993E+03  3.3151602E+04
  2.4850005E+03  1.2153843E+04
  2.4950000E+03  2.3120725E+04
  2.5050005E+03  4.0255320E+04
  2.5129988E+03  1.8168621E+04
  2.5179990E+03  1.1086326E+04
  2.5249998E+03  1.3605379E+04
  2.5350007E+03  3.7397012E+04
  2.5449988E+03  4.3872371E+04
  2.5550000E+03  1.3326417E+05
  2.5649990E+03  6.5128715E+04
  2.5749990E+03  9.0822234E+04
  2.5849993E+03  6.6599820E+04
  2.5949990E+03  5.3204012E+04
  2.6049995E+03  4.2108910E+04
  2.6149998E+03  3.9107770E+04
  2.6249990E+03  5.6269770E+04
  2.6350007E+03  1.5188194E+05
  2.6449995E+03  2.8000716E+05
  2.6549998E+03  4.8019003E+05
  2.6649995E+03  2.4823709E+05
  2.6749988E+03  2.8158556E+05
  2.6849988E+03  3.6270625E+05
  2.6949988E+03  2.5338511E+05
  2.7050000E+03  3.5580734E+05
  2.7150000E+03  1.9806627E+05
  2.7249995E+03  1.0996130E+05
  2.7350007E+03  1.7006859E+05
  2.7450002E+03  7.5101344E+04
  2.7549998E+03  1.1704994E+05
  2.7649983E+03  1.7559847E+05
  2.7750005E+03  1.8544517E+05
  2.7850000E+03  1.0203942E+05
  2.7949993E+03  3.1012877E+04
  2.8049995E+03  4.1507547E+04
  2.8150002E+03  1.5433536E+05
  2.8250007E+03  2.6806831E+05
  2.8350000E+03  2.8382853E+05
  2.8450002E+03  1.7127938E+05
  2.8550005E+03  7.0742922E+04
  2.8650000E+03  3.0475156E+05
  2.8749983E+03  5.3130669E+05
  2.8850000E+03  4.5634019E+05
  2.8949988E+03  6.0076675E+05
  2.9099988E+03  8.6116456E+05
  2.9299983E+03  8.3202675E+05
  2.9499990E+03  8.1615081E+05
  2.9700005E+03  8.9894162E+05
  2.9899980E+03  9.7414444E+05
  3.0099995E+03  9.7791525E+05
  3.0299995E+03  1.0554880E+06
  3.0499995E+03  1.1000891E+06
  3.0699995E+03  1.0577021E+06
  3.0899995E+03  1.0222350E+06
  3.1099995E+03  1.1491176E+06
  3.1299998E+03  1.0080414E+06
  3.1499995E+03  1.0034828E+06
  3.1699995E+03  1.1666510E+06
  3.1899995E+03  9.9817000E+05
  3.2099998E+03  1.1287259E+06
  3.2299993E+03  9.1427188E+05
  3.2499993E+03  1.3932976E+06
  3.2699995E+03  1.6015446E+06
  3.2899995E+03  1.5158982E+06
  3.3099998E+03  1.4251150E+06
  3.3299993E+03  1.4990304E+06
  3.3499995E+03  1.4445604E+06
  3.3699995E+03  1.0664192E+06
  3.3899993E+03  1.2499748E+06
  3.4099993E+03  1.3503700E+06
  3.4299995E+03  1.4266665E+06
  3.4499993E+03  1.6575944E+06
  3.4699998E+03  1.6741781E+06
  3.4899993E+03  1.8254396E+06
  3.5099995E+03  1.8954230E+06
  3.5299995E+03  1.6877089E+06
  3.5499995E+03  1.8464929E+06
  3.5699995E+03  1.3328682E+06
  3.5899995E+03  1.4636295E+06
  3.6099995E+03  1.8488746E+06
  3.6299993E+03  1.9109839E+06
  3.6399993E+03  1.8959208E+06
  3.6499995E+03  2.0976875E+06
  3.6699993E+03  2.1284225E+06
  3.6899995E+03  2.1338278E+06
  3.7099995E+03  2.4897215E+06
  3.7299998E+03  1.7548962E+06
  3.7499993E+03  1.9302668E+06
  3.7699993E+03  2.2241012E+06
  3.7899995E+03  2.1834318E+06
  3.8099993E+03  2.0333226E+06
  3.8299998E+03  1.2161146E+06
  3.8499995E+03  1.3165389E+06
  3.8699995E+03  1.3616010E+06
  3.8899995E+03  2.1668482E+06
  3.9099995E+03  2.5075948E+06
  3.9299993E+03  1.0340532E+06
  3.9499993E+03  1.9595436E+06
  3.9699998E+03  1.2795762E+06
  3.9899995E+03  3.1248300E+06
  4.0099995E+03  3.4828855E+06
  4.0299993E+03  3.5634570E+06
  4.0499993E+03  3.4199400E+06
  4.0699993E+03  3.2854330E+06
  4.0899995E+03  3.9427468E+06
  4.1099995E+03  3.9825260E+06
  4.1299995E+03  3.7010922E+06
  4.1499990E+03  3.6860682E+06
  4.1699990E+03  3.6479785E+06
  4.1899995E+03  3.5662402E+06
  4.2099995E+03  3.7294750E+06
  4.2299995E+03  3.7580878E+06
  4.2499995E+03  3.7676438E+06
  4.2699990E+03  3.5311828E+06
  4.2899995E+03  3.1861655E+06
  4.3100000E+03  2.5565628E+06
  4.3299995E+03  4.0000352E+06
  4.3499995E+03  3.8606058E+06
  4.3699995E+03  4.1997760E+06
  4.3899995E+03  3.8046482E+06
  4.4099995E+03  4.1599658E+06
  4.4299995E+03  4.4482565E+06
  4.4499995E+03  4.4523090E+06
  4.4699995E+03  4.7743765E+06
  4.4899995E+03  4.8489195E+06
  4.5099990E+03  5.4870530E+06
  4.5299995E+03  4.8767540E+06
  4.5499990E+03  5.0135855E+06
  4.5699995E+03  5.4121025E+06
  4.5899990E+03  5.0683850E+06
  4.6099990E+03  5.2616895E+06
  4.6299990E+03  5.1078980E+06
  4.6499990E+03  5.2173775E+06
  4.6699990E+03  5.3481190E+06
  4.6899990E+03  5.2084035E+06
  4.7099995E+03  5.1218075E+06
  4.7299990E+03  5.3693940E+06
  4.7499995E+03  5.5971055E+06
  4.7699995E+03  5.6406725E+06
  4.7899990E+03  5.6122225E+06
  4.8099995E+03  5.4847190E+06
  4.8299995E+03  5.6619210E+06
  4.8499990E+03  5.3084580E+06
  4.8700000E+03  4.8590930E+06
  4.8899990E+03  5.4337140E+06
  4.9099990E+03  5.3868810E+06
  4.9299990E+03  5.3186170E+06
  4.9499995E+03  5.6551860E+06
  4.9699995E+03  5.5620245E+06
  4.9899990E+03  5.1444295E+06
  5.0099995E+03  4.9246765E+06
  5.0299995E+03  5.2134725E+06
  5.0499995E+03  5.2951665E+06
  5.0699995E+03  5.5448345E+06
  5.0899995E+03  5.2253555E+06
  5.1099990E+03  5.3370325E+06
  5.1299995E+03  5.1430415E+06
  5.1499985E+03  5.0020400E+06
  5.1700000E+03  4.8443120E+06
  5.1899990E+03  4.9709685E+06
  5.2099990E+03  5.1946345E+06
  5.2299995E+03  5.2527695E+06
  5.2499995E+03  5.3650890E+06
  5.2699995E+03  4.8194285E+06
  5.2899990E+03  5.3993650E+06
  5.3099995E+03  5.6277280E+06
  5.3299990E+03  5.0854975E+06
  5.3499995E+03  5.5195395E+06
  5.3699995E+03  5.5382060E+06
  5.3899995E+03  5.4112080E+06
  5.4099990E+03  5.2595465E+06
  5.4299990E+03  5.3793100E+06
  5.4499990E+03  5.6375845E+06
  5.4699995E+03  5.4279660E+06
  5.4899995E+03  5.4301130E+06
  5.5099995E+03  5.3774870E+06
  5.5299985E+03  5.4591450E+06
  5.5499990E+03  5.5300670E+06
  5.5699990E+03  5.4301960E+06
  5.5899995E+03  5.3015895E+06
  5.6099990E+03  5.5243320E+06
  5.6299995E+03  5.4490200E+06
  5.6499990E+03  5.4712900E+06
  5.6699990E+03  5.3185055E+06
  5.6899995E+03  5.4681750E+06
  5.7099995E+03  5.3235165E+06
  5.7299990E+03  5.7456195E+06
  5.7499990E+03  5.5024405E+06
  5.7699990E+03  5.5815920E+06
  5.7899995E+03  5.3808255E+06
  5.8099985E+03  5.5539965E+06
  5.8300000E+03  5.6766715E+06
  5.8499990E+03  5.5275110E+06
  5.8699985E+03  5.5570415E+06
  5.8899985E+03  5.2454940E+06
  5.9099995E+03  5.4717170E+06
  5.9299985E+03  5.4711905E+06
  5.9499995E+03  5.4839515E+06
  5.9699990E+03  5.5390215E+06
  5.9899990E+03  5.4437155E+06
  6.0099990E+03  5.3418360E+06
  6.0299995E+03  5.4175275E+06
  6.0499990E+03  5.5177345E+06
  6.0699990E+03  5.4829670E+06
  6.0899995E+03  5.2736190E+06
  6.1099985E+03  5.2523720E+06
  6.1299995E+03  5.0475160E+06
  6.1499985E+03  5.1401465E+06
  6.1699985E+03  5.0031655E+06
  6.1900000E+03  5.2589695E+06
  6.2099995E+03  5.2684270E+06
  6.2299985E+03  5.0856635E+06
  6.2499990E+03  4.9017500E+06
  6.2699985E+03  5.1745965E+06
  6.2900000E+03  5.1971580E+06
  6.3099985E+03  5.0384250E+06
  6.3299995E+03  5.0858950E+06
  6.3499985E+03  5.0915620E+06
  6.3699985E+03  5.0499845E+06
  6.3899995E+03  5.1097620E+06
  6.4099990E+03  4.9819280E+06
  6.4299985E+03  5.0319905E+06
  6.4499985E+03  5.0040925E+06
  6.4699990E+03  4.9759020E+06
  6.4899990E+03  4.8814190E+06
  6.5099985E+03  5.0041930E+06
  6.5299990E+03  5.0060980E+06
  6.5499985E+03  4.9045350E+06
  6.5699985E+03  4.5025675E+06
  6.5899995E+03  4.9043375E+06
  6.6099985E+03  4.9517040E+06
  6.6299990E+03  4.9126175E+06
  6.6499985E+03  4.9043255E+06
  6.6699995E+03  4.8299920E+06
  6.6899990E+03  4.9383610E+06
  6.7099995E+03  4.7838735E+06
  6.7299990E+03  4.8811635E+06
  6.7499995E+03  4.8064730E+06
  6.7699985E+03  4.8230795E+06
  6.7899995E+03  4.7765665E+06
  6.8099995E+03  4.7586250E+06
  6.8300000E+03  4.7870850E+06
  6.8499985E+03  4.6503035E+06
  6.8699985E+03  4.7200905E+06
  6.8899985E+03  4.7451835E+06
  6.9099990E+03  4.6887980E+06
  6.9299995E+03  4.6660870E+06
  6.9499990E+03  4.6262455E+06
  6.9699985E+03  4.6281955E+06
  6.9899985E+03  4.6114635E+06
  7.0099985E+03  4.4405205E+06
  7.0299985E+03  4.5314645E+06
  7.0499990E+03  4.5614245E+06
  7.0699980E+03  4.5005335E+06
  7.0899990E+03  4.4792235E+06
  7.1099990E+03  4.4769385E+06
  7.1299995E+03  4.4000570E+06
  7.1499990E+03  4.3863090E+06
  7.1699995E+03  4.3837100E+06
  7.1899985E+03  4.2333575E+06
  7.2099985E+03  4.3478885E+06
  7.2299980E+03  4.3435425E+06
  7.2499990E+03  4.3664845E+06
  7.2699995E+03  4.3398550E+06
  7.2899990E+03  4.1948555E+06
  7.3099980E+03  4.2657715E+06
  7.3299980E+03  4.2714135E+06
  7.3499980E+03  4.2609610E+06
  7.3699985E+03  4.2860000E+06
  7.3899995E+03  4.1645302E+06
  7.4099985E+03  4.0880152E+06
  7.4299995E+03  4.1555020E+06
  7.4500000E+03  4.1693302E+06
  7.4700000E+03  4.1907830E+06
  7.4899990E+03  4.1498320E+06
  7.5099985E+03  4.1559475E+06
  7.5299995E+03  4.1647278E+06
  7.5499980E+03  4.1753428E+06
  7.5699985E+03  4.1280642E+06
  7.5899990E+03  4.1110455E+06
  7.6099980E+03  4.0916128E+06
  7.6299995E+03  4.1003448E+06
  7.6499995E+03  4.0963145E+06
  7.6699980E+03  3.9729028E+06
  7.6899990E+03  4.0675720E+06
  7.7099995E+03  3.9852112E+06
  7.7299985E+03  3.9941868E+06
  7.7499990E+03  3.9473162E+06
  7.7700000E+03  4.0055832E+06
  7.7900000E+03  4.0050320E+06
  7.8099995E+03  3.9783082E+06
  7.8299980E+03  3.9368742E+06
  7.8499980E+03  3.9051622E+06
  7.8699995E+03  3.9355182E+06
  7.8900000E+03  3.8838198E+06
  7.9099995E+03  3.7977912E+06
  7.9300000E+03  3.7517602E+06
  7.9499985E+03  3.7279608E+06
  7.9699990E+03  3.8105140E+06
  7.9900000E+03  3.8103435E+06
  8.0099980E+03  3.7588120E+06
  8.0299985E+03  3.7487580E+06
  8.0500000E+03  3.7161418E+06
  8.0699985E+03  3.7211168E+06
  8.0899990E+03  3.6333210E+06
  8.1099995E+03  3.6638798E+06
  8.1299976E+03  3.6807595E+06
  8.1499976E+03  3.6534150E+06
  8.1699980E+03  3.6500548E+06
  8.1899985E+03  3.5547972E+06
  8.2099990E+03  3.5444855E+06
  8.2300000E+03  3.5500268E+06
  8.2500000E+03  3.5699205E+06
  8.2700000E+03  3.6042875E+06
  8.2899980E+03  3.5767785E+06
  8.3099990E+03  3.4767675E+06
  8.3299980E+03  3.4687805E+06
  8.3500000E+03  3.4769285E+06
  8.3699990E+03  3.4889955E+06
  8.3899990E+03  3.4101382E+06
  8.4099971E+03  3.4761275E+06
  8.4300000E+03  3.3991102E+06
  8.4499990E+03  3.4375428E+06
  8.4699980E+03  3.4004810E+06
  8.4899980E+03  3.4345498E+06
  8.5099990E+03  3.2489415E+06
  8.5299990E+03  3.4232272E+06
  8.5499990E+03  3.1735198E+06
  8.5699990E+03  3.4268935E+06
  8.5900000E+03  3.3360035E+06
  8.6099980E+03  3.3215920E+06
  8.6299990E+03  3.3704550E+06
  8.6499990E+03  3.3726100E+06
  8.6699990E+03  3.0763062E+06
  8.6899990E+03  3.2433548E+06
  8.7099971E+03  3.2864302E+06
  8.7299990E+03  3.2905675E+06
  8.7499980E+03  3.2072940E+06
  8.7699980E+03  3.2880990E+06
  8.7899980E+03  3.2456040E+06
  8.8099990E+03  3.1772982E+06
  8.8299980E+03  3.2193575E+06
  8.8499980E+03  3.2240632E+06
  8.8699980E+03  3.1232545E+06
  8.8899990E+03  3.2084148E+06
  8.9099971E+03  3.2263925E+06
  8.9299980E+03  3.1431710E+06
  8.9499980E+03  3.1414148E+06
  8.9699990E+03  3.1457752E+06
  8.9899990E+03  3.1449392E+06
  9.0099980E+03  3.0063900E+06
  9.0299990E+03  3.1103932E+06
  9.0499990E+03  3.1623455E+06
  9.0699980E+03  3.0897515E+06
  9.0899990E+03  2.9944200E+06
  9.1099980E+03  3.0231405E+06
  9.1299980E+03  3.0865160E+06
  9.1499980E+03  3.0627330E+06
  9.1699980E+03  3.0533752E+06
  9.1899990E+03  3.0774795E+06
  9.2099990E+03  2.9891585E+06
  9.2299980E+03  2.9541525E+06
  9.2499980E+03  2.9581232E+06
  9.2699971E+03  2.9824622E+06
  9.2899990E+03  2.9836020E+06
  9.3099980E+03  2.9925295E+06
  9.3299990E+03  2.9648252E+06
  9.3499980E+03  2.9580162E+06
  9.3699990E+03  2.9217585E+06
  9.3900000E+03  2.9339782E+06
  9.4099980E+03  2.8216665E+06
  9.4299971E+03  2.9070662E+06
  9.4499990E+03  2.8508152E+06
  9.4700000E+03  2.8981850E+06
  9.4899980E+03  2.9017540E+06
  9.5100000E+03  2.8713152E+06
  9.5300000E+03  2.8588615E+06
  9.5500000E+03  2.7819235E+06
  9.5699990E+03  2.8064660E+06
  9.5899980E+03  2.8416352E+06
  9.6099980E+03  2.7967365E+06
  9.6299990E+03  2.7696130E+06
  9.6499990E+03  2.7478285E+06
  9.6699980E+03  2.7374812E+06
  9.6899980E+03  2.7678800E+06
  9.7100000E+03  2.7471385E+06
  9.7299990E+03  2.7387622E+06
  9.7499980E+03  2.7069305E+06
  9.7699961E+03  2.7050565E+06
  9.7899980E+03  2.6772302E+06
  9.8099980E+03  2.7098562E+06
  9.8299990E+03  2.6947855E+06
  9.8499980E+03  2.6905712E+06
  9.8700000E+03  2.6622748E+06
  9.8899980E+03  2.6530595E+06
  9.9099990E+03  2.6430518E+06
  9.9300000E+03  2.6547275E+06
  9.9499980E+03  2.6472638E+06
  9.9699980E+03  2.6395338E+06
  9.9899990E+03  2.6236148E+06
  1.0024998E+04  2.6005298E+06
  1.0074998E+04  2.5562620E+06
  1.0124997E+04  2.5487908E+06
  1.0174997E+04  2.5042985E+06
  1.0224998E+04  2.4962612E+06
  1.0274997E+04  2.4920805E+06
  1.0325000E+04  2.4398712E+06
  1.0374999E+04  2.4167968E+06
  1.0425000E+04  2.4142942E+06
  1.0474998E+04  2.3734138E+06
  1.0524997E+04  2.3680922E+06
  1.0574999E+04  2.3410682E+06
  1.0625000E+04  2.3151482E+06
  1.0674997E+04  2.2607175E+06
  1.0724998E+04  2.2599935E+06
  1.0774999E+04  2.2319935E+06
  1.0824997E+04  2.1932908E+06
  1.0874997E+04  2.1811645E+06
  1.0924999E+04  2.1730178E+06
  1.0974996E+04  2.1448822E+06
  1.1025000E+04  2.1547590E+06
  1.1074998E+04  2.1417055E+06
  1.1124999E+04  2.1152530E+06
  1.1174998E+04  2.0887649E+06
  1.1224999E+04  2.0838320E+06
  1.1274997E+04  2.0391354E+06
  1.1325000E+04  2.0277482E+06
  1.1375000E+04  2.0116789E+06
  1.1425000E+04  1.9786976E+06
  1.1474997E+04  1.9988009E+06
  1.1525000E+04  1.9802179E+06
  1.1574998E+04  1.9477109E+06
  1.1625000E+04  1.9139309E+06
  1.1674998E+04  1.9049251E+06
  1.1724997E+04  1.9162541E+06
  1.1775001E+04  1.8709401E+06
  1.1824999E+04  1.8588431E+06
  1.1875000E+04  1.8277274E+06
  1.1925000E+04  1.8550849E+06
  1.1975001E+04  1.7898939E+06
  1.2024998E+04  1.8080768E+06
  1.2074996E+04  1.7825410E+06
  1.2125000E+04  1.7774269E+06
  1.2175000E+04  1.7789204E+06
  1.2225001E+04  1.7611466E+06
  1.2275001E+04  1.7409780E+06
  1.2324996E+04  1.7284199E+06
  1.2374996E+04  1.7143088E+06
  1.2424998E+04  1.6981475E+06
  1.2475000E+04  1.6913881E+06
  1.2524997E+04  1.6694108E+06
  1.2574997E+04  1.6567809E+06
  1.2624999E+04  1.6455978E+06
  1.2674997E+04  1.6247618E+06
  1.2724999E+04  1.6236046E+06
  1.2774999E+04  1.6173375E+06
  1.2825000E+04  1.5434818E+06
  1.2875001E+04  1.5776294E+06
  1.2924997E+04  1.5606669E+06
  1.2975001E+04  1.5620654E+06
  1.3024998E+04  1.5359729E+06
  1.3074999E+04  1.5373156E+06
  1.3125000E+04  1.5119565E+06
  1.3174998E+04  1.4977898E+06
  1.3224998E+04  1.4988498E+06
  1.3274997E+04  1.4699222E+06
  1.3324997E+04  1.4720878E+06
  1.3374999E+04  1.4557948E+06
  1.3424999E+04  1.4574711E+06
  1.3474999E+04  1.4430649E+06
  1.3525001E+04  1.4327852E+06
  1.3574999E+04  1.4045872E+06
  1.3624997E+04  1.3993305E+06
  1.3674997E+04  1.3914130E+06
  1.3724995E+04  1.3807941E+06
  1.3774998E+04  1.3727136E+06
  1.3824998E+04  1.3663109E+06
  1.3874996E+04  1.3556208E+06
  1.3925000E+04  1.3493022E+06
  1.3974996E+04  1.3410732E+06
  1.4024997E+04  1.3177576E+06
  1.4075001E+04  1.3205816E+06
  1.4124996E+04  1.3002038E+06
  1.4175000E+04  1.3054650E+06
  1.4225000E+04  1.2761221E+06
  1.4274994E+04  1.2583621E+06
  1.4325001E+04  1.2696581E+06
  1.4374998E+04  1.2699936E+06
  1.4424999E+04  1.2199068E+06
  1.4475000E+04  1.2459618E+06
  1.4524997E+04  1.2174352E+06
  1.4569999E+04  1.2240525E+06
  1.4620000E+04  1.2172100E+06
  1.4674998E+04  1.2158355E+06
  1.4725000E+04  1.1892444E+06
  1.4775002E+04  1.1816746E+06
  1.4824998E+04  1.1762378E+06
  1.4874996E+04  1.1561530E+06
  1.4924997E+04  1.1705408E+06
  1.4974999E+04  1.1479701E+06
  1.5024999E+04  1.1313810E+06
  1.5075000E+04  1.1151354E+06
  1.5124999E+04  1.1253132E+06
  1.5175000E+04  1.1222451E+06
  1.5225002E+04  1.1067759E+06
  1.5274998E+04  1.1055975E+06
  1.5324995E+04  1.0930216E+06
  1.5374997E+04  1.0931751E+06
  1.5425001E+04  1.0781821E+06
  1.5474996E+04  1.0779600E+06
  1.5524994E+04  1.0621969E+06
  1.5575001E+04  1.0381328E+06
  1.5624998E+04  1.0659574E+06
  1.5674997E+04  1.0286251E+06
  1.5724994E+04  1.0268937E+06
  1.5774996E+04  1.0083587E+06
  1.5825001E+04  1.0158211E+06
  1.5874995E+04  9.5957869E+05
  1.5925002E+04  9.9144219E+05
  1.5975001E+04  1.0023404E+06
  1.6049998E+04  9.8537569E+05
  1.6150001E+04  9.5602188E+05
  1.6249997E+04  9.6145519E+05
  1.6350000E+04  9.3958294E+05
  1.6449996E+04  9.0739512E+05
  1.6549998E+04  9.1135838E+05
  1.6649994E+04  8.9666650E+05
  1.6749998E+04  8.7191938E+05
  1.6849998E+04  8.3830069E+05
  1.6950000E+04  8.4999569E+05
  1.7049996E+04  8.2069319E+05
  1.7150000E+04  8.1253344E+05
  1.7249992E+04  7.8685912E+05
  1.7349994E+04  7.5416106E+05
  1.7449992E+04  7.5738244E+05
  1.7550000E+04  7.4626781E+05
  1.7649998E+04  7.3246619E+05
  1.7749994E+04  7.1712194E+05
  1.7849994E+04  7.0695750E+05
  1.7949998E+04  6.9388738E+05
  1.8050002E+04  6.7806781E+05
  1.8150002E+04  6.5322219E+05
  1.8249994E+04  6.4964675E+05
  1.8349992E+04  6.4038150E+05
  1.8449992E+04  6.2338725E+05
  1.8549998E+04  6.1621300E+05
  1.8650002E+04  5.9829294E+05
  1.8750002E+04  5.7304662E+05
  1.8850000E+04  5.8051162E+05
  1.8950004E+04  5.5689138E+05
  1.9049996E+04  5.6239681E+05
  1.9149998E+04  5.4993288E+05
  1.9249992E+04  5.4079812E+05
  1.9350000E+04  5.2603619E+05
  1.9449992E+04  5.0615175E+05
  1.9550002E+04  5.1118838E+05
  1.9649992E+04  5.0075972E+05
  1.9749992E+04  4.9093041E+05
  1.9849992E+04  4.8406509E+05
  1.9950002E+04  4.7574066E+05
  2.0050002E+04  4.7040716E+05
  2.0149996E+04  4.6430250E+05
  2.0249994E+04  4.5102791E+05
  2.0349994E+04  4.4079303E+05
  2.0449996E+04  4.4005088E+05
  2.0550000E+04  4.3116625E+05
  2.0649992E+04  4.2157625E+05
  2.0749998E+04  4.1528247E+05
  2.0849992E+04  4.0835356E+05
  2.0950004E+04  3.9912512E+05
  2.1050002E+04  3.9586066E+05
  2.1149992E+04  3.8811769E+05
  2.1250000E+04  3.8131119E+05
  2.1350002E+04  3.7668128E+05
  2.1449996E+04  3.7044272E+05
  2.1550006E+04  3.6433531E+05
  2.1649994E+04  3.4943606E+05
  2.1750002E+04  3.4979769E+05
  2.1849998E+04  3.4473319E+05
  2.1950002E+04  3.4098144E+05
  2.2050000E+04  3.3272747E+05
  2.2149996E+04  3.2948434E+05
  2.2249998E+04  3.2327228E+05
  2.2350004E+04  3.1812319E+05
  2.2449990E+04  3.1327762E+05
  2.2549994E+04  3.0771206E+05
  2.2650000E+04  3.0241597E+05
  2.2750000E+04  2.9915175E+05
  2.2850000E+04  2.9277266E+05
  2.2950004E+04  2.7386138E+05
  2.3050000E+04  2.7865209E+05
  2.3149996E+04  2.7526588E+05
  2.3250000E+04  2.5521497E+05
  2.3349996E+04  2.6138753E+05
  2.3449994E+04  2.6141702E+05
  2.3550002E+04  2.4062980E+05
  2.3649988E+04  2.4858823E+05
  2.3750000E+04  2.4732052E+05
  2.3849990E+04  2.2882600E+05
  2.3950002E+04  2.3521403E+05
  2.4050006E+04  2.3487733E+05
  2.4149992E+04  2.2070214E+05
  2.4249990E+04  2.2388906E+05
  2.4349990E+04  2.2303875E+05
  2.4450002E+04  2.1403356E+05
  2.4549990E+04  2.1158111E+05
  2.4649992E+04  2.1448072E+05
  2.4749992E+04  2.0791092E+05
  2.4850006E+04  2.0209836E+05
  2.4950000E+04  2.0266036E+05
  2.5050006E+04  2.0407131E+05
  2.5149994E+04  1.9447081E+05
  2.5249998E+04  1.9562198E+05
  2.5350004E+04  1.9467953E+05
  2.5449988E+04  1.9000038E+05
  2.5549998E+04  1.8763288E+05
  2.5649990E+04  1.8491309E+05
  2.5749990E+04  1.8515577E+05
  2.5849994E+04  1.7814448E+05
  2.5949990E+04  1.7889448E+05
  2.6049996E+04  1.7745142E+05
  2.6149998E+04  1.7320447E+05
  2.6249988E+04  1.6931781E+05
  2.6350008E+04  1.7003158E+05
  2.6449996E+04  1.6776302E+05
  2.6549994E+04  1.6526175E+05
  2.6649994E+04  1.6185433E+05
  2.6749988E+04  1.6122042E+05
  2.6849986E+04  1.6050777E+05
  2.6949986E+04  1.5762786E+05
  2.7050002E+04  1.5619666E+05
  2.7149998E+04  1.5417936E+05
  2.7249994E+04  1.5237003E+05
  2.7350006E+04  1.5011444E+05
  2.7450004E+04  1.4887273E+05
  2.7549996E+04  1.4553067E+05
  2.7649982E+04  1.4430759E+05
  2.7750004E+04  1.4251578E+05
  2.7850000E+04  1.4103277E+05
  2.7949992E+04  1.3979400E+05
  2.8049994E+04  1.3786533E+05
  2.8150002E+04  1.3602697E+05
  2.8250006E+04  1.3428200E+05
  2.8350000E+04  1.3299422E+05
  2.8450000E+04  1.3078562E+05
  2.8550002E+04  1.2932564E+05
  2.8650002E+04  1.2758451E+05
  2.8749982E+04  1.2461574E+05
  2.8849998E+04  1.2443668E+05
  2.8949986E+04  1.2304370E+05
  2.9049994E+04  1.2148816E+05
  2.9149986E+04  1.1996891E+05
  2.9249984E+04  1.1804038E+05
  2.9349980E+04  1.1707997E+05
  2.9450000E+04  1.1517841E+05
  2.9550004E+04  1.1404205E+05
  2.9649982E+04  1.1282431E+05
  2.9749992E+04  1.1138170E+05
  2.9849994E+04  1.0998977E+05
  2.9949984E+04  1.0844180E+05
  3.0049996E+04  1.0713294E+05
  3.0149994E+04  1.0602145E+05
  3.0249994E+04  1.0456822E+05
  3.0349996E+04  1.0197026E+05
  3.0449996E+04  1.0193952E+05
  3.0549996E+04  1.0072830E+05
  3.0649996E+04  9.9402383E+04
  3.0749994E+04  9.8513898E+04
  3.0849996E+04  9.6969773E+04
  3.0949994E+04  9.5872219E+04
  3.1049996E+04  9.5005578E+04
  3.1149996E+04  9.3173570E+04
  3.1249996E+04  9.2566641E+04
  3.1349996E+04  9.1601391E+04
  3.1449996E+04  9.0494180E+04
  3.1549998E+04  8.9168266E+04
  3.1649996E+04  8.8207039E+04
  3.1749998E+04  8.7267336E+04
  3.1849996E+04  8.6241148E+04
  3.1949994E+04  8.5381078E+04
  3.2099996E+04  8.3707500E+04
  3.2299992E+04  8.1847180E+04
  3.2499994E+04  7.9887047E+04
  3.2699996E+04  7.8010875E+04
  3.2899996E+04  7.5666125E+04
  3.3099996E+04  7.4424398E+04
  3.3299992E+04  7.2673578E+04
  3.3499996E+04  7.1234359E+04
  3.3699996E+04  6.9518930E+04
  3.3899996E+04  6.7874961E+04
  3.4099996E+04  6.6293828E+04
  3.4299996E+04  6.5103488E+04
  3.4499992E+04  6.3803301E+04
  3.4699996E+04  6.2344043E+04
  3.4899996E+04  6.1022215E+04
  3.5099996E+04  5.9772262E+04
  3.5299996E+04  5.8341039E+04
  3.5499996E+04  5.7225160E+04
  3.5699992E+04  5.5905930E+04
  3.5899992E+04  5.4738133E+04
  3.6099996E+04  5.3722785E+04
  3.6299992E+04  5.2623535E+04
  3.6499992E+04  5.1307535E+04
  3.6699992E+04  5.0254770E+04
  3.6899992E+04  4.8886965E+04
  3.7099996E+04  4.7876832E+04
  3.7299996E+04  4.7091297E+04
  3.7499992E+04  4.5599113E+04
  3.7699996E+04  4.5267664E+04
  3.7899996E+04  4.4319070E+04
  3.8099992E+04  4.3517629E+04
  3.8299996E+04  4.2786938E+04
  3.8499996E+04  4.2008059E+04
  3.8699996E+04  4.1069387E+04
  3.8899992E+04  4.0264773E+04
  3.9099996E+04  3.9528625E+04
  3.9299992E+04  3.8827305E+04
  3.9499992E+04  3.7911152E+04
  3.9699992E+04  3.7274375E+04
  3.9900000E+04  3.6317121E+04
  4.0099996E+04  3.5749590E+04
  4.0299992E+04  3.5189199E+04
  4.0499996E+04  3.4337199E+04
  4.0699992E+04  3.3870934E+04
  4.0899992E+04  3.3254473E+04
  4.1099996E+04  3.2697436E+04
  4.1299996E+04  3.2138564E+04
  4.1499992E+04  3.1462061E+04
  4.1699992E+04  3.0849010E+04
  4.1899996E+04  3.0323447E+04
  4.2099996E+04  2.9666182E+04
  4.2299992E+04  2.9335783E+04
  4.2499996E+04  2.8699498E+04
  4.2699992E+04  2.8263924E+04
  4.2899992E+04  2.6807596E+04
  4.3099996E+04  2.5727877E+04
  4.3299996E+04  2.5830338E+04
  4.3499992E+04  2.4370936E+04
  4.3699996E+04  2.3897830E+04
  4.3899996E+04  2.3719672E+04
  4.4099992E+04  2.2236205E+04
  4.4299992E+04  2.2291195E+04
  4.4499996E+04  2.1914348E+04
  4.4699996E+04  2.0696760E+04
  4.4899996E+04  2.0993047E+04
  4.5099992E+04  2.0516480E+04
  4.5299992E+04  1.9520604E+04
  4.5499996E+04  1.9666006E+04
  4.5699992E+04  1.9479820E+04
  4.5899996E+04  1.8495023E+04
  4.6099996E+04  1.8716021E+04
  4.6299992E+04  1.8331490E+04
  4.6499988E+04  1.8039984E+04
  4.6699992E+04  1.7851246E+04
  4.6899992E+04  1.7653076E+04
  4.7099992E+04  1.7238555E+04
  4.7299992E+04  1.7278309E+04
  4.7499996E+04  1.6926062E+04
  4.7699992E+04  1.6630439E+04
  4.7899992E+04  1.6409428E+04
  4.8099996E+04  1.6042188E+04
  4.8299992E+04  1.6120673E+04
  4.8499992E+04  1.5767137E+04
  4.8700000E+04  1.5466181E+04
  4.8899992E+04  1.5319923E+04
  4.9099988E+04  1.5013009E+04
  4.9299988E+04  1.4820145E+04
  4.9499996E+04  1.4593457E+04
  4.9699992E+04  1.4432318E+04
  4.9899988E+04  1.4161480E+04
  5.0099996E+04  1.4085409E+04
  5.0299996E+04  1.3878173E+04
  5.0499996E+04  1.3550720E+04
  5.0699996E+04  1.3395510E+04
  5.0899992E+04  1.3261223E+04
  5.1099992E+04  1.2982614E+04
  5.1299996E+04  1.2837348E+04
  5.1499988E+04  1.2657439E+04
  5.1699996E+04  1.2625516E+04
  5.1899992E+04  1.2341824E+04
  5.2099992E+04  1.2145379E+04
  5.2299996E+04  1.1974297E+04
  5.2499996E+04  1.1898683E+04
  5.2699996E+04  1.1825498E+04
  5.2899992E+04  1.1500793E+04
  5.3099988E+04  1.1374104E+04
  5.3299988E+04  1.1253897E+04
  5.3499992E+04  1.1111077E+04
  5.3699992E+04  1.0978562E+04
  5.3899992E+04  1.0851983E+04
  5.4099992E+04  1.0698139E+04
  5.4299984E+04  1.0480209E+04
  5.4499988E+04  1.0428796E+04
  5.4699996E+04  1.0268186E+04
  5.4899992E+04  1.0131888E+04
  5.5099992E+04  1.0001884E+04
  5.5299988E+04  9.9860918E+03
  5.5499988E+04  9.7157471E+03
  5.5699992E+04  9.7168926E+03
  5.5899992E+04  9.5192080E+03
  5.6099988E+04  9.4257207E+03
  5.6299996E+04  9.2589121E+03
  5.6499988E+04  9.2185010E+03
  5.6699988E+04  9.0903018E+03
  5.6899992E+04  8.9093330E+03
  5.7099996E+04  8.8736055E+03
  5.7299988E+04  8.7572676E+03
  5.7499988E+04  8.6511035E+03
  5.7699988E+04  8.5149668E+03
  5.7899996E+04  8.4533184E+03
  5.8099988E+04  8.3106260E+03
  5.8299996E+04  8.2213379E+03
  5.8499992E+04  8.1306543E+03
  5.8699988E+04  7.9939995E+03
  5.8899988E+04  7.9000581E+03
  5.9099992E+04  7.8155073E+03
  5.9299988E+04  7.7324521E+03
  5.9499996E+04  7.6112788E+03
  5.9699988E+04  7.5545562E+03
  5.9899992E+04  7.4594634E+03
  6.0099992E+04  7.3718291E+03
  6.0299992E+04  7.2819795E+03
  6.0499988E+04  7.1751445E+03
  6.0699992E+04  7.0877554E+03
  6.0899992E+04  7.0026782E+03
  6.1099988E+04  6.9004990E+03
  6.1299992E+04  6.8379985E+03
  6.1499988E+04  6.7612256E+03
  6.1699988E+04  6.6909429E+03
  6.1899996E+04  6.6162119E+03
  6.2099996E+04  6.5428921E+03
  6.2299988E+04  6.4424224E+03
  6.2499992E+04  6.3607495E+03
  6.2699988E+04  6.2904331E+03
  6.2899996E+04  6.2198315E+03
  6.3099984E+04  6.1355244E+03
  6.3299996E+04  6.0892900E+03
  6.3499984E+04  6.0055879E+03
  6.3699984E+04  5.9520596E+03
  6.3900000E+04  5.8683555E+03
  6.4199992E+04  5.7684868E+03
  6.4599984E+04  5.6296567E+03
  6.4999992E+04  5.5004819E+03
  6.5399992E+04  5.3761514E+03
  6.5799992E+04  5.2596489E+03
  6.6199984E+04  5.1340430E+03
  6.6599984E+04  5.0209180E+03
  6.6999992E+04  4.9079365E+03
  6.7399992E+04  4.7927158E+03
  6.7799992E+04  4.6878960E+03
  6.8199992E+04  4.5821206E+03
  6.8599992E+04  4.4820889E+03
  6.8999984E+04  4.3808188E+03
  6.9399984E+04  4.2834551E+03
  6.9800000E+04  4.1912749E+03
  7.0199992E+04  4.0949514E+03
  7.0599984E+04  4.0096057E+03
  7.0999977E+04  3.9224797E+03
  7.1399977E+04  3.8387483E+03
  7.1799984E+04  3.7553906E+03
  7.2199984E+04  3.6745801E+03
  7.2600000E+04  3.5951731E+03
  7.2999984E+04  3.5213135E+03
  7.3400000E+04  3.4445073E+03
  7.3799984E+04  3.3744844E+03
  7.4199992E+04  3.3004961E+03
  7.4599992E+04  3.2299956E+03
  7.5000000E+04  3.1636196E+03
  7.5399992E+04  3.0995942E+03
  7.5799992E+04  3.0392974E+03
  7.6199984E+04  2.9768491E+03
  7.6599992E+04  2.9172036E+03
  7.6999992E+04  2.8567283E+03
  7.7399992E+04  2.8007400E+03
  7.7799984E+04  2.7450649E+03
  7.8199984E+04  2.6903174E+03
  7.8599984E+04  2.6373933E+03
  7.8999984E+04  2.5851584E+03
  7.9399984E+04  2.5342583E+03
  7.9800000E+04  2.4853694E+03
  8.0199992E+04  2.4353955E+03
  8.0599984E+04  2.3882029E+03
  8.0999992E+04  2.3436575E+03
  8.1399977E+04  2.2970288E+03
  8.1799984E+04  2.2540681E+03
  8.2199984E+04  2.2122795E+03
  8.2599992E+04  2.1699771E+03
  8.2999984E+04  2.1296990E+03
  8.3400000E+04  2.0883574E+03
  8.3799992E+04  2.0501213E+03
  8.4199992E+04  2.0129408E+03
  8.4599977E+04  1.9757393E+03
  8.4999977E+04  1.9395112E+03
  8.5399984E+04  1.9039768E+03
  8.5799984E+04  1.8694800E+03
  8.6199992E+04  1.8353877E+03
  8.6599992E+04  1.8026479E+03
  8.6999984E+04  1.7704814E+03
  8.7399992E+04  1.7386786E+03
  8.7799992E+04  1.7076738E+03
  8.8199984E+04  1.6765779E+03
  8.8599977E+04  1.6474124E+03
  8.8999992E+04  1.6179406E+03
  8.9399977E+04  1.5903439E+03
  8.9799977E+04  1.5615382E+03
  9.0199984E+04  1.5354022E+03
  9.0599984E+04  1.5097579E+03
  9.0999992E+04  1.4821383E+03
  9.1400000E+04  1.4573784E+03
  9.1799969E+04  1.4331729E+03
  9.2199969E+04  1.4092421E+03
  9.2599984E+04  1.3853184E+03
  9.3000000E+04  1.3621017E+03
  9.3399984E+04  1.3390161E+03
  9.3799984E+04  1.3168729E+03
  9.4199977E+04  1.2949719E+03
  9.4599984E+04  1.2733092E+03
  9.4999969E+04  1.2523823E+03
  9.5399984E+04  1.2315946E+03
  9.5799984E+04  1.2118903E+03
  9.6199992E+04  1.1916964E+03
  9.6599984E+04  1.1728047E+03
  9.7000000E+04  1.1539023E+03
  9.7399977E+04  1.1340801E+03
  9.7799984E+04  1.1166296E+03
  9.8199977E+04  1.0990740E+03
  9.8599977E+04  1.0817657E+03
  9.8999992E+04  1.0647773E+03
  9.9399984E+04  1.0476078E+03
  9.9799977E+04  1.0312462E+03
  1.0019999E+05  1.0151114E+03
  1.9999991E+05  6.5681580E+01
  3.9999994E+05  4.1167512E+00
  5.9999981E+05  8.0826032E-01
  7.9999994E+05  2.5399461E-01
