  9.2499988E+02  6.4891658E-08
  9.3499982E+02  9.1280405E-08
  9.4500000E+02  1.3680129E-07
  9.5500000E+02  2.1370749E-07
  9.6499988E+02  3.4963796E-07
  9.7499982E+02  4.6279973E-07
  9.8499976E+02  6.9496980E-07
  9.9499988E+02  9.7929103E-07
  1.0049999E+03  1.4712742E-06
  1.0149997E+03  2.0824775E-06
  1.0249998E+03  2.2160966E-06
  1.0349998E+03  4.4150470E-06
  1.0449998E+03  6.3077214E-06
  1.0549999E+03  7.3659312E-06
  1.0649999E+03  1.1397070E-05
  1.0750000E+03  1.5522459E-05
  1.0849996E+03  2.1682181E-05
  1.0949999E+03  2.5847310E-05
  1.1049999E+03  3.3831231E-05
  1.1149999E+03  4.5408880E-05
  1.1249999E+03  6.6364555E-05
  1.1349996E+03  1.0035205E-04
  1.1449999E+03  1.3558684E-04
  1.1549999E+03  1.7410447E-04
  1.1650000E+03  2.2782879E-04
  1.1749995E+03  3.0940908E-04
  1.1849996E+03  3.7227300E-04
  1.1949998E+03  4.1993937E-04
  1.2049996E+03  4.5663849E-04
  1.2149998E+03  1.3268377E-04
  1.2249996E+03  6.6734344E-04
  1.2349996E+03  1.1563633E-03
  1.2449998E+03  1.4823360E-03
  1.2549996E+03  1.7802813E-03
  1.2650000E+03  2.1328093E-03
  1.2749998E+03  2.5860609E-03
  1.2849995E+03  2.8567140E-03
  1.2949998E+03  3.4529986E-03
  1.3049995E+03  3.9413730E-03
  1.3149998E+03  4.9659559E-03
  1.3249998E+03  5.2262507E-03
  1.3349996E+03  5.8244648E-03
  1.3449995E+03  7.2176019E-03
  1.3549996E+03  9.0115163E-03
  1.3649999E+03  9.6662929E-03
  1.3749999E+03  1.0654236E-02
  1.3849996E+03  1.1626885E-02
  1.3949999E+03  1.3161483E-02
  1.4050001E+03  1.7163841E-02
  1.4149998E+03  2.0125300E-02
  1.4249998E+03  2.3929108E-02
  1.4350000E+03  2.9634066E-02
  1.4419998E+03  3.9485741E-02
  1.4469999E+03  3.4979638E-02
  1.4549994E+03  4.2166229E-02
  1.4650000E+03  5.6786634E-02
  1.4749995E+03  6.5627992E-02
  1.4849996E+03  7.1161993E-02
  1.4949998E+03  9.7516328E-02
  1.5049996E+03  1.2366359E-01
  1.5119995E+03  8.8289440E-02
  1.5169994E+03  1.1875840E-01
  1.5250001E+03  3.9670256E-01
  1.5349994E+03  7.3737383E-01
  1.5449994E+03  5.7071263E-01
  1.5549998E+03  1.0599679E+00
  1.5649999E+03  9.9973530E-01
  1.5750001E+03  2.6993403E+00
  1.5850000E+03  3.2841218E+00
  1.5949996E+03  3.9122708E+00
  1.6049999E+03  4.1038060E+00
  1.6150000E+03  4.4809737E+00
  1.6249996E+03  5.0692859E+00
  1.6350000E+03  6.7513099E+00
  1.6449996E+03  1.0037076E+01
  1.6549999E+03  6.9219775E+00
  1.6649993E+03  1.2258876E+01
  1.6720000E+03  8.0907230E+00
  1.6770001E+03  3.3683643E+01
  1.6849998E+03  3.8309887E+01
  1.6950000E+03  4.9075836E+01
  1.7049995E+03  5.2702026E+01
  1.7150000E+03  5.0298527E+01
  1.7249993E+03  7.1156624E+01
  1.7349994E+03  8.4971405E+01
  1.7449993E+03  1.2084937E+02
  1.7550001E+03  1.5719910E+02
  1.7649998E+03  1.5307683E+02
  1.7749995E+03  1.6070763E+02
  1.7849995E+03  2.2992581E+02
  1.7949999E+03  2.5535100E+02
  1.8050001E+03  3.0703845E+02
  1.8150001E+03  2.8331952E+02
  1.8249994E+03  3.8054236E+02
  1.8349993E+03  3.9123047E+02
  1.8449993E+03  3.0857819E+02
  1.8549998E+03  4.2104904E+02
  1.8650002E+03  5.1008371E+02
  1.8750001E+03  5.5369366E+02
  1.8850000E+03  6.0548071E+02
  1.8950002E+03  8.1826318E+02
  1.9049996E+03  7.9066705E+02
  1.9149999E+03  9.3066968E+02
  1.9249993E+03  9.3404944E+02
  1.9350001E+03  6.1442822E+02
  1.9449993E+03  1.1982091E+03
  1.9550002E+03  1.3362003E+03
  1.9670002E+03  1.6922893E+03
  1.9759990E+03  1.7311356E+03
  1.9839996E+03  1.9039291E+03
  1.9950001E+03  1.9275732E+03
  2.0050002E+03  1.9142974E+03
  2.0149996E+03  2.1804773E+03
  2.0249994E+03  1.7409773E+03
  2.0349995E+03  2.4347595E+03
  2.0449998E+03  2.7969248E+03
  2.0550000E+03  3.0344536E+03
  2.0649993E+03  3.0447170E+03
  2.0739993E+03  3.2059509E+03
  2.0780002E+03  6.2973726E+03
  2.0849993E+03  7.7248428E+03
  2.0950005E+03  7.5838838E+03
  2.1050002E+03  7.8143374E+03
  2.1149990E+03  9.5328193E+03
  2.1250000E+03  8.9202031E+03
  2.1350002E+03  1.0227818E+04
  2.1449998E+03  1.1584419E+04
  2.1550005E+03  1.0519908E+04
  2.1649995E+03  1.0094229E+04
  2.1750002E+03  1.0213449E+04
  2.1849998E+03  1.2625567E+04
  2.1950000E+03  1.3582022E+04
  2.2050000E+03  1.4349408E+04
  2.2149998E+03  1.2404899E+04
  2.2249998E+03  1.5199832E+04
  2.2350005E+03  2.1981504E+04
  2.2449990E+03  2.2114287E+04
  2.2549993E+03  1.8430576E+04
  2.2650000E+03  1.4484859E+04
  2.2750000E+03  1.6106213E+04
  2.2850000E+03  2.4610336E+04
  2.2950002E+03  2.1176910E+04
  2.3050000E+03  2.2129504E+04
  2.3149995E+03  2.4340764E+04
  2.3250000E+03  2.4517918E+04
  2.3349995E+03  2.7765307E+04
  2.3449993E+03  1.9158568E+04
  2.3550000E+03  2.7633982E+04
  2.3649988E+03  2.2109381E+04
  2.3750000E+03  2.6194068E+04
  2.3849990E+03  2.0909594E+04
  2.3950000E+03  2.4744344E+04
  2.4050005E+03  2.8590930E+04
  2.4149993E+03  2.4821318E+04
  2.4249990E+03  3.9016582E+04
  2.4349990E+03  4.2843289E+04
  2.4450000E+03  5.3440031E+04
  2.4549990E+03  5.8396855E+04
  2.4649990E+03  4.2670477E+04
  2.4749993E+03  3.8868750E+04
  2.4850005E+03  1.6468270E+04
  2.4950000E+03  2.5048861E+04
  2.5050005E+03  4.2139879E+04
  2.5129988E+03  2.3113449E+04
  2.5179990E+03  1.6029361E+04
  2.5249998E+03  1.8233865E+04
  2.5350007E+03  4.2900078E+04
  2.5449988E+03  4.2541566E+04
  2.5550000E+03  1.1582419E+05
  2.5649990E+03  7.8751109E+04
  2.5749990E+03  1.2232168E+05
  2.5849993E+03  1.1191678E+05
  2.5949990E+03  1.0697754E+05
  2.6049995E+03  9.8846289E+04
  2.6149998E+03  8.7095312E+04
  2.6249990E+03  1.2301495E+05
  2.6350007E+03  2.6518569E+05
  2.6449995E+03  3.2836947E+05
  2.6549998E+03  6.0590262E+05
  2.6649995E+03  3.1524806E+05
  2.6749988E+03  3.4473225E+05
  2.6849988E+03  4.6528175E+05
  2.6949988E+03  2.5403866E+05
  2.7050000E+03  3.7599031E+05
  2.7150000E+03  2.3673506E+05
  2.7249995E+03  1.2574471E+05
  2.7350007E+03  1.9953145E+05
  2.7450002E+03  1.3773831E+05
  2.7549998E+03  2.0360397E+05
  2.7649983E+03  2.8534319E+05
  2.7750005E+03  2.9227697E+05
  2.7850000E+03  1.6725177E+05
  2.7949993E+03  7.6658109E+04
  2.8049995E+03  9.5078367E+04
  2.8150002E+03  2.4863953E+05
  2.8250007E+03  3.2253925E+05
  2.8350000E+03  2.3301762E+05
  2.8450002E+03  1.2712719E+05
  2.8550005E+03  6.3676027E+04
  2.8650000E+03  1.7823647E+05
  2.8749983E+03  3.6754828E+05
  2.8850000E+03  4.1605172E+05
  2.8949988E+03  6.7947544E+05
  2.9099988E+03  1.1555006E+06
  2.9299983E+03  1.0968184E+06
  2.9499990E+03  1.0648532E+06
  2.9700005E+03  1.1481066E+06
  2.9899980E+03  1.2486005E+06
  3.0099995E+03  1.2276958E+06
  3.0299995E+03  1.4106001E+06
  3.0499995E+03  1.4236685E+06
  3.0699995E+03  1.4070582E+06
  3.0899995E+03  1.0753038E+06
  3.1099995E+03  1.4610332E+06
  3.1299998E+03  1.2414976E+06
  3.1499995E+03  1.2392612E+06
  3.1699995E+03  1.4399902E+06
  3.1899995E+03  1.2118204E+06
  3.2099998E+03  1.3207831E+06
  3.2299993E+03  1.1228440E+06
  3.2499993E+03  1.7291385E+06
  3.2699995E+03  2.0618870E+06
  3.2899995E+03  1.9832949E+06
  3.3099998E+03  1.7464149E+06
  3.3299993E+03  1.8233112E+06
  3.3499995E+03  1.7386289E+06
  3.3699995E+03  1.1280862E+06
  3.3899993E+03  1.3828728E+06
  3.4099993E+03  1.4366474E+06
  3.4299995E+03  1.5895614E+06
  3.4499993E+03  1.8789340E+06
  3.4699998E+03  1.9981319E+06
  3.4899993E+03  2.2613702E+06
  3.5099995E+03  2.3456642E+06
  3.5299995E+03  2.0673776E+06
  3.5499995E+03  2.2818622E+06
  3.5699995E+03  1.6969232E+06
  3.5899995E+03  1.7658498E+06
  3.6099995E+03  2.2527498E+06
  3.6299993E+03  2.2126130E+06
  3.6399993E+03  2.1798580E+06
  3.6499995E+03  2.3674590E+06
  3.6699993E+03  2.5995032E+06
  3.6899995E+03  2.2179945E+06
  3.7099995E+03  2.3092938E+06
  3.7299998E+03  1.2641620E+06
  3.7499993E+03  1.5027534E+06
  3.7699993E+03  2.1864355E+06
  3.7899995E+03  2.2409748E+06
  3.8099993E+03  1.9562948E+06
  3.8299998E+03  8.9826881E+05
  3.8499995E+03  1.3473945E+06
  3.8699995E+03  1.3237944E+06
  3.8899995E+03  1.9604084E+06
  3.9099995E+03  2.5438190E+06
  3.9299993E+03  1.2004072E+06
  3.9499993E+03  2.2578395E+06
  3.9699998E+03  1.5723165E+06
  3.9899995E+03  3.4670112E+06
  4.0099995E+03  3.7159990E+06
  4.0299993E+03  3.6699292E+06
  4.0499993E+03  3.4520955E+06
  4.0699993E+03  3.2128835E+06
  4.0899995E+03  4.1328238E+06
  4.1099995E+03  4.0489872E+06
  4.1299995E+03  3.8316258E+06
  4.1499990E+03  3.6919742E+06
  4.1699990E+03  3.8624638E+06
  4.1899995E+03  3.5909182E+06
  4.2099995E+03  3.7052438E+06
  4.2299995E+03  3.5018498E+06
  4.2499995E+03  3.6047490E+06
  4.2699990E+03  3.3045175E+06
  4.2899995E+03  3.0479922E+06
  4.3100000E+03  2.5527092E+06
  4.3299995E+03  4.0227408E+06
  4.3499995E+03  3.9701068E+06
  4.3699995E+03  4.2980190E+06
  4.3899995E+03  3.7506958E+06
  4.4099995E+03  4.0691152E+06
  4.4299995E+03  4.5346415E+06
  4.4499995E+03  4.4918800E+06
  4.4699995E+03  4.8530015E+06
  4.4899995E+03  4.9511375E+06
  4.5099990E+03  5.6393010E+06
  4.5299995E+03  4.9514730E+06
  4.5499990E+03  5.2164870E+06
  4.5699995E+03  5.5804025E+06
  4.5899990E+03  5.2502415E+06
  4.6099990E+03  5.3666325E+06
  4.6299990E+03  5.2934800E+06
  4.6499990E+03  5.3402115E+06
  4.6699990E+03  5.5645660E+06
  4.6899990E+03  5.4106770E+06
  4.7099995E+03  5.2885720E+06
  4.7299990E+03  5.4983790E+06
  4.7499995E+03  5.6139695E+06
  4.7699995E+03  5.6415005E+06
  4.7899990E+03  5.6380015E+06
  4.8099995E+03  5.5794875E+06
  4.8299995E+03  5.7155350E+06
  4.8499990E+03  5.4005490E+06
  4.8700000E+03  4.8560750E+06
  4.8899990E+03  5.3394990E+06
  4.9099990E+03  5.3734415E+06
  4.9299990E+03  5.2200350E+06
  4.9499995E+03  5.4922080E+06
  4.9699995E+03  5.5194720E+06
  4.9899990E+03  5.1050920E+06
  5.0099995E+03  4.8454285E+06
  5.0299995E+03  5.1626970E+06
  5.0499995E+03  5.1368060E+06
  5.0699995E+03  5.3975410E+06
  5.0899995E+03  5.1212405E+06
  5.1099990E+03  5.2092045E+06
  5.1299995E+03  5.0700330E+06
  5.1499985E+03  4.8196570E+06
  5.1700000E+03  4.1167490E+06
  5.1899990E+03  4.2824285E+06
  5.2099990E+03  4.9171930E+06
  5.2299995E+03  5.1272965E+06
  5.2499995E+03  5.4226330E+06
  5.2699995E+03  4.6293860E+06
  5.2899990E+03  5.3906140E+06
  5.3099995E+03  5.7008135E+06
  5.3299990E+03  4.9741045E+06
  5.3499995E+03  5.4790000E+06
  5.3699995E+03  5.3984185E+06
  5.3899995E+03  5.3254930E+06
  5.4099990E+03  5.1498785E+06
  5.4299990E+03  5.2804145E+06
  5.4499990E+03  5.4513895E+06
  5.4699995E+03  5.3932150E+06
  5.4899995E+03  5.4581120E+06
  5.5099995E+03  5.3712830E+06
  5.5299985E+03  5.4628405E+06
  5.5499990E+03  5.5374055E+06
  5.5699990E+03  5.3586745E+06
  5.5899995E+03  5.2262385E+06
  5.6099990E+03  5.4508345E+06
  5.6299995E+03  5.4452165E+06
  5.6499990E+03  5.4860420E+06
  5.6699990E+03  5.3500280E+06
  5.6899995E+03  5.4372230E+06
  5.7099995E+03  5.2880435E+06
  5.7299990E+03  5.6787245E+06
  5.7499990E+03  5.4818160E+06
  5.7699990E+03  5.5385925E+06
  5.7899995E+03  5.3505960E+06
  5.8099985E+03  5.5132610E+06
  5.8300000E+03  5.6255740E+06
  5.8499990E+03  5.4732400E+06
  5.8699985E+03  5.4888165E+06
  5.8899985E+03  4.9893215E+06
  5.9099995E+03  5.4161690E+06
  5.9299985E+03  5.4107675E+06
  5.9499995E+03  5.4244665E+06
  5.9699990E+03  5.4638670E+06
  5.9899990E+03  5.3955220E+06
  6.0099990E+03  5.2914590E+06
  6.0299995E+03  5.3557765E+06
  6.0499990E+03  5.4504210E+06
  6.0699990E+03  5.3983050E+06
  6.0899995E+03  5.2356290E+06
  6.1099985E+03  5.2212905E+06
  6.1299995E+03  4.9780385E+06
  6.1499985E+03  5.1230135E+06
  6.1699985E+03  4.8815425E+06
  6.1900000E+03  5.2004675E+06
  6.2099995E+03  5.1956480E+06
  6.2299985E+03  5.0385880E+06
  6.2499990E+03  4.9043540E+06
  6.2699985E+03  5.1079950E+06
  6.2900000E+03  5.1346930E+06
  6.3099985E+03  4.9833575E+06
  6.3299995E+03  5.0148150E+06
  6.3499985E+03  5.0339160E+06
  6.3699985E+03  5.0081120E+06
  6.3899995E+03  5.0480375E+06
  6.4099990E+03  4.9138025E+06
  6.4299985E+03  4.9795965E+06
  6.4499985E+03  4.9194235E+06
  6.4699990E+03  4.8780760E+06
  6.4899990E+03  4.8056615E+06
  6.5099985E+03  4.9325440E+06
  6.5299990E+03  4.9361245E+06
  6.5499985E+03  4.7851980E+06
  6.5699985E+03  4.3887575E+06
  6.5899995E+03  4.8104750E+06
  6.6099985E+03  4.8928985E+06
  6.6299990E+03  4.8479100E+06
  6.6499985E+03  4.8381325E+06
  6.6699995E+03  4.7650420E+06
  6.6899990E+03  4.8573010E+06
  6.7099995E+03  4.7199470E+06
  6.7299990E+03  4.8081340E+06
  6.7499995E+03  4.7470230E+06
  6.7699985E+03  4.7578150E+06
  6.7899995E+03  4.7178965E+06
  6.8099995E+03  4.6926630E+06
  6.8300000E+03  4.7242545E+06
  6.8499985E+03  4.5914520E+06
  6.8699985E+03  4.6508850E+06
  6.8899985E+03  4.6659040E+06
  6.9099990E+03  4.6214170E+06
  6.9299995E+03  4.5983885E+06
  6.9499990E+03  4.5713380E+06
  6.9699985E+03  4.5714305E+06
  6.9899985E+03  4.5465415E+06
  7.0099985E+03  4.4200510E+06
  7.0299985E+03  4.4863360E+06
  7.0499990E+03  4.5015445E+06
  7.0699980E+03  4.4462675E+06
  7.0899990E+03  4.4229405E+06
  7.1099990E+03  4.4448190E+06
  7.1299995E+03  4.3548520E+06
  7.1499990E+03  4.3209440E+06
  7.1699995E+03  4.3401810E+06
  7.1899985E+03  4.1985960E+06
  7.2099985E+03  4.2888970E+06
  7.2299980E+03  4.3148580E+06
  7.2499990E+03  4.3136615E+06
  7.2699995E+03  4.2961610E+06
  7.2899990E+03  4.1703988E+06
  7.3099980E+03  4.2346095E+06
  7.3299980E+03  4.2163015E+06
  7.3499980E+03  4.2180035E+06
  7.3699985E+03  4.2305830E+06
  7.3899995E+03  4.1183805E+06
  7.4099985E+03  4.0256470E+06
  7.4299995E+03  4.1199475E+06
  7.4500000E+03  4.1180832E+06
  7.4700000E+03  4.1408905E+06
  7.4899990E+03  4.1012798E+06
  7.5099985E+03  4.0981012E+06
  7.5299995E+03  4.1093815E+06
  7.5499980E+03  4.1133498E+06
  7.5699985E+03  4.0698822E+06
  7.5899990E+03  4.0472188E+06
  7.6099980E+03  4.0291620E+06
  7.6299995E+03  4.0359565E+06
  7.6499995E+03  4.0343865E+06
  7.6699980E+03  3.8970805E+06
  7.6899990E+03  4.0043118E+06
  7.7099995E+03  3.9346370E+06
  7.7299985E+03  3.9410365E+06
  7.7499990E+03  3.8842790E+06
  7.7700000E+03  3.9610292E+06
  7.7900000E+03  3.9390400E+06
  7.8099995E+03  3.9147535E+06
  7.8299980E+03  3.8649798E+06
  7.8499980E+03  3.8484895E+06
  7.8699995E+03  3.8836350E+06
  7.8900000E+03  3.8469648E+06
  7.9099995E+03  3.7770188E+06
  7.9300000E+03  3.7155152E+06
  7.9499985E+03  3.6925542E+06
  7.9699990E+03  3.7737422E+06
  7.9900000E+03  3.7682685E+06
  8.0099980E+03  3.7103112E+06
  8.0299985E+03  3.7108398E+06
  8.0500000E+03  3.6707962E+06
  8.0699985E+03  3.6884328E+06
  8.0899990E+03  3.6074755E+06
  8.1099995E+03  3.6358135E+06
  8.1299976E+03  3.6500378E+06
  8.1499976E+03  3.6261335E+06
  8.1699980E+03  3.6182220E+06
  8.1899985E+03  3.4934090E+06
  8.2099990E+03  3.5116208E+06
  8.2300000E+03  3.5069762E+06
  8.2500000E+03  3.5381488E+06
  8.2700000E+03  3.5644625E+06
  8.2899980E+03  3.5387350E+06
  8.3099990E+03  3.4594740E+06
  8.3299980E+03  3.4313182E+06
  8.3500000E+03  3.4485608E+06
  8.3699990E+03  3.4601720E+06
  8.3899990E+03  3.3583852E+06
  8.4099971E+03  3.4447548E+06
  8.4300000E+03  3.3633798E+06
  8.4499990E+03  3.4058858E+06
  8.4699980E+03  3.3646672E+06
  8.4899980E+03  3.3896012E+06
  8.5099990E+03  3.2385375E+06
  8.5299990E+03  3.3743498E+06
  8.5499990E+03  3.1800138E+06
  8.5699990E+03  3.3740088E+06
  8.5900000E+03  3.2969455E+06
  8.6099980E+03  3.2883560E+06
  8.6299990E+03  3.3151672E+06
  8.6499990E+03  3.3197932E+06
  8.6699990E+03  3.0775592E+06
  8.6899990E+03  3.1818928E+06
  8.7099971E+03  3.2326992E+06
  8.7299990E+03  3.2348088E+06
  8.7499980E+03  3.1887432E+06
  8.7699980E+03  3.2273125E+06
  8.7899980E+03  3.1932368E+06
  8.8099990E+03  3.0929878E+06
  8.8299980E+03  3.1532098E+06
  8.8499980E+03  3.1702875E+06
  8.8699980E+03  3.0953862E+06
  8.8899990E+03  3.1629868E+06
  8.9099971E+03  3.1730535E+06
  8.9299980E+03  3.1008425E+06
  8.9499980E+03  3.0888805E+06
  8.9699990E+03  3.0967528E+06
  8.9899990E+03  3.1003760E+06
  9.0099980E+03  2.9649022E+06
  9.0299990E+03  3.0591555E+06
  9.0499990E+03  3.1030542E+06
  9.0699980E+03  3.0546725E+06
  9.0899990E+03  2.9639632E+06
  9.1099980E+03  2.9845552E+06
  9.1299980E+03  3.0283945E+06
  9.1499980E+03  3.0095905E+06
  9.1699980E+03  2.9999715E+06
  9.1899990E+03  3.0203828E+06
  9.2099990E+03  2.9460772E+06
  9.2299980E+03  2.9333245E+06
  9.2499980E+03  2.9149295E+06
  9.2699971E+03  2.9348952E+06
  9.2899990E+03  2.9271600E+06
  9.3099980E+03  2.9398070E+06
  9.3299990E+03  2.9154880E+06
  9.3499980E+03  2.9015640E+06
  9.3699990E+03  2.8712968E+06
  9.3900000E+03  2.8865512E+06
  9.4099980E+03  2.7798018E+06
  9.4299971E+03  2.8608458E+06
  9.4499990E+03  2.8013730E+06
  9.4700000E+03  2.8449608E+06
  9.4899980E+03  2.8483772E+06
  9.5100000E+03  2.8222450E+06
  9.5300000E+03  2.8080472E+06
  9.5500000E+03  2.7433835E+06
  9.5699990E+03  2.7608065E+06
  9.5899980E+03  2.7929705E+06
  9.6099980E+03  2.7545565E+06
  9.6299990E+03  2.7339045E+06
  9.6499990E+03  2.6987152E+06
  9.6699980E+03  2.7002950E+06
  9.6899980E+03  2.7264335E+06
  9.7100000E+03  2.6982308E+06
  9.7299990E+03  2.6872698E+06
  9.7499980E+03  2.6649225E+06
  9.7699961E+03  2.6617995E+06
  9.7899980E+03  2.6333638E+06
  9.8099980E+03  2.6622145E+06
  9.8299990E+03  2.6463238E+06
  9.8499980E+03  2.6483245E+06
  9.8700000E+03  2.6191162E+06
  9.8899980E+03  2.6130412E+06
  9.9099990E+03  2.6048448E+06
  9.9300000E+03  2.6126242E+06
  9.9499980E+03  2.6040738E+06
  9.9699980E+03  2.5954935E+06
  9.9899990E+03  2.5789580E+06
  1.0024998E+04  2.5598580E+06
  1.0074998E+04  2.5189618E+06
  1.0124997E+04  2.5128132E+06
  1.0174997E+04  2.4712938E+06
  1.0224998E+04  2.4577772E+06
  1.0274997E+04  2.4499022E+06
  1.0325000E+04  2.4026592E+06
  1.0374999E+04  2.3785425E+06
  1.0425000E+04  2.3782782E+06
  1.0474998E+04  2.3423412E+06
  1.0524997E+04  2.3350698E+06
  1.0574999E+04  2.3006762E+06
  1.0625000E+04  2.2773715E+06
  1.0674997E+04  2.2329475E+06
  1.0724998E+04  2.2310732E+06
  1.0774999E+04  2.1981170E+06
  1.0824997E+04  2.1562220E+06
  1.0874997E+04  2.1485768E+06
  1.0924999E+04  2.1440735E+06
  1.0974996E+04  2.1116970E+06
  1.1025000E+04  2.1198910E+06
  1.1074998E+04  2.1119740E+06
  1.1124999E+04  2.0872182E+06
  1.1174998E+04  2.0611011E+06
  1.1224999E+04  2.0545005E+06
  1.1274997E+04  2.0090859E+06
  1.1325000E+04  2.0058355E+06
  1.1375000E+04  1.9837565E+06
  1.1425000E+04  1.9518849E+06
  1.1474997E+04  1.9705908E+06
  1.1525000E+04  1.9548898E+06
  1.1574998E+04  1.9239225E+06
  1.1625000E+04  1.8917130E+06
  1.1674998E+04  1.8868494E+06
  1.1724997E+04  1.8929611E+06
  1.1775001E+04  1.8519745E+06
  1.1824999E+04  1.8286411E+06
  1.1875000E+04  1.8091866E+06
  1.1925000E+04  1.8328580E+06
  1.1975001E+04  1.7587886E+06
  1.2024998E+04  1.7817890E+06
  1.2074996E+04  1.7570388E+06
  1.2125000E+04  1.7589768E+06
  1.2175000E+04  1.7615110E+06
  1.2225001E+04  1.7445346E+06
  1.2275001E+04  1.7232508E+06
  1.2324996E+04  1.7133162E+06
  1.2374996E+04  1.7007788E+06
  1.2424998E+04  1.6807725E+06
  1.2475000E+04  1.6768638E+06
  1.2524997E+04  1.6574272E+06
  1.2574997E+04  1.6482516E+06
  1.2624999E+04  1.6333306E+06
  1.2674997E+04  1.6127554E+06
  1.2724999E+04  1.6119716E+06
  1.2774999E+04  1.6044566E+06
  1.2825000E+04  1.5332892E+06
  1.2875001E+04  1.5670614E+06
  1.2924997E+04  1.5511279E+06
  1.2975001E+04  1.5539644E+06
  1.3024998E+04  1.5300215E+06
  1.3074999E+04  1.5304841E+06
  1.3125000E+04  1.4966480E+06
  1.3174998E+04  1.4879364E+06
  1.3224998E+04  1.4935939E+06
  1.3274997E+04  1.4654115E+06
  1.3324997E+04  1.4658710E+06
  1.3374999E+04  1.4517935E+06
  1.3424999E+04  1.4545446E+06
  1.3474999E+04  1.4398281E+06
  1.3525001E+04  1.4311788E+06
  1.3574999E+04  1.4036264E+06
  1.3624997E+04  1.3982346E+06
  1.3674997E+04  1.3925814E+06
  1.3724995E+04  1.3877138E+06
  1.3774998E+04  1.3750564E+06
  1.3824998E+04  1.3694844E+06
  1.3874996E+04  1.3566579E+06
  1.3925000E+04  1.3529159E+06
  1.3974996E+04  1.3440055E+06
  1.4024997E+04  1.3203814E+06
  1.4075001E+04  1.3250506E+06
  1.4124996E+04  1.3037914E+06
  1.4175000E+04  1.3110524E+06
  1.4225000E+04  1.2808696E+06
  1.4274994E+04  1.2575118E+06
  1.4325001E+04  1.2763959E+06
  1.4374998E+04  1.2767574E+06
  1.4424999E+04  1.2301905E+06
  1.4475000E+04  1.2547721E+06
  1.4524997E+04  1.2260242E+06
  1.4569999E+04  1.2297846E+06
  1.4620000E+04  1.2281905E+06
  1.4674998E+04  1.2212936E+06
  1.4725000E+04  1.1973585E+06
  1.4775002E+04  1.1932716E+06
  1.4824998E+04  1.1885622E+06
  1.4874996E+04  1.1558295E+06
  1.4924997E+04  1.1858635E+06
  1.4974999E+04  1.1636609E+06
  1.5024999E+04  1.1117058E+06
  1.5075000E+04  1.1203075E+06
  1.5124999E+04  1.1450749E+06
  1.5175000E+04  1.1409115E+06
  1.5225002E+04  1.1225570E+06
  1.5274998E+04  1.1259901E+06
  1.5324995E+04  1.1137306E+06
  1.5374997E+04  1.1105144E+06
  1.5425001E+04  1.1076961E+06
  1.5474996E+04  1.0976559E+06
  1.5524994E+04  1.0778585E+06
  1.5575001E+04  1.0686341E+06
  1.5624998E+04  1.0777156E+06
  1.5674997E+04  1.0468096E+06
  1.5724994E+04  1.0545611E+06
  1.5774996E+04  1.0066479E+06
  1.5825001E+04  1.0266372E+06
  1.5874995E+04  9.9017888E+05
  1.5925002E+04  1.0077679E+06
  1.5975001E+04  1.0131759E+06
  1.6049998E+04  1.0012286E+06
  1.6150001E+04  9.8168900E+05
  1.6249997E+04  9.7580744E+05
  1.6350000E+04  9.5498644E+05
  1.6449996E+04  9.3370775E+05
  1.6549998E+04  9.2798738E+05
  1.6649994E+04  9.1113950E+05
  1.6749998E+04  8.8288981E+05
  1.6849998E+04  8.6018112E+05
  1.6950000E+04  8.6348875E+05
  1.7049996E+04  8.3411925E+05
  1.7150000E+04  8.2078225E+05
  1.7249992E+04  7.9941856E+05
  1.7349994E+04  7.7200769E+05
  1.7449992E+04  7.6932150E+05
  1.7550000E+04  7.5860938E+05
  1.7649998E+04  7.4475294E+05
  1.7749994E+04  7.2823031E+05
  1.7849994E+04  7.1821381E+05
  1.7949998E+04  7.0356875E+05
  1.8050002E+04  6.8782725E+05
  1.8150002E+04  6.6496712E+05
  1.8249994E+04  6.5792656E+05
  1.8349992E+04  6.4803425E+05
  1.8449992E+04  6.3010512E+05
  1.8549998E+04  6.2426006E+05
  1.8650002E+04  6.0515988E+05
  1.8750002E+04  5.7708656E+05
  1.8850000E+04  5.8721250E+05
  1.8950004E+04  5.6358462E+05
  1.9049996E+04  5.6821019E+05
  1.9149998E+04  5.5602475E+05
  1.9249992E+04  5.4660325E+05
  1.9350000E+04  5.3103688E+05
  1.9449992E+04  5.1106125E+05
  1.9550002E+04  5.1620550E+05
  1.9649992E+04  5.0596012E+05
  1.9749992E+04  4.9442675E+05
  1.9849992E+04  4.8770797E+05
  1.9950002E+04  4.8022734E+05
  2.0050002E+04  4.7548647E+05
  2.0149996E+04  4.6908103E+05
  2.0249994E+04  4.5569503E+05
  2.0349994E+04  4.4580553E+05
  2.0449996E+04  4.4423078E+05
  2.0550000E+04  4.3545722E+05
  2.0649992E+04  4.2497762E+05
  2.0749998E+04  4.1940359E+05
  2.0849992E+04  4.1252200E+05
  2.0950004E+04  4.0218944E+05
  2.1050002E+04  3.9932953E+05
  2.1149992E+04  3.9181491E+05
  2.1250000E+04  3.8506544E+05
  2.1350002E+04  3.7980538E+05
  2.1449996E+04  3.7357872E+05
  2.1550006E+04  3.6740988E+05
  2.1649994E+04  3.5242597E+05
  2.1750002E+04  3.5248947E+05
  2.1849998E+04  3.4742403E+05
  2.1950002E+04  3.4360084E+05
  2.2050000E+04  3.3444759E+05
  2.2149996E+04  3.3260956E+05
  2.2249998E+04  3.2568459E+05
  2.2350004E+04  3.2049131E+05
  2.2449990E+04  3.1557241E+05
  2.2549994E+04  3.1083116E+05
  2.2650000E+04  3.0464100E+05
  2.2750000E+04  3.0161934E+05
  2.2850000E+04  2.9480741E+05
  2.2950004E+04  2.8121438E+05
  2.3050000E+04  2.8278597E+05
  2.3149996E+04  2.7882988E+05
  2.3250000E+04  2.6313903E+05
  2.3349996E+04  2.6561628E+05
  2.3449994E+04  2.6558916E+05
  2.3550002E+04  2.4875406E+05
  2.3649988E+04  2.5404402E+05
  2.3750000E+04  2.5178872E+05
  2.3849990E+04  2.3714452E+05
  2.3950002E+04  2.4122364E+05
  2.4050006E+04  2.3976883E+05
  2.4149992E+04  2.2840831E+05
  2.4249990E+04  2.2951384E+05
  2.4349990E+04  2.2774694E+05
  2.4450002E+04  2.2077667E+05
  2.4549990E+04  2.1683172E+05
  2.4649992E+04  2.1871544E+05
  2.4749992E+04  2.1287406E+05
  2.4850006E+04  2.0656406E+05
  2.4950000E+04  2.0790133E+05
  2.5050006E+04  2.0710316E+05
  2.5149994E+04  1.9975977E+05
  2.5249998E+04  2.0033733E+05
  2.5350004E+04  1.9766938E+05
  2.5449988E+04  1.9352514E+05
  2.5549998E+04  1.9095698E+05
  2.5649990E+04  1.8870378E+05
  2.5749990E+04  1.8780345E+05
  2.5849994E+04  1.8138059E+05
  2.5949990E+04  1.8149594E+05
  2.6049996E+04  1.7986636E+05
  2.6149998E+04  1.7686259E+05
  2.6249988E+04  1.7084320E+05
  2.6350008E+04  1.7177333E+05
  2.6449996E+04  1.6921695E+05
  2.6549994E+04  1.6714836E+05
  2.6649994E+04  1.6350931E+05
  2.6749988E+04  1.6382127E+05
  2.6849986E+04  1.6199709E+05
  2.6949986E+04  1.5927733E+05
  2.7050002E+04  1.5762798E+05
  2.7149998E+04  1.5544173E+05
  2.7249994E+04  1.5342530E+05
  2.7350006E+04  1.5140377E+05
  2.7450004E+04  1.4982772E+05
  2.7549996E+04  1.4741184E+05
  2.7649982E+04  1.4517980E+05
  2.7750004E+04  1.4336703E+05
  2.7850000E+04  1.4180020E+05
  2.7949992E+04  1.4035823E+05
  2.8049994E+04  1.3839681E+05
  2.8150002E+04  1.3663077E+05
  2.8250006E+04  1.3480127E+05
  2.8350000E+04  1.3337391E+05
  2.8450000E+04  1.3118125E+05
  2.8550002E+04  1.2969539E+05
  2.8650002E+04  1.2789202E+05
  2.8749982E+04  1.2593296E+05
  2.8849998E+04  1.2474447E+05
  2.8949986E+04  1.2327295E+05
  2.9049994E+04  1.2168905E+05
  2.9149986E+04  1.2021719E+05
  2.9249984E+04  1.1809323E+05
  2.9349980E+04  1.1715432E+05
  2.9450000E+04  1.1536954E+05
  2.9550004E+04  1.1415855E+05
  2.9649982E+04  1.1288858E+05
  2.9749992E+04  1.1147537E+05
  2.9849994E+04  1.1001514E+05
  2.9949984E+04  1.0847960E+05
  3.0049996E+04  1.0716212E+05
  3.0149994E+04  1.0605874E+05
  3.0249994E+04  1.0453941E+05
  3.0349996E+04  1.0268600E+05
  3.0449996E+04  1.0197609E+05
  3.0549996E+04  1.0080501E+05
  3.0649996E+04  9.9418422E+04
  3.0749994E+04  9.8489992E+04
  3.0849996E+04  9.6981641E+04
  3.0949994E+04  9.5895820E+04
  3.1049996E+04  9.4993859E+04
  3.1149996E+04  9.3084273E+04
  3.1249996E+04  9.2616797E+04
  3.1349996E+04  9.1609055E+04
  3.1449996E+04  9.0505609E+04
  3.1549998E+04  8.9077430E+04
  3.1649996E+04  8.8173195E+04
  3.1749998E+04  8.7244922E+04
  3.1849996E+04  8.6226281E+04
  3.1949994E+04  8.5329406E+04
  3.2099996E+04  8.3663625E+04
  3.2299992E+04  8.1760523E+04
  3.2499994E+04  7.9819281E+04
  3.2699996E+04  7.7940398E+04
  3.2899996E+04  7.5836680E+04
  3.3099996E+04  7.4334992E+04
  3.3299992E+04  7.2547867E+04
  3.3499996E+04  7.1140367E+04
  3.3699996E+04  6.9475812E+04
  3.3899996E+04  6.7766789E+04
  3.4099996E+04  6.6206352E+04
  3.4299996E+04  6.5004223E+04
  3.4499992E+04  6.3673523E+04
  3.4699996E+04  6.2225145E+04
  3.4899996E+04  6.0895406E+04
  3.5099996E+04  5.9634652E+04
  3.5299996E+04  5.8220105E+04
  3.5499996E+04  5.7075699E+04
  3.5699992E+04  5.5793598E+04
  3.5899992E+04  5.4603672E+04
  3.6099996E+04  5.3581137E+04
  3.6299992E+04  5.2460566E+04
  3.6499992E+04  5.1214219E+04
  3.6699992E+04  5.0100930E+04
  3.6899992E+04  4.8826094E+04
  3.7099996E+04  4.7786512E+04
  3.7299996E+04  4.7023602E+04
  3.7499992E+04  4.5706266E+04
  3.7699996E+04  4.5169586E+04
  3.7899996E+04  4.4219406E+04
  3.8099992E+04  4.3437172E+04
  3.8299996E+04  4.2668797E+04
  3.8499996E+04  4.1860641E+04
  3.8699996E+04  4.0905883E+04
  3.8899992E+04  4.0155227E+04
  3.9099996E+04  3.9442375E+04
  3.9299992E+04  3.8680957E+04
  3.9499992E+04  3.7783180E+04
  3.9699992E+04  3.7135738E+04
  3.9900000E+04  3.6229559E+04
  4.0099996E+04  3.5665246E+04
  4.0299992E+04  3.5096406E+04
  4.0499996E+04  3.4215473E+04
  4.0699992E+04  3.3741305E+04
  4.0899992E+04  3.3139617E+04
  4.1099996E+04  3.2548012E+04
  4.1299996E+04  3.1988375E+04
  4.1499992E+04  3.1335184E+04
  4.1699992E+04  3.0777514E+04
  4.1899996E+04  3.0168945E+04
  4.2099996E+04  2.9494012E+04
  4.2299992E+04  2.9192615E+04
  4.2499996E+04  2.8568098E+04
  4.2699992E+04  2.8131686E+04
  4.2899992E+04  2.6809646E+04
  4.3099996E+04  2.5746127E+04
  4.3299996E+04  2.5667576E+04
  4.3499992E+04  2.4408764E+04
  4.3699996E+04  2.3846537E+04
  4.3899996E+04  2.3543738E+04
  4.4099992E+04  2.2350496E+04
  4.4299992E+04  2.2187535E+04
  4.4499996E+04  2.1868689E+04
  4.4699996E+04  2.0877766E+04
  4.4899996E+04  2.0974361E+04
  4.5099992E+04  2.0470176E+04
  4.5299992E+04  1.9709695E+04
  4.5499996E+04  1.9727873E+04
  4.5699992E+04  1.9560994E+04
  4.5899996E+04  1.8763248E+04
  4.6099996E+04  1.8822383E+04
  4.6299992E+04  1.8498445E+04
  4.6499988E+04  1.8264742E+04
  4.6699992E+04  1.8087902E+04
  4.6899992E+04  1.7836338E+04
  4.7099992E+04  1.7484795E+04
  4.7299992E+04  1.7473641E+04
  4.7499996E+04  1.7094707E+04
  4.7699992E+04  1.6829131E+04
  4.7899992E+04  1.6616643E+04
  4.8099996E+04  1.6231561E+04
  4.8299992E+04  1.6261816E+04
  4.8499992E+04  1.5948275E+04
  4.8700000E+04  1.5626297E+04
  4.8899992E+04  1.5437613E+04
  4.9099988E+04  1.5209749E+04
  4.9299988E+04  1.4963056E+04
  4.9499996E+04  1.4715998E+04
  4.9699992E+04  1.4542285E+04
  4.9899988E+04  1.4309601E+04
  5.0099996E+04  1.4182068E+04
  5.0299996E+04  1.3980468E+04
  5.0499996E+04  1.3662251E+04
  5.0699996E+04  1.3518474E+04
  5.0899992E+04  1.3379296E+04
  5.1099992E+04  1.3092839E+04
  5.1299996E+04  1.2989375E+04
  5.1499988E+04  1.2761557E+04
  5.1699996E+04  1.2697822E+04
  5.1899992E+04  1.2437349E+04
  5.2099992E+04  1.2282365E+04
  5.2299996E+04  1.2071810E+04
  5.2499996E+04  1.1984246E+04
  5.2699996E+04  1.1870262E+04
  5.2899992E+04  1.1587625E+04
  5.3099988E+04  1.1464693E+04
  5.3299988E+04  1.1327629E+04
  5.3499992E+04  1.1193998E+04
  5.3699992E+04  1.1047540E+04
  5.3899992E+04  1.0915005E+04
  5.4099992E+04  1.0764558E+04
  5.4299984E+04  1.0551633E+04
  5.4499988E+04  1.0488662E+04
  5.4699996E+04  1.0338065E+04
  5.4899992E+04  1.0192260E+04
  5.5099992E+04  1.0076461E+04
  5.5299988E+04  1.0024896E+04
  5.5499988E+04  9.7814258E+03
  5.5699992E+04  9.7494355E+03
  5.5899992E+04  9.5685166E+03
  5.6099988E+04  9.4606738E+03
  5.6299996E+04  9.3108525E+03
  5.6499988E+04  9.2487129E+03
  5.6699988E+04  9.1314346E+03
  5.6899992E+04  8.9597178E+03
  5.7099996E+04  8.9080391E+03
  5.7299988E+04  8.7841182E+03
  5.7499988E+04  8.6762852E+03
  5.7699988E+04  8.5508379E+03
  5.7899996E+04  8.4751201E+03
  5.8099988E+04  8.3395322E+03
  5.8299996E+04  8.2426191E+03
  5.8499992E+04  8.1539922E+03
  5.8699988E+04  8.0212241E+03
  5.8899988E+04  7.9211250E+03
  5.9099992E+04  7.8456001E+03
  5.9299988E+04  7.7499150E+03
  5.9499996E+04  7.6361802E+03
  5.9699988E+04  7.5688267E+03
  5.9899992E+04  7.4737422E+03
  6.0099992E+04  7.3800688E+03
  6.0299992E+04  7.2916152E+03
  6.0499988E+04  7.1875981E+03
  6.0699992E+04  7.1001265E+03
  6.0899992E+04  7.0117188E+03
  6.1099988E+04  6.9124072E+03
  6.1299992E+04  6.8460195E+03
  6.1499988E+04  6.7684971E+03
  6.1699988E+04  6.6912402E+03
  6.1899996E+04  6.6158184E+03
  6.2099996E+04  6.5389844E+03
  6.2299988E+04  6.4411606E+03
  6.2499992E+04  6.3614248E+03
  6.2699988E+04  6.2877500E+03
  6.2899996E+04  6.2208789E+03
  6.3099984E+04  6.1378901E+03
  6.3299996E+04  6.0828032E+03
  6.3499984E+04  6.0020376E+03
  6.3699984E+04  5.9398970E+03
  6.3900000E+04  5.8618960E+03
  6.4199992E+04  5.7606260E+03
  6.4599984E+04  5.6212607E+03
  6.4999992E+04  5.4903164E+03
  6.5399992E+04  5.3662861E+03
  6.5799992E+04  5.2454653E+03
  6.6199984E+04  5.1213203E+03
  6.6599984E+04  5.0056294E+03
  6.6999992E+04  4.8906484E+03
  6.7399992E+04  4.7766274E+03
  6.7799992E+04  4.6709316E+03
  6.8199992E+04  4.5648687E+03
  6.8599992E+04  4.4635967E+03
  6.8999984E+04  4.3633315E+03
  6.9399984E+04  4.2658560E+03
  6.9800000E+04  4.1733354E+03
  7.0199992E+04  4.0772922E+03
  7.0599984E+04  3.9913145E+03
  7.0999977E+04  3.9046934E+03
  7.1399977E+04  3.8201997E+03
  7.1799984E+04  3.7374866E+03
  7.2199984E+04  3.6574524E+03
  7.2600000E+04  3.5785903E+03
  7.2999984E+04  3.5039929E+03
  7.3400000E+04  3.4282146E+03
  7.3799984E+04  3.3576067E+03
  7.4199992E+04  3.2849634E+03
  7.4599992E+04  3.2135454E+03
  7.5000000E+04  3.1502246E+03
  7.5399992E+04  3.0845520E+03
  7.5799992E+04  3.0240852E+03
  7.6199984E+04  2.9623152E+03
  7.6599992E+04  2.9023721E+03
  7.6999992E+04  2.8426858E+03
  7.7399992E+04  2.7864648E+03
  7.7799984E+04  2.7310610E+03
  7.8199984E+04  2.6765796E+03
  7.8599984E+04  2.6236726E+03
  7.8999984E+04  2.5719387E+03
  7.9399984E+04  2.5212910E+03
  7.9800000E+04  2.4725315E+03
  8.0199992E+04  2.4232712E+03
  8.0599984E+04  2.3760244E+03
  8.0999992E+04  2.3315994E+03
  8.1399977E+04  2.2853730E+03
  8.1799984E+04  2.2431458E+03
  8.2199984E+04  2.2009609E+03
  8.2599992E+04  2.1590439E+03
  8.2999984E+04  2.1187615E+03
  8.3400000E+04  2.0781206E+03
  8.3799992E+04  2.0396600E+03
  8.4199992E+04  2.0026849E+03
  8.4599977E+04  1.9655803E+03
  8.4999977E+04  1.9295521E+03
  8.5399984E+04  1.8942655E+03
  8.5799984E+04  1.8599613E+03
  8.6199992E+04  1.8261600E+03
  8.6599992E+04  1.7935054E+03
  8.6999984E+04  1.7613730E+03
  8.7399992E+04  1.7298506E+03
  8.7799992E+04  1.6990237E+03
  8.8199984E+04  1.6681514E+03
  8.8599977E+04  1.6389658E+03
  8.8999992E+04  1.6097124E+03
  8.9399977E+04  1.5824252E+03
  8.9799977E+04  1.5541102E+03
  9.0199984E+04  1.5279009E+03
  9.0599984E+04  1.5019557E+03
  9.0999992E+04  1.4749502E+03
  9.1400000E+04  1.4502982E+03
  9.1799969E+04  1.4258861E+03
  9.2199969E+04  1.4020183E+03
  9.2599984E+04  1.3782009E+03
  9.3000000E+04  1.3550889E+03
  9.3399984E+04  1.3322792E+03
  9.3799984E+04  1.3101077E+03
  9.4199977E+04  1.2883491E+03
  9.4599984E+04  1.2668684E+03
  9.4999969E+04  1.2459956E+03
  9.5399984E+04  1.2255511E+03
  9.5799984E+04  1.2056919E+03
  9.6199992E+04  1.1858751E+03
  9.6599984E+04  1.1667892E+03
  9.7000000E+04  1.1479766E+03
  9.7399977E+04  1.1284410E+03
  9.7799984E+04  1.1109579E+03
  9.8199977E+04  1.0936045E+03
  9.8599977E+04  1.0762633E+03
  9.8999992E+04  1.0592806E+03
  9.9399984E+04  1.0423842E+03
  9.9799977E+04  1.0261021E+03
  1.0019999E+05  1.0100458E+03
  1.9999991E+05  6.5492271E+01
  3.9999994E+05  4.1183996E+00
  5.9999981E+05  8.1018573E-01
  7.9999994E+05  2.5494233E-01
