  9.2499988E+02  2.7886063E-08
  9.3499982E+02  3.8609087E-08
  9.4500000E+02  5.9280005E-08
  9.5500000E+02  9.3086030E-08
  9.6499988E+02  1.4974658E-07
  9.7499982E+02  2.0229554E-07
  9.8499976E+02  3.0338626E-07
  9.9499988E+02  4.2992153E-07
  1.0049999E+03  6.6266085E-07
  1.0149997E+03  9.4415060E-07
  1.0249998E+03  1.0077893E-06
  1.0349998E+03  1.9728793E-06
  1.0449998E+03  2.8769750E-06
  1.0549999E+03  3.4666791E-06
  1.0649999E+03  5.2117693E-06
  1.0750000E+03  7.1892637E-06
  1.0849996E+03  9.9967237E-06
  1.0949999E+03  1.2091968E-05
  1.1049999E+03  1.6127609E-05
  1.1149999E+03  2.2153532E-05
  1.1249999E+03  3.1975243E-05
  1.1349996E+03  4.7893504E-05
  1.1449999E+03  6.4997432E-05
  1.1549999E+03  8.3503837E-05
  1.1650000E+03  1.1132739E-04
  1.1749995E+03  1.5052414E-04
  1.1849996E+03  1.8206661E-04
  1.1949998E+03  2.0243248E-04
  1.2049996E+03  2.2582847E-04
  1.2149998E+03  6.8546826E-05
  1.2249996E+03  3.3332026E-04
  1.2349996E+03  5.6491769E-04
  1.2449998E+03  7.2586798E-04
  1.2549996E+03  8.7381585E-04
  1.2650000E+03  1.0445573E-03
  1.2749998E+03  1.2725440E-03
  1.2849995E+03  1.4132075E-03
  1.2949998E+03  1.7269711E-03
  1.3049995E+03  1.9538964E-03
  1.3149998E+03  2.4864639E-03
  1.3249998E+03  2.6233182E-03
  1.3349996E+03  2.9515501E-03
  1.3449995E+03  3.6433707E-03
  1.3549996E+03  4.5506945E-03
  1.3649999E+03  4.8862225E-03
  1.3749999E+03  5.4195761E-03
  1.3849996E+03  5.9574996E-03
  1.3949999E+03  6.7714285E-03
  1.4050001E+03  8.8128438E-03
  1.4149998E+03  1.0343004E-02
  1.4249998E+03  1.2306848E-02
  1.4350000E+03  1.5265808E-02
  1.4419998E+03  2.0311764E-02
  1.4469999E+03  1.8028699E-02
  1.4549994E+03  2.1756671E-02
  1.4650000E+03  2.9375425E-02
  1.4749995E+03  3.4062486E-02
  1.4849996E+03  3.7013460E-02
  1.4949998E+03  5.0828908E-02
  1.5049996E+03  6.4577840E-02
  1.5119995E+03  4.5996137E-02
  1.5169994E+03  6.2296432E-02
  1.5250001E+03  2.2473171E-01
  1.5349994E+03  4.2806950E-01
  1.5449994E+03  3.3039179E-01
  1.5549998E+03  6.2540478E-01
  1.5649999E+03  5.8938158E-01
  1.5750001E+03  1.6667750E+00
  1.5850000E+03  2.0559502E+00
  1.5949996E+03  2.4631059E+00
  1.6049999E+03  2.5699792E+00
  1.6150000E+03  2.8030102E+00
  1.6249996E+03  3.2258706E+00
  1.6350000E+03  4.2557526E+00
  1.6449996E+03  6.4229212E+00
  1.6549999E+03  4.2884459E+00
  1.6649993E+03  7.8770556E+00
  1.6720000E+03  5.0572743E+00
  1.6770001E+03  2.6437880E+01
  1.6849998E+03  2.9771368E+01
  1.6950000E+03  3.8925243E+01
  1.7049995E+03  4.1468807E+01
  1.7150000E+03  3.9835094E+01
  1.7249993E+03  5.6910866E+01
  1.7349994E+03  6.9551529E+01
  1.7449993E+03  1.0043418E+02
  1.7550001E+03  1.3487663E+02
  1.7649998E+03  1.3197404E+02
  1.7749995E+03  1.3741458E+02
  1.7849995E+03  1.9515201E+02
  1.7949999E+03  2.2451805E+02
  1.8050001E+03  2.6626651E+02
  1.8150001E+03  2.4670090E+02
  1.8249994E+03  3.3794437E+02
  1.8349993E+03  3.4556006E+02
  1.8449993E+03  2.6417618E+02
  1.8549998E+03  3.7308463E+02
  1.8650002E+03  4.5265677E+02
  1.8750001E+03  4.9717764E+02
  1.8850000E+03  5.4520514E+02
  1.8950002E+03  7.4480554E+02
  1.9049996E+03  7.2078143E+02
  1.9149999E+03  8.3449414E+02
  1.9249993E+03  8.4871167E+02
  1.9350001E+03  5.5748901E+02
  1.9449993E+03  1.1125658E+03
  1.9550002E+03  1.2198890E+03
  1.9670002E+03  1.5843060E+03
  1.9759990E+03  1.6088889E+03
  1.9839996E+03  1.8016169E+03
  1.9950001E+03  1.8287527E+03
  2.0050002E+03  1.8248005E+03
  2.0149996E+03  2.0601338E+03
  2.0249994E+03  1.6478190E+03
  2.0349995E+03  2.3229556E+03
  2.0449998E+03  2.6824282E+03
  2.0550000E+03  2.9014426E+03
  2.0649993E+03  2.9148464E+03
  2.0739993E+03  3.1005020E+03
  2.0780002E+03  6.1039497E+03
  2.0849993E+03  7.5884390E+03
  2.0950005E+03  7.4187358E+03
  2.1050002E+03  7.7719116E+03
  2.1149990E+03  9.2422617E+03
  2.1250000E+03  8.4504990E+03
  2.1350002E+03  9.6542344E+03
  2.1449998E+03  1.1319945E+04
  2.1550005E+03  1.0437164E+04
  2.1649995E+03  1.0185052E+04
  2.1750002E+03  1.0321755E+04
  2.1849998E+03  1.2671335E+04
  2.1950000E+03  1.3513995E+04
  2.2050000E+03  1.4176618E+04
  2.2149998E+03  1.1930357E+04
  2.2249998E+03  1.4811731E+04
  2.2350005E+03  2.1189611E+04
  2.2449990E+03  2.1188156E+04
  2.2549993E+03  1.7951973E+04
  2.2650000E+03  1.4502482E+04
  2.2750000E+03  1.6666693E+04
  2.2850000E+03  2.5300129E+04
  2.2950002E+03  2.1281340E+04
  2.3050000E+03  2.2860559E+04
  2.3149995E+03  2.3161896E+04
  2.3250000E+03  2.3365895E+04
  2.3349995E+03  2.5289555E+04
  2.3449993E+03  1.7317045E+04
  2.3550000E+03  2.6714910E+04
  2.3649988E+03  2.0183018E+04
  2.3750000E+03  2.4769455E+04
  2.3849990E+03  1.8229912E+04
  2.3950000E+03  2.2276805E+04
  2.4050005E+03  2.5098479E+04
  2.4149993E+03  2.2900260E+04
  2.4249990E+03  3.7489949E+04
  2.4349990E+03  4.1540758E+04
  2.4450000E+03  5.1622539E+04
  2.4549990E+03  5.6415375E+04
  2.4649990E+03  4.1591031E+04
  2.4749993E+03  3.7397641E+04
  2.4850005E+03  1.4897334E+04
  2.4950000E+03  2.4193123E+04
  2.5050005E+03  4.1656586E+04
  2.5129988E+03  2.1492617E+04
  2.5179990E+03  1.4428029E+04
  2.5249998E+03  1.6638447E+04
  2.5350007E+03  4.1731695E+04
  2.5449988E+03  4.2756773E+04
  2.5550000E+03  1.2564066E+05
  2.5649990E+03  7.9392438E+04
  2.5749990E+03  1.2126488E+05
  2.5849993E+03  1.0759820E+05
  2.5949990E+03  9.7355039E+04
  2.6049995E+03  8.7021375E+04
  2.6149998E+03  7.7123617E+04
  2.6249990E+03  1.1033073E+05
  2.6350007E+03  2.5246738E+05
  2.6449995E+03  3.3388366E+05
  2.6549998E+03  6.0472688E+05
  2.6649995E+03  3.1361431E+05
  2.6749988E+03  3.4349500E+05
  2.6849988E+03  4.5800753E+05
  2.6949988E+03  2.6851559E+05
  2.7050000E+03  3.9191528E+05
  2.7150000E+03  2.4745764E+05
  2.7249995E+03  1.3011294E+05
  2.7350007E+03  2.0903003E+05
  2.7450002E+03  1.2789378E+05
  2.7549998E+03  1.9411367E+05
  2.7649983E+03  2.7649797E+05
  2.7750005E+03  2.8844147E+05
  2.7850000E+03  1.5939288E+05
  2.7949993E+03  6.4254695E+04
  2.8049995E+03  8.1786453E+04
  2.8150002E+03  2.4250661E+05
  2.8250007E+03  3.5236869E+05
  2.8350000E+03  2.7746778E+05
  2.8450002E+03  1.4056461E+05
  2.8550005E+03  6.4443258E+04
  2.8650000E+03  2.1613362E+05
  2.8749983E+03  4.6357728E+05
  2.8850000E+03  4.6584538E+05
  2.8949988E+03  7.1152538E+05
  2.9099988E+03  1.1078978E+06
  2.9299983E+03  1.0580694E+06
  2.9499990E+03  1.0322557E+06
  2.9700005E+03  1.1143238E+06
  2.9899980E+03  1.2146781E+06
  3.0099995E+03  1.1920186E+06
  3.0299995E+03  1.3460939E+06
  3.0499995E+03  1.3728030E+06
  3.0699995E+03  1.3527761E+06
  3.0899995E+03  1.1140894E+06
  3.1099995E+03  1.4212648E+06
  3.1299998E+03  1.2132336E+06
  3.1499995E+03  1.2054701E+06
  3.1699995E+03  1.4081989E+06
  3.1899995E+03  1.1844245E+06
  3.2099998E+03  1.3048425E+06
  3.2299993E+03  1.0982891E+06
  3.2499993E+03  1.6775639E+06
  3.2699995E+03  1.9687688E+06
  3.2899995E+03  1.8921406E+06
  3.3099998E+03  1.6909506E+06
  3.3299993E+03  1.7820669E+06
  3.3499995E+03  1.6962979E+06
  3.3699995E+03  1.1432129E+06
  3.3899993E+03  1.3799551E+06
  3.4099993E+03  1.4521662E+06
  3.4299995E+03  1.5675945E+06
  3.4499993E+03  1.8527580E+06
  3.4699998E+03  1.9337101E+06
  3.4899993E+03  2.1693528E+06
  3.5099995E+03  2.2473230E+06
  3.5299995E+03  1.9856270E+06
  3.5499995E+03  2.1725415E+06
  3.5699995E+03  1.5896814E+06
  3.5899995E+03  1.6909014E+06
  3.6099995E+03  2.1784848E+06
  3.6299993E+03  2.1670682E+06
  3.6399993E+03  2.1496615E+06
  3.6499995E+03  2.3582405E+06
  3.6699993E+03  2.5186682E+06
  3.6899995E+03  2.2361448E+06
  3.7099995E+03  2.4215138E+06
  3.7299998E+03  1.4106809E+06
  3.7499993E+03  1.6639482E+06
  3.7699993E+03  2.2383085E+06
  3.7899995E+03  2.2407908E+06
  3.8099993E+03  1.9981046E+06
  3.8299998E+03  9.7878331E+05
  3.8499995E+03  1.3356012E+06
  3.8699995E+03  1.3449741E+06
  3.8899995E+03  2.0674872E+06
  3.9099995E+03  2.6081352E+06
  3.9299993E+03  1.2289459E+06
  3.9499993E+03  2.2762868E+06
  3.9699998E+03  1.5733682E+06
  3.9899995E+03  3.4367218E+06
  4.0099995E+03  3.6817935E+06
  4.0299993E+03  3.6713205E+06
  4.0499993E+03  3.4805752E+06
  4.0699993E+03  3.2861155E+06
  4.0899995E+03  4.0884578E+06
  4.1099995E+03  4.0532242E+06
  4.1299995E+03  3.8099808E+06
  4.1499990E+03  3.6987552E+06
  4.1699990E+03  3.8031012E+06
  4.1899995E+03  3.5999305E+06
  4.2099995E+03  3.7392525E+06
  4.2299995E+03  3.6420755E+06
  4.2499995E+03  3.6733692E+06
  4.2699990E+03  3.3958448E+06
  4.2899995E+03  3.1010098E+06
  4.3100000E+03  2.5569682E+06
  4.3299995E+03  4.0267595E+06
  4.3499995E+03  3.9273018E+06
  4.3699995E+03  4.2607340E+06
  4.3899995E+03  3.7720030E+06
  4.4099995E+03  4.1163810E+06
  4.4299995E+03  4.5267710E+06
  4.4499995E+03  4.4953040E+06
  4.4699995E+03  4.8347120E+06
  4.4899995E+03  4.9264705E+06
  4.5099990E+03  5.5857735E+06
  4.5299995E+03  4.9389890E+06
  4.5499990E+03  5.1564355E+06
  4.5699995E+03  5.5293535E+06
  4.5899990E+03  5.1991005E+06
  4.6099990E+03  5.3301145E+06
  4.6299990E+03  5.2307410E+06
  4.6499990E+03  5.2985700E+06
  4.6699990E+03  5.4952960E+06
  4.6899990E+03  5.3459355E+06
  4.7099995E+03  5.2437395E+06
  4.7299990E+03  5.4576290E+06
  4.7499995E+03  5.6047865E+06
  4.7699995E+03  5.6421630E+06
  4.7899990E+03  5.6276575E+06
  4.8099995E+03  5.5379650E+06
  4.8299995E+03  5.6953485E+06
  4.8499990E+03  5.3649940E+06
  4.8700000E+03  4.8643350E+06
  4.8899990E+03  5.3670705E+06
  4.9099990E+03  5.3717225E+06
  4.9299990E+03  5.2573905E+06
  4.9499995E+03  5.5500185E+06
  4.9699995E+03  5.5350295E+06
  4.9899990E+03  5.1288460E+06
  5.0099995E+03  4.8910560E+06
  5.0299995E+03  5.1859255E+06
  5.0499995E+03  5.2028385E+06
  5.0699995E+03  5.4697955E+06
  5.0899995E+03  5.1735885E+06
  5.1099990E+03  5.2809100E+06
  5.1299995E+03  5.1337360E+06
  5.1499985E+03  4.9122685E+06
  5.1700000E+03  4.3645325E+06
  5.1899990E+03  4.5242495E+06
  5.2099990E+03  5.0369690E+06
  5.2299995E+03  5.1697175E+06
  5.2499995E+03  5.3993970E+06
  5.2699995E+03  4.6932760E+06
  5.2899990E+03  5.3900755E+06
  5.3099995E+03  5.6797030E+06
  5.3299990E+03  5.0023505E+06
  5.3499995E+03  5.4851865E+06
  5.3699995E+03  5.4386565E+06
  5.3899995E+03  5.3497415E+06
  5.4099990E+03  5.1830875E+06
  5.4299990E+03  5.3149130E+06
  5.4499990E+03  5.5093530E+06
  5.4699995E+03  5.3974960E+06
  5.4899995E+03  5.4367385E+06
  5.5099995E+03  5.3642105E+06
  5.5299985E+03  5.4491665E+06
  5.5499990E+03  5.5223615E+06
  5.5699990E+03  5.3681455E+06
  5.5899995E+03  5.2420320E+06
  5.6099990E+03  5.4619665E+06
  5.6299995E+03  5.4294090E+06
  5.6499990E+03  5.4637370E+06
  5.6699990E+03  5.3250675E+06
  5.6899995E+03  5.4314045E+06
  5.7099995E+03  5.2848080E+06
  5.7299990E+03  5.6830850E+06
  5.7499990E+03  5.4690545E+06
  5.7699990E+03  5.5332740E+06
  5.7899995E+03  5.3450895E+06
  5.8099985E+03  5.5098010E+06
  5.8300000E+03  5.6253525E+06
  5.8499990E+03  5.4744510E+06
  5.8699985E+03  5.4937360E+06
  5.8899985E+03  5.0549120E+06
  5.9099995E+03  5.4146595E+06
  5.9299985E+03  5.4118390E+06
  5.9499995E+03  5.4246795E+06
  5.9699990E+03  5.4691515E+06
  5.9899990E+03  5.3936320E+06
  6.0099990E+03  5.2891645E+06
  6.0299995E+03  5.3594030E+06
  6.0499990E+03  5.4553615E+06
  6.0699990E+03  5.4073035E+06
  6.0899995E+03  5.2300420E+06
  6.1099985E+03  5.2172540E+06
  6.1299995E+03  4.9881645E+06
  6.1499985E+03  5.1134515E+06
  6.1699985E+03  4.9131115E+06
  6.1900000E+03  5.2022370E+06
  6.2099995E+03  5.1996535E+06
  6.2299985E+03  5.0397530E+06
  6.2499990E+03  4.8968315E+06
  6.2699985E+03  5.1107740E+06
  6.2900000E+03  5.1376450E+06
  6.3099985E+03  4.9896015E+06
  6.3299995E+03  5.0206445E+06
  6.3499985E+03  5.0346635E+06
  6.3699985E+03  5.0048625E+06
  6.3899995E+03  5.0519125E+06
  6.4099990E+03  4.9200380E+06
  6.4299985E+03  4.9849725E+06
  6.4499985E+03  4.9330065E+06
  6.4699990E+03  4.8950855E+06
  6.4899990E+03  4.8191670E+06
  6.5099985E+03  4.9401890E+06
  6.5299990E+03  4.9406305E+06
  6.5499985E+03  4.8053075E+06
  6.5699985E+03  4.4107515E+06
  6.5899995E+03  4.8236610E+06
  6.6099985E+03  4.8962615E+06
  6.6299990E+03  4.8490240E+06
  6.6499985E+03  4.8410290E+06
  6.6699995E+03  4.7674130E+06
  6.6899990E+03  4.8659710E+06
  6.7099995E+03  4.7219550E+06
  6.7299990E+03  4.8136240E+06
  6.7499995E+03  4.7490900E+06
  6.7699985E+03  4.7605275E+06
  6.7899995E+03  4.7206745E+06
  6.8099995E+03  4.6963995E+06
  6.8300000E+03  4.7284540E+06
  6.8499985E+03  4.5926565E+06
  6.8699985E+03  4.6557540E+06
  6.8899985E+03  4.6736815E+06
  6.9099990E+03  4.6254410E+06
  6.9299995E+03  4.6027030E+06
  6.9499990E+03  4.5720395E+06
  6.9699985E+03  4.5711205E+06
  6.9899985E+03  4.5507050E+06
  7.0099985E+03  4.4100070E+06
  7.0299985E+03  4.4836680E+06
  7.0499990E+03  4.5035915E+06
  7.0699980E+03  4.4465690E+06
  7.0899990E+03  4.4236895E+06
  7.1099990E+03  4.4402730E+06
  7.1299995E+03  4.3521840E+06
  7.1499990E+03  4.3259545E+06
  7.1699995E+03  4.3382755E+06
  7.1899985E+03  4.1940780E+06
  7.2099985E+03  4.2937525E+06
  7.2299980E+03  4.3101020E+06
  7.2499990E+03  4.3153815E+06
  7.2699995E+03  4.2945925E+06
  7.2899990E+03  4.1627428E+06
  7.3099980E+03  4.2312965E+06
  7.3299980E+03  4.2206485E+06
  7.3499980E+03  4.2180035E+06
  7.3699985E+03  4.2322475E+06
  7.3899995E+03  4.1156215E+06
  7.4099985E+03  4.0310675E+06
  7.4299995E+03  4.1181045E+06
  7.4500000E+03  4.1219525E+06
  7.4700000E+03  4.1427135E+06
  7.4899990E+03  4.1040338E+06
  7.5099985E+03  4.1040462E+06
  7.5299995E+03  4.1133682E+06
  7.5499980E+03  4.1182400E+06
  7.5699985E+03  4.0746158E+06
  7.5899990E+03  4.0527775E+06
  7.6099980E+03  4.0341710E+06
  7.6299995E+03  4.0421688E+06
  7.6499995E+03  4.0421112E+06
  7.6699980E+03  3.9101448E+06
  7.6899990E+03  4.0106820E+06
  7.7099995E+03  3.9411645E+06
  7.7299985E+03  3.9441258E+06
  7.7499990E+03  3.8906768E+06
  7.7700000E+03  3.9647732E+06
  7.7900000E+03  3.9461790E+06
  7.8099995E+03  3.9214860E+06
  7.8299980E+03  3.8749960E+06
  7.8499980E+03  3.8552760E+06
  7.8699995E+03  3.8872232E+06
  7.8900000E+03  3.8458752E+06
  7.9099995E+03  3.7698538E+06
  7.9300000E+03  3.7135380E+06
  7.9499985E+03  3.6908255E+06
  7.9699990E+03  3.7715480E+06
  7.9900000E+03  3.7685045E+06
  8.0099980E+03  3.7128360E+06
  8.0299985E+03  3.7097298E+06
  8.0500000E+03  3.6726565E+06
  8.0699985E+03  3.6856565E+06
  8.0899990E+03  3.6025248E+06
  8.1099995E+03  3.6297992E+06
  8.1299976E+03  3.6458202E+06
  8.1499976E+03  3.6210292E+06
  8.1699980E+03  3.6148355E+06
  8.1899985E+03  3.5035188E+06
  8.2099990E+03  3.5091618E+06
  8.2300000E+03  3.5089788E+06
  8.2500000E+03  3.5371525E+06
  8.2700000E+03  3.5645722E+06
  8.2899980E+03  3.5387898E+06
  8.3099990E+03  3.4519998E+06
  8.3299980E+03  3.4362040E+06
  8.3500000E+03  3.4448330E+06
  8.3699990E+03  3.4592580E+06
  8.3899990E+03  3.3650752E+06
  8.4099971E+03  3.4436892E+06
  8.4300000E+03  3.3632735E+06
  8.4499990E+03  3.4048832E+06
  8.4699980E+03  3.3666630E+06
  8.4899980E+03  3.3935735E+06
  8.5099990E+03  3.2376010E+06
  8.5299990E+03  3.3767315E+06
  8.5499990E+03  3.1749118E+06
  8.5699990E+03  3.3774458E+06
  8.5900000E+03  3.2970982E+06
  8.6099980E+03  3.2892200E+06
  8.6299990E+03  3.3205792E+06
  8.6499990E+03  3.3233675E+06
  8.6699990E+03  3.0750532E+06
  8.6899990E+03  3.1910225E+06
  8.7099971E+03  3.2366222E+06
  8.7299990E+03  3.2389610E+06
  8.7499980E+03  3.1851022E+06
  8.7699980E+03  3.2351498E+06
  8.7899980E+03  3.1978200E+06
  8.8099990E+03  3.1113350E+06
  8.8299980E+03  3.1637432E+06
  8.8499980E+03  3.1769255E+06
  8.8699980E+03  3.0941412E+06
  8.8899990E+03  3.1661805E+06
  8.9099971E+03  3.1793650E+06
  8.9299980E+03  3.1035822E+06
  8.9499980E+03  3.0954648E+06
  8.9699990E+03  3.1014348E+06
  8.9899990E+03  3.1042918E+06
  9.0099980E+03  2.9681508E+06
  9.0299990E+03  3.0648845E+06
  9.0499990E+03  3.1112420E+06
  9.0699980E+03  3.0573285E+06
  9.0899990E+03  2.9674285E+06
  9.1099980E+03  2.9882325E+06
  9.1299980E+03  3.0368010E+06
  9.1499980E+03  3.0156202E+06
  9.1699980E+03  3.0066022E+06
  9.1899990E+03  3.0281890E+06
  9.2099990E+03  2.9501192E+06
  9.2299980E+03  2.9301845E+06
  9.2499980E+03  2.9199928E+06
  9.2699971E+03  2.9410770E+06
  9.2899990E+03  2.9352355E+06
  9.3099980E+03  2.9466745E+06
  9.3299990E+03  2.9212438E+06
  9.3499980E+03  2.9097518E+06
  9.3699990E+03  2.8772612E+06
  9.3900000E+03  2.8921058E+06
  9.4099980E+03  2.7849495E+06
  9.4299971E+03  2.8673700E+06
  9.4499990E+03  2.8072368E+06
  9.4700000E+03  2.8526482E+06
  9.4899980E+03  2.8561160E+06
  9.5100000E+03  2.8284935E+06
  9.5300000E+03  2.8146845E+06
  9.5500000E+03  2.7457380E+06
  9.5699990E+03  2.7665242E+06
  9.5899980E+03  2.7994838E+06
  9.6099980E+03  2.7600225E+06
  9.6299990E+03  2.7373170E+06
  9.6499990E+03  2.7059162E+06
  9.6699980E+03  2.7050895E+06
  9.6899980E+03  2.7325320E+06
  9.7100000E+03  2.7051035E+06
  9.7299990E+03  2.6953080E+06
  9.7499980E+03  2.6715410E+06
  9.7699961E+03  2.6670488E+06
  9.7899980E+03  2.6390238E+06
  9.8099980E+03  2.6692218E+06
  9.8299990E+03  2.6534582E+06
  9.8499980E+03  2.6541105E+06
  9.8700000E+03  2.6245690E+06
  9.8899980E+03  2.6185108E+06
  9.9099990E+03  2.6094095E+06
  9.9300000E+03  2.6185462E+06
  9.9499980E+03  2.6104665E+06
  9.9699980E+03  2.6020500E+06
  9.9899990E+03  2.5851488E+06
  1.0024998E+04  2.5655930E+06
  1.0074998E+04  2.5231558E+06
  1.0124997E+04  2.5174438E+06
  1.0174997E+04  2.4740955E+06
  1.0224998E+04  2.4632905E+06
  1.0274997E+04  2.4561825E+06
  1.0325000E+04  2.4076070E+06
  1.0374999E+04  2.3833725E+06
  1.0425000E+04  2.3826802E+06
  1.0474998E+04  2.3461872E+06
  1.0524997E+04  2.3394910E+06
  1.0574999E+04  2.3066728E+06
  1.0625000E+04  2.2825775E+06
  1.0674997E+04  2.2358898E+06
  1.0724998E+04  2.2341850E+06
  1.0774999E+04  2.2027250E+06
  1.0824997E+04  2.1617515E+06
  1.0874997E+04  2.1522722E+06
  1.0924999E+04  2.1472615E+06
  1.0974996E+04  2.1155130E+06
  1.1025000E+04  2.1242300E+06
  1.1074998E+04  2.1152602E+06
  1.1124999E+04  2.0900492E+06
  1.1174998E+04  2.0639971E+06
  1.1224999E+04  2.0576701E+06
  1.1274997E+04  2.0141826E+06
  1.1325000E+04  2.0079796E+06
  1.1375000E+04  1.9874544E+06
  1.1425000E+04  1.9558390E+06
  1.1474997E+04  1.9742241E+06
  1.1525000E+04  1.9576978E+06
  1.1574998E+04  1.9263410E+06
  1.1625000E+04  1.8951698E+06
  1.1674998E+04  1.8889774E+06
  1.1724997E+04  1.8956466E+06
  1.1775001E+04  1.8545286E+06
  1.1824999E+04  1.8343259E+06
  1.1875000E+04  1.8122322E+06
  1.1925000E+04  1.8355869E+06
  1.1975001E+04  1.7651462E+06
  1.2024998E+04  1.7861659E+06
  1.2074996E+04  1.7609921E+06
  1.2125000E+04  1.7611805E+06
  1.2175000E+04  1.7636206E+06
  1.2225001E+04  1.7464758E+06
  1.2275001E+04  1.7256010E+06
  1.2324996E+04  1.7150276E+06
  1.2374996E+04  1.7020578E+06
  1.2424998E+04  1.6831395E+06
  1.2475000E+04  1.6786065E+06
  1.2524997E+04  1.6587000E+06
  1.2574997E+04  1.6487759E+06
  1.2624999E+04  1.6346780E+06
  1.2674997E+04  1.6139281E+06
  1.2724999E+04  1.6131815E+06
  1.2774999E+04  1.6062109E+06
  1.2825000E+04  1.5344802E+06
  1.2875001E+04  1.5679704E+06
  1.2924997E+04  1.5519848E+06
  1.2975001E+04  1.5546358E+06
  1.3024998E+04  1.5296664E+06
  1.3074999E+04  1.5307706E+06
  1.3125000E+04  1.5002782E+06
  1.3174998E+04  1.4900199E+06
  1.3224998E+04  1.4934648E+06
  1.3274997E+04  1.4652405E+06
  1.3324997E+04  1.4662954E+06
  1.3374999E+04  1.4513301E+06
  1.3424999E+04  1.4543146E+06
  1.3474999E+04  1.4393924E+06
  1.3525001E+04  1.4304374E+06
  1.3574999E+04  1.4026249E+06
  1.3624997E+04  1.3975041E+06
  1.3674997E+04  1.3910706E+06
  1.3724995E+04  1.3854939E+06
  1.3774998E+04  1.3736468E+06
  1.3824998E+04  1.3680258E+06
  1.3874996E+04  1.3556990E+06
  1.3925000E+04  1.3514589E+06
  1.3974996E+04  1.3427324E+06
  1.4024997E+04  1.3190406E+06
  1.4075001E+04  1.3233582E+06
  1.4124996E+04  1.3018842E+06
  1.4175000E+04  1.3093648E+06
  1.4225000E+04  1.2791755E+06
  1.4274994E+04  1.2573268E+06
  1.4325001E+04  1.2744131E+06
  1.4374998E+04  1.2749161E+06
  1.4424999E+04  1.2274749E+06
  1.4475000E+04  1.2523806E+06
  1.4524997E+04  1.2240065E+06
  1.4569999E+04  1.2286134E+06
  1.4620000E+04  1.2252824E+06
  1.4674998E+04  1.2194569E+06
  1.4725000E+04  1.1948912E+06
  1.4775002E+04  1.1904932E+06
  1.4824998E+04  1.1857340E+06
  1.4874996E+04  1.1558635E+06
  1.4924997E+04  1.1825655E+06
  1.4974999E+04  1.1605195E+06
  1.5024999E+04  1.1211678E+06
  1.5075000E+04  1.1204898E+06
  1.5124999E+04  1.1407769E+06
  1.5175000E+04  1.1370342E+06
  1.5225002E+04  1.1185914E+06
  1.5274998E+04  1.1222281E+06
  1.5324995E+04  1.1092711E+06
  1.5374997E+04  1.1061159E+06
  1.5425001E+04  1.1017110E+06
  1.5474996E+04  1.0924801E+06
  1.5524994E+04  1.0731068E+06
  1.5575001E+04  1.0618475E+06
  1.5624998E+04  1.0748454E+06
  1.5674997E+04  1.0413819E+06
  1.5724994E+04  1.0492744E+06
  1.5774996E+04  1.0069054E+06
  1.5825001E+04  1.0235984E+06
  1.5874995E+04  9.8291381E+05
  1.5925002E+04  1.0025389E+06
  1.5975001E+04  1.0102235E+06
  1.6049998E+04  9.9666588E+05
  1.6150001E+04  9.7495794E+05
  1.6249997E+04  9.7218369E+05
  1.6350000E+04  9.5085719E+05
  1.6449996E+04  9.2666331E+05
  1.6549998E+04  9.2410862E+05
  1.6649994E+04  9.0791881E+05
  1.6749998E+04  8.8037881E+05
  1.6849998E+04  8.5373250E+05
  1.6950000E+04  8.6068256E+05
  1.7049996E+04  8.3098306E+05
  1.7150000E+04  8.1938612E+05
  1.7249992E+04  7.9621531E+05
  1.7349994E+04  7.6606300E+05
  1.7449992E+04  7.6642644E+05
  1.7550000E+04  7.5564931E+05
  1.7649998E+04  7.4182631E+05
  1.7749994E+04  7.2559981E+05
  1.7849994E+04  7.1570719E+05
  1.7949998E+04  7.0124194E+05
  1.8050002E+04  6.8539888E+05
  1.8150002E+04  6.6112456E+05
  1.8249994E+04  6.5559644E+05
  1.8349992E+04  6.4597562E+05
  1.8449992E+04  6.2811300E+05
  1.8549998E+04  6.2215794E+05
  1.8650002E+04  6.0309112E+05
  1.8750002E+04  5.7614356E+05
  1.8850000E+04  5.8552669E+05
  1.8950004E+04  5.6149694E+05
  1.9049996E+04  5.6664269E+05
  1.9149998E+04  5.5447350E+05
  1.9249992E+04  5.4503762E+05
  1.9350000E+04  5.2958800E+05
  1.9449992E+04  5.0930862E+05
  1.9550002E+04  5.1500297E+05
  1.9649992E+04  5.0445756E+05
  1.9749992E+04  4.9370231E+05
  1.9849992E+04  4.8684747E+05
  1.9950002E+04  4.7913878E+05
  2.0050002E+04  4.7422131E+05
  2.0149996E+04  4.6799541E+05
  2.0249994E+04  4.5439966E+05
  2.0349994E+04  4.4426812E+05
  2.0449996E+04  4.4318584E+05
  2.0550000E+04  4.3441353E+05
  2.0649992E+04  4.2399694E+05
  2.0749998E+04  4.1837988E+05
  2.0849992E+04  4.1149938E+05
  2.0950004E+04  4.0116803E+05
  2.1050002E+04  3.9849634E+05
  2.1149992E+04  3.9093903E+05
  2.1250000E+04  3.8413941E+05
  2.1350002E+04  3.7907809E+05
  2.1449996E+04  3.7285816E+05
  2.1550006E+04  3.6669597E+05
  2.1649994E+04  3.5139722E+05
  2.1750002E+04  3.5173288E+05
  2.1849998E+04  3.4662703E+05
  2.1950002E+04  3.4300659E+05
  2.2050000E+04  3.3396722E+05
  2.2149996E+04  3.3191844E+05
  2.2249998E+04  3.2508341E+05
  2.2350004E+04  3.1991062E+05
  2.2449990E+04  3.1499684E+05
  2.2549994E+04  3.1011250E+05
  2.2650000E+04  3.0410494E+05
  2.2750000E+04  3.0104431E+05
  2.2850000E+04  2.9423016E+05
  2.2950004E+04  2.7886825E+05
  2.3050000E+04  2.8148838E+05
  2.3149996E+04  2.7777541E+05
  2.3250000E+04  2.6047673E+05
  2.3349996E+04  2.6432419E+05
  2.3449994E+04  2.6436288E+05
  2.3550002E+04  2.4599616E+05
  2.3649988E+04  2.5239381E+05
  2.3750000E+04  2.5047966E+05
  2.3849990E+04  2.3429659E+05
  2.3950002E+04  2.3931236E+05
  2.4050006E+04  2.3826425E+05
  2.4149992E+04  2.2583098E+05
  2.4249990E+04  2.2760475E+05
  2.4349990E+04  2.2625380E+05
  2.4450002E+04  2.1852688E+05
  2.4549990E+04  2.1495650E+05
  2.4649992E+04  2.1733280E+05
  2.4749992E+04  2.1123200E+05
  2.4850006E+04  2.0494128E+05
  2.4950000E+04  2.0631570E+05
  2.5050006E+04  2.0604653E+05
  2.5149994E+04  1.9793127E+05
  2.5249998E+04  1.9891328E+05
  2.5350004E+04  1.9659656E+05
  2.5449988E+04  1.9227461E+05
  2.5549998E+04  1.8976239E+05
  2.5649990E+04  1.8758719E+05
  2.5749990E+04  1.8690575E+05
  2.5849994E+04  1.8021358E+05
  2.5949990E+04  1.8056164E+05
  2.6049996E+04  1.7901141E+05
  2.6149998E+04  1.7579380E+05
  2.6249988E+04  1.7026911E+05
  2.6350008E+04  1.7111677E+05
  2.6449996E+04  1.6864077E+05
  2.6549994E+04  1.6644822E+05
  2.6649994E+04  1.6292053E+05
  2.6749988E+04  1.6305259E+05
  2.6849986E+04  1.6147975E+05
  2.6949986E+04  1.5870158E+05
  2.7050002E+04  1.5712341E+05
  2.7149998E+04  1.5498175E+05
  2.7249994E+04  1.5302450E+05
  2.7350006E+04  1.5094545E+05
  2.7450004E+04  1.4948272E+05
  2.7549996E+04  1.4683609E+05
  2.7649982E+04  1.4481022E+05
  2.7750004E+04  1.4301969E+05
  2.7850000E+04  1.4149419E+05
  2.7949992E+04  1.4012677E+05
  2.8049994E+04  1.3816698E+05
  2.8150002E+04  1.3639306E+05
  2.8250006E+04  1.3456052E+05
  2.8350000E+04  1.3318641E+05
  2.8450000E+04  1.3098111E+05
  2.8550002E+04  1.2951512E+05
  2.8650002E+04  1.2771302E+05
  2.8749982E+04  1.2549996E+05
  2.8849998E+04  1.2458605E+05
  2.8949986E+04  1.2313809E+05
  2.9049994E+04  1.2154620E+05
  2.9149986E+04  1.2009748E+05
  2.9249984E+04  1.1801395E+05
  2.9349980E+04  1.1706248E+05
  2.9450000E+04  1.1522184E+05
  2.9550004E+04  1.1405501E+05
  2.9649982E+04  1.1281145E+05
  2.9749992E+04  1.1139023E+05
  2.9849994E+04  1.0994326E+05
  2.9949984E+04  1.0839559E+05
  3.0049996E+04  1.0708285E+05
  3.0149994E+04  1.0599659E+05
  3.0249994E+04  1.0448176E+05
  3.0349996E+04  1.0239970E+05
  3.0449996E+04  1.0187450E+05
  3.0549996E+04  1.0071216E+05
  3.0649996E+04  9.9346242E+04
  3.0749994E+04  9.8442172E+04
  3.0849996E+04  9.6918312E+04
  3.0949994E+04  9.5821094E+04
  3.1049996E+04  9.4946969E+04
  3.1149996E+04  9.3014383E+04
  3.1249996E+04  9.2551203E+04
  3.1349996E+04  9.1563062E+04
  3.1449996E+04  9.0463703E+04
  3.1549998E+04  8.9032016E+04
  3.1649996E+04  8.8120547E+04
  3.1749998E+04  8.7196328E+04
  3.1849996E+04  8.6181727E+04
  3.1949994E+04  8.5299891E+04
  3.2099996E+04  8.3619758E+04
  3.2299992E+04  8.1731625E+04
  3.2499994E+04  7.9787180E+04
  3.2699996E+04  7.7908695E+04
  3.2899996E+04  7.5714852E+04
  3.3099996E+04  7.4304039E+04
  3.3299992E+04  7.2527484E+04
  3.3499996E+04  7.1110156E+04
  3.3699996E+04  6.9439320E+04
  3.3899996E+04  6.7747117E+04
  3.4099996E+04  6.6164234E+04
  3.4299996E+04  6.4981812E+04
  3.4499992E+04  6.3660867E+04
  3.4699996E+04  6.2209504E+04
  3.4899996E+04  6.0883035E+04
  3.5099996E+04  5.9622422E+04
  3.5299996E+04  5.8201961E+04
  3.5499996E+04  5.7066730E+04
  3.5699992E+04  5.5775867E+04
  3.5899992E+04  5.4586137E+04
  3.6099996E+04  5.3578250E+04
  3.6299992E+04  5.2457707E+04
  3.6499992E+04  5.1191594E+04
  3.6699992E+04  5.0089742E+04
  3.6899992E+04  4.8790125E+04
  3.7099996E+04  4.7750930E+04
  3.7299996E+04  4.6991109E+04
  3.7499992E+04  4.5615184E+04
  3.7699996E+04  4.5145730E+04
  3.7899996E+04  4.4195801E+04
  3.8099992E+04  4.3421598E+04
  3.8299996E+04  4.2661094E+04
  3.8499996E+04  4.1858102E+04
  3.8699996E+04  4.0908398E+04
  3.8899992E+04  4.0142781E+04
  3.9099996E+04  3.9437445E+04
  3.9299992E+04  3.8678512E+04
  3.9499992E+04  3.7773523E+04
  3.9699992E+04  3.7130961E+04
  3.9900000E+04  3.6205895E+04
  4.0099996E+04  3.5648848E+04
  4.0299992E+04  3.5089453E+04
  4.0499996E+04  3.4215473E+04
  4.0699992E+04  3.3739027E+04
  4.0899992E+04  3.3135113E+04
  4.1099996E+04  3.2550240E+04
  4.1299996E+04  3.1992793E+04
  4.1499992E+04  3.1335184E+04
  4.1699992E+04  3.0771016E+04
  4.1899996E+04  3.0177529E+04
  4.2099996E+04  2.9500389E+04
  4.2299992E+04  2.9201033E+04
  4.2499996E+04  2.8570184E+04
  4.2699992E+04  2.8135814E+04
  4.2899992E+04  2.6744143E+04
  4.3099996E+04  2.5632559E+04
  4.3299996E+04  2.5607297E+04
  4.3499992E+04  2.4287318E+04
  4.3699996E+04  2.3724227E+04
  4.3899996E+04  2.3432318E+04
  4.4099992E+04  2.2172281E+04
  4.4299992E+04  2.2051238E+04
  4.4499996E+04  2.1729807E+04
  4.4699996E+04  2.0683562E+04
  4.4899996E+04  2.0828602E+04
  4.5099992E+04  2.0322004E+04
  4.5299992E+04  1.9515096E+04
  4.5499996E+04  1.9571377E+04
  4.5699992E+04  1.9407666E+04
  4.5899996E+04  1.8564764E+04
  4.6099996E+04  1.8668162E+04
  4.6299992E+04  1.8336762E+04
  4.6499988E+04  1.8095738E+04
  4.6699992E+04  1.7927250E+04
  4.6899992E+04  1.7692471E+04
  4.7099992E+04  1.7323463E+04
  4.7299992E+04  1.7333877E+04
  4.7499996E+04  1.6961127E+04
  4.7699992E+04  1.6691703E+04
  4.7899992E+04  1.6483645E+04
  4.8099996E+04  1.6098525E+04
  4.8299992E+04  1.6152002E+04
  4.8499992E+04  1.5830398E+04
  4.8700000E+04  1.5510976E+04
  4.8899992E+04  1.5331266E+04
  4.9099988E+04  1.5092550E+04
  4.9299988E+04  1.4853005E+04
  4.9499996E+04  1.4607141E+04
  4.9699992E+04  1.4445131E+04
  4.9899988E+04  1.4204146E+04
  5.0099996E+04  1.4087960E+04
  5.0299996E+04  1.3887852E+04
  5.0499996E+04  1.3568741E+04
  5.0699996E+04  1.3426436E+04
  5.0899992E+04  1.3289434E+04
  5.1099992E+04  1.3002378E+04
  5.1299996E+04  1.2898760E+04
  5.1499988E+04  1.2676331E+04
  5.1699996E+04  1.2624389E+04
  5.1899992E+04  1.2359167E+04
  5.2099992E+04  1.2201866E+04
  5.2299996E+04  1.1993991E+04
  5.2499996E+04  1.1915221E+04
  5.2699996E+04  1.1814375E+04
  5.2899992E+04  1.1517891E+04
  5.3099988E+04  1.1397487E+04
  5.3299988E+04  1.1268086E+04
  5.3499992E+04  1.1133583E+04
  5.3699992E+04  1.0992540E+04
  5.3899992E+04  1.0859894E+04
  5.4099992E+04  1.0711654E+04
  5.4299984E+04  1.0499118E+04
  5.4499988E+04  1.0439450E+04
  5.4699996E+04  1.0287450E+04
  5.4899992E+04  1.0145387E+04
  5.5099992E+04  1.0027446E+04
  5.5299988E+04  9.9911436E+03
  5.5499988E+04  9.7354385E+03
  5.5699992E+04  9.7165283E+03
  5.5899992E+04  9.5313838E+03
  5.6099988E+04  9.4284736E+03
  5.6299996E+04  9.2731738E+03
  5.6499988E+04  9.2197988E+03
  5.6699988E+04  9.1007314E+03
  5.6899992E+04  8.9258574E+03
  5.7099996E+04  8.8823867E+03
  5.7299988E+04  8.7581875E+03
  5.7499988E+04  8.6533818E+03
  5.7699988E+04  8.5232266E+03
  5.7899996E+04  8.4563525E+03
  5.8099988E+04  8.3149795E+03
  5.8299996E+04  8.2215586E+03
  5.8499992E+04  8.1348384E+03
  5.8699988E+04  8.0003413E+03
  5.8899988E+04  7.9027725E+03
  5.9099992E+04  7.8247832E+03
  5.9299988E+04  7.7345952E+03
  5.9499996E+04  7.6175566E+03
  5.9699988E+04  7.5545562E+03
  5.9899992E+04  7.4601982E+03
  6.0099992E+04  7.3674482E+03
  6.0299992E+04  7.2795962E+03
  6.0499988E+04  7.1741152E+03
  6.0699992E+04  7.0858125E+03
  6.0899992E+04  7.0000376E+03
  6.1099988E+04  6.8991875E+03
  6.1299992E+04  6.8350918E+03
  6.1499988E+04  6.7588359E+03
  6.1699988E+04  6.6838174E+03
  6.1899996E+04  6.6085425E+03
  6.2099996E+04  6.5325366E+03
  6.2299988E+04  6.4344634E+03
  6.2499992E+04  6.3538057E+03
  6.2699988E+04  6.2818086E+03
  6.2899996E+04  6.2136421E+03
  6.3099984E+04  6.1309829E+03
  6.3299996E+04  6.0790425E+03
  6.3499984E+04  5.9973662E+03
  6.3699984E+04  5.9375757E+03
  6.3900000E+04  5.8577446E+03
  6.4199992E+04  5.7573359E+03
  6.4599984E+04  5.6186436E+03
  6.4999992E+04  5.4884438E+03
  6.5399992E+04  5.3643481E+03
  6.5799992E+04  5.2455527E+03
  6.6199984E+04  5.1211484E+03
  6.6599984E+04  5.0061392E+03
  6.6999992E+04  4.8918232E+03
  6.7399992E+04  4.7775396E+03
  6.7799992E+04  4.6723252E+03
  6.8199992E+04  4.5664888E+03
  6.8599992E+04  4.4655981E+03
  6.8999984E+04  4.3651509E+03
  6.9399984E+04  4.2675762E+03
  6.9800000E+04  4.1756553E+03
  7.0199992E+04  4.0791272E+03
  7.0599984E+04  3.9938088E+03
  7.0999977E+04  3.9071594E+03
  7.1399977E+04  3.8228601E+03
  7.1799984E+04  3.7401174E+03
  7.2199984E+04  3.6599814E+03
  7.2600000E+04  3.5809492E+03
  7.2999984E+04  3.5063967E+03
  7.3400000E+04  3.4303127E+03
  7.3799984E+04  3.3603044E+03
  7.4199992E+04  3.2873584E+03
  7.4599992E+04  3.2152378E+03
  7.5000000E+04  3.1518989E+03
  7.5399992E+04  3.0868052E+03
  7.5799992E+04  3.0265115E+03
  7.6199984E+04  2.9645215E+03
  7.6599992E+04  2.9046833E+03
  7.6999992E+04  2.8449734E+03
  7.7399992E+04  2.7887915E+03
  7.7799984E+04  2.7334263E+03
  7.8199984E+04  2.6787974E+03
  7.8599984E+04  2.6259897E+03
  7.8999984E+04  2.5742327E+03
  7.9399984E+04  2.5234421E+03
  7.9800000E+04  2.4746611E+03
  8.0199992E+04  2.4253799E+03
  8.0599984E+04  2.3780542E+03
  8.0999992E+04  2.3337236E+03
  8.1399977E+04  2.2873633E+03
  8.1799984E+04  2.2450037E+03
  8.2199984E+04  2.2029683E+03
  8.2599992E+04  2.1609214E+03
  8.2999984E+04  2.1206758E+03
  8.3400000E+04  2.0798538E+03
  8.3799992E+04  2.0414841E+03
  8.4199992E+04  2.0044918E+03
  8.4599977E+04  1.9673701E+03
  8.4999977E+04  1.9313250E+03
  8.5399984E+04  1.8959700E+03
  8.5799984E+04  1.8617014E+03
  8.6199992E+04  1.8278333E+03
  8.6599992E+04  1.7951632E+03
  8.6999984E+04  1.7630154E+03
  8.7399992E+04  1.7314781E+03
  8.7799992E+04  1.7006365E+03
  8.8199984E+04  1.6696526E+03
  8.8599977E+04  1.6404534E+03
  8.8999992E+04  1.6111868E+03
  8.9399977E+04  1.5838862E+03
  8.9799977E+04  1.5553247E+03
  9.0199984E+04  1.5292902E+03
  9.0599984E+04  1.5034242E+03
  9.0999992E+04  1.4763151E+03
  9.1400000E+04  1.4516062E+03
  9.1799969E+04  1.4272717E+03
  9.2199969E+04  1.4033922E+03
  9.2599984E+04  1.3795630E+03
  9.3000000E+04  1.3564392E+03
  9.3399984E+04  1.3335315E+03
  9.3799984E+04  1.3113922E+03
  9.4199977E+04  1.2896227E+03
  9.4599984E+04  1.2680890E+03
  9.4999969E+04  1.2472063E+03
  9.5399984E+04  1.2267103E+03
  9.5799984E+04  1.2068822E+03
  9.6199992E+04  1.1870150E+03
  9.6599984E+04  1.1679601E+03
  9.7000000E+04  1.1491377E+03
  9.7399977E+04  1.1295133E+03
  9.7799984E+04  1.1120608E+03
  9.8199977E+04  1.0946594E+03
  9.8599977E+04  1.0773094E+03
  9.8999992E+04  1.0603569E+03
  9.9399984E+04  1.0434136E+03
  9.9799977E+04  1.0270854E+03
  1.0019999E+05  1.0110214E+03
  1.9999991E+05  6.5552551E+01
  3.9999994E+05  4.1202831E+00
  5.9999981E+05  8.1032187E-01
  7.9999994E+05  2.5492465E-01
