  9.2499988E+02  5.5724581E-09
  9.3499982E+02  7.7973175E-09
  9.4500000E+02  1.2260988E-08
  9.5500000E+02  1.9437568E-08
  9.6499988E+02  3.0777848E-08
  9.7499982E+02  4.2598337E-08
  9.8499976E+02  6.3660920E-08
  9.9499988E+02  9.0607735E-08
  1.0049999E+03  1.4469177E-07
  1.0149997E+03  2.0782359E-07
  1.0249998E+03  2.2679471E-07
  1.0349998E+03  4.3207950E-07
  1.0449998E+03  6.3639544E-07
  1.0549999E+03  8.1667679E-07
  1.0649999E+03  1.1776386E-06
  1.0750000E+03  1.6535990E-06
  1.0849996E+03  2.2952654E-06
  1.0949999E+03  2.8724121E-06
  1.1049999E+03  4.2340725E-06
  1.1149999E+03  5.9954259E-06
  1.1249999E+03  8.4790063E-06
  1.1349996E+03  1.2484128E-05
  1.1449999E+03  1.7115022E-05
  1.1549999E+03  2.1907155E-05
  1.1650000E+03  3.0241899E-05
  1.1749995E+03  4.0360435E-05
  1.1849996E+03  4.9195518E-05
  1.1949998E+03  5.3153271E-05
  1.2049996E+03  6.1311497E-05
  1.2149998E+03  1.8656168E-05
  1.2249996E+03  9.1548216E-05
  1.2349996E+03  1.5343253E-04
  1.2449998E+03  1.9879280E-04
  1.2549996E+03  2.4045962E-04
  1.2650000E+03  2.8484073E-04
  1.2749998E+03  3.5149016E-04
  1.2849995E+03  3.9329159E-04
  1.2949998E+03  4.8999290E-04
  1.3049995E+03  5.4476206E-04
  1.3149998E+03  7.0424029E-04
  1.3249998E+03  7.4311247E-04
  1.3349996E+03  8.5259485E-04
  1.3449995E+03  1.0432599E-03
  1.3549996E+03  1.3038977E-03
  1.3649999E+03  1.4012657E-03
  1.3749999E+03  1.5681261E-03
  1.3849996E+03  1.7485401E-03
  1.3949999E+03  2.0067652E-03
  1.4050001E+03  2.5972107E-03
  1.4149998E+03  3.0590605E-03
  1.4249998E+03  3.6311094E-03
  1.4350000E+03  4.5314622E-03
  1.4419998E+03  6.0531269E-03
  1.4469999E+03  5.3663268E-03
  1.4549994E+03  6.4858934E-03
  1.4650000E+03  8.8156117E-03
  1.4749995E+03  1.0297536E-02
  1.4849996E+03  1.1195777E-02
  1.4949998E+03  1.5497970E-02
  1.5049996E+03  1.9786173E-02
  1.5119995E+03  1.3868053E-02
  1.5169994E+03  1.9112600E-02
  1.5250001E+03  7.6419786E-02
  1.5349994E+03  1.5231778E-01
  1.5449994E+03  1.1734323E-01
  1.5549998E+03  2.2966772E-01
  1.5649999E+03  2.1531340E-01
  1.5750001E+03  6.4228928E-01
  1.5850000E+03  8.1686163E-01
  1.5949996E+03  9.8670846E-01
  1.6049999E+03  1.0223027E+00
  1.6150000E+03  1.1197596E+00
  1.6249996E+03  1.3164707E+00
  1.6350000E+03  1.7012863E+00
  1.6449996E+03  2.6567380E+00
  1.6549999E+03  1.6454241E+00
  1.6649993E+03  3.2703290E+00
  1.6720000E+03  2.0083287E+00
  1.6770001E+03  1.6906794E+01
  1.6849998E+03  1.8902834E+01
  1.6950000E+03  2.5324684E+01
  1.7049995E+03  2.6614737E+01
  1.7150000E+03  2.5823643E+01
  1.7249993E+03  3.6920971E+01
  1.7349994E+03  4.7310905E+01
  1.7449993E+03  6.9955521E+01
  1.7550001E+03  1.0191766E+02
  1.7649998E+03  1.0028963E+02
  1.7749995E+03  1.0218325E+02
  1.7849995E+03  1.4232321E+02
  1.7949999E+03  1.7878897E+02
  1.8050001E+03  2.0110771E+02
  1.8150001E+03  1.9025201E+02
  1.8249994E+03  2.6740784E+02
  1.8349993E+03  2.7323926E+02
  1.8449993E+03  1.9428629E+02
  1.8549998E+03  2.9621671E+02
  1.8650002E+03  3.6494586E+02
  1.8750001E+03  4.0691711E+02
  1.8850000E+03  4.5036520E+02
  1.8950002E+03  6.2388672E+02
  1.9049996E+03  6.1043018E+02
  1.9149999E+03  6.7964972E+02
  1.9249993E+03  7.1664850E+02
  1.9350001E+03  4.7584833E+02
  1.9449993E+03  9.7664203E+02
  1.9550002E+03  1.0350724E+03
  1.9670002E+03  1.4143955E+03
  1.9759990E+03  1.4061737E+03
  1.9839996E+03  1.6569055E+03
  1.9950001E+03  1.6928265E+03
  2.0050002E+03  1.7146864E+03
  2.0149996E+03  1.8953452E+03
  2.0249994E+03  1.5344486E+03
  2.0349995E+03  2.1834966E+03
  2.0449998E+03  2.5607251E+03
  2.0550000E+03  2.7280195E+03
  2.0649993E+03  2.7506086E+03
  2.0739993E+03  3.0150212E+03
  2.0780002E+03  5.8954331E+03
  2.0849993E+03  7.4526411E+03
  2.0950005E+03  7.1431187E+03
  2.1050002E+03  7.6944570E+03
  2.1149990E+03  8.8068457E+03
  2.1250000E+03  7.6210513E+03
  2.1350002E+03  8.6004600E+03
  2.1449998E+03  1.0861416E+04
  2.1550005E+03  1.0408771E+04
  2.1649995E+03  1.0180229E+04
  2.1750002E+03  1.0375112E+04
  2.1849998E+03  1.3003544E+04
  2.1950000E+03  1.3655524E+04
  2.2050000E+03  1.3974384E+04
  2.2149998E+03  1.1005078E+04
  2.2249998E+03  1.4208274E+04
  2.2350005E+03  2.0716734E+04
  2.2449990E+03  2.0171580E+04
  2.2549993E+03  1.6488020E+04
  2.2650000E+03  1.3912073E+04
  2.2750000E+03  1.7515424E+04
  2.2850000E+03  2.5636367E+04
  2.2950002E+03  2.1291354E+04
  2.3050000E+03  2.4373014E+04
  2.3149995E+03  2.1053715E+04
  2.3250000E+03  2.0471557E+04
  2.3349995E+03  1.9468121E+04
  2.3449993E+03  1.3329130E+04
  2.3550000E+03  2.3855121E+04
  2.3649988E+03  1.5673581E+04
  2.3750000E+03  2.0607818E+04
  2.3849990E+03  1.2785775E+04
  2.3950000E+03  1.6759160E+04
  2.4050005E+03  1.7918834E+04
  2.4149993E+03  1.9259680E+04
  2.4249990E+03  3.4985707E+04
  2.4349990E+03  3.9726730E+04
  2.4450000E+03  4.8882449E+04
  2.4549990E+03  5.3124367E+04
  2.4649990E+03  4.0023645E+04
  2.4749993E+03  3.4710656E+04
  2.4850005E+03  1.2795028E+04
  2.4950000E+03  2.3374297E+04
  2.5050005E+03  4.0895316E+04
  2.5129988E+03  1.9103420E+04
  2.5179990E+03  1.1998402E+04
  2.5249998E+03  1.4407225E+04
  2.5350007E+03  3.9040254E+04
  2.5449988E+03  4.4285918E+04
  2.5550000E+03  1.4193800E+05
  2.5649990E+03  7.3878203E+04
  2.5749990E+03  1.0526516E+05
  2.5849993E+03  8.3761406E+04
  2.5949990E+03  6.8364477E+04
  2.6049995E+03  5.5876883E+04
  2.6149998E+03  5.1142672E+04
  2.6249990E+03  7.3852711E+04
  2.6350007E+03  1.9304284E+05
  2.6449995E+03  3.1274231E+05
  2.6549998E+03  5.4208969E+05
  2.6649995E+03  2.8032366E+05
  2.6749988E+03  3.1413291E+05
  2.6849988E+03  4.0601172E+05
  2.6949988E+03  2.7203238E+05
  2.7050000E+03  3.8430031E+05
  2.7150000E+03  2.2855766E+05
  2.7249995E+03  1.2201575E+05
  2.7350007E+03  1.9541672E+05
  2.7450002E+03  9.3370453E+04
  2.7549998E+03  1.4708425E+05
  2.7649983E+03  2.1807520E+05
  2.7750005E+03  2.3164256E+05
  2.7850000E+03  1.2425612E+05
  2.7949993E+03  4.0609125E+04
  2.8049995E+03  5.3531559E+04
  2.8150002E+03  1.9058609E+05
  2.8250007E+03  3.2217103E+05
  2.8350000E+03  3.1195262E+05
  2.8450002E+03  1.6978995E+05
  2.8550005E+03  6.8284070E+04
  2.8650000E+03  2.9711428E+05
  2.8749983E+03  5.5368562E+05
  2.8850000E+03  4.8720947E+05
  2.8949988E+03  6.6261900E+05
  2.9099988E+03  9.5783800E+05
  2.9299983E+03  9.2286512E+05
  2.9499990E+03  9.0610794E+05
  2.9700005E+03  9.8581194E+05
  2.9899980E+03  1.0733835E+06
  3.0099995E+03  1.0663591E+06
  3.0299995E+03  1.1657064E+06
  3.0499995E+03  1.2067204E+06
  3.0699995E+03  1.1715026E+06
  3.0899995E+03  1.0814590E+06
  3.1099995E+03  1.2563482E+06
  3.1299998E+03  1.0920256E+06
  3.1499995E+03  1.0816579E+06
  3.1699995E+03  1.2662991E+06
  3.1899995E+03  1.0775438E+06
  3.2099998E+03  1.2065286E+06
  3.2299993E+03  9.9031981E+05
  3.2499993E+03  1.5078244E+06
  3.2699995E+03  1.7405000E+06
  3.2899995E+03  1.6571371E+06
  3.3099998E+03  1.5301634E+06
  3.3299993E+03  1.6142359E+06
  3.3499995E+03  1.5486258E+06
  3.3699995E+03  1.1116329E+06
  3.3899993E+03  1.3116048E+06
  3.4099993E+03  1.4075211E+06
  3.4299995E+03  1.4875400E+06
  3.4499993E+03  1.7426106E+06
  3.4699998E+03  1.7755506E+06
  3.4899993E+03  1.9548209E+06
  3.5099995E+03  2.0246486E+06
  3.5299995E+03  1.7953391E+06
  3.5499995E+03  1.9592514E+06
  3.5699995E+03  1.4096639E+06
  3.5899995E+03  1.5430211E+06
  3.6099995E+03  1.9753188E+06
  3.6299993E+03  2.0161681E+06
  3.6399993E+03  2.0036839E+06
  3.6499995E+03  2.2204418E+06
  3.6699993E+03  2.2724432E+06
  3.6899995E+03  2.1844882E+06
  3.7099995E+03  2.5113170E+06
  3.7299998E+03  1.6702774E+06
  3.7499993E+03  1.8816701E+06
  3.7699993E+03  2.2558822E+06
  3.7899995E+03  2.2098428E+06
  3.8099993E+03  2.0318431E+06
  3.8299998E+03  1.1485955E+06
  3.8499995E+03  1.3205039E+06
  3.8699995E+03  1.3616261E+06
  3.8899995E+03  2.1703838E+06
  3.9099995E+03  2.5990175E+06
  3.9299993E+03  1.1502326E+06
  3.9499993E+03  2.1403948E+06
  3.9699998E+03  1.4290896E+06
  3.9899995E+03  3.2739132E+06
  4.0099995E+03  3.5676968E+06
  4.0299993E+03  3.6161130E+06
  4.0499993E+03  3.4628900E+06
  4.0699993E+03  3.3163632E+06
  4.0899995E+03  3.9938690E+06
  4.1099995E+03  4.0179870E+06
  4.1299995E+03  3.7428365E+06
  4.1499990E+03  3.6939428E+06
  4.1699990E+03  3.6982418E+06
  4.1899995E+03  3.5861970E+06
  4.2099995E+03  3.7488178E+06
  4.2299995E+03  3.7595615E+06
  4.2499995E+03  3.7578412E+06
  4.2699990E+03  3.5055610E+06
  4.2899995E+03  3.1656955E+06
  4.3100000E+03  2.5551432E+06
  4.3299995E+03  4.0100818E+06
  4.3499995E+03  3.8719540E+06
  4.3699995E+03  4.2104295E+06
  4.3899995E+03  3.7958518E+06
  4.4099995E+03  4.1601595E+06
  4.4299995E+03  4.4808905E+06
  4.4499995E+03  4.4739970E+06
  4.4699995E+03  4.7983225E+06
  4.4899995E+03  4.8705960E+06
  4.5099990E+03  5.5113160E+06
  4.5299995E+03  4.8978655E+06
  4.5499990E+03  5.0578050E+06
  4.5699995E+03  5.4467370E+06
  4.5899990E+03  5.1068310E+06
  4.6099990E+03  5.2771115E+06
  4.6299990E+03  5.1358410E+06
  4.6499990E+03  5.2337555E+06
  4.6699990E+03  5.3824950E+06
  4.6899990E+03  5.2435140E+06
  4.7099995E+03  5.1566210E+06
  4.7299990E+03  5.3909475E+06
  4.7499995E+03  5.5934325E+06
  4.7699995E+03  5.6383545E+06
  4.7899990E+03  5.6099240E+06
  4.8099995E+03  5.4920460E+06
  4.8299995E+03  5.6687035E+06
  4.8499990E+03  5.3172670E+06
  4.8700000E+03  4.8622700E+06
  4.8899990E+03  5.4099230E+06
  4.9099990E+03  5.3732850E+06
  4.9299990E+03  5.3057510E+06
  4.9499995E+03  5.6258185E+06
  4.9699995E+03  5.5496710E+06
  4.9899990E+03  5.1394370E+06
  5.0099995E+03  4.9215255E+06
  5.0299995E+03  5.2043895E+06
  5.0499995E+03  5.2672460E+06
  5.0699995E+03  5.5298860E+06
  5.0899995E+03  5.2125590E+06
  5.1099990E+03  5.3285205E+06
  5.1299995E+03  5.1530620E+06
  5.1499985E+03  4.9886880E+06
  5.1700000E+03  4.7329645E+06
  5.1899990E+03  4.8712465E+06
  5.2099990E+03  5.1639620E+06
  5.2299995E+03  5.2325230E+06
  5.2499995E+03  5.3701460E+06
  5.2699995E+03  4.7876870E+06
  5.2899990E+03  5.3942490E+06
  5.3099995E+03  5.6453645E+06
  5.3299990E+03  5.0595055E+06
  5.3499995E+03  5.5041395E+06
  5.3699995E+03  5.5067210E+06
  5.3899995E+03  5.3904600E+06
  5.4099990E+03  5.2371495E+06
  5.4299990E+03  5.3609110E+06
  5.4499990E+03  5.5995335E+06
  5.4699995E+03  5.4139900E+06
  5.4899995E+03  5.4226135E+06
  5.5099995E+03  5.3668160E+06
  5.5299985E+03  5.4476880E+06
  5.5499990E+03  5.5193035E+06
  5.5699990E+03  5.4039675E+06
  5.5899995E+03  5.2778395E+06
  5.6099990E+03  5.4972790E+06
  5.6299995E+03  5.4315480E+06
  5.6499990E+03  5.4576005E+06
  5.6699990E+03  5.3091310E+06
  5.6899995E+03  5.4479280E+06
  5.7099995E+03  5.3050290E+06
  5.7299990E+03  5.7186550E+06
  5.7499990E+03  5.4813605E+06
  5.7699990E+03  5.5565845E+06
  5.7899995E+03  5.3602605E+06
  5.8099985E+03  5.5321220E+06
  5.8300000E+03  5.6522865E+06
  5.8499990E+03  5.5027425E+06
  5.8699985E+03  5.5288325E+06
  5.8899985E+03  5.1869625E+06
  5.9099995E+03  5.4438895E+06
  5.9299985E+03  5.4437645E+06
  5.9499995E+03  5.4572420E+06
  5.9699990E+03  5.5078385E+06
  5.9899990E+03  5.4192515E+06
  6.0099990E+03  5.3159695E+06
  6.0299995E+03  5.3913145E+06
  6.0499990E+03  5.4904590E+06
  6.0699990E+03  5.4502475E+06
  6.0899995E+03  5.2505605E+06
  6.1099985E+03  5.2341065E+06
  6.1299995E+03  5.0219505E+06
  6.1499985E+03  5.1223165E+06
  6.1699985E+03  4.9730815E+06
  6.1900000E+03  5.2318320E+06
  6.2099995E+03  5.2377525E+06
  6.2299985E+03  5.0643100E+06
  6.2499990E+03  4.8947100E+06
  6.2699985E+03  5.1466140E+06
  6.2900000E+03  5.1699250E+06
  6.3099985E+03  5.0199740E+06
  6.3299995E+03  5.0586290E+06
  6.3499985E+03  5.0640940E+06
  6.3699985E+03  5.0274235E+06
  6.3899995E+03  5.0840205E+06
  6.4099990E+03  4.9546960E+06
  6.4299985E+03  5.0095745E+06
  6.4499985E+03  4.9753865E+06
  6.4699990E+03  4.9446735E+06
  6.4899990E+03  4.8574480E+06
  6.5099985E+03  4.9765465E+06
  6.5299990E+03  4.9769425E+06
  6.5499985E+03  4.8665120E+06
  6.5699985E+03  4.4714970E+06
  6.5899995E+03  4.8719795E+06
  6.6099985E+03  4.9278195E+06
  6.6299990E+03  4.8832205E+06
  6.6499985E+03  4.8759570E+06
  6.6699995E+03  4.8017080E+06
  6.6899990E+03  4.9081425E+06
  6.7099995E+03  4.7551735E+06
  6.7299990E+03  4.8515525E+06
  6.7499995E+03  4.7809235E+06
  6.7699985E+03  4.7946395E+06
  6.7899995E+03  4.7526245E+06
  6.8099995E+03  4.7302740E+06
  6.8300000E+03  4.7614845E+06
  6.8499985E+03  4.6235670E+06
  6.8699985E+03  4.6919930E+06
  6.8899985E+03  4.7154240E+06
  6.9099990E+03  4.6610250E+06
  6.9299995E+03  4.6376895E+06
  6.9499990E+03  4.6010540E+06
  6.9699985E+03  4.6013630E+06
  6.9899985E+03  4.5841685E+06
  7.0099985E+03  4.4218140E+06
  7.0299985E+03  4.5078330E+06
  7.0499990E+03  4.5351225E+06
  7.0699980E+03  4.4755865E+06
  7.0899990E+03  4.4534435E+06
  7.1099990E+03  4.4586800E+06
  7.1299995E+03  4.3763430E+06
  7.1499990E+03  4.3599270E+06
  7.1699995E+03  4.3608465E+06
  7.1899985E+03  4.2133900E+06
  7.2099985E+03  4.3248425E+06
  7.2299980E+03  4.3265340E+06
  7.2499990E+03  4.3431190E+06
  7.2699995E+03  4.3174735E+06
  7.2899990E+03  4.1766372E+06
  7.3099980E+03  4.2486395E+06
  7.3299980E+03  4.2495365E+06
  7.3499980E+03  4.2405980E+06
  7.3699985E+03  4.2623490E+06
  7.3899995E+03  4.1416280E+06
  7.4099985E+03  4.0639328E+06
  7.4299995E+03  4.1383050E+06
  7.4500000E+03  4.1492385E+06
  7.4700000E+03  4.1697190E+06
  7.4899990E+03  4.1300890E+06
  7.5099985E+03  4.1345055E+06
  7.5299995E+03  4.1427358E+06
  7.5499980E+03  4.1509550E+06
  7.5699985E+03  4.1056462E+06
  7.5899990E+03  4.0864565E+06
  7.6099980E+03  4.0670875E+06
  7.6299995E+03  4.0760782E+06
  7.6499995E+03  4.0742982E+06
  7.6699980E+03  3.9492722E+06
  7.6899990E+03  4.0441910E+06
  7.7099995E+03  3.9665152E+06
  7.7299985E+03  3.9722455E+06
  7.7499990E+03  3.9242965E+06
  7.7700000E+03  3.9889222E+06
  7.7900000E+03  3.9811928E+06
  7.8099995E+03  3.9550232E+06
  7.8299980E+03  3.9132165E+06
  7.8499980E+03  3.8854768E+06
  7.8699995E+03  3.9146558E+06
  7.8900000E+03  3.8656040E+06
  7.9099995E+03  3.7820162E+06
  7.9300000E+03  3.7336078E+06
  7.9499985E+03  3.7100190E+06
  7.9699990E+03  3.7912975E+06
  7.9900000E+03  3.7908110E+06
  8.0099980E+03  3.7387308E+06
  8.0299985E+03  3.7305290E+06
  8.0500000E+03  3.6968408E+06
  8.0699985E+03  3.7036468E+06
  8.0899990E+03  3.6163402E+06
  8.1099995E+03  3.6454362E+06
  8.1299976E+03  3.6625775E+06
  8.1499976E+03  3.6362292E+06
  8.1699980E+03  3.6321065E+06
  8.1899985E+03  3.5351958E+06
  8.2099990E+03  3.5274382E+06
  8.2300000E+03  3.5323392E+06
  8.2500000E+03  3.5541450E+06
  8.2700000E+03  3.5863308E+06
  8.2899980E+03  3.5596750E+06
  8.3099990E+03  3.4630200E+06
  8.3299980E+03  3.4563472E+06
  8.3500000E+03  3.4607725E+06
  8.3699990E+03  3.4751752E+06
  8.3899990E+03  3.3920490E+06
  8.4099971E+03  3.4611068E+06
  8.4300000E+03  3.3822520E+06
  8.4499990E+03  3.4224530E+06
  8.4699980E+03  3.3860402E+06
  8.4899980E+03  3.4169362E+06
  8.5099990E+03  3.2445198E+06
  8.5299990E+03  3.4020502E+06
  8.5499990E+03  3.1727985E+06
  8.5699990E+03  3.4047855E+06
  8.5900000E+03  3.3176738E+06
  8.6099980E+03  3.3062950E+06
  8.6299990E+03  3.3491085E+06
  8.6499990E+03  3.3513122E+06
  8.6699990E+03  3.0753540E+06
  8.6899990E+03  3.2239482E+06
  8.7099971E+03  3.2647295E+06
  8.7299990E+03  3.2690155E+06
  8.7499980E+03  3.1951405E+06
  8.7699980E+03  3.2663512E+06
  8.7899980E+03  3.2249302E+06
  8.8099990E+03  3.1528348E+06
  8.8299980E+03  3.1985808E+06
  8.8499980E+03  3.2051120E+06
  8.8699980E+03  3.1088895E+06
  8.8899990E+03  3.1899672E+06
  8.9099971E+03  3.2072210E+06
  8.9299980E+03  3.1256445E+06
  8.9499980E+03  3.1225550E+06
  8.9699990E+03  3.1269528E+06
  8.9899990E+03  3.1277385E+06
  9.0099980E+03  2.9901012E+06
  9.0299990E+03  3.0920972E+06
  9.0499990E+03  3.1418768E+06
  9.0699980E+03  3.0757840E+06
  9.0899990E+03  2.9824745E+06
  9.1099980E+03  3.0082510E+06
  9.1299980E+03  3.0668558E+06
  9.1499980E+03  3.0431138E+06
  9.1699980E+03  3.0342448E+06
  9.1899990E+03  3.0579862E+06
  9.2099990E+03  2.9731250E+06
  9.2299980E+03  2.9421685E+06
  9.2499980E+03  2.9434172E+06
  9.2699971E+03  2.9660220E+06
  9.2899990E+03  2.9641765E+06
  9.3099980E+03  2.9740135E+06
  9.3299990E+03  2.9468648E+06
  9.3499980E+03  2.9391842E+06
  9.3699990E+03  2.9032645E+06
  9.3900000E+03  2.9164172E+06
  9.4099980E+03  2.8074560E+06
  9.4299971E+03  2.8910945E+06
  9.4499990E+03  2.8329282E+06
  9.4700000E+03  2.8798275E+06
  9.4899980E+03  2.8831392E+06
  9.5100000E+03  2.8536535E+06
  9.5300000E+03  2.8407758E+06
  9.5500000E+03  2.7670940E+06
  9.5699990E+03  2.7899710E+06
  9.5899980E+03  2.8243078E+06
  9.6099980E+03  2.7813982E+06
  9.6299990E+03  2.7560040E+06
  9.6499990E+03  2.7308775E+06
  9.6699980E+03  2.7243475E+06
  9.6899980E+03  2.7539172E+06
  9.7100000E+03  2.7298368E+06
  9.7299990E+03  2.7212132E+06
  9.7499980E+03  2.6930202E+06
  9.7699961E+03  2.6887560E+06
  9.7899980E+03  2.6613502E+06
  9.8099980E+03  2.6931798E+06
  9.8299990E+03  2.6776308E+06
  9.8499980E+03  2.6756605E+06
  9.8700000E+03  2.6465350E+06
  9.8899980E+03  2.6385390E+06
  9.9099990E+03  2.6284748E+06
  9.9300000E+03  2.6398655E+06
  9.9499980E+03  2.6324230E+06
  9.9699980E+03  2.6241082E+06
  9.9899990E+03  2.6077602E+06
  1.0024998E+04  2.5862850E+06
  1.0074998E+04  2.5424552E+06
  1.0124997E+04  2.5355980E+06
  1.0174997E+04  2.4908710E+06
  1.0224998E+04  2.4826405E+06
  1.0274997E+04  2.4773428E+06
  1.0325000E+04  2.4265485E+06
  1.0374999E+04  2.4031118E+06
  1.0425000E+04  2.4011912E+06
  1.0474998E+04  2.3626675E+06
  1.0524997E+04  2.3568012E+06
  1.0574999E+04  2.3279298E+06
  1.0625000E+04  2.3025672E+06
  1.0674997E+04  2.2513615E+06
  1.0724998E+04  2.2498078E+06
  1.0774999E+04  2.2208962E+06
  1.0824997E+04  2.1819418E+06
  1.0874997E+04  2.1702062E+06
  1.0924999E+04  2.1637695E+06
  1.0974996E+04  2.1340915E+06
  1.1025000E+04  2.1436325E+06
  1.1074998E+04  2.1315392E+06
  1.1124999E+04  2.1058778E+06
  1.1174998E+04  2.0797145E+06
  1.1224999E+04  2.0741146E+06
  1.1274997E+04  2.0307489E+06
  1.1325000E+04  2.0209922E+06
  1.1375000E+04  2.0031188E+06
  1.1425000E+04  1.9711646E+06
  1.1474997E+04  1.9899886E+06
  1.1525000E+04  1.9718506E+06
  1.1574998E+04  1.9396126E+06
  1.1625000E+04  1.9074912E+06
  1.1674998E+04  1.8991760E+06
  1.1724997E+04  1.9084166E+06
  1.1775001E+04  1.8649352E+06
  1.1824999E+04  1.8505180E+06
  1.1875000E+04  1.8223841E+06
  1.1925000E+04  1.8473491E+06
  1.1975001E+04  1.7813820E+06
  1.2024998E+04  1.7998699E+06
  1.2074996E+04  1.7744794E+06
  1.2125000E+04  1.7708669E+06
  1.2175000E+04  1.7726684E+06
  1.2225001E+04  1.7551725E+06
  1.2275001E+04  1.7348020E+06
  1.2324996E+04  1.7228149E+06
  1.2374996E+04  1.7089954E+06
  1.2424998E+04  1.6921198E+06
  1.2475000E+04  1.6860384E+06
  1.2524997E+04  1.6648479E+06
  1.2574997E+04  1.6532311E+06
  1.2624999E+04  1.6410360E+06
  1.2674997E+04  1.6200718E+06
  1.2724999E+04  1.6190445E+06
  1.2774999E+04  1.6126744E+06
  1.2825000E+04  1.5398628E+06
  1.2875001E+04  1.5734021E+06
  1.2924997E+04  1.5569235E+06
  1.2975001E+04  1.5586415E+06
  1.3024998E+04  1.5325532E+06
  1.3074999E+04  1.5340101E+06
  1.3125000E+04  1.5078231E+06
  1.3174998E+04  1.4946428E+06
  1.3224998E+04  1.4960495E+06
  1.3274997E+04  1.4673568E+06
  1.3324997E+04  1.4693720E+06
  1.3374999E+04  1.4533308E+06
  1.3424999E+04  1.4555896E+06
  1.3474999E+04  1.4408446E+06
  1.3525001E+04  1.4312818E+06
  1.3574999E+04  1.4030744E+06
  1.3624997E+04  1.3977272E+06
  1.3674997E+04  1.3904059E+06
  1.3724995E+04  1.3816941E+06
  1.3774998E+04  1.3722570E+06
  1.3824998E+04  1.3660744E+06
  1.3874996E+04  1.3547596E+06
  1.3925000E+04  1.3492439E+06
  1.3974996E+04  1.3408614E+06
  1.4024997E+04  1.3175085E+06
  1.4075001E+04  1.3206198E+06
  1.4124996E+04  1.2998828E+06
  1.4175000E+04  1.3061025E+06
  1.4225000E+04  1.2764945E+06
  1.4274994E+04  1.2577336E+06
  1.4325001E+04  1.2705209E+06
  1.4374998E+04  1.2708140E+06
  1.4424999E+04  1.2221519E+06
  1.4475000E+04  1.2472742E+06
  1.4524997E+04  1.2193458E+06
  1.4569999E+04  1.2251529E+06
  1.4620000E+04  1.2188491E+06
  1.4674998E+04  1.2158881E+06
  1.4725000E+04  1.1902696E+06
  1.4775002E+04  1.1838319E+06
  1.4824998E+04  1.1788945E+06
  1.4874996E+04  1.1564425E+06
  1.4924997E+04  1.1741770E+06
  1.4974999E+04  1.1518509E+06
  1.5024999E+04  1.1305131E+06
  1.5075000E+04  1.1176052E+06
  1.5124999E+04  1.1298256E+06
  1.5175000E+04  1.1264822E+06
  1.5225002E+04  1.1095551E+06
  1.5274998E+04  1.1110549E+06
  1.5324995E+04  1.0979141E+06
  1.5374997E+04  1.0961712E+06
  1.5425001E+04  1.0857981E+06
  1.5474996E+04  1.0813106E+06
  1.5524994E+04  1.0641192E+06
  1.5575001E+04  1.0453699E+06
  1.5624998E+04  1.0676391E+06
  1.5674997E+04  1.0310169E+06
  1.5724994E+04  1.0342371E+06
  1.5774996E+04  1.0074957E+06
  1.5825001E+04  1.0171900E+06
  1.5874995E+04  9.6638044E+05
  1.5925002E+04  9.9331400E+05
  1.5975001E+04  1.0037430E+06
  1.6049998E+04  9.8784719E+05
  1.6150001E+04  9.6067294E+05
  1.6249997E+04  9.6383769E+05
  1.6350000E+04  9.4202100E+05
  1.6449996E+04  9.1218431E+05
  1.6549998E+04  9.1453569E+05
  1.6649994E+04  8.9949325E+05
  1.6749998E+04  8.7378581E+05
  1.6849998E+04  8.4192319E+05
  1.6950000E+04  8.5272306E+05
  1.7049996E+04  8.2337588E+05
  1.7150000E+04  8.1437788E+05
  1.7249992E+04  7.8929000E+05
  1.7349994E+04  7.5682681E+05
  1.7449992E+04  7.5988156E+05
  1.7550000E+04  7.4876306E+05
  1.7649998E+04  7.3507838E+05
  1.7749994E+04  7.1948956E+05
  1.7849994E+04  7.0953512E+05
  1.7949998E+04  6.9592188E+05
  1.8050002E+04  6.8019544E+05
  1.8150002E+04  6.5528069E+05
  1.8249994E+04  6.5144531E+05
  1.8349992E+04  6.4204856E+05
  1.8449992E+04  6.2474850E+05
  1.8549998E+04  6.1805238E+05
  1.8650002E+04  5.9963606E+05
  1.8750002E+04  5.7410750E+05
  1.8850000E+04  5.8207025E+05
  1.8950004E+04  5.5834969E+05
  1.9049996E+04  5.6359056E+05
  1.9149998E+04  5.5126838E+05
  1.9249992E+04  5.4203844E+05
  1.9350000E+04  5.2710275E+05
  1.9449992E+04  5.0699822E+05
  1.9550002E+04  5.1234159E+05
  1.9649992E+04  5.0183297E+05
  1.9749992E+04  4.9191559E+05
  1.9849992E+04  4.8494475E+05
  1.9950002E+04  4.7675344E+05
  2.0050002E+04  4.7149425E+05
  2.0149996E+04  4.6538812E+05
  2.0249994E+04  4.5192825E+05
  2.0349994E+04  4.4168456E+05
  2.0449996E+04  4.4095172E+05
  2.0550000E+04  4.3204056E+05
  2.0649992E+04  4.2230953E+05
  2.0749998E+04  4.1618366E+05
  2.0849992E+04  4.0922022E+05
  2.0950004E+04  3.9965731E+05
  2.1050002E+04  3.9663434E+05
  2.1149992E+04  3.8893459E+05
  2.1250000E+04  3.8210375E+05
  2.1350002E+04  3.7743338E+05
  2.1449996E+04  3.7113869E+05
  2.1550006E+04  3.6500053E+05
  2.1649994E+04  3.4993438E+05
  2.1750002E+04  3.5033125E+05
  2.1849998E+04  3.4522247E+05
  2.1950002E+04  3.4157566E+05
  2.2050000E+04  3.3309162E+05
  2.2149996E+04  3.3023681E+05
  2.2249998E+04  3.2377453E+05
  2.2350004E+04  3.1860588E+05
  2.2449990E+04  3.1375603E+05
  2.2549994E+04  3.0849000E+05
  2.2650000E+04  3.0290794E+05
  2.2750000E+04  2.9969766E+05
  2.2850000E+04  2.9319838E+05
  2.2950004E+04  2.7515603E+05
  2.3050000E+04  2.7935406E+05
  2.3149996E+04  2.7595475E+05
  2.3250000E+04  2.5659486E+05
  2.3349996E+04  2.6227200E+05
  2.3449994E+04  2.6230759E+05
  2.3550002E+04  2.4210388E+05
  2.3649988E+04  2.4965917E+05
  2.3750000E+04  2.4819544E+05
  2.3849990E+04  2.3024995E+05
  2.3950002E+04  2.3633058E+05
  2.4050006E+04  2.3582173E+05
  2.4149992E+04  2.2204570E+05
  2.4249990E+04  2.2482438E+05
  2.4349990E+04  2.2391556E+05
  2.4450002E+04  2.1517423E+05
  2.4549990E+04  2.1237495E+05
  2.4649992E+04  2.1524334E+05
  2.4749992E+04  2.0877195E+05
  2.4850006E+04  2.0278162E+05
  2.4950000E+04  2.0370733E+05
  2.5050006E+04  2.0456361E+05
  2.5149994E+04  1.9531655E+05
  2.5249998E+04  1.9656152E+05
  2.5350004E+04  1.9517198E+05
  2.5449988E+04  1.9054712E+05
  2.5549998E+04  1.8816383E+05
  2.5649990E+04  1.8572048E+05
  2.5749990E+04  1.8559325E+05
  2.5849994E+04  1.7863498E+05
  2.5949990E+04  1.7929731E+05
  2.6049996E+04  1.7784558E+05
  2.6149998E+04  1.7394820E+05
  2.6249988E+04  1.6957477E+05
  2.6350008E+04  1.7030830E+05
  2.6449996E+04  1.6795689E+05
  2.6549994E+04  1.6554502E+05
  2.6649994E+04  1.6210364E+05
  2.6749988E+04  1.6175217E+05
  2.6849986E+04  1.6074814E+05
  2.6949986E+04  1.5788203E+05
  2.7050002E+04  1.5642319E+05
  2.7149998E+04  1.5434291E+05
  2.7249994E+04  1.5251714E+05
  2.7350006E+04  1.5030583E+05
  2.7450004E+04  1.4901275E+05
  2.7549996E+04  1.4588805E+05
  2.7649982E+04  1.4440614E+05
  2.7750004E+04  1.4260875E+05
  2.7850000E+04  1.4112506E+05
  2.7949992E+04  1.3986152E+05
  2.8049994E+04  1.3792278E+05
  2.8150002E+04  1.3609828E+05
  2.8250006E+04  1.3432920E+05
  2.8350000E+04  1.3302234E+05
  2.8450000E+04  1.3081355E+05
  2.8550002E+04  1.2933027E+05
  2.8650002E+04  1.2758909E+05
  2.8749982E+04  1.2483908E+05
  2.8849998E+04  1.2445480E+05
  2.8949986E+04  1.2304818E+05
  2.9049994E+04  1.2147924E+05
  2.9149986E+04  1.1999107E+05
  2.9249984E+04  1.1801395E+05
  2.9349980E+04  1.1705373E+05
  2.9450000E+04  1.1516538E+05
  2.9550004E+04  1.1402479E+05
  2.9649982E+04  1.1280288E+05
  2.9749992E+04  1.1136469E+05
  2.9849994E+04  1.0996019E+05
  2.9949984E+04  1.0840821E+05
  3.0049996E+04  1.0709955E+05
  3.0149994E+04  1.0600072E+05
  3.0249994E+04  1.0452292E+05
  3.0349996E+04  1.0206842E+05
  3.0449996E+04  1.0189482E+05
  3.0549996E+04  1.0070812E+05
  3.0649996E+04  9.9366289E+04
  3.0749994E+04  9.8470062E+04
  3.0849996E+04  9.6942062E+04
  3.0949994E+04  9.5832898E+04
  3.1049996E+04  9.4974320E+04
  3.1149996E+04  9.3111453E+04
  3.1249996E+04  9.2539641E+04
  3.1349996E+04  9.1570719E+04
  3.1449996E+04  9.0459891E+04
  3.1549998E+04  8.9096352E+04
  3.1649996E+04  8.8146867E+04
  3.1749998E+04  8.7211281E+04
  3.1849996E+04  8.6181727E+04
  3.1949994E+04  8.5325719E+04
  3.2099996E+04  8.3649008E+04
  3.2299992E+04  8.1782188E+04
  3.2499994E+04  7.9822844E+04
  3.2699996E+04  7.7947453E+04
  3.2899996E+04  7.5645242E+04
  3.3099996E+04  7.4362492E+04
  3.3299992E+04  7.2602219E+04
  3.3499996E+04  7.1170578E+04
  3.3699996E+04  6.9469172E+04
  3.3899996E+04  6.7815961E+04
  3.4099996E+04  6.6229031E+04
  3.4299996E+04  6.5042652E+04
  3.4499992E+04  6.3746328E+04
  3.4699996E+04  6.2278344E+04
  3.4899996E+04  6.0963453E+04
  3.5099996E+04  5.9704988E+04
  3.5299996E+04  5.8277543E+04
  3.5499996E+04  5.7156414E+04
  3.5699992E+04  5.5855676E+04
  3.5899992E+04  5.4670898E+04
  3.6099996E+04  5.3670754E+04
  3.6299992E+04  5.2552062E+04
  3.6499992E+04  5.1262293E+04
  3.6699992E+04  5.0182047E+04
  3.6899992E+04  4.8839930E+04
  3.7099996E+04  4.7808410E+04
  3.7299996E+04  4.7039852E+04
  3.7499992E+04  4.5577684E+04
  3.7699996E+04  4.5211996E+04
  3.7899996E+04  4.4263992E+04
  3.8099992E+04  4.3478699E+04
  3.8299996E+04  4.2733008E+04
  3.8499996E+04  4.1947059E+04
  3.8699996E+04  4.1009016E+04
  3.8899992E+04  4.0212492E+04
  3.9099996E+04  3.9494121E+04
  3.9299992E+04  3.8768766E+04
  3.9499992E+04  3.7853203E+04
  3.9699992E+04  3.7217012E+04
  3.9900000E+04  3.6267422E+04
  4.0099996E+04  3.5702734E+04
  4.0299992E+04  3.5154402E+04
  4.0499996E+04  3.4291266E+04
  4.0699992E+04  3.3818629E+04
  4.0899992E+04  3.3207180E+04
  4.1099996E+04  3.2639451E+04
  4.1299996E+04  3.2083350E+04
  4.1499992E+04  3.1411748E+04
  4.1699992E+04  3.0818678E+04
  4.1899996E+04  3.0269801E+04
  4.2099996E+04  2.9604537E+04
  4.2299992E+04  2.9285254E+04
  4.2499996E+04  2.8649441E+04
  4.2699992E+04  2.8214334E+04
  4.2899992E+04  2.6770750E+04
  4.3099996E+04  2.5667033E+04
  4.3299996E+04  2.5731879E+04
  4.3499992E+04  2.4313199E+04
  4.3699996E+04  2.3809057E+04
  4.3899996E+04  2.3584791E+04
  4.4099992E+04  2.2172281E+04
  4.4299992E+04  2.2170260E+04
  4.4499996E+04  2.1819225E+04
  4.4699996E+04  2.0651510E+04
  4.4899996E+04  2.0901480E+04
  4.5099992E+04  2.0412760E+04
  4.5299992E+04  1.9474705E+04
  4.5499996E+04  1.9598674E+04
  4.5699992E+04  1.9422096E+04
  4.5899996E+04  1.8482508E+04
  4.6099996E+04  1.8668162E+04
  4.6299992E+04  1.8305129E+04
  4.6499988E+04  1.8027787E+04
  4.6699992E+04  1.7849518E+04
  4.6899992E+04  1.7644512E+04
  4.7099992E+04  1.7241951E+04
  4.7299992E+04  1.7273256E+04
  4.7499996E+04  1.6917715E+04
  4.7699992E+04  1.6627129E+04
  4.7899992E+04  1.6412221E+04
  4.8099996E+04  1.6039256E+04
  4.8299992E+04  1.6111470E+04
  4.8499992E+04  1.5767296E+04
  4.8700000E+04  1.5460462E+04
  4.8899992E+04  1.5303695E+04
  4.9099988E+04  1.5018792E+04
  4.9299988E+04  1.4808520E+04
  4.9499996E+04  1.4574392E+04
  4.9699992E+04  1.4416914E+04
  4.9899988E+04  1.4155729E+04
  5.0099996E+04  1.4064846E+04
  5.0299996E+04  1.3861794E+04
  5.0499996E+04  1.3536834E+04
  5.0699996E+04  1.3386277E+04
  5.0899992E+04  1.3252935E+04
  5.1099992E+04  1.2970494E+04
  5.1299996E+04  1.2838205E+04
  5.1499988E+04  1.2644372E+04
  5.1699996E+04  1.2608604E+04
  5.1899992E+04  1.2328958E+04
  5.2099992E+04  1.2146906E+04
  5.2299996E+04  1.1963829E+04
  5.2499996E+04  1.1887338E+04
  5.2699996E+04  1.1808542E+04
  5.2899992E+04  1.1490966E+04
  5.3099988E+04  1.1366356E+04
  5.3299988E+04  1.1246338E+04
  5.3499992E+04  1.1105548E+04
  5.3699992E+04  1.0968894E+04
  5.3899992E+04  1.0841090E+04
  5.4099992E+04  1.0689644E+04
  5.4299984E+04  1.0474331E+04
  5.4499988E+04  1.0421059E+04
  5.4699996E+04  1.0262016E+04
  5.4899992E+04  1.0124888E+04
  5.5099992E+04  9.9982842E+03
  5.5299988E+04  9.9780840E+03
  5.5499988E+04  9.7113447E+03
  5.5699992E+04  9.7082705E+03
  5.5899992E+04  9.5141445E+03
  5.6099988E+04  9.4174609E+03
  5.6299996E+04  9.2541582E+03
  5.6499988E+04  9.2098857E+03
  5.6699988E+04  9.0865527E+03
  5.6899992E+04  8.9066572E+03
  5.7099996E+04  8.8688682E+03
  5.7299988E+04  8.7501553E+03
  5.7499988E+04  8.6462051E+03
  5.7699988E+04  8.5103281E+03
  5.7899996E+04  8.4482617E+03
  5.8099988E+04  8.3054932E+03
  5.8299996E+04  8.2163506E+03
  5.8499992E+04  8.1258105E+03
  5.8699988E+04  7.9895166E+03
  5.8899988E+04  7.8945195E+03
  5.9099992E+04  7.8116245E+03
  5.9299988E+04  7.7285957E+03
  5.9499996E+04  7.6078745E+03
  5.9699988E+04  7.5494824E+03
  5.9899992E+04  7.4552632E+03
  6.0099992E+04  7.3656748E+03
  6.0299992E+04  7.2761772E+03
  6.0499988E+04  7.1697925E+03
  6.0699992E+04  7.0816201E+03
  6.0899992E+04  6.9973960E+03
  6.1099988E+04  6.8945449E+03
  6.1299992E+04  6.8326855E+03
  6.1499988E+04  6.7565449E+03
  6.1699988E+04  6.6850054E+03
  6.1899996E+04  6.6098213E+03
  6.2099996E+04  6.5356621E+03
  6.2299988E+04  6.4365010E+03
  6.2499992E+04  6.3549629E+03
  6.2699988E+04  6.2843960E+03
  6.2899996E+04  6.2140229E+03
  6.3099984E+04  6.1307930E+03
  6.3299996E+04  6.0832729E+03
  6.3499984E+04  6.0000762E+03
  6.3699984E+04  5.9449106E+03
  6.3900000E+04  5.8623579E+03
  6.4199992E+04  5.7622715E+03
  6.4599984E+04  5.6236084E+03
  6.4999992E+04  5.4942402E+03
  6.5399992E+04  5.3701616E+03
  6.5799992E+04  5.2531230E+03
  6.6199984E+04  5.1278535E+03
  6.6599984E+04  5.0144629E+03
  6.6999992E+04  4.9011392E+03
  6.7399992E+04  4.7862471E+03
  6.7799992E+04  4.6814224E+03
  6.8199992E+04  4.5757227E+03
  6.8599992E+04  4.4755249E+03
  6.8999984E+04  4.3745679E+03
  6.9399984E+04  4.2771978E+03
  6.9800000E+04  4.1850889E+03
  7.0199992E+04  4.0886831E+03
  7.0599984E+04  4.0036348E+03
  7.0999977E+04  3.9164263E+03
  7.1399977E+04  3.8326882E+03
  7.1799984E+04  3.7496177E+03
  7.2199984E+04  3.6690151E+03
  7.2600000E+04  3.5897410E+03
  7.2999984E+04  3.5156577E+03
  7.3400000E+04  3.4390535E+03
  7.3799984E+04  3.3690198E+03
  7.4199992E+04  3.2953643E+03
  7.4599992E+04  3.2237676E+03
  7.5000000E+04  3.1589314E+03
  7.5399992E+04  3.0947568E+03
  7.5799992E+04  3.0347075E+03
  7.6199984E+04  2.9722422E+03
  7.6599992E+04  2.9125166E+03
  7.6999992E+04  2.8523440E+03
  7.7399992E+04  2.7963381E+03
  7.7799984E+04  2.7407083E+03
  7.8199984E+04  2.6860051E+03
  7.8599984E+04  2.6331858E+03
  7.8999984E+04  2.5810537E+03
  7.9399984E+04  2.5302549E+03
  7.9800000E+04  2.4814055E+03
  8.0199992E+04  2.4315884E+03
  8.0599984E+04  2.3844331E+03
  8.0999992E+04  2.3400974E+03
  8.1399977E+04  2.2934470E+03
  8.1799984E+04  2.2506899E+03
  8.2199984E+04  2.2089343E+03
  8.2599992E+04  2.1666641E+03
  8.2999984E+04  2.1263630E+03
  8.3400000E+04  2.0852158E+03
  8.3799992E+04  2.0469561E+03
  8.4199992E+04  2.0098589E+03
  8.4599977E+04  1.9726863E+03
  8.4999977E+04  1.9364871E+03
  8.5399984E+04  1.9010325E+03
  8.5799984E+04  1.8666141E+03
  8.6199992E+04  1.8326498E+03
  8.6599992E+04  1.7999353E+03
  8.6999984E+04  1.7677938E+03
  8.7399992E+04  1.7360647E+03
  8.7799992E+04  1.7050836E+03
  8.8199984E+04  1.6740594E+03
  8.8599977E+04  1.6448688E+03
  8.8999992E+04  1.6154672E+03
  8.9399977E+04  1.5879399E+03
  8.9799977E+04  1.5592490E+03
  9.0199984E+04  1.5331796E+03
  9.0599984E+04  1.5075090E+03
  9.0999992E+04  1.4800457E+03
  9.1400000E+04  1.4552589E+03
  9.1799969E+04  1.4310270E+03
  9.2199969E+04  1.4071149E+03
  9.2599984E+04  1.3832095E+03
  9.3000000E+04  1.3600544E+03
  9.3399984E+04  1.3370295E+03
  9.3799984E+04  1.3149032E+03
  9.4199977E+04  1.2930190E+03
  9.4599984E+04  1.2714148E+03
  9.4999969E+04  1.2505457E+03
  9.5399984E+04  1.2298562E+03
  9.5799984E+04  1.2100841E+03
  9.6199992E+04  1.1899868E+03
  9.6599984E+04  1.1710687E+03
  9.7000000E+04  1.1521807E+03
  9.7399977E+04  1.1324124E+03
  9.7799984E+04  1.1149360E+03
  9.8199977E+04  1.0974724E+03
  9.8599977E+04  1.0801770E+03
  9.8999992E+04  1.0632013E+03
  9.9399984E+04  1.0460826E+03
  9.9799977E+04  1.0297711E+03
  1.0019999E+05  1.0136481E+03
  1.9999991E+05  6.5599640E+01
  3.9999994E+05  4.1132193E+00
  5.9999981E+05  8.0776840E-01
  7.9999994E+05  2.5387102E-01
