  9.2499988E+02  1.2374678E-08
  9.3499982E+02  1.7145133E-08
  9.4500000E+02  2.6768811E-08
  9.5500000E+02  4.2191289E-08
  9.6499988E+02  6.7087598E-08
  9.7499982E+02  9.1993236E-08
  9.8499976E+02  1.3768154E-07
  9.9499988E+02  1.9585062E-07
  1.0049999E+03  3.0802948E-07
  1.0149997E+03  4.4104729E-07
  1.0249998E+03  4.7633776E-07
  1.0349998E+03  9.1525885E-07
  1.0449998E+03  1.3469974E-06
  1.0549999E+03  1.6763400E-06
  1.0649999E+03  2.4631597E-06
  1.0750000E+03  3.4324473E-06
  1.0849996E+03  4.7676285E-06
  1.0949999E+03  5.8617065E-06
  1.1049999E+03  8.1244325E-06
  1.1149999E+03  1.1361463E-05
  1.1249999E+03  1.6196880E-05
  1.1349996E+03  2.4048813E-05
  1.1449999E+03  3.2758773E-05
  1.1549999E+03  4.2044208E-05
  1.1650000E+03  5.7086268E-05
  1.1749995E+03  7.6693279E-05
  1.1849996E+03  9.3250688E-05
  1.1949998E+03  1.0239681E-04
  1.2049996E+03  1.1655957E-04
  1.2149998E+03  3.5947520E-05
  1.2249996E+03  1.7322009E-04
  1.2349996E+03  2.8988125E-04
  1.2449998E+03  3.7347019E-04
  1.2549996E+03  4.5082887E-04
  1.2650000E+03  5.3676905E-04
  1.2749998E+03  6.5802142E-04
  1.2849995E+03  7.3422177E-04
  1.2949998E+03  9.0601057E-04
  1.3049995E+03  1.0163023E-03
  1.3149998E+03  1.3040808E-03
  1.3249998E+03  1.3767431E-03
  1.3349996E+03  1.5634992E-03
  1.3449995E+03  1.9230625E-03
  1.3549996E+03  2.4019496E-03
  1.3649999E+03  2.5795922E-03
  1.3749999E+03  2.8765718E-03
  1.3849996E+03  3.1826098E-03
  1.3949999E+03  3.6333175E-03
  1.4050001E+03  4.7176899E-03
  1.4149998E+03  5.5436776E-03
  1.4249998E+03  6.5933983E-03
  1.4350000E+03  8.1968438E-03
  1.4419998E+03  1.0912840E-02
  1.4469999E+03  9.6878167E-03
  1.4549994E+03  1.1702619E-02
  1.4650000E+03  1.5842190E-02
  1.4749995E+03  1.8431250E-02
  1.4849996E+03  2.0056220E-02
  1.4949998E+03  2.7618360E-02
  1.5049996E+03  3.5168029E-02
  1.5119995E+03  2.4909630E-02
  1.5169994E+03  3.4003235E-02
  1.5250001E+03  1.2979135E-01
  1.5349994E+03  2.5270376E-01
  1.5449994E+03  1.9463037E-01
  1.5549998E+03  3.7507775E-01
  1.5649999E+03  3.5284147E-01
  1.5750001E+03  1.0306668E+00
  1.5850000E+03  1.2906299E+00
  1.5949996E+03  1.5531206E+00
  1.6049999E+03  1.6155784E+00
  1.6150000E+03  1.7634726E+00
  1.6249996E+03  2.0551353E+00
  1.6350000E+03  2.6815834E+00
  1.6449996E+03  4.1150684E+00
  1.6549999E+03  2.6520996E+00
  1.6649993E+03  5.0576286E+00
  1.6720000E+03  3.1762941E+00
  1.6770001E+03  2.0983124E+01
  1.6849998E+03  2.3501825E+01
  1.6950000E+03  3.1179531E+01
  1.7049995E+03  3.2986877E+01
  1.7150000E+03  3.1851425E+01
  1.7249993E+03  4.5712528E+01
  1.7349994E+03  5.7264179E+01
  1.7449993E+03  8.3744217E+01
  1.7550001E+03  1.1670799E+02
  1.7649998E+03  1.1459357E+02
  1.7749995E+03  1.1821815E+02
  1.7849995E+03  1.6630191E+02
  1.7949999E+03  1.9949626E+02
  1.8050001E+03  2.3136870E+02
  1.8150001E+03  2.1617783E+02
  1.8249994E+03  3.0084369E+02
  1.8349993E+03  3.0672571E+02
  1.8449993E+03  2.2645888E+02
  1.8549998E+03  3.3190811E+02
  1.8650002E+03  4.0529199E+02
  1.8750001E+03  4.4898804E+02
  1.8850000E+03  4.9435522E+02
  1.8950002E+03  6.8082123E+02
  1.9049996E+03  6.6208655E+02
  1.9149999E+03  7.5213574E+02
  1.9249993E+03  7.7806445E+02
  1.9350001E+03  5.1261377E+02
  1.9449993E+03  1.0403666E+03
  1.9550002E+03  1.1212216E+03
  1.9670002E+03  1.4944337E+03
  1.9759990E+03  1.5029482E+03
  1.9839996E+03  1.7230403E+03
  1.9950001E+03  1.7540691E+03
  2.0050002E+03  1.7623868E+03
  2.0149996E+03  1.9702239E+03
  2.0249994E+03  1.5829570E+03
  2.0349995E+03  2.2447202E+03
  2.0449998E+03  2.6101809E+03
  2.0550000E+03  2.8065239E+03
  2.0649993E+03  2.8253506E+03
  2.0739993E+03  3.0452375E+03
  2.0780002E+03  5.9886108E+03
  2.0849993E+03  7.5193696E+03
  2.0950005E+03  7.2882671E+03
  2.1050002E+03  7.7463198E+03
  2.1149990E+03  9.0232910E+03
  2.1250000E+03  8.0273491E+03
  2.1350002E+03  9.1360254E+03
  2.1449998E+03  1.1109513E+04
  2.1550005E+03  1.0429862E+04
  2.1649995E+03  1.0249351E+04
  2.1750002E+03  1.0404578E+04
  2.1849998E+03  1.2835466E+04
  2.1950000E+03  1.3574984E+04
  2.2050000E+03  1.4089836E+04
  2.2149998E+03  1.1483459E+04
  2.2249998E+03  1.4527125E+04
  2.2350005E+03  2.0878131E+04
  2.2449990E+03  2.0641744E+04
  2.2549993E+03  1.7361502E+04
  2.2650000E+03  1.4357817E+04
  2.2750000E+03  1.7235912E+04
  2.2850000E+03  2.5745320E+04
  2.2950002E+03  2.1410803E+04
  2.3050000E+03  2.3695848E+04
  2.3149995E+03  2.2110969E+04
  2.3250000E+03  2.2064035E+04
  2.3349995E+03  2.2538107E+04
  2.3449993E+03  1.5406326E+04
  2.3550000E+03  2.5589334E+04
  2.3649988E+03  1.8055264E+04
  2.3750000E+03  2.2981508E+04
  2.3849990E+03  1.5515791E+04
  2.3950000E+03  1.9613545E+04
  2.4050005E+03  2.1526568E+04
  2.4149993E+03  2.1124539E+04
  2.4249990E+03  3.6281070E+04
  2.4349990E+03  4.0662020E+04
  2.4450000E+03  5.0312359E+04
  2.4549990E+03  5.4857066E+04
  2.4649990E+03  4.0790602E+04
  2.4749993E+03  3.6074754E+04
  2.4850005E+03  1.3683294E+04
  2.4950000E+03  2.3671447E+04
  2.5050005E+03  4.1310770E+04
  2.5129988E+03  2.0181988E+04
  2.5179990E+03  1.3098835E+04
  2.5249998E+03  1.5385157E+04
  2.5350007E+03  4.0496480E+04
  2.5449988E+03  4.3617605E+04
  2.5550000E+03  1.3762705E+05
  2.5649990E+03  7.8436180E+04
  2.5749990E+03  1.1573088E+05
  2.5849993E+03  9.8369047E+04
  2.5949990E+03  8.4068164E+04
  2.6049995E+03  7.1937672E+04
  2.6149998E+03  6.4744395E+04
  2.6249990E+03  9.3250797E+04
  2.6350007E+03  2.2824611E+05
  2.6449995E+03  3.3056650E+05
  2.6549998E+03  5.8489888E+05
  2.6649995E+03  3.0292588E+05
  2.6749988E+03  3.3501859E+05
  2.6849988E+03  4.3914797E+05
  2.6949988E+03  2.7669550E+05
  2.7050000E+03  3.9722359E+05
  2.7150000E+03  2.4594483E+05
  2.7249995E+03  1.2928596E+05
  2.7350007E+03  2.0913078E+05
  2.7450002E+03  1.1242453E+05
  2.7549998E+03  1.7459212E+05
  2.7649983E+03  2.5396361E+05
  2.7750005E+03  2.6848600E+05
  2.7850000E+03  1.4469022E+05
  2.7949993E+03  5.1918801E+04
  2.8049995E+03  6.7393266E+04
  2.8150002E+03  2.2236784E+05
  2.8250007E+03  3.5371875E+05
  2.8350000E+03  3.1000738E+05
  2.8450002E+03  1.5744633E+05
  2.8550005E+03  6.5903789E+04
  2.8650000E+03  2.6312297E+05
  2.8749983E+03  5.3281081E+05
  2.8850000E+03  4.9291256E+05
  2.8949988E+03  7.0392862E+05
  2.9099988E+03  1.0418323E+06
  2.9299983E+03  9.9983631E+05
  2.9499990E+03  9.7983112E+05
  2.9700005E+03  1.0593996E+06
  2.9899980E+03  1.1561038E+06
  3.0099995E+03  1.1384200E+06
  3.0299995E+03  1.2638609E+06
  3.0499995E+03  1.2995015E+06
  3.0699995E+03  1.2720325E+06
  3.0899995E+03  1.1154309E+06
  3.1099995E+03  1.3501801E+06
  3.1299998E+03  1.1629355E+06
  3.1499995E+03  1.1509108E+06
  3.1699995E+03  1.3488521E+06
  3.1899995E+03  1.1411466E+06
  3.2099998E+03  1.2673670E+06
  3.2299993E+03  1.0542346E+06
  3.2499993E+03  1.6046605E+06
  3.2699995E+03  1.8626144E+06
  3.2899995E+03  1.7838621E+06
  3.3099998E+03  1.6194286E+06
  3.3299993E+03  1.7111292E+06
  3.3499995E+03  1.6332542E+06
  3.3699995E+03  1.1378389E+06
  3.3899993E+03  1.3563195E+06
  3.4099993E+03  1.4440018E+06
  3.4299995E+03  1.5355406E+06
  3.4499993E+03  1.8092688E+06
  3.4699998E+03  1.8620612E+06
  3.4899993E+03  2.0693864E+06
  3.5099995E+03  2.1422240E+06
  3.5299995E+03  1.8965599E+06
  3.5499995E+03  2.0675258E+06
  3.5699995E+03  1.4953864E+06
  3.5899995E+03  1.6183790E+06
  3.6099995E+03  2.0867016E+06
  3.6299993E+03  2.1029402E+06
  3.6399993E+03  2.0921402E+06
  3.6499995E+03  2.3109032E+06
  3.6699993E+03  2.4075410E+06
  3.6899995E+03  2.2226150E+06
  3.7099995E+03  2.4922395E+06
  3.7299998E+03  1.5516486E+06
  3.7499993E+03  1.7942278E+06
  3.7699993E+03  2.2628535E+06
  3.7899995E+03  2.2303000E+06
  3.8099993E+03  2.0233306E+06
  3.8299998E+03  1.0673876E+06
  3.8499995E+03  1.3277729E+06
  3.8699995E+03  1.3577021E+06
  3.8899995E+03  2.1400848E+06
  3.9099995E+03  2.6315452E+06
  3.9299993E+03  1.2162134E+06
  3.9499993E+03  2.2445110E+06
  3.9699998E+03  1.5285741E+06
  3.9899995E+03  3.3754320E+06
  4.0099995E+03  3.6342332E+06
  4.0299993E+03  3.6541552E+06
  4.0499993E+03  3.4847095E+06
  4.0699993E+03  3.3218215E+06
  4.0899995E+03  4.0436405E+06
  4.1099995E+03  4.0425195E+06
  4.1299995E+03  3.7808258E+06
  4.1499990E+03  3.7009425E+06
  4.1699990E+03  3.7504550E+06
  4.1899995E+03  3.5992870E+06
  4.2099995E+03  3.7551940E+06
  4.2299995E+03  3.7265052E+06
  4.2499995E+03  3.7271808E+06
  4.2699990E+03  3.4634108E+06
  4.2899995E+03  3.1413355E+06
  4.3100000E+03  2.5581852E+06
  4.3299995E+03  4.0219368E+06
  4.3499995E+03  3.8958450E+06
  4.3699995E+03  4.2325235E+06
  4.3899995E+03  3.7878368E+06
  4.4099995E+03  4.1487302E+06
  4.4299995E+03  4.5085340E+06
  4.4499995E+03  4.4905480E+06
  4.4699995E+03  4.8183085E+06
  4.4899995E+03  4.8984400E+06
  4.5099990E+03  5.5431740E+06
  4.5299995E+03  4.9198965E+06
  4.5499990E+03  5.1043910E+06
  4.5699995E+03  5.4846175E+06
  4.5899990E+03  5.1509985E+06
  4.6099990E+03  5.2998020E+06
  4.6299990E+03  5.1774915E+06
  4.6499990E+03  5.2619815E+06
  4.6699990E+03  5.4336265E+06
  4.6899990E+03  5.2907855E+06
  4.7099995E+03  5.1985665E+06
  4.7299990E+03  5.4212575E+06
  4.7499995E+03  5.5964375E+06
  4.7699995E+03  5.6396790E+06
  4.7899990E+03  5.6155065E+06
  4.8099995E+03  5.5091440E+06
  4.8299995E+03  5.6787155E+06
  4.8499990E+03  5.3361655E+06
  4.8700000E+03  4.8648115E+06
  4.8899990E+03  5.3889695E+06
  4.9099990E+03  5.3689095E+06
  4.9299990E+03  5.2856015E+06
  4.9499995E+03  5.5916865E+06
  4.9699995E+03  5.5415870E+06
  4.9899990E+03  5.1358055E+06
  5.0099995E+03  4.9117690E+06
  5.0299995E+03  5.1963490E+06
  5.0499995E+03  5.2397690E+06
  5.0699995E+03  5.5079015E+06
  5.0899995E+03  5.1978730E+06
  5.1099990E+03  5.3143810E+06
  5.1299995E+03  5.1540640E+06
  5.1499985E+03  4.9624100E+06
  5.1700000E+03  4.5758105E+06
  5.1899990E+03  4.7245315E+06
  5.2099990E+03  5.1135815E+06
  5.2299995E+03  5.2048390E+06
  5.2499995E+03  5.3803980E+06
  5.2699995E+03  4.7455005E+06
  5.2899990E+03  5.3898070E+06
  5.3099995E+03  5.6607300E+06
  5.3299990E+03  5.0305965E+06
  5.3499995E+03  5.4920305E+06
  5.3699995E+03  5.4739295E+06
  5.3899995E+03  5.3699710E+06
  5.4099990E+03  5.2110195E+06
  5.4299990E+03  5.3399565E+06
  5.4499990E+03  5.5576780E+06
  5.4699995E+03  5.4036655E+06
  5.4899995E+03  5.4247380E+06
  5.5099995E+03  5.3618520E+06
  5.5299985E+03  5.4437450E+06
  5.5499990E+03  5.5163685E+06
  5.5699990E+03  5.3828385E+06
  5.5899995E+03  5.2585490E+06
  5.6099990E+03  5.4768100E+06
  5.6299995E+03  5.4245360E+06
  5.6499990E+03  5.4541780E+06
  5.6699990E+03  5.3114750E+06
  5.6899995E+03  5.4353610E+06
  5.7099995E+03  5.2909320E+06
  5.7299990E+03  5.6966250E+06
  5.7499990E+03  5.4695100E+06
  5.7699990E+03  5.5393850E+06
  5.7899995E+03  5.3487980E+06
  5.8099985E+03  5.5163865E+06
  5.8300000E+03  5.6339980E+06
  5.8499990E+03  5.4842480E+06
  5.8699985E+03  5.5068565E+06
  5.8899985E+03  5.1222400E+06
  5.9099995E+03  5.4241505E+06
  5.9299985E+03  5.4231955E+06
  5.9499995E+03  5.4364915E+06
  5.9699990E+03  5.4838445E+06
  5.9899990E+03  5.4017165E+06
  6.0099990E+03  5.2976125E+06
  6.0299995E+03  5.3712135E+06
  6.0499990E+03  5.4689475E+06
  6.0699990E+03  5.4244810E+06
  6.0899995E+03  5.2351205E+06
  6.1099985E+03  5.2221985E+06
  6.1299995E+03  5.0025010E+06
  6.1499985E+03  5.1141490E+06
  6.1699985E+03  4.9439870E+06
  6.1900000E+03  5.2127575E+06
  6.2099995E+03  5.2146975E+06
  6.2299985E+03  5.0484885E+06
  6.2499990E+03  4.8941310E+06
  6.2699985E+03  5.1249570E+06
  6.2900000E+03  5.1499280E+06
  6.3099985E+03  5.0028485E+06
  6.3299995E+03  5.0365340E+06
  6.3499985E+03  5.0452210E+06
  6.3699985E+03  5.0120110E+06
  6.3899995E+03  5.0644605E+06
  6.4099990E+03  4.9340660E+06
  6.4299985E+03  4.9942665E+06
  6.4499985E+03  4.9519330E+06
  6.4699990E+03  4.9181245E+06
  6.4899990E+03  4.8372350E+06
  6.5099985E+03  4.9557455E+06
  6.5299990E+03  4.9552965E+06
  6.5499985E+03  4.8340215E+06
  6.5699985E+03  4.4406000E+06
  6.5899995E+03  4.8450010E+06
  6.6099985E+03  4.9089360E+06
  6.6299990E+03  4.8617080E+06
  6.6499985E+03  4.8544890E+06
  6.6699995E+03  4.7807075E+06
  6.6899990E+03  4.8839005E+06
  6.7099995E+03  4.7344220E+06
  6.7299990E+03  4.8290950E+06
  6.7499995E+03  4.7612450E+06
  6.7699985E+03  4.7735970E+06
  6.7899995E+03  4.7333405E+06
  6.8099995E+03  4.7095595E+06
  6.8300000E+03  4.7415370E+06
  6.8499985E+03  4.6043785E+06
  6.8699985E+03  4.6701215E+06
  6.8899985E+03  4.6911400E+06
  6.9099990E+03  4.6395640E+06
  6.9299995E+03  4.6161955E+06
  6.9499990E+03  4.5827250E+06
  6.9699985E+03  4.5818990E+06
  6.9899985E+03  4.5637365E+06
  7.0099985E+03  4.4111575E+06
  7.0299985E+03  4.4917485E+06
  7.0499990E+03  4.5157945E+06
  7.0699980E+03  4.4572715E+06
  7.0899990E+03  4.4346315E+06
  7.1099990E+03  4.4460860E+06
  7.1299995E+03  4.3603365E+06
  7.1499990E+03  4.3398830E+06
  7.1699995E+03  4.3459700E+06
  7.1899985E+03  4.2001265E+06
  7.2099985E+03  4.3063625E+06
  7.2299980E+03  4.3152915E+06
  7.2499990E+03  4.3259180E+06
  7.2699995E+03  4.3026470E+06
  7.2899990E+03  4.1660748E+06
  7.3099980E+03  4.2372185E+06
  7.3299980E+03  4.2328490E+06
  7.3499980E+03  4.2265110E+06
  7.3699985E+03  4.2445240E+06
  7.3899995E+03  4.1247958E+06
  7.4099985E+03  4.0450645E+06
  7.4299995E+03  4.1258162E+06
  7.4500000E+03  4.1335595E+06
  7.4700000E+03  4.1535155E+06
  7.4899990E+03  4.1149122E+06
  7.5099985E+03  4.1172720E+06
  7.5299995E+03  4.1254602E+06
  7.5499980E+03  4.1318550E+06
  7.5699985E+03  4.0878302E+06
  7.5899990E+03  4.0669685E+06
  7.6099980E+03  4.0478318E+06
  7.6299995E+03  4.0566645E+06
  7.6499995E+03  4.0562732E+06
  7.6699980E+03  3.9285235E+06
  7.6899990E+03  4.0251435E+06
  7.7099995E+03  3.9521922E+06
  7.7299985E+03  3.9554745E+06
  7.7499990E+03  3.9052290E+06
  7.7700000E+03  3.9751938E+06
  7.7900000E+03  3.9613890E+06
  7.8099995E+03  3.9359385E+06
  7.8299980E+03  3.8922630E+06
  7.8499980E+03  3.8687258E+06
  7.8699995E+03  3.8981718E+06
  7.8900000E+03  3.8528350E+06
  7.9099995E+03  3.7723825E+06
  7.9300000E+03  3.7207275E+06
  7.9499985E+03  3.6977995E+06
  7.9699990E+03  3.7781905E+06
  7.9900000E+03  3.7770022E+06
  8.0099980E+03  3.7233465E+06
  8.0299985E+03  3.7173252E+06
  8.0500000E+03  3.6823068E+06
  8.0699985E+03  3.6917302E+06
  8.0899990E+03  3.6063240E+06
  8.1099995E+03  3.6339230E+06
  8.1299976E+03  3.6508930E+06
  8.1499976E+03  3.6252828E+06
  8.1699980E+03  3.6201978E+06
  8.1899985E+03  3.5183462E+06
  8.2099990E+03  3.5156452E+06
  8.2300000E+03  3.5186568E+06
  8.2500000E+03  3.5434070E+06
  8.2700000E+03  3.5728352E+06
  8.2899980E+03  3.5468475E+06
  8.3099990E+03  3.4543458E+06
  8.3299980E+03  3.4454882E+06
  8.3500000E+03  3.4499120E+06
  8.3699990E+03  3.4651732E+06
  8.3899990E+03  3.3769568E+06
  8.4099971E+03  3.4501342E+06
  8.4300000E+03  3.3703775E+06
  8.4499990E+03  3.4115312E+06
  8.4699980E+03  3.3745922E+06
  8.4899980E+03  3.4037130E+06
  8.5099990E+03  3.2406182E+06
  8.5299990E+03  3.3865692E+06
  8.5499990E+03  3.1734168E+06
  8.5699990E+03  3.3883200E+06
  8.5900000E+03  3.3047568E+06
  8.6099980E+03  3.2958775E+06
  8.6299990E+03  3.3325678E+06
  8.6499990E+03  3.3348980E+06
  8.6699990E+03  3.0748525E+06
  8.6899990E+03  3.2065872E+06
  8.7099971E+03  3.2480438E+06
  8.7299990E+03  3.2516155E+06
  8.7499980E+03  3.1878082E+06
  8.7699980E+03  3.2487178E+06
  8.7899980E+03  3.2089862E+06
  8.8099990E+03  3.1312355E+06
  8.8299980E+03  3.1798335E+06
  8.8499980E+03  3.1896720E+06
  8.8699980E+03  3.0992168E+06
  8.8899990E+03  3.1759048E+06
  8.9099971E+03  3.1914185E+06
  8.9299980E+03  3.1125110E+06
  8.9499980E+03  3.1073170E+06
  8.9699990E+03  3.1122040E+06
  8.9899990E+03  3.1142202E+06
  9.0099980E+03  2.9771535E+06
  9.0299990E+03  3.0768970E+06
  9.0499990E+03  3.1247655E+06
  9.0699980E+03  3.0649305E+06
  9.0899990E+03  2.9741765E+06
  9.1099980E+03  2.9968572E+06
  9.1299980E+03  3.0502692E+06
  9.1499980E+03  3.0274545E+06
  9.1699980E+03  3.0186538E+06
  9.1899990E+03  3.0414370E+06
  9.2099990E+03  2.9598900E+06
  9.2299980E+03  2.9341205E+06
  9.2499980E+03  2.9304722E+06
  9.2699971E+03  2.9521685E+06
  9.2899990E+03  2.9483315E+06
  9.3099980E+03  2.9588012E+06
  9.3299990E+03  2.9323665E+06
  9.3499980E+03  2.9230675E+06
  9.3699990E+03  2.8883748E+06
  9.3900000E+03  2.9023172E+06
  9.4099980E+03  2.7951180E+06
  9.4299971E+03  2.8779610E+06
  9.4499990E+03  2.8181630E+06
  9.4700000E+03  2.8644948E+06
  9.4899980E+03  2.8675778E+06
  9.5100000E+03  2.8391575E+06
  9.5300000E+03  2.8257598E+06
  9.5500000E+03  2.7545368E+06
  9.5699990E+03  2.7763555E+06
  9.5899980E+03  2.8099295E+06
  9.6099980E+03  2.7689565E+06
  9.6299990E+03  2.7449138E+06
  9.6499990E+03  2.7166775E+06
  9.6699980E+03  2.7132278E+06
  9.6899980E+03  2.7417205E+06
  9.7100000E+03  2.7155322E+06
  9.7299990E+03  2.7064105E+06
  9.7499980E+03  2.6806560E+06
  9.7699961E+03  2.6758898E+06
  9.7899980E+03  2.6482610E+06
  9.8099980E+03  2.6793215E+06
  9.8299990E+03  2.6634392E+06
  9.8499980E+03  2.6630410E+06
  9.8700000E+03  2.6335025E+06
  9.8899980E+03  2.6267918E+06
  9.9099990E+03  2.6168515E+06
  9.9300000E+03  2.6273720E+06
  9.9499980E+03  2.6195992E+06
  9.9699980E+03  2.6112980E+06
  9.9899990E+03  2.5945860E+06
  1.0024998E+04  2.5742150E+06
  1.0074998E+04  2.5309498E+06
  1.0124997E+04  2.5248302E+06
  1.0174997E+04  2.4803545E+06
  1.0224998E+04  2.4714702E+06
  1.0274997E+04  2.4651390E+06
  1.0325000E+04  2.4156288E+06
  1.0374999E+04  2.3919470E+06
  1.0425000E+04  2.3908958E+06
  1.0474998E+04  2.3536718E+06
  1.0524997E+04  2.3474148E+06
  1.0574999E+04  2.3167792E+06
  1.0625000E+04  2.2922555E+06
  1.0674997E+04  2.2433282E+06
  1.0724998E+04  2.2416195E+06
  1.0774999E+04  2.2115832E+06
  1.0824997E+04  2.1719432E+06
  1.0874997E+04  2.1610322E+06
  1.0924999E+04  2.1555945E+06
  1.0974996E+04  2.1247398E+06
  1.1025000E+04  2.1339002E+06
  1.1074998E+04  2.1234305E+06
  1.1124999E+04  2.0980548E+06
  1.1174998E+04  2.0721425E+06
  1.1224999E+04  2.0661018E+06
  1.1274997E+04  2.0234586E+06
  1.1325000E+04  2.0150588E+06
  1.1375000E+04  1.9959561E+06
  1.1425000E+04  1.9643532E+06
  1.1474997E+04  1.9825786E+06
  1.1525000E+04  1.9651006E+06
  1.1574998E+04  1.9331455E+06
  1.1625000E+04  1.9018320E+06
  1.1674998E+04  1.8944224E+06
  1.1724997E+04  1.9020590E+06
  1.1775001E+04  1.8599901E+06
  1.1824999E+04  1.8426780E+06
  1.1875000E+04  1.8176022E+06
  1.1925000E+04  1.8411500E+06
  1.1975001E+04  1.7734220E+06
  1.2024998E+04  1.7927834E+06
  1.2074996E+04  1.7674256E+06
  1.2125000E+04  1.7656138E+06
  1.2175000E+04  1.7675852E+06
  1.2225001E+04  1.7502569E+06
  1.2275001E+04  1.7296515E+06
  1.2324996E+04  1.7183509E+06
  1.2374996E+04  1.7048622E+06
  1.2424998E+04  1.6870198E+06
  1.2475000E+04  1.6816566E+06
  1.2524997E+04  1.6611495E+06
  1.2574997E+04  1.6503722E+06
  1.2624999E+04  1.6372306E+06
  1.2674997E+04  1.6163666E+06
  1.2724999E+04  1.6154615E+06
  1.2774999E+04  1.6088654E+06
  1.2825000E+04  1.5368852E+06
  1.2875001E+04  1.5699478E+06
  1.2924997E+04  1.5538114E+06
  1.2975001E+04  1.5560455E+06
  1.3024998E+04  1.5302436E+06
  1.3074999E+04  1.5316300E+06
  1.3125000E+04  1.5037118E+06
  1.3174998E+04  1.4920818E+06
  1.3224998E+04  1.4940462E+06
  1.3274997E+04  1.4656680E+06
  1.3324997E+04  1.4672289E+06
  1.3374999E+04  1.4516882E+06
  1.3424999E+04  1.4543355E+06
  1.3474999E+04  1.4395582E+06
  1.3525001E+04  1.4304168E+06
  1.3574999E+04  1.4022771E+06
  1.3624997E+04  1.3969968E+06
  1.3674997E+04  1.3900431E+06
  1.3724995E+04  1.3830941E+06
  1.3774998E+04  1.3724555E+06
  1.3824998E+04  1.3664489E+06
  1.3874996E+04  1.3545640E+06
  1.3925000E+04  1.3497296E+06
  1.3974996E+04  1.3411506E+06
  1.4024997E+04  1.3175659E+06
  1.4075001E+04  1.3212284E+06
  1.4124996E+04  1.2999959E+06
  1.4175000E+04  1.3069649E+06
  1.4225000E+04  1.2772391E+06
  1.4274994E+04  1.2568276E+06
  1.4325001E+04  1.2715858E+06
  1.4374998E+04  1.2719262E+06
  1.4424999E+04  1.2241796E+06
  1.4475000E+04  1.2488925E+06
  1.4524997E+04  1.2211494E+06
  1.4569999E+04  1.2262886E+06
  1.4620000E+04  1.2209466E+06
  1.4674998E+04  1.2164479E+06
  1.4725000E+04  1.1915379E+06
  1.4775002E+04  1.1862132E+06
  1.4824998E+04  1.1813459E+06
  1.4874996E+04  1.1555230E+06
  1.4924997E+04  1.1773904E+06
  1.4974999E+04  1.1552948E+06
  1.5024999E+04  1.1268586E+06
  1.5075000E+04  1.1187160E+06
  1.5124999E+04  1.1343214E+06
  1.5175000E+04  1.1307359E+06
  1.5225002E+04  1.1129031E+06
  1.5274998E+04  1.1158341E+06
  1.5324995E+04  1.1026301E+06
  1.5374997E+04  1.0998208E+06
  1.5425001E+04  1.0928600E+06
  1.5474996E+04  1.0854482E+06
  1.5524994E+04  1.0670891E+06
  1.5575001E+04  1.0526226E+06
  1.5624998E+04  1.0698459E+06
  1.5674997E+04  1.0346201E+06
  1.5724994E+04  1.0411388E+06
  1.5774996E+04  1.0062998E+06
  1.5825001E+04  1.0189801E+06
  1.5874995E+04  9.7383994E+05
  1.5925002E+04  9.9627012E+05
  1.5975001E+04  1.0055292E+06
  1.6049998E+04  9.9081600E+05
  1.6150001E+04  9.6636381E+05
  1.6249997E+04  9.6657694E+05
  1.6350000E+04  9.4507912E+05
  1.6449996E+04  9.1798988E+05
  1.6549998E+04  9.1794675E+05
  1.6649994E+04  9.0253725E+05
  1.6749998E+04  8.7606856E+05
  1.6849998E+04  8.4650094E+05
  1.6950000E+04  8.5563412E+05
  1.7049996E+04  8.2620106E+05
  1.7150000E+04  8.1609425E+05
  1.7249992E+04  7.9175881E+05
  1.7349994E+04  7.6031850E+05
  1.7449992E+04  7.6250450E+05
  1.7550000E+04  7.5152738E+05
  1.7649998E+04  7.3785981E+05
  1.7749994E+04  7.2196475E+05
  1.7849994E+04  7.1221906E+05
  1.7949998E+04  6.9816681E+05
  1.8050002E+04  6.8246181E+05
  1.8150002E+04  6.5778519E+05
  1.8249994E+04  6.5340212E+05
  1.8349992E+04  6.4382744E+05
  1.8449992E+04  6.2620944E+05
  1.8549998E+04  6.1989169E+05
  1.8650002E+04  6.0116319E+05
  1.8750002E+04  5.7503981E+05
  1.8850000E+04  5.8369244E+05
  1.8950004E+04  5.5974500E+05
  1.9049996E+04  5.6492981E+05
  1.9149998E+04  5.5270656E+05
  1.9249992E+04  5.4332962E+05
  1.9350000E+04  5.2809881E+05
  1.9449992E+04  5.0792434E+05
  1.9550002E+04  5.1351453E+05
  1.9649992E+04  5.0294522E+05
  1.9749992E+04  4.9273653E+05
  1.9849992E+04  4.8577656E+05
  1.9950002E+04  4.7778525E+05
  2.0050002E+04  4.7267506E+05
  2.0149996E+04  4.6650156E+05
  2.0249994E+04  4.5293888E+05
  2.0349994E+04  4.4271253E+05
  2.0449996E+04  4.4189759E+05
  2.0550000E+04  4.3301294E+05
  2.0649992E+04  4.2291909E+05
  2.0749998E+04  4.1710238E+05
  2.0849992E+04  4.1017347E+05
  2.0950004E+04  4.0019809E+05
  2.1050002E+04  3.9739106E+05
  2.1149992E+04  3.8978522E+05
  2.1250000E+04  3.8296303E+05
  2.1350002E+04  3.7811112E+05
  2.1449996E+04  3.7183462E+05
  2.1550006E+04  3.6568197E+05
  2.1649994E+04  3.5045681E+05
  2.1750002E+04  3.5080909E+05
  2.1849998E+04  3.4571959E+05
  2.1950002E+04  3.4213081E+05
  2.2050000E+04  3.3336284E+05
  2.2149996E+04  3.3094325E+05
  2.2249998E+04  3.2426916E+05
  2.2350004E+04  3.1910362E+05
  2.2449990E+04  3.1421200E+05
  2.2549994E+04  3.0916419E+05
  2.2650000E+04  3.0335594E+05
  2.2750000E+04  3.0021453E+05
  2.2850000E+04  2.9355191E+05
  2.2950004E+04  2.7672962E+05
  2.3050000E+04  2.8019784E+05
  2.3149996E+04  2.7668588E+05
  2.3250000E+04  2.5823264E+05
  2.3349996E+04  2.6313572E+05
  2.3449994E+04  2.6319825E+05
  2.3550002E+04  2.4378847E+05
  2.3649988E+04  2.5083792E+05
  2.3750000E+04  2.4918392E+05
  2.3849990E+04  2.3197853E+05
  2.3950002E+04  2.3765070E+05
  2.4050006E+04  2.3688342E+05
  2.4149992E+04  2.2368642E+05
  2.4249990E+04  2.2601597E+05
  2.4349990E+04  2.2493219E+05
  2.4450002E+04  2.1663630E+05
  2.4549990E+04  2.1346881E+05
  2.4649992E+04  2.1615480E+05
  2.4749992E+04  2.0984206E+05
  2.4850006E+04  2.0369673E+05
  2.4950000E+04  2.0489955E+05
  2.5050006E+04  2.0518200E+05
  2.5149994E+04  1.9645417E+05
  2.5249998E+04  1.9765469E+05
  2.5350004E+04  1.9576409E+05
  2.5449988E+04  1.9129164E+05
  2.5549998E+04  1.8884481E+05
  2.5649990E+04  1.8660230E+05
  2.5749990E+04  1.8616141E+05
  2.5849994E+04  1.7931153E+05
  2.5949990E+04  1.7981200E+05
  2.6049996E+04  1.7832858E+05
  2.6149998E+04  1.7479664E+05
  2.6249988E+04  1.6987547E+05
  2.6350008E+04  1.7062844E+05
  2.6449996E+04  1.6822612E+05
  2.6549994E+04  1.6593517E+05
  2.6649994E+04  1.6245373E+05
  2.6749988E+04  1.6234183E+05
  2.6849986E+04  1.6105647E+05
  2.6949986E+04  1.5822436E+05
  2.7050002E+04  1.5671669E+05
  2.7149998E+04  1.5458309E+05
  2.7249994E+04  1.5270995E+05
  2.7350006E+04  1.5056269E+05
  2.7450004E+04  1.4919775E+05
  2.7549996E+04  1.4630997E+05
  2.7649982E+04  1.4455397E+05
  2.7750004E+04  1.4276041E+05
  2.7850000E+04  1.4126591E+05
  2.7949992E+04  1.3995316E+05
  2.8049994E+04  1.3800417E+05
  2.8150002E+04  1.3619812E+05
  2.8250006E+04  1.3440473E+05
  2.8350000E+04  1.3307392E+05
  2.8450000E+04  1.3086010E+05
  2.8550002E+04  1.2938111E+05
  2.8650002E+04  1.2761662E+05
  2.8749982E+04  1.2511711E+05
  2.8849998E+04  1.2449100E+05
  2.8949986E+04  1.2306616E+05
  2.9049994E+04  1.2147924E+05
  2.9149986E+04  1.2001324E+05
  2.9249984E+04  1.1799194E+05
  2.9349980E+04  1.1703624E+05
  2.9450000E+04  1.1516103E+05
  2.9550004E+04  1.1400754E+05
  2.9649982E+04  1.1277716E+05
  2.9749992E+04  1.1134766E+05
  2.9849994E+04  1.0993059E+05
  2.9949984E+04  1.0837041E+05
  3.0049996E+04  1.0707035E+05
  3.0149994E+04  1.0597171E+05
  3.0249994E+04  1.0448176E+05
  3.0349996E+04  1.0218294E+05
  3.0449996E+04  1.0185826E+05
  3.0549996E+04  1.0068390E+05
  3.0649996E+04  9.9330195E+04
  3.0749994E+04  9.8434211E+04
  3.0849996E+04  9.6902477E+04
  3.0949994E+04  9.5793562E+04
  3.1049996E+04  9.4931328E+04
  3.1149996E+04  9.3014383E+04
  3.1249996E+04  9.2508781E+04
  3.1349996E+04  9.1528555E+04
  3.1449996E+04  9.0418000E+04
  3.1549998E+04  8.9016875E+04
  3.1649996E+04  8.8086703E+04
  3.1749998E+04  8.7151484E+04
  3.1849996E+04  8.6129727E+04
  3.1949994E+04  8.5266672E+04
  3.2099996E+04  8.3586852E+04
  3.2299992E+04  8.1713578E+04
  3.2499994E+04  7.9765773E+04
  3.2699996E+04  7.7887555E+04
  3.2899996E+04  7.5634805E+04
  3.3099996E+04  7.4297164E+04
  3.3299992E+04  7.2530875E+04
  3.3499996E+04  7.1106797E+04
  3.3699996E+04  6.9422734E+04
  3.3899996E+04  6.7756953E+04
  3.4099996E+04  6.6164234E+04
  3.4299996E+04  6.4991418E+04
  3.4499992E+04  6.3679855E+04
  3.4699996E+04  6.2218887E+04
  3.4899996E+04  6.0901598E+04
  3.5099996E+04  5.9643824E+04
  3.5299996E+04  5.8220105E+04
  3.5499996E+04  5.7093637E+04
  3.5699992E+04  5.5799516E+04
  3.5899992E+04  5.4609512E+04
  3.6099996E+04  5.3610051E+04
  3.6299992E+04  5.2489160E+04
  3.6499992E+04  5.1211391E+04
  3.6699992E+04  5.0120512E+04
  3.6899992E+04  4.8803961E+04
  3.7099996E+04  4.7761879E+04
  3.7299996E+04  4.7001941E+04
  3.7499992E+04  4.5585715E+04
  3.7699996E+04  4.5166941E+04
  3.7899996E+04  4.4219406E+04
  3.8099992E+04  4.3444957E+04
  3.8299996E+04  4.2686773E+04
  3.8499996E+04  4.1896230E+04
  3.8699996E+04  4.0953676E+04
  3.8899992E+04  4.0170164E+04
  3.9099996E+04  3.9464551E+04
  3.9299992E+04  3.8717543E+04
  3.9499992E+04  3.7807324E+04
  3.9699992E+04  3.7169207E+04
  3.9900000E+04  3.6229559E+04
  4.0099996E+04  3.5667594E+04
  4.0299992E+04  3.5119605E+04
  4.0499996E+04  3.4247625E+04
  4.0699992E+04  3.3775418E+04
  4.0899992E+04  3.3166641E+04
  4.1099996E+04  3.2590385E+04
  4.1299996E+04  3.2034756E+04
  4.1499992E+04  3.1370186E+04
  4.1699992E+04  3.0790514E+04
  4.1899996E+04  3.0222590E+04
  4.2099996E+04  2.9549277E+04
  4.2299992E+04  2.9238932E+04
  4.2499996E+04  2.8607727E+04
  4.2699992E+04  2.8173008E+04
  4.2899992E+04  2.6742096E+04
  4.3099996E+04  2.5620389E+04
  4.3299996E+04  2.5641455E+04
  4.3499992E+04  2.4269398E+04
  4.3699996E+04  2.3726199E+04
  4.3899996E+04  2.3459684E+04
  4.4099992E+04  2.2125789E+04
  4.4299992E+04  2.2060838E+04
  4.4499996E+04  2.1729807E+04
  4.4699996E+04  2.0619455E+04
  4.4899996E+04  2.0817391E+04
  4.5099992E+04  2.0318299E+04
  4.5299992E+04  1.9447168E+04
  4.5499996E+04  1.9540441E+04
  4.5699992E+04  1.9375197E+04
  4.5899996E+04  1.8482508E+04
  4.6099996E+04  1.8629162E+04
  4.6299992E+04  1.8284043E+04
  4.6499988E+04  1.8024303E+04
  4.6699992E+04  1.7856426E+04
  4.6899992E+04  1.7639375E+04
  4.7099992E+04  1.7252141E+04
  4.7299992E+04  1.7276623E+04
  4.7499996E+04  1.6912707E+04
  4.7699992E+04  1.6632096E+04
  4.7899992E+04  1.6424533E+04
  4.8099996E+04  1.6042677E+04
  4.8299992E+04  1.6110500E+04
  4.8499992E+04  1.5776905E+04
  4.8700000E+04  1.5463163E+04
  4.8899992E+04  1.5294083E+04
  4.9099988E+04  1.5034887E+04
  4.9299988E+04  1.4807900E+04
  4.9499996E+04  1.4565781E+04
  4.9699992E+04  1.4409897E+04
  4.9899988E+04  1.4158758E+04
  5.0099996E+04  1.4054639E+04
  5.0299996E+04  1.3854053E+04
  5.0499996E+04  1.3532254E+04
  5.0699996E+04  1.3387743E+04
  5.0899992E+04  1.3253080E+04
  5.1099992E+04  1.2967320E+04
  5.1299996E+04  1.2852233E+04
  5.1499988E+04  1.2641673E+04
  5.1699996E+04  1.2599724E+04
  5.1899992E+04  1.2327139E+04
  5.2099992E+04  1.2160368E+04
  5.2299996E+04  1.1962589E+04
  5.2499996E+04  1.1886381E+04
  5.2699996E+04  1.1798098E+04
  5.2899992E+04  1.1488945E+04
  5.3099988E+04  1.1368627E+04
  5.3299988E+04  1.1244613E+04
  5.3499992E+04  1.1107392E+04
  5.3699992E+04  1.0969547E+04
  5.3899992E+04  1.0838236E+04
  5.4099992E+04  1.0689516E+04
  5.4299984E+04  1.0475992E+04
  5.4499988E+04  1.0421439E+04
  5.4699996E+04  1.0264912E+04
  5.4899992E+04  1.0125638E+04
  5.5099992E+04  1.0004488E+04
  5.5299988E+04  9.9784551E+03
  5.5499988E+04  9.7142793E+03
  5.5699992E+04  9.7053574E+03
  5.5899992E+04  9.5161934E+03
  5.6099988E+04  9.4168623E+03
  5.6299996E+04  9.2570107E+03
  5.6499988E+04  9.2091768E+03
  5.6699988E+04  9.0884277E+03
  5.6899992E+04  8.9100312E+03
  5.7099996E+04  8.8718721E+03
  5.7299988E+04  8.7492363E+03
  5.7499988E+04  8.6459756E+03
  5.7699988E+04  8.5119111E+03
  5.7899996E+04  8.4497227E+03
  5.8099988E+04  8.3058281E+03
  5.8299996E+04  8.2152402E+03
  5.8499992E+04  8.1263613E+03
  5.8699988E+04  7.9918130E+03
  5.8899988E+04  7.8958228E+03
  5.9099992E+04  7.8153989E+03
  5.9299988E+04  7.7297739E+03
  5.9499996E+04  7.6101084E+03
  5.9699988E+04  7.5500117E+03
  5.9899992E+04  7.4561030E+03
  6.0099992E+04  7.3635889E+03
  6.0299992E+04  7.2761772E+03
  6.0499988E+04  7.1699980E+03
  6.0699992E+04  7.0815181E+03
  6.0899992E+04  6.9969902E+03
  6.1099988E+04  6.8947476E+03
  6.1299992E+04  6.8321846E+03
  6.1499988E+04  6.7565449E+03
  6.1699988E+04  6.6833228E+03
  6.1899996E+04  6.6082471E+03
  6.2099996E+04  6.5332202E+03
  6.2299988E+04  6.4344634E+03
  6.2499992E+04  6.3531309E+03
  6.2699988E+04  6.2820967E+03
  6.2899996E+04  6.2128804E+03
  6.3099984E+04  6.1300366E+03
  6.3299996E+04  6.0806396E+03
  6.3499984E+04  5.9981138E+03
  6.3699984E+04  5.9409180E+03
  6.3900000E+04  5.8595898E+03
  6.4199992E+04  5.7593462E+03
  6.4599984E+04  5.6207197E+03
  6.4999992E+04  5.4909409E+03
  6.5399992E+04  5.3670791E+03
  6.5799992E+04  5.2495557E+03
  6.6199984E+04  5.1241572E+03
  6.6599984E+04  5.0102163E+03
  6.6999992E+04  4.8964395E+03
  6.7399992E+04  4.7818521E+03
  6.7799992E+04  4.6768325E+03
  6.8199992E+04  4.5711055E+03
  6.8599992E+04  4.4706416E+03
  6.8999984E+04  4.3699785E+03
  6.9399984E+04  4.2725044E+03
  6.9800000E+04  4.1802949E+03
  7.0199992E+04  4.0839431E+03
  7.0599984E+04  3.9987974E+03
  7.0999977E+04  3.9117185E+03
  7.1399977E+04  3.8278850E+03
  7.1799984E+04  3.7449407E+03
  7.2199984E+04  3.6646069E+03
  7.2600000E+04  3.5854519E+03
  7.2999984E+04  3.5111333E+03
  7.3400000E+04  3.4347881E+03
  7.3799984E+04  3.3646621E+03
  7.4199992E+04  3.2913267E+03
  7.4599992E+04  3.2191646E+03
  7.5000000E+04  3.1554490E+03
  7.5399992E+04  3.0908472E+03
  7.5799992E+04  3.0307078E+03
  7.6199984E+04  2.9684143E+03
  7.6599992E+04  2.9086643E+03
  7.6999992E+04  2.8487222E+03
  7.7399992E+04  2.7926279E+03
  7.7799984E+04  2.7371604E+03
  7.8199984E+04  2.6824319E+03
  7.8599984E+04  2.6296487E+03
  7.8999984E+04  2.5777942E+03
  7.9399984E+04  2.5268484E+03
  7.9800000E+04  2.4780925E+03
  8.0199992E+04  2.4286013E+03
  8.0599984E+04  2.3812437E+03
  8.0999992E+04  2.3369395E+03
  8.1399977E+04  2.2904336E+03
  8.1799984E+04  2.2478750E+03
  8.2199984E+04  2.2059790E+03
  8.2599992E+04  2.1638481E+03
  8.2999984E+04  2.1235740E+03
  8.3400000E+04  2.0825618E+03
  8.3799992E+04  2.0442739E+03
  8.4199992E+04  2.0072020E+03
  8.4599977E+04  1.9700546E+03
  8.4999977E+04  1.9339321E+03
  8.5399984E+04  1.8985012E+03
  8.5799984E+04  1.8641577E+03
  8.6199992E+04  1.8302668E+03
  8.6599992E+04  1.7975745E+03
  8.6999984E+04  1.7654045E+03
  8.7399992E+04  1.7337960E+03
  8.7799992E+04  1.7028358E+03
  8.8199984E+04  1.6718802E+03
  8.8599977E+04  1.6426613E+03
  8.8999992E+04  1.6133270E+03
  8.9399977E+04  1.5859131E+03
  8.9799977E+04  1.5572404E+03
  9.0199984E+04  1.5312349E+03
  9.0599984E+04  1.5054895E+03
  9.0999992E+04  1.4781803E+03
  9.1400000E+04  1.4534099E+03
  9.1799969E+04  1.4291494E+03
  9.2199969E+04  1.4052535E+03
  9.2599984E+04  1.3814081E+03
  9.3000000E+04  1.3582252E+03
  9.3399984E+04  1.3353021E+03
  9.3799984E+04  1.3131477E+03
  9.4199977E+04  1.2913209E+03
  9.4599984E+04  1.2697308E+03
  9.4999969E+04  1.2488760E+03
  9.5399984E+04  1.2282833E+03
  9.5799984E+04  1.2084421E+03
  9.6199992E+04  1.1884803E+03
  9.6599984E+04  1.1694941E+03
  9.7000000E+04  1.1506191E+03
  9.7399977E+04  1.1309032E+03
  9.7799984E+04  1.1134788E+03
  9.8199977E+04  1.0960659E+03
  9.8599977E+04  1.0787433E+03
  9.8999992E+04  1.0617791E+03
  9.9399984E+04  1.0447100E+03
  9.9799977E+04  1.0284094E+03
  1.0019999E+05  1.0123348E+03
  1.9999991E+05  6.5515808E+01
  3.9999994E+05  4.1094522E+00
  5.9999981E+05  8.0724514E-01
  7.9999994E+05  2.5374737E-01
