  9.2499988E+02  5.4108671E-08
  9.3499982E+02  7.7335386E-08
  9.4500000E+02  1.1515137E-07
  9.5500000E+02  1.8044686E-07
  9.6499988E+02  2.7309585E-07
  9.7499982E+02  3.7621598E-07
  9.8499976E+02  5.4248648E-07
  9.9499988E+02  7.5786130E-07
  1.0049999E+03  1.1734013E-06
  1.0149997E+03  1.6397847E-06
  1.0249998E+03  1.9110166E-06
  1.0349998E+03  3.2705248E-06
  1.0449998E+03  4.5965921E-06
  1.0549999E+03  6.1301525E-06
  1.0649999E+03  8.3187024E-06
  1.0750000E+03  1.1543637E-05
  1.0849996E+03  1.5803773E-05
  1.0949999E+03  2.0284093E-05
  1.1049999E+03  7.5249431E-05
  1.1149999E+03  1.2479942E-04
  1.1249999E+03  1.8459139E-04
  1.1349996E+03  2.7314824E-04
  1.1449999E+03  3.7526037E-04
  1.1549999E+03  4.5252309E-04
  1.1650000E+03  6.3542684E-04
  1.1749995E+03  8.2696456E-04
  1.1849996E+03  9.4930152E-04
  1.1949998E+03  8.4621017E-04
  1.2049996E+03  9.5645001E-04
  1.2149998E+03  2.2969053E-04
  1.2249996E+03  1.3561518E-03
  1.2349996E+03  2.5875901E-03
  1.2449998E+03  3.5001591E-03
  1.2549996E+03  4.2224545E-03
  1.2650000E+03  4.6477607E-03
  1.2749998E+03  5.8305138E-03
  1.2849995E+03  6.4663356E-03
  1.2949998E+03  8.1417626E-03
  1.3049995E+03  8.4875459E-03
  1.3149998E+03  1.0926018E-02
  1.3249998E+03  1.1349686E-02
  1.3349996E+03  1.3000729E-02
  1.3449995E+03  1.5491668E-02
  1.3549996E+03  1.8518565E-02
  1.3649999E+03  1.9835442E-02
  1.3749999E+03  2.1857245E-02
  1.3849996E+03  2.4606550E-02
  1.3949999E+03  2.8061025E-02
  1.4050001E+03  3.5029612E-02
  1.4149998E+03  4.0764265E-02
  1.4249998E+03  4.7370281E-02
  1.4350000E+03  5.8459502E-02
  1.4419998E+03  7.8284815E-02
  1.4469999E+03  6.8579234E-02
  1.4549994E+03  8.1876688E-02
  1.4650000E+03  1.1105086E-01
  1.4749995E+03  1.2956075E-01
  1.4849996E+03  1.3882011E-01
  1.4949998E+03  1.8898810E-01
  1.5049996E+03  2.3939341E-01
  1.5119995E+03  1.6586095E-01
  1.5169994E+03  2.2633901E-01
  1.5250001E+03  8.5339087E-01
  1.5349994E+03  1.6660382E+00
  1.5449994E+03  1.3141652E+00
  1.5549998E+03  2.4861326E+00
  1.5649999E+03  2.3004909E+00
  1.5750001E+03  5.2214479E+00
  1.5850000E+03  6.6504216E+00
  1.5949996E+03  7.9470077E+00
  1.6049999E+03  8.3586845E+00
  1.6150000E+03  9.2089405E+00
  1.6249996E+03  1.0922534E+01
  1.6350000E+03  1.2731744E+01
  1.6449996E+03  1.9631433E+01
  1.6549999E+03  1.1014425E+01
  1.6649993E+03  2.3261261E+01
  1.6720000E+03  1.4628202E+01
  1.6770001E+03  9.4954529E+01
  1.6849998E+03  1.0797810E+02
  1.6950000E+03  1.4451578E+02
  1.7049995E+03  1.4881290E+02
  1.7150000E+03  1.3844936E+02
  1.7249993E+03  1.8552908E+02
  1.7349994E+03  2.3021562E+02
  1.7449993E+03  3.3304437E+02
  1.7550001E+03  4.8056302E+02
  1.7649998E+03  4.7224283E+02
  1.7749995E+03  4.8588943E+02
  1.7849995E+03  6.4589929E+02
  1.7949999E+03  8.2114777E+02
  1.8050001E+03  8.6724225E+02
  1.8150001E+03  8.3419946E+02
  1.8249994E+03  1.1001487E+03
  1.8349993E+03  1.1673812E+03
  1.8449993E+03  8.6679022E+02
  1.8549998E+03  1.2889413E+03
  1.8650002E+03  1.5283882E+03
  1.8750001E+03  1.6959078E+03
  1.8850000E+03  1.8555552E+03
  1.8950002E+03  2.4669487E+03
  1.9049996E+03  2.4272080E+03
  1.9149999E+03  2.6825815E+03
  1.9249993E+03  2.8547603E+03
  1.9350001E+03  2.0682844E+03
  1.9449993E+03  3.8339307E+03
  1.9550002E+03  3.9659207E+03
  1.9670002E+03  5.3146455E+03
  1.9759990E+03  5.1694780E+03
  1.9839996E+03  6.2329204E+03
  1.9950001E+03  6.3589854E+03
  2.0050002E+03  6.4494966E+03
  2.0149996E+03  6.9560942E+03
  2.0249994E+03  5.9410962E+03
  2.0349995E+03  8.0711680E+03
  2.0449998E+03  9.4227744E+03
  2.0550000E+03  9.7844736E+03
  2.0649993E+03  9.8074463E+03
  2.0739993E+03  1.1099309E+04
  2.0780002E+03  2.6426629E+04
  2.0849993E+03  3.6367137E+04
  2.0950005E+03  3.4408754E+04
  2.1050002E+03  3.7168898E+04
  2.1149990E+03  4.1105070E+04
  2.1250000E+03  3.4941633E+04
  2.1350002E+03  3.5963078E+04
  2.1449998E+03  4.9999359E+04
  2.1550005E+03  4.9709164E+04
  2.1649995E+03  4.4926105E+04
  2.1750002E+03  4.5583441E+04
  2.1849998E+03  6.2615703E+04
  2.1950000E+03  6.1065148E+04
  2.2050000E+03  6.0683766E+04
  2.2149998E+03  4.2813223E+04
  2.2249998E+03  5.6471625E+04
  2.2350005E+03  8.6738930E+04
  2.2449990E+03  8.1625148E+04
  2.2549993E+03  5.9736195E+04
  2.2650000E+03  5.1024891E+04
  2.2750000E+03  6.6868398E+04
  2.2850000E+03  1.0008501E+05
  2.2950002E+03  8.0796562E+04
  2.3050000E+03  1.0363832E+05
  2.3149995E+03  7.6791578E+04
  2.3250000E+03  6.4730645E+04
  2.3349995E+03  5.0937723E+04
  2.3449993E+03  3.3060438E+04
  2.3550000E+03  7.1963430E+04
  2.3649988E+03  3.8954941E+04
  2.3750000E+03  5.3393980E+04
  2.3849990E+03  2.9248660E+04
  2.3950000E+03  3.9611961E+04
  2.4050005E+03  4.0481668E+04
  2.4149993E+03  5.2325918E+04
  2.4249990E+03  1.0903604E+05
  2.4349990E+03  1.2301666E+05
  2.4450000E+03  1.5118412E+05
  2.4549990E+03  1.6563822E+05
  2.4649990E+03  1.2693509E+05
  2.4749993E+03  1.0969352E+05
  2.4850005E+03  4.5594910E+04
  2.4950000E+03  7.8190695E+04
  2.5050005E+03  1.3633772E+05
  2.5129988E+03  5.2479973E+04
  2.5179990E+03  3.6036203E+04
  2.5249998E+03  4.2259691E+04
  2.5350007E+03  1.0007166E+05
  2.5449988E+03  1.1962124E+05
  2.5550000E+03  3.1461241E+05
  2.5649990E+03  1.7424538E+05
  2.5749990E+03  2.3912638E+05
  2.5849993E+03  1.8007266E+05
  2.5949990E+03  1.4322973E+05
  2.6049995E+03  1.0891689E+05
  2.6149998E+03  9.9617781E+04
  2.6249990E+03  1.4786397E+05
  2.6350007E+03  3.8456641E+05
  2.6449995E+03  6.4673369E+05
  2.6549998E+03  1.0005384E+06
  2.6649995E+03  5.4964594E+05
  2.6749988E+03  6.4110156E+05
  2.6849988E+03  7.7763819E+05
  2.6949988E+03  5.6144125E+05
  2.7050000E+03  7.4383531E+05
  2.7150000E+03  4.5759575E+05
  2.7249995E+03  2.9774378E+05
  2.7350007E+03  4.2681841E+05
  2.7450002E+03  1.7816133E+05
  2.7549998E+03  2.7798741E+05
  2.7649983E+03  4.1326125E+05
  2.7750005E+03  4.4207241E+05
  2.7850000E+03  2.3250302E+05
  2.7949993E+03  7.6711156E+04
  2.8049995E+03  1.0030225E+05
  2.8150002E+03  3.6129488E+05
  2.8250007E+03  6.4445538E+05
  2.8350000E+03  6.7666612E+05
  2.8450002E+03  4.4747484E+05
  2.8550005E+03  2.0911361E+05
  2.8650000E+03  7.3990575E+05
  2.8749983E+03  1.1117469E+06
  2.8850000E+03  9.3277712E+05
  2.8949988E+03  1.1581559E+06
  2.9099988E+03  1.5883740E+06
  2.9299983E+03  1.4951029E+06
  2.9499990E+03  1.4709589E+06
  2.9700005E+03  1.6238006E+06
  2.9899980E+03  1.7147926E+06
  3.0099995E+03  1.7585261E+06
  3.0299995E+03  1.8468781E+06
  3.0499995E+03  1.9236575E+06
  3.0699995E+03  1.8415949E+06
  3.0899995E+03  1.7931726E+06
  3.1099995E+03  1.9611188E+06
  3.1299998E+03  1.7908945E+06
  3.1499995E+03  1.7404331E+06
  3.1699995E+03  1.9815332E+06
  3.1899995E+03  1.7194204E+06
  3.2099998E+03  1.9508839E+06
  3.2299993E+03  1.5971142E+06
  3.2499993E+03  2.2946038E+06
  3.2699995E+03  2.6257412E+06
  3.2899995E+03  2.4876198E+06
  3.3099998E+03  2.3834788E+06
  3.3299993E+03  2.4748288E+06
  3.3499995E+03  2.4157918E+06
  3.3699995E+03  1.8447712E+06
  3.3899993E+03  2.1411515E+06
  3.4099993E+03  2.2612220E+06
  3.4299995E+03  2.3501108E+06
  3.4499993E+03  2.6755098E+06
  3.4699998E+03  2.7026700E+06
  3.4899993E+03  2.9057395E+06
  3.5099995E+03  3.0203538E+06
  3.5299995E+03  2.7687582E+06
  3.5499995E+03  3.1020510E+06
  3.5699995E+03  2.3882022E+06
  3.5899995E+03  2.4779772E+06
  3.6099995E+03  2.9026612E+06
  3.6299993E+03  2.9496738E+06
  3.6399993E+03  2.9514028E+06
  3.6499995E+03  3.2808088E+06
  3.6699993E+03  3.2708812E+06
  3.6899995E+03  3.2203030E+06
  3.7099995E+03  3.7495128E+06
  3.7299998E+03  2.8819082E+06
  3.7499993E+03  3.1668358E+06
  3.7699993E+03  3.6213080E+06
  3.7899995E+03  3.6214802E+06
  3.8099993E+03  3.5012898E+06
  3.8299998E+03  2.2368888E+06
  3.8499995E+03  2.6044082E+06
  3.8699995E+03  2.5436005E+06
  3.8899995E+03  3.4536128E+06
  3.9099995E+03  3.9804620E+06
  3.9299993E+03  1.8186488E+06
  3.9499993E+03  3.2596685E+06
  3.9699998E+03  2.1864808E+06
  3.9899995E+03  4.7749200E+06
  4.0099995E+03  5.1786420E+06
  4.0299993E+03  5.2646930E+06
  4.0499993E+03  5.1158995E+06
  4.0699993E+03  4.9583980E+06
  4.0899995E+03  5.7266330E+06
  4.1099995E+03  5.6969060E+06
  4.1299995E+03  5.5256865E+06
  4.1499990E+03  5.5946165E+06
  4.1699990E+03  5.5347965E+06
  4.1899995E+03  5.3865915E+06
  4.2099995E+03  5.5006890E+06
  4.2299995E+03  5.4182660E+06
  4.2499995E+03  5.4387220E+06
  4.2699990E+03  5.1271370E+06
  4.2899995E+03  4.6483420E+06
  4.3100000E+03  3.7900240E+06
  4.3299995E+03  5.6746360E+06
  4.3499995E+03  5.4545415E+06
  4.3699995E+03  5.9547295E+06
  4.3899995E+03  5.4421930E+06
  4.4099995E+03  5.8900075E+06
  4.4299995E+03  6.2179985E+06
  4.4499995E+03  6.1875350E+06
  4.4699995E+03  6.5608560E+06
  4.4899995E+03  6.6198925E+06
  4.5099990E+03  7.3758950E+06
  4.5299995E+03  6.6235660E+06
  4.5499990E+03  6.8053085E+06
  4.5699995E+03  7.2870285E+06
  4.5899990E+03  6.8293740E+06
  4.6099990E+03  7.0669940E+06
  4.6299990E+03  6.8960575E+06
  4.6499990E+03  7.0192850E+06
  4.6699990E+03  7.1886945E+06
  4.6899990E+03  7.0214965E+06
  4.7099995E+03  6.8624755E+06
  4.7299990E+03  7.1743460E+06
  4.7499995E+03  7.3785415E+06
  4.7699995E+03  7.4038895E+06
  4.7899990E+03  7.3730620E+06
  4.8099995E+03  7.2355040E+06
  4.8299995E+03  7.4234285E+06
  4.8499990E+03  6.9577715E+06
  4.8700000E+03  6.3215870E+06
  4.8899990E+03  7.0925490E+06
  4.9099990E+03  7.0453560E+06
  4.9299990E+03  6.9517280E+06
  4.9499995E+03  7.3171015E+06
  4.9699995E+03  7.2658025E+06
  4.9899990E+03  6.7465230E+06
  5.0099995E+03  6.4772315E+06
  5.0299995E+03  6.8335160E+06
  5.0499995E+03  6.9171750E+06
  5.0699995E+03  7.2150420E+06
  5.0899995E+03  6.8708295E+06
  5.1099990E+03  6.9938905E+06
  5.1299995E+03  6.7751235E+06
  5.1499985E+03  6.5785740E+06
  5.1700000E+03  6.3494740E+06
  5.1899990E+03  6.4339225E+06
  5.2099990E+03  6.7328455E+06
  5.2299995E+03  6.7994830E+06
  5.2499995E+03  6.9373565E+06
  5.2699995E+03  6.2544455E+06
  5.2899990E+03  6.9398670E+06
  5.3099995E+03  7.1716120E+06
  5.3299990E+03  6.5472685E+06
  5.3499995E+03  7.0298940E+06
  5.3699995E+03  7.0304070E+06
  5.3899995E+03  6.9099910E+06
  5.4099990E+03  6.7050495E+06
  5.4299990E+03  6.8608210E+06
  5.4499990E+03  7.1139495E+06
  5.4699995E+03  6.9023680E+06
  5.4899995E+03  6.9109170E+06
  5.5099995E+03  6.8458235E+06
  5.5299985E+03  6.9165100E+06
  5.5499990E+03  6.9846525E+06
  5.5699990E+03  6.8450905E+06
  5.5899995E+03  6.7105965E+06
  5.6099990E+03  6.9361190E+06
  5.6299995E+03  6.8825290E+06
  5.6499990E+03  6.8834565E+06
  5.6699990E+03  6.7060790E+06
  5.6899995E+03  6.8540400E+06
  5.7099995E+03  6.7030410E+06
  5.7299990E+03  7.1491505E+06
  5.7499990E+03  6.8833495E+06
  5.7699990E+03  6.9600735E+06
  5.7899995E+03  6.7528335E+06
  5.8099985E+03  6.9145670E+06
  5.8300000E+03  7.0293630E+06
  5.8499990E+03  6.8634835E+06
  5.8699985E+03  6.8887365E+06
  5.8899985E+03  6.5480710E+06
  5.9099995E+03  6.7898685E+06
  5.9299985E+03  6.7825015E+06
  5.9499995E+03  6.7912515E+06
  5.9699990E+03  6.8286970E+06
  5.9899990E+03  6.7311985E+06
  6.0099990E+03  6.6124200E+06
  6.0299995E+03  6.6702685E+06
  6.0499990E+03  6.7868055E+06
  6.0699990E+03  6.7373505E+06
  6.0899995E+03  6.5285115E+06
  6.1099985E+03  6.4843300E+06
  6.1299995E+03  6.2585155E+06
  6.1499985E+03  6.3430825E+06
  6.1699985E+03  6.1857480E+06
  6.1900000E+03  6.4687280E+06
  6.2099995E+03  6.4770495E+06
  6.2299985E+03  6.2787735E+06
  6.2499990E+03  6.0684295E+06
  6.2699985E+03  6.3681515E+06
  6.2900000E+03  6.3798015E+06
  6.3099985E+03  6.1974045E+06
  6.3299995E+03  6.2431100E+06
  6.3499985E+03  6.2471980E+06
  6.3699985E+03  6.2006965E+06
  6.3899995E+03  6.2534665E+06
  6.4099990E+03  6.0948500E+06
  6.4299985E+03  6.1499375E+06
  6.4499985E+03  6.1089590E+06
  6.4699990E+03  6.0734985E+06
  6.4899990E+03  5.9781650E+06
  6.5099985E+03  6.0995430E+06
  6.5299990E+03  6.0963390E+06
  6.5499985E+03  5.9328070E+06
  6.5699985E+03  5.3424405E+06
  6.5899995E+03  5.9564255E+06
  6.6099985E+03  6.0216640E+06
  6.6299990E+03  5.9756175E+06
  6.6499985E+03  5.9607715E+06
  6.6699995E+03  5.8821430E+06
  6.6899990E+03  5.9820435E+06
  6.7099995E+03  5.8225145E+06
  6.7299990E+03  5.9069865E+06
  6.7499995E+03  5.8253995E+06
  6.7699985E+03  5.8359125E+06
  6.7899995E+03  5.7861385E+06
  6.8099995E+03  5.7605690E+06
  6.8300000E+03  5.7805050E+06
  6.8499985E+03  5.6366460E+06
  6.8699985E+03  5.7052485E+06
  6.8899985E+03  5.7189965E+06
  6.9099990E+03  5.6570600E+06
  6.9299995E+03  5.6373190E+06
  6.9499990E+03  5.6011000E+06
  6.9699985E+03  5.5941280E+06
  6.9899985E+03  5.5741895E+06
  7.0099985E+03  5.3875650E+06
  7.0299985E+03  5.4781585E+06
  7.0499990E+03  5.4977530E+06
  7.0699980E+03  5.4344355E+06
  7.0899990E+03  5.4062905E+06
  7.1099990E+03  5.4043865E+06
  7.1299995E+03  5.3260145E+06
  7.1499990E+03  5.3026715E+06
  7.1699995E+03  5.2880060E+06
  7.1899985E+03  5.1290585E+06
  7.2099985E+03  5.2389170E+06
  7.2299980E+03  5.2241715E+06
  7.2499990E+03  5.2499310E+06
  7.2699995E+03  5.2221535E+06
  7.2899990E+03  5.0650175E+06
  7.3099980E+03  5.1352680E+06
  7.3299980E+03  5.1352600E+06
  7.3499980E+03  5.1257615E+06
  7.3699985E+03  5.1382755E+06
  7.3899995E+03  4.9999200E+06
  7.4099985E+03  4.9049735E+06
  7.4299995E+03  4.9820575E+06
  7.4500000E+03  4.9915895E+06
  7.4700000E+03  5.0131685E+06
  7.4899990E+03  4.9655485E+06
  7.5099985E+03  4.9631835E+06
  7.5299995E+03  4.9641605E+06
  7.5499980E+03  4.9721315E+06
  7.5699985E+03  4.9172950E+06
  7.5899990E+03  4.8963185E+06
  7.6099980E+03  4.8688610E+06
  7.6299995E+03  4.8745590E+06
  7.6499995E+03  4.8613355E+06
  7.6699980E+03  4.7270880E+06
  7.6899990E+03  4.8207055E+06
  7.7099995E+03  4.7332385E+06
  7.7299985E+03  4.7425090E+06
  7.7499990E+03  4.6846940E+06
  7.7700000E+03  4.7326800E+06
  7.7900000E+03  4.7369055E+06
  7.8099995E+03  4.7039055E+06
  7.8299980E+03  4.6540995E+06
  7.8499980E+03  4.6203885E+06
  7.8699995E+03  4.6573940E+06
  7.8900000E+03  4.6180160E+06
  7.9099995E+03  4.5367090E+06
  7.9300000E+03  4.4726975E+06
  7.9499985E+03  4.4565410E+06
  7.9699990E+03  4.5281470E+06
  7.9900000E+03  4.5247425E+06
  8.0099980E+03  4.4597250E+06
  8.0299985E+03  4.4444895E+06
  8.0500000E+03  4.4091760E+06
  8.0699985E+03  4.4206700E+06
  8.0899990E+03  4.3323550E+06
  8.1099995E+03  4.3710410E+06
  8.1299976E+03  4.3782330E+06
  8.1499976E+03  4.3441795E+06
  8.1699980E+03  4.3324185E+06
  8.1899985E+03  4.2158035E+06
  8.2099990E+03  4.2072495E+06
  8.2300000E+03  4.2044005E+06
  8.2500000E+03  4.2184685E+06
  8.2700000E+03  4.2558725E+06
  8.2899980E+03  4.2253880E+06
  8.3099990E+03  4.1286415E+06
  8.3299980E+03  4.1035198E+06
  8.3500000E+03  4.1163575E+06
  8.3699990E+03  4.1225225E+06
  8.3899990E+03  4.0416118E+06
  8.4099971E+03  4.0967185E+06
  8.4300000E+03  4.0153810E+06
  8.4499990E+03  4.0424578E+06
  8.4699980E+03  3.9979748E+06
  8.4899980E+03  4.0307998E+06
  8.5099990E+03  3.8242885E+06
  8.5299990E+03  4.0179878E+06
  8.5499990E+03  3.7305098E+06
  8.5699990E+03  4.0190902E+06
  8.5900000E+03  3.9096178E+06
  8.6099980E+03  3.8854812E+06
  8.6299990E+03  3.9467572E+06
  8.6499990E+03  3.9419208E+06
  8.6699990E+03  3.5978362E+06
  8.6899990E+03  3.8031955E+06
  8.7099971E+03  3.8458385E+06
  8.7299990E+03  3.8441530E+06
  8.7499980E+03  3.7277455E+06
  8.7699980E+03  3.8348825E+06
  8.7899980E+03  3.7912678E+06
  8.8099990E+03  3.7166522E+06
  8.8299980E+03  3.7557402E+06
  8.8499980E+03  3.7476828E+06
  8.8699980E+03  3.6178918E+06
  8.8899990E+03  3.7364370E+06
  8.9099971E+03  3.7462582E+06
  8.9299980E+03  3.6600490E+06
  8.9499980E+03  3.6607352E+06
  8.9699990E+03  3.6617995E+06
  8.9899990E+03  3.6586230E+06
  9.0099980E+03  3.4781180E+06
  9.0299990E+03  3.6057680E+06
  9.0499990E+03  3.6602255E+06
  9.0699980E+03  3.5745845E+06
  9.0899990E+03  3.4724710E+06
  9.1099980E+03  3.5098532E+06
  9.1299980E+03  3.5715055E+06
  9.1499980E+03  3.5493848E+06
  9.1699980E+03  3.5348152E+06
  9.1899990E+03  3.5546850E+06
  9.2099990E+03  3.4576318E+06
  9.2299980E+03  3.3780128E+06
  9.2499980E+03  3.4159048E+06
  9.2699971E+03  3.4430492E+06
  9.2899990E+03  3.4503272E+06
  9.3099980E+03  3.4537742E+06
  9.3299990E+03  3.4232290E+06
  9.3499980E+03  3.4128672E+06
  9.3699990E+03  3.3811060E+06
  9.3900000E+03  3.3862010E+06
  9.4099980E+03  3.2550785E+06
  9.4299971E+03  3.3478350E+06
  9.4499990E+03  3.2918292E+06
  9.4700000E+03  3.3375908E+06
  9.4899980E+03  3.3403552E+06
  9.5100000E+03  3.3057825E+06
  9.5300000E+03  3.2872760E+06
  9.5500000E+03  3.1723188E+06
  9.5699990E+03  3.2348440E+06
  9.5899980E+03  3.2653202E+06
  9.6099980E+03  3.2180070E+06
  9.6299990E+03  3.1836108E+06
  9.6499990E+03  3.1667060E+06
  9.6699980E+03  3.1518080E+06
  9.6899980E+03  3.1792545E+06
  9.7100000E+03  3.1597762E+06
  9.7299990E+03  3.1514565E+06
  9.7499980E+03  3.1125042E+06
  9.7699961E+03  3.1106295E+06
  9.7899980E+03  3.0848030E+06
  9.8099980E+03  3.1066868E+06
  9.8299990E+03  3.0912895E+06
  9.8499980E+03  3.0821272E+06
  9.8700000E+03  3.0513172E+06
  9.8899980E+03  3.0378345E+06
  9.9099990E+03  3.0273108E+06
  9.9300000E+03  3.0381282E+06
  9.9499980E+03  3.0288202E+06
  9.9699980E+03  3.0183105E+06
  9.9899990E+03  3.0008760E+06
  1.0024998E+04  2.9692015E+06
  1.0074998E+04  2.9112992E+06
  1.0124997E+04  2.9101055E+06
  1.0174997E+04  2.8609788E+06
  1.0224998E+04  2.8480208E+06
  1.0274997E+04  2.8397468E+06
  1.0325000E+04  2.7817405E+06
  1.0374999E+04  2.7544335E+06
  1.0425000E+04  2.7460658E+06
  1.0474998E+04  2.6964292E+06
  1.0524997E+04  2.6876375E+06
  1.0574999E+04  2.6578010E+06
  1.0625000E+04  2.6245020E+06
  1.0674997E+04  2.5607008E+06
  1.0724998E+04  2.5598718E+06
  1.0774999E+04  2.5281542E+06
  1.0824997E+04  2.4840535E+06
  1.0874997E+04  2.4683358E+06
  1.0924999E+04  2.4403325E+06
  1.0974996E+04  2.4210892E+06
  1.1025000E+04  2.4315658E+06
  1.1074998E+04  2.4158960E+06
  1.1124999E+04  2.3840312E+06
  1.1174998E+04  2.3541480E+06
  1.1224999E+04  2.3462282E+06
  1.1274997E+04  2.2939642E+06
  1.1325000E+04  2.2799790E+06
  1.1375000E+04  2.2623088E+06
  1.1425000E+04  2.2247428E+06
  1.1474997E+04  2.2435365E+06
  1.1525000E+04  2.2217570E+06
  1.1574998E+04  2.1866900E+06
  1.1625000E+04  2.1474018E+06
  1.1674998E+04  2.1341618E+06
  1.1724997E+04  2.1454308E+06
  1.1775001E+04  2.0924684E+06
  1.1824999E+04  2.0789064E+06
  1.1875000E+04  2.0456471E+06
  1.1925000E+04  2.0724792E+06
  1.1975001E+04  2.0015360E+06
  1.2024998E+04  2.0175978E+06
  1.2074996E+04  1.9891936E+06
  1.2125000E+04  1.9825325E+06
  1.2175000E+04  1.9815824E+06
  1.2225001E+04  1.9615744E+06
  1.2275001E+04  1.9373506E+06
  1.2324996E+04  1.9236242E+06
  1.2374996E+04  1.9064139E+06
  1.2424998E+04  1.8882459E+06
  1.2475000E+04  1.8786344E+06
  1.2524997E+04  1.8548529E+06
  1.2574997E+04  1.8382022E+06
  1.2624999E+04  1.8250174E+06
  1.2674997E+04  1.8023935E+06
  1.2724999E+04  1.7992380E+06
  1.2774999E+04  1.7883669E+06
  1.2825000E+04  1.6970100E+06
  1.2875001E+04  1.7459670E+06
  1.2924997E+04  1.7281335E+06
  1.2975001E+04  1.7260952E+06
  1.3024998E+04  1.6985904E+06
  1.3074999E+04  1.6969508E+06
  1.3125000E+04  1.6688032E+06
  1.3174998E+04  1.6519725E+06
  1.3224998E+04  1.6523642E+06
  1.3274997E+04  1.6218762E+06
  1.3324997E+04  1.6203786E+06
  1.3374999E+04  1.6027052E+06
  1.3424999E+04  1.6016378E+06
  1.3474999E+04  1.5856035E+06
  1.3525001E+04  1.5726450E+06
  1.3574999E+04  1.5433165E+06
  1.3624997E+04  1.5372870E+06
  1.3674997E+04  1.5264889E+06
  1.3724995E+04  1.5119679E+06
  1.3774998E+04  1.5032346E+06
  1.3824998E+04  1.4950812E+06
  1.3874996E+04  1.4845606E+06
  1.3925000E+04  1.4744422E+06
  1.3974996E+04  1.4643166E+06
  1.4024997E+04  1.4407172E+06
  1.4075001E+04  1.4410530E+06
  1.4124996E+04  1.4186151E+06
  1.4175000E+04  1.4223300E+06
  1.4225000E+04  1.3908825E+06
  1.4274994E+04  1.3719504E+06
  1.4325001E+04  1.3817386E+06
  1.4374998E+04  1.3807306E+06
  1.4424999E+04  1.3268540E+06
  1.4475000E+04  1.3538434E+06
  1.4524997E+04  1.3217184E+06
  1.4569999E+04  1.3282959E+06
  1.4620000E+04  1.3203185E+06
  1.4674998E+04  1.3185578E+06
  1.4725000E+04  1.2907140E+06
  1.4775002E+04  1.2806811E+06
  1.4824998E+04  1.2746631E+06
  1.4874996E+04  1.2505468E+06
  1.4924997E+04  1.2656392E+06
  1.4974999E+04  1.2414265E+06
  1.5024999E+04  1.2201611E+06
  1.5075000E+04  1.2044381E+06
  1.5124999E+04  1.2143561E+06
  1.5175000E+04  1.2094752E+06
  1.5225002E+04  1.1911585E+06
  1.5274998E+04  1.1897678E+06
  1.5324995E+04  1.1757292E+06
  1.5374997E+04  1.1731942E+06
  1.5425001E+04  1.1578732E+06
  1.5474996E+04  1.1556269E+06
  1.5524994E+04  1.1390672E+06
  1.5575001E+04  1.1150384E+06
  1.5624998E+04  1.1405198E+06
  1.5674997E+04  1.1015781E+06
  1.5724994E+04  1.0981036E+06
  1.5774996E+04  1.0795116E+06
  1.5825001E+04  1.0863145E+06
  1.5874995E+04  1.0272968E+06
  1.5925002E+04  1.0605629E+06
  1.5975001E+04  1.0701581E+06
  1.6049998E+04  1.0508791E+06
  1.6150001E+04  1.0173657E+06
  1.6249997E+04  1.0247856E+06
  1.6350000E+04  9.9853325E+05
  1.6449996E+04  9.6284650E+05
  1.6549998E+04  9.6999294E+05
  1.6649994E+04  9.5367481E+05
  1.6749998E+04  9.2487850E+05
  1.6849998E+04  8.8743531E+05
  1.6950000E+04  9.0249919E+05
  1.7049996E+04  8.7260869E+05
  1.7150000E+04  8.6237219E+05
  1.7249992E+04  8.3599506E+05
  1.7349994E+04  7.9567375E+05
  1.7449992E+04  8.0309731E+05
  1.7550000E+04  7.9223369E+05
  1.7649998E+04  7.7707831E+05
  1.7749994E+04  7.6125675E+05
  1.7849994E+04  7.4959425E+05
  1.7949998E+04  7.3596850E+05
  1.8050002E+04  7.1895544E+05
  1.8150002E+04  6.8775938E+05
  1.8249994E+04  6.8750531E+05
  1.8349992E+04  6.7875719E+05
  1.8449992E+04  6.6120425E+05
  1.8549998E+04  6.5301019E+05
  1.8650002E+04  6.3470738E+05
  1.8750002E+04  6.0320131E+05
  1.8850000E+04  6.1489575E+05
  1.8950004E+04  5.9156400E+05
  1.9049996E+04  5.9573056E+05
  1.9149998E+04  5.8277556E+05
  1.9249992E+04  5.7291425E+05
  1.9350000E+04  5.5771044E+05
  1.9449992E+04  5.3281069E+05
  1.9550002E+04  5.4132088E+05
  1.9649992E+04  5.3063519E+05
  1.9749992E+04  5.2014672E+05
  1.9849992E+04  5.1292088E+05
  1.9950002E+04  5.0409009E+05
  2.0050002E+04  4.9780922E+05
  2.0149996E+04  4.9115488E+05
  2.0249994E+04  4.7772600E+05
  2.0349994E+04  4.6684725E+05
  2.0449996E+04  4.6544556E+05
  2.0550000E+04  4.5618944E+05
  2.0649992E+04  4.4595134E+05
  2.0749998E+04  4.3933562E+05
  2.0849992E+04  4.3211597E+05
  2.0950004E+04  4.2248088E+05
  2.1050002E+04  4.1851894E+05
  2.1149992E+04  4.1048641E+05
  2.1250000E+04  4.0331131E+05
  2.1350002E+04  3.9802953E+05
  2.1449996E+04  3.9161691E+05
  2.1550006E+04  3.8507822E+05
  2.1649994E+04  3.6694159E+05
  2.1750002E+04  3.6988212E+05
  2.1849998E+04  3.6445275E+05
  2.1950002E+04  3.6054512E+05
  2.2050000E+04  3.5192044E+05
  2.2149996E+04  3.4818956E+05
  2.2249998E+04  3.4203806E+05
  2.2350004E+04  3.3658566E+05
  2.2449990E+04  3.3135178E+05
  2.2549994E+04  3.2530028E+05
  2.2650000E+04  3.1999606E+05
  2.2750000E+04  3.1613366E+05
  2.2850000E+04  3.0969278E+05
  2.2950004E+04  2.9821622E+05
  2.3050000E+04  2.9859831E+05
  2.3149996E+04  2.9404900E+05
  2.3250000E+04  2.8043675E+05
  2.3349996E+04  2.8152244E+05
  2.3449994E+04  2.8016106E+05
  2.3550002E+04  2.6536934E+05
  2.3649988E+04  2.6857256E+05
  2.3750000E+04  2.6568759E+05
  2.3849990E+04  2.5273517E+05
  2.3950002E+04  2.5527880E+05
  2.4050006E+04  2.5291927E+05
  2.4149992E+04  2.4299389E+05
  2.4249990E+04  2.4314012E+05
  2.4349990E+04  2.4040378E+05
  2.4450002E+04  2.3413684E+05
  2.4549990E+04  2.3044583E+05
  2.4649992E+04  2.3107227E+05
  2.4749992E+04  2.2548798E+05
  2.4850006E+04  2.2054081E+05
  2.4950000E+04  2.1907919E+05
  2.5050006E+04  2.1905052E+05
  2.5149994E+04  2.1222577E+05
  2.5249998E+04  2.1087891E+05
  2.5350004E+04  2.0907181E+05
  2.5449988E+04  2.0502428E+05
  2.5549998E+04  2.0209505E+05
  2.5649990E+04  1.9828928E+05
  2.5749990E+04  1.9833166E+05
  2.5849994E+04  1.9232928E+05
  2.5949990E+04  1.9203034E+05
  2.6049996E+04  1.8992586E+05
  2.6149998E+04  1.8546800E+05
  2.6249988E+04  1.7992442E+05
  2.6350008E+04  1.8180580E+05
  2.6449996E+04  1.7900683E+05
  2.6549994E+04  1.7670428E+05
  2.6649994E+04  1.7305731E+05
  2.6749988E+04  1.7128158E+05
  2.6849986E+04  1.7090692E+05
  2.6949986E+04  1.6822492E+05
  2.7050002E+04  1.6624694E+05
  2.7149998E+04  1.6398197E+05
  2.7249994E+04  1.6185733E+05
  2.7350006E+04  1.5975411E+05
  2.7450004E+04  1.5805230E+05
  2.7549996E+04  1.5392897E+05
  2.7649982E+04  1.5292614E+05
  2.7750004E+04  1.5126802E+05
  2.7850000E+04  1.4952309E+05
  2.7949992E+04  1.4800669E+05
  2.8049994E+04  1.4596209E+05
  2.8150002E+04  1.4407108E+05
  2.8250006E+04  1.4213234E+05
  2.8350000E+04  1.4061588E+05
  2.8450000E+04  1.3828397E+05
  2.8550002E+04  1.3673920E+05
  2.8650002E+04  1.3478575E+05
  2.8749982E+04  1.3123372E+05
  2.8849998E+04  1.3144338E+05
  2.8949986E+04  1.2996611E+05
  2.9049994E+04  1.2831388E+05
  2.9149986E+04  1.2663705E+05
  2.9249984E+04  1.2469823E+05
  2.9349980E+04  1.2354821E+05
  2.9450000E+04  1.2160712E+05
  2.9550004E+04  1.2037557E+05
  2.9649982E+04  1.1901233E+05
  2.9749992E+04  1.1747713E+05
  2.9849994E+04  1.1601482E+05
  2.9949984E+04  1.1438888E+05
  3.0049996E+04  1.1299042E+05
  3.0149994E+04  1.1178212E+05
  3.0249994E+04  1.1027030E+05
  3.0349996E+04  1.0724628E+05
  3.0449996E+04  1.0729064E+05
  3.0549996E+04  1.0622609E+05
  3.0649996E+04  1.0480822E+05
  3.0749994E+04  1.0385674E+05
  3.0849996E+04  1.0225824E+05
  3.0949994E+04  1.0111478E+05
  3.1049996E+04  1.0012845E+05
  3.1149996E+04  9.8228656E+04
  3.1249996E+04  9.7581711E+04
  3.1349996E+04  9.6553844E+04
  3.1449996E+04  9.5396148E+04
  3.1549998E+04  9.3993797E+04
  3.1649996E+04  9.3032227E+04
  3.1749998E+04  9.1991156E+04
  3.1849996E+04  9.0927922E+04
  3.1949994E+04  8.9994266E+04
  3.2099996E+04  8.8230156E+04
  3.2299992E+04  8.6274289E+04
  3.2499994E+04  8.4202758E+04
  3.2699996E+04  8.2224625E+04
  3.2899996E+04  7.9553852E+04
  3.3099996E+04  7.8423453E+04
  3.3299992E+04  7.6594156E+04
  3.3499996E+04  7.5064641E+04
  3.3699996E+04  7.3257430E+04
  3.3899996E+04  7.1530148E+04
  3.4099996E+04  6.9867383E+04
  3.4299996E+04  6.8593867E+04
  3.4499992E+04  6.7221664E+04
  3.4699996E+04  6.5676188E+04
  3.4899996E+04  6.4288453E+04
  3.5099996E+04  6.2943270E+04
  3.5299996E+04  6.1461105E+04
  3.5499996E+04  6.0256367E+04
  3.5699992E+04  5.8867797E+04
  3.5899992E+04  5.7643703E+04
  3.6099996E+04  5.6552891E+04
  3.6299992E+04  5.5388230E+04
  3.6499992E+04  5.4027875E+04
  3.6699992E+04  5.2914770E+04
  3.6899992E+04  5.1493316E+04
  3.7099996E+04  5.0452414E+04
  3.7299996E+04  4.9547270E+04
  3.7499992E+04  4.7975375E+04
  3.7699996E+04  4.7669145E+04
  3.7899996E+04  4.6679535E+04
  3.8099992E+04  4.5811852E+04
  3.8299996E+04  4.5023883E+04
  3.8499996E+04  4.4201484E+04
  3.8699996E+04  4.3222594E+04
  3.8899992E+04  4.2373488E+04
  3.9099996E+04  4.1576395E+04
  3.9299992E+04  4.0846969E+04
  3.9499992E+04  3.9908004E+04
  3.9699992E+04  3.9224867E+04
  3.9900000E+04  3.8243367E+04
  4.0099996E+04  3.7612156E+04
  4.0299992E+04  3.7010121E+04
  4.0499996E+04  3.6041430E+04
  4.0699992E+04  3.5628961E+04
  4.0899992E+04  3.4979582E+04
  4.1099996E+04  3.4392414E+04
  4.1299996E+04  3.3792867E+04
  4.1499992E+04  3.3087332E+04
  4.1699992E+04  3.2424064E+04
  4.1899996E+04  3.1887797E+04
  4.2099996E+04  3.1198697E+04
  4.2299992E+04  3.0841211E+04
  4.2499996E+04  3.0182447E+04
  4.2699992E+04  2.9712346E+04
  4.2899992E+04  2.8439064E+04
  4.3099996E+04  2.7516617E+04
  4.3299996E+04  2.7409693E+04
  4.3499992E+04  2.6103043E+04
  4.3699996E+04  2.5610172E+04
  4.3899996E+04  2.5416449E+04
  4.4099992E+04  2.4119086E+04
  4.4299992E+04  2.4084168E+04
  4.4499996E+04  2.3736895E+04
  4.4699996E+04  2.2612395E+04
  4.4899996E+04  2.2757107E+04
  4.5099992E+04  2.2309383E+04
  4.5299992E+04  2.1398678E+04
  4.5499996E+04  2.1409320E+04
  4.5699992E+04  2.1200697E+04
  4.5899996E+04  2.0320744E+04
  4.6099996E+04  2.0371711E+04
  4.6299992E+04  2.0001025E+04
  4.6499988E+04  1.9653371E+04
  4.6699992E+04  1.9404203E+04
  4.6899992E+04  1.9180830E+04
  4.7099992E+04  1.8824684E+04
  4.7299992E+04  1.8743287E+04
  4.7499996E+04  1.8367041E+04
  4.7699992E+04  1.8047770E+04
  4.7899992E+04  1.7833338E+04
  4.8099996E+04  1.7437832E+04
  4.8299992E+04  1.7408377E+04
  4.8499992E+04  1.7087324E+04
  4.8700000E+04  1.6769352E+04
  4.8899992E+04  1.6558418E+04
  4.9099988E+04  1.6275345E+04
  4.9299988E+04  1.6053658E+04
  4.9499996E+04  1.5790424E+04
  4.9699992E+04  1.5587337E+04
  4.9899988E+04  1.5327985E+04
  5.0099996E+04  1.5195341E+04
  5.0299996E+04  1.4970511E+04
  5.0499996E+04  1.4650081E+04
  5.0699996E+04  1.4476983E+04
  5.0899992E+04  1.4316618E+04
  5.1099992E+04  1.4030773E+04
  5.1299996E+04  1.3837125E+04
  5.1499988E+04  1.3660547E+04
  5.1699996E+04  1.3578733E+04
  5.1899992E+04  1.3293023E+04
  5.2099992E+04  1.3090262E+04
  5.2299996E+04  1.2894611E+04
  5.2499996E+04  1.2785346E+04
  5.2699996E+04  1.2661767E+04
  5.2899992E+04  1.2370194E+04
  5.3099988E+04  1.2234031E+04
  5.3299988E+04  1.2074228E+04
  5.3499992E+04  1.1920811E+04
  5.3699992E+04  1.1765684E+04
  5.3899992E+04  1.1616027E+04
  5.4099992E+04  1.1453971E+04
  5.4299984E+04  1.1230228E+04
  5.4499988E+04  1.1150997E+04
  5.4699996E+04  1.0983479E+04
  5.4899992E+04  1.0828229E+04
  5.5099992E+04  1.0697646E+04
  5.5299988E+04  1.0627062E+04
  5.5499988E+04  1.0385373E+04
  5.5699992E+04  1.0341524E+04
  5.5899992E+04  1.0145889E+04
  5.6099988E+04  1.0027113E+04
  5.6299996E+04  9.8713711E+03
  5.6499988E+04  9.8026738E+03
  5.6699988E+04  9.6687217E+03
  5.6899992E+04  9.4914893E+03
  5.7099996E+04  9.4245381E+03
  5.7299988E+04  9.2996562E+03
  5.7499988E+04  9.1814072E+03
  5.7699988E+04  9.0457871E+03
  5.7899996E+04  8.9586777E+03
  5.8099988E+04  8.8187627E+03
  5.8299996E+04  8.7182334E+03
  5.8499992E+04  8.6192051E+03
  5.8699988E+04  8.4803203E+03
  5.8899988E+04  8.3712451E+03
  5.9099992E+04  8.2665762E+03
  5.9299988E+04  8.1861621E+03
  5.9499996E+04  8.0606670E+03
  5.9699988E+04  7.9917417E+03
  5.9899992E+04  7.8904795E+03
  6.0099992E+04  7.7939316E+03
  6.0299992E+04  7.6979712E+03
  6.0499988E+04  7.5913755E+03
  6.0699992E+04  7.4953169E+03
  6.0899992E+04  7.4042153E+03
  6.1099988E+04  7.2976963E+03
  6.1299992E+04  7.2277969E+03
  6.1499988E+04  7.1441099E+03
  6.1699988E+04  7.0619473E+03
  6.1899996E+04  6.9814795E+03
  6.2099996E+04  6.8997534E+03
  6.2299988E+04  6.7962207E+03
  6.2499992E+04  6.7156621E+03
  6.2699988E+04  6.6383892E+03
  6.2899996E+04  6.5627227E+03
  6.3099984E+04  6.4735010E+03
  6.3299996E+04  6.4173311E+03
  6.3499984E+04  6.3311914E+03
  6.3699984E+04  6.2661509E+03
  6.3900000E+04  6.1830669E+03
  6.4199992E+04  6.0760605E+03
  6.4599984E+04  5.9286489E+03
  6.4999992E+04  5.7892065E+03
  6.5399992E+04  5.6585361E+03
  6.5799992E+04  5.5312148E+03
  6.6199984E+04  5.3993286E+03
  6.6599984E+04  5.2781001E+03
  6.6999992E+04  5.1566025E+03
  6.7399992E+04  5.0357026E+03
  6.7799992E+04  4.9243359E+03
  6.8199992E+04  4.8124746E+03
  6.8599992E+04  4.7055210E+03
  6.8999984E+04  4.5995312E+03
  6.9399984E+04  4.4963687E+03
  6.9800000E+04  4.3992031E+03
  7.0199992E+04  4.2979180E+03
  7.0599984E+04  4.2072554E+03
  7.0999977E+04  4.1158911E+03
  7.1399977E+04  4.0268948E+03
  7.1799984E+04  3.9394736E+03
  7.2199984E+04  3.8542437E+03
  7.2600000E+04  3.7710037E+03
  7.2999984E+04  3.6933848E+03
  7.3400000E+04  3.6126809E+03
  7.3799984E+04  3.5389028E+03
  7.4199992E+04  3.4619150E+03
  7.4599992E+04  3.3848137E+03
  7.5000000E+04  3.3153845E+03
  7.5399992E+04  3.2506145E+03
  7.5799992E+04  3.1870234E+03
  7.6199984E+04  3.1212764E+03
  7.6599992E+04  3.0585854E+03
  7.6999992E+04  2.9952471E+03
  7.7399992E+04  2.9363843E+03
  7.7799984E+04  2.8780112E+03
  7.8199984E+04  2.8204287E+03
  7.8599984E+04  2.7648418E+03
  7.8999984E+04  2.7102334E+03
  7.9399984E+04  2.6567017E+03
  7.9800000E+04  2.6052864E+03
  8.0199992E+04  2.5532993E+03
  8.0599984E+04  2.5036636E+03
  8.0999992E+04  2.4568325E+03
  8.1399977E+04  2.4080142E+03
  8.1799984E+04  2.3628445E+03
  8.2199984E+04  2.3190518E+03
  8.2599992E+04  2.2746689E+03
  8.2999984E+04  2.2323450E+03
  8.3400000E+04  2.1891003E+03
  8.3799992E+04  2.1489929E+03
  8.4199992E+04  2.1099185E+03
  8.4599977E+04  2.0709075E+03
  8.4999977E+04  2.0329514E+03
  8.5399984E+04  1.9956139E+03
  8.5799984E+04  1.9595483E+03
  8.6199992E+04  1.9237094E+03
  8.6599992E+04  1.8894525E+03
  8.6999984E+04  1.8556436E+03
  8.7399992E+04  1.8223228E+03
  8.7799992E+04  1.7899224E+03
  8.8199984E+04  1.7573073E+03
  8.8599977E+04  1.7266466E+03
  8.8999992E+04  1.6958458E+03
  8.9399977E+04  1.6667997E+03
  8.9799977E+04  1.6367070E+03
  9.0199984E+04  1.6092112E+03
  9.0599984E+04  1.5822280E+03
  9.0999992E+04  1.5535632E+03
  9.1400000E+04  1.5274581E+03
  9.1799969E+04  1.5019727E+03
  9.2199969E+04  1.4768258E+03
  9.2599984E+04  1.4517483E+03
  9.3000000E+04  1.4274387E+03
  9.3399984E+04  1.4032333E+03
  9.3799984E+04  1.3799869E+03
  9.4199977E+04  1.3570417E+03
  9.4599984E+04  1.3344340E+03
  9.4999969E+04  1.3124510E+03
  9.5399984E+04  1.2906638E+03
  9.5799984E+04  1.2699336E+03
  9.6199992E+04  1.2488103E+03
  9.6599984E+04  1.2290024E+03
  9.7000000E+04  1.2091572E+03
  9.7399977E+04  1.1885643E+03
  9.7799984E+04  1.1701570E+03
  9.8199977E+04  1.1516974E+03
  9.8599977E+04  1.1335369E+03
  9.8999992E+04  1.1157465E+03
  9.9399984E+04  1.0977482E+03
  9.9799977E+04  1.0806072E+03
  1.0019999E+05  1.0637039E+03
  1.9999991E+05  6.8908302E+01
  3.9999994E+05  4.3270154E+00
  5.9999981E+05  8.5062182E-01
  7.9999994E+05  2.6756880E-01
