  9.2499988E+02  1.3186595E-06
  9.3499982E+02  1.8486201E-06
  9.4500000E+02  2.7647968E-06
  9.5500000E+02  4.2806764E-06
  9.6499988E+02  6.7124010E-06
  9.7499982E+02  8.7443705E-06
  9.8499976E+02  1.2822267E-05
  9.9499988E+02  1.7737211E-05
  1.0049999E+03  2.6424001E-05
  1.0149997E+03  3.6487603E-05
  1.0249998E+03  3.8909522E-05
  1.0349998E+03  7.2745926E-05
  1.0449998E+03  1.0293688E-04
  1.0549999E+03  1.2042664E-04
  1.0649999E+03  1.7777676E-04
  1.0750000E+03  2.3931939E-04
  1.0849996E+03  3.2933056E-04
  1.0949999E+03  3.9007873E-04
  1.1049999E+03  6.2071753E-04
  1.1149999E+03  8.4981421E-04
  1.1249999E+03  1.2209053E-03
  1.1349996E+03  1.8493554E-03
  1.1449999E+03  2.4743220E-03
  1.1549999E+03  3.0601223E-03
  1.1650000E+03  4.0179119E-03
  1.1749995E+03  5.3507383E-03
  1.1849996E+03  6.2129567E-03
  1.1949998E+03  6.5146256E-03
  1.2049996E+03  7.1129226E-03
  1.2149998E+03  1.8807502E-03
  1.2249996E+03  9.9913226E-03
  1.2349996E+03  1.7669763E-02
  1.2449998E+03  2.2566682E-02
  1.2549996E+03  2.6806235E-02
  1.2650000E+03  3.0981934E-02
  1.2749998E+03  3.6986765E-02
  1.2849995E+03  4.0784772E-02
  1.2949998E+03  4.8848778E-02
  1.3049995E+03  5.4462928E-02
  1.3149998E+03  6.7295521E-02
  1.3249998E+03  6.9710523E-02
  1.3349996E+03  7.7013403E-02
  1.3449995E+03  9.3611419E-02
  1.3549996E+03  1.1330774E-01
  1.3649999E+03  1.2099497E-01
  1.3749999E+03  1.3131483E-01
  1.3849996E+03  1.4251924E-01
  1.3949999E+03  1.6000304E-01
  1.4050001E+03  2.0288740E-01
  1.4149998E+03  2.3478262E-01
  1.4249998E+03  2.7630344E-01
  1.4350000E+03  3.3677238E-01
  1.4419998E+03  4.4466296E-01
  1.4469999E+03  3.9157543E-01
  1.4549994E+03  4.6728969E-01
  1.4650000E+03  6.2010491E-01
  1.4749995E+03  7.1153569E-01
  1.4849996E+03  7.6319557E-01
  1.4949998E+03  1.0274670E+00
  1.5049996E+03  1.2805958E+00
  1.5119995E+03  9.2333376E-01
  1.5169994E+03  1.2218312E+00
  1.5250001E+03  3.3571248E+00
  1.5349994E+03  5.8931704E+00
  1.5449994E+03  4.6392798E+00
  1.5549998E+03  8.2554798E+00
  1.5649999E+03  7.6905551E+00
  1.5750001E+03  1.6977568E+01
  1.5850000E+03  2.0583496E+01
  1.5949996E+03  2.4422258E+01
  1.6049999E+03  2.6088806E+01
  1.6150000E+03  2.8586197E+01
  1.6249996E+03  3.1642374E+01
  1.6350000E+03  3.9930618E+01
  1.6449996E+03  5.8161995E+01
  1.6549999E+03  4.0214756E+01
  1.6649993E+03  6.9393761E+01
  1.6720000E+03  4.8260262E+01
  1.6770001E+03  1.6770155E+02
  1.6849998E+03  1.9132385E+02
  1.6950000E+03  2.3696077E+02
  1.7049995E+03  2.5690732E+02
  1.7150000E+03  2.4134172E+02
  1.7249993E+03  3.2279581E+02
  1.7349994E+03  3.8055972E+02
  1.7449993E+03  5.2883276E+02
  1.7550001E+03  6.9819788E+02
  1.7649998E+03  6.5817712E+02
  1.7749995E+03  7.0986371E+02
  1.7849995E+03  9.6850018E+02
  1.7949999E+03  1.0940609E+03
  1.8050001E+03  1.2563450E+03
  1.8150001E+03  1.1806694E+03
  1.8249994E+03  1.5024651E+03
  1.8349993E+03  1.5678086E+03
  1.8449993E+03  1.2220502E+03
  1.8549998E+03  1.7060708E+03
  1.8650002E+03  2.0135170E+03
  1.8750001E+03  2.1764114E+03
  1.8850000E+03  2.3478320E+03
  1.8950002E+03  3.1077363E+03
  1.9049996E+03  3.0283782E+03
  1.9149999E+03  3.4827439E+03
  1.9249993E+03  3.5561487E+03
  1.9350001E+03  2.4934922E+03
  1.9449993E+03  4.4619146E+03
  1.9550002E+03  4.8537314E+03
  1.9670002E+03  6.1515400E+03
  1.9759990E+03  6.1351978E+03
  1.9839996E+03  6.7412290E+03
  1.9950001E+03  6.9254062E+03
  2.0050002E+03  6.7595967E+03
  2.0149996E+03  7.6930034E+03
  2.0249994E+03  6.1908047E+03
  2.0349995E+03  8.5529521E+03
  2.0449998E+03  9.8299551E+03
  2.0550000E+03  1.0515098E+04
  2.0649993E+03  1.0577837E+04
  2.0739993E+03  1.1277100E+04
  2.0780002E+03  2.8658365E+04
  2.0849993E+03  3.5445062E+04
  2.0950005E+03  3.2546992E+04
  2.1050002E+03  3.3155883E+04
  2.1149990E+03  4.3610609E+04
  2.1250000E+03  4.0460449E+04
  2.1350002E+03  4.3251070E+04
  2.1449998E+03  5.4048332E+04
  2.1550005E+03  4.6069211E+04
  2.1649995E+03  4.0567398E+04
  2.1750002E+03  3.8161270E+04
  2.1849998E+03  5.9928039E+04
  2.1950000E+03  5.6254758E+04
  2.2050000E+03  6.0974336E+04
  2.2149998E+03  4.7184691E+04
  2.2249998E+03  6.3812809E+04
  2.2350005E+03  9.7599203E+04
  2.2449990E+03  9.3973578E+04
  2.2549993E+03  6.6366953E+04
  2.2650000E+03  5.1830461E+04
  2.2750000E+03  5.2044746E+04
  2.2850000E+03  9.3583922E+04
  2.2950002E+03  7.1189102E+04
  2.3050000E+03  9.0860789E+04
  2.3149995E+03  8.5023258E+04
  2.3250000E+03  8.0237289E+04
  2.3349995E+03  8.3593719E+04
  2.3449993E+03  5.5343020E+04
  2.3550000E+03  9.6152750E+04
  2.3649988E+03  6.4696793E+04
  2.3750000E+03  7.9626125E+04
  2.3849990E+03  5.6053418E+04
  2.3950000E+03  6.8430336E+04
  2.4050005E+03  7.5919414E+04
  2.4149993E+03  7.1874984E+04
  2.4249990E+03  1.2610255E+05
  2.4349990E+03  1.2984066E+05
  2.4450000E+03  1.6384478E+05
  2.4549990E+03  1.8155883E+05
  2.4649990E+03  1.3118216E+05
  2.4749993E+03  1.0955207E+05
  2.4850005E+03  4.7103012E+04
  2.4950000E+03  7.0692383E+04
  2.5050005E+03  1.1753417E+05
  2.5129988E+03  5.9190000E+04
  2.5179990E+03  4.1676812E+04
  2.5249998E+03  4.7829477E+04
  2.5350007E+03  1.0609822E+05
  2.5449988E+03  1.0305598E+05
  2.5550000E+03  2.8086353E+05
  2.5649990E+03  1.9552358E+05
  2.5749990E+03  2.9694353E+05
  2.5849993E+03  2.6661916E+05
  2.5949990E+03  2.5054852E+05
  2.6049995E+03  2.1936603E+05
  2.6149998E+03  1.9287792E+05
  2.6249990E+03  2.7086800E+05
  2.6350007E+03  5.6353450E+05
  2.6449995E+03  7.1937681E+05
  2.6549998E+03  1.2184859E+06
  2.6649995E+03  6.5292338E+05
  2.6749988E+03  7.6540475E+05
  2.6849988E+03  9.8431506E+05
  2.6949988E+03  5.6024819E+05
  2.7050000E+03  7.7271962E+05
  2.7150000E+03  4.9062212E+05
  2.7249995E+03  2.7402047E+05
  2.7350007E+03  4.3059062E+05
  2.7450002E+03  2.7783150E+05
  2.7549998E+03  4.1436531E+05
  2.7649983E+03  5.7461869E+05
  2.7750005E+03  5.6940756E+05
  2.7850000E+03  3.2208862E+05
  2.7949993E+03  1.5479191E+05
  2.8049995E+03  1.8959173E+05
  2.8150002E+03  4.9952306E+05
  2.8250007E+03  6.6555638E+05
  2.8350000E+03  4.9587497E+05
  2.8450002E+03  2.6641181E+05
  2.8550005E+03  1.4495691E+05
  2.8650000E+03  3.7750753E+05
  2.8749983E+03  7.8221544E+05
  2.8850000E+03  8.1160844E+05
  2.8949988E+03  1.2865802E+06
  2.9099988E+03  2.0600859E+06
  2.9299983E+03  1.9015935E+06
  2.9499990E+03  1.8349866E+06
  2.9700005E+03  1.9983170E+06
  2.9899980E+03  2.1039532E+06
  3.0099995E+03  2.0839432E+06
  3.0299995E+03  2.3615732E+06
  3.0499995E+03  2.3687718E+06
  3.0699995E+03  2.3302142E+06
  3.0899995E+03  1.7904895E+06
  3.1099995E+03  2.3863802E+06
  3.1299998E+03  2.1129878E+06
  3.1499995E+03  2.0335806E+06
  3.1699995E+03  2.3069462E+06
  3.1899995E+03  1.9867516E+06
  3.2099998E+03  2.1754442E+06
  3.2299993E+03  1.8439629E+06
  3.2499993E+03  2.7260682E+06
  3.2699995E+03  3.2621030E+06
  3.2899995E+03  3.1111520E+06
  3.3099998E+03  2.8081762E+06
  3.3299993E+03  2.8882570E+06
  3.3499995E+03  2.8187928E+06
  3.3699995E+03  1.8882266E+06
  3.3899993E+03  2.3019140E+06
  3.4099993E+03  2.3347020E+06
  3.4299995E+03  2.5445150E+06
  3.4499993E+03  2.9285328E+06
  3.4699998E+03  3.1184845E+06
  3.4899993E+03  3.4790308E+06
  3.5099995E+03  3.5902498E+06
  3.5299995E+03  3.2089538E+06
  3.5499995E+03  3.6069525E+06
  3.5699995E+03  2.7969215E+06
  3.5899995E+03  2.7997238E+06
  3.6099995E+03  3.3643238E+06
  3.6299993E+03  3.2947605E+06
  3.6399993E+03  3.2681518E+06
  3.6499995E+03  3.5302205E+06
  3.6699993E+03  3.8761652E+06
  3.6899995E+03  3.3423195E+06
  3.7099995E+03  3.4358448E+06
  3.7299998E+03  2.0050692E+06
  3.7499993E+03  2.3478142E+06
  3.7699993E+03  3.3265565E+06
  3.7899995E+03  3.4601820E+06
  3.8099993E+03  3.0972048E+06
  3.8299998E+03  1.4492085E+06
  3.8499995E+03  2.3140780E+06
  3.8699995E+03  2.2300778E+06
  3.8899995E+03  2.9805835E+06
  3.9099995E+03  3.7434035E+06
  3.9299993E+03  1.8541391E+06
  3.9499993E+03  3.3398322E+06
  3.9699998E+03  2.3572438E+06
  3.9899995E+03  4.9732245E+06
  4.0099995E+03  5.3037510E+06
  4.0299993E+03  5.2858020E+06
  4.0499993E+03  4.9620140E+06
  4.0699993E+03  4.6229405E+06
  4.0899995E+03  5.8234735E+06
  4.1099995E+03  5.6946755E+06
  4.1299995E+03  5.5236990E+06
  4.1499990E+03  5.3876840E+06
  4.1699990E+03  5.6502720E+06
  4.1899995E+03  5.1788700E+06
  4.2099995E+03  5.2898350E+06
  4.2299995E+03  4.9060005E+06
  4.2499995E+03  5.0578700E+06
  4.2699990E+03  4.6275230E+06
  4.2899995E+03  4.3003505E+06
  4.3100000E+03  3.5896525E+06
  4.3299995E+03  5.5430235E+06
  4.3499995E+03  5.4469760E+06
  4.3699995E+03  5.9204040E+06
  4.3899995E+03  5.1990150E+06
  4.4099995E+03  5.6162925E+06
  4.4299995E+03  6.2418030E+06
  4.4499995E+03  6.1426380E+06
  4.4699995E+03  6.5946060E+06
  4.4899995E+03  6.6933325E+06
  4.5099990E+03  7.5299955E+06
  4.5299995E+03  6.6757035E+06
  4.5499990E+03  7.0214950E+06
  4.5699995E+03  7.4629045E+06
  4.5899990E+03  7.0267875E+06
  4.6099990E+03  7.1481825E+06
  4.6299990E+03  7.0826945E+06
  4.6499990E+03  7.1234765E+06
  4.6699990E+03  7.3871765E+06
  4.6899990E+03  7.2006480E+06
  4.7099995E+03  7.0102195E+06
  4.7299990E+03  7.2920495E+06
  4.7499995E+03  7.4049230E+06
  4.7699995E+03  7.4340245E+06
  4.7899990E+03  7.4146030E+06
  4.8099995E+03  7.3472075E+06
  4.8299995E+03  7.4812410E+06
  4.8499990E+03  7.0455385E+06
  4.8700000E+03  6.2583660E+06
  4.8899990E+03  6.9567410E+06
  4.9099990E+03  7.0147270E+06
  4.9299990E+03  6.8069555E+06
  4.9499995E+03  7.1112260E+06
  4.9699995E+03  7.2102860E+06
  4.9899990E+03  6.6788925E+06
  5.0099995E+03  6.3651125E+06
  5.0299995E+03  6.7818470E+06
  5.0499995E+03  6.7458155E+06
  5.0699995E+03  7.0598335E+06
  5.0899995E+03  6.7546465E+06
  5.1099990E+03  6.8556745E+06
  5.1299995E+03  6.6867980E+06
  5.1499985E+03  6.3703390E+06
  5.1700000E+03  5.4407955E+06
  5.1899990E+03  5.5988075E+06
  5.2099990E+03  6.4219555E+06
  5.2299995E+03  6.6297995E+06
  5.2499995E+03  7.0106180E+06
  5.2699995E+03  6.0087875E+06
  5.2899990E+03  6.9316555E+06
  5.3099995E+03  7.2699500E+06
  5.3299990E+03  6.4067005E+06
  5.3499995E+03  6.9901450E+06
  5.3699995E+03  6.8703695E+06
  5.3899995E+03  6.8066405E+06
  5.4099990E+03  6.5644895E+06
  5.4299990E+03  6.7500430E+06
  5.4499990E+03  6.9115205E+06
  5.4699995E+03  6.8584265E+06
  5.4899995E+03  6.9517900E+06
  5.5099995E+03  6.8528965E+06
  5.5299985E+03  6.9287055E+06
  5.5499990E+03  7.0083805E+06
  5.5699990E+03  6.7683470E+06
  5.5899995E+03  6.6189705E+06
  5.6099990E+03  6.8638185E+06
  5.6299995E+03  6.8855000E+06
  5.6499990E+03  6.9285385E+06
  5.6699990E+03  6.7631485E+06
  5.6899995E+03  6.8472905E+06
  5.7099995E+03  6.6812030E+06
  5.7299990E+03  7.1164495E+06
  5.7499990E+03  6.8889320E+06
  5.7699990E+03  6.9416285E+06
  5.7899995E+03  6.7478890E+06
  5.8099985E+03  6.9017325E+06
  5.8300000E+03  7.0114065E+06
  5.8499990E+03  6.8387155E+06
  5.8699985E+03  6.8447835E+06
  5.8899985E+03  6.2458555E+06
  5.9099995E+03  6.7583740E+06
  5.9299985E+03  6.7448980E+06
  5.9499995E+03  6.7633705E+06
  5.9699990E+03  6.7839850E+06
  5.9899990E+03  6.7100945E+06
  6.0099990E+03  6.5872840E+06
  6.0299995E+03  6.6342125E+06
  6.0499990E+03  6.7511940E+06
  6.0699990E+03  6.6832615E+06
  6.0899995E+03  6.5196750E+06
  6.1099985E+03  6.4796880E+06
  6.1299995E+03  6.1954540E+06
  6.1499985E+03  6.3589195E+06
  6.1699985E+03  6.0679850E+06
  6.1900000E+03  6.4334300E+06
  6.2099995E+03  6.4312325E+06
  6.2299985E+03  6.2498485E+06
  6.2499990E+03  6.0910935E+06
  6.2699985E+03  6.3259865E+06
  6.2900000E+03  6.3471410E+06
  6.3099985E+03  6.1606925E+06
  6.3299995E+03  6.1916805E+06
  6.3499985E+03  6.2139375E+06
  6.3699985E+03  6.1822205E+06
  6.3899995E+03  6.2098255E+06
  6.4099990E+03  6.0461630E+06
  6.4299985E+03  6.1170430E+06
  6.4499985E+03  6.0419480E+06
  6.4699990E+03  5.9919620E+06
  6.4899990E+03  5.9077735E+06
  6.5099985E+03  6.0434510E+06
  6.5299990E+03  6.0329920E+06
  6.5499985E+03  5.7813320E+06
  6.5699985E+03  5.1806275E+06
  6.5899995E+03  5.8559700E+06
  6.6099985E+03  5.9778620E+06
  6.6299990E+03  5.9301940E+06
  6.6499985E+03  5.9150240E+06
  6.6699995E+03  5.8308270E+06
  6.6899990E+03  5.9224480E+06
  6.7099995E+03  5.7773305E+06
  6.7299990E+03  5.8591600E+06
  6.7499995E+03  5.7919945E+06
  6.7699985E+03  5.7959650E+06
  6.7899995E+03  5.7497755E+06
  6.8099995E+03  5.7147530E+06
  6.8300000E+03  5.7417405E+06
  6.8499985E+03  5.5963410E+06
  6.8699985E+03  5.6581535E+06
  6.8899985E+03  5.6659050E+06
  6.9099990E+03  5.6135860E+06
  6.9299995E+03  5.5908010E+06
  6.9499990E+03  5.5583585E+06
  6.9699985E+03  5.5534155E+06
  6.9899985E+03  5.5244575E+06
  7.0099985E+03  5.3803580E+06
  7.0299985E+03  5.4463705E+06
  7.0499990E+03  5.4574285E+06
  7.0699980E+03  5.3956960E+06
  7.0899990E+03  5.3640220E+06
  7.1099990E+03  5.3891090E+06
  7.1299995E+03  5.2851080E+06
  7.1499990E+03  5.2397390E+06
  7.1699995E+03  5.2534170E+06
  7.1899985E+03  5.0992525E+06
  7.2099985E+03  5.1903620E+06
  7.2299980E+03  5.2126405E+06
  7.2499990E+03  5.2128040E+06
  7.2699995E+03  5.1895785E+06
  7.2899990E+03  5.0458780E+06
  7.3099980E+03  5.1146110E+06
  7.3299980E+03  5.0879305E+06
  7.3499980E+03  5.0946590E+06
  7.3699985E+03  5.0972160E+06
  7.3899995E+03  4.9654975E+06
  7.4099985E+03  4.8447320E+06
  7.4299995E+03  4.9583085E+06
  7.4500000E+03  4.9528320E+06
  7.4700000E+03  4.9801545E+06
  7.4899990E+03  4.9285465E+06
  7.5099985E+03  4.9162255E+06
  7.5299995E+03  4.9250920E+06
  7.5499980E+03  4.9263965E+06
  7.5699985E+03  4.8752205E+06
  7.5899990E+03  4.8474025E+06
  7.6099980E+03  4.8230635E+06
  7.6299995E+03  4.8262190E+06
  7.6499995E+03  4.8172390E+06
  7.6699980E+03  4.6606150E+06
  7.6899990E+03  4.7784680E+06
  7.7099995E+03  4.7000920E+06
  7.7299985E+03  4.7075175E+06
  7.7499990E+03  4.6366475E+06
  7.7700000E+03  4.7135230E+06
  7.7900000E+03  4.6904680E+06
  7.8099995E+03  4.6606715E+06
  7.8299980E+03  4.5994105E+06
  7.8499980E+03  4.5813840E+06
  7.8699995E+03  4.6217495E+06
  7.8900000E+03  4.5883625E+06
  7.9099995E+03  4.5174415E+06
  7.9300000E+03  4.4356135E+06
  7.9499985E+03  4.4173195E+06
  7.9699990E+03  4.4976025E+06
  7.9900000E+03  4.4908700E+06
  8.0099980E+03  4.4162740E+06
  8.0299985E+03  4.4160945E+06
  8.0500000E+03  4.3684805E+06
  8.0699985E+03  4.3944650E+06
  8.0899990E+03  4.3031135E+06
  8.1099995E+03  4.3383350E+06
  8.1299976E+03  4.3460300E+06
  8.1499976E+03  4.3167280E+06
  8.1699980E+03  4.3025050E+06
  8.1899985E+03  4.1499780E+06
  8.2099990E+03  4.1779620E+06
  8.2300000E+03  4.1599042E+06
  8.2500000E+03  4.1958300E+06
  8.2700000E+03  4.2232630E+06
  8.2899980E+03  4.1938672E+06
  8.3099990E+03  4.1126020E+06
  8.3299980E+03  4.0671975E+06
  8.3500000E+03  4.0947440E+06
  8.3699990E+03  4.1024640E+06
  8.3899990E+03  3.9960135E+06
  8.4099971E+03  4.0772235E+06
  8.4300000E+03  3.9899875E+06
  8.4499990E+03  4.0245192E+06
  8.4699980E+03  3.9753942E+06
  8.4899980E+03  3.9933770E+06
  8.5099990E+03  3.8231440E+06
  8.5299990E+03  3.9763075E+06
  8.5499990E+03  3.7545248E+06
  8.5699990E+03  3.9728738E+06
  8.5900000E+03  3.8834775E+06
  8.6099980E+03  3.8704898E+06
  8.6299990E+03  3.8995622E+06
  8.6499990E+03  3.8987200E+06
  8.6699990E+03  3.6229455E+06
  8.6899990E+03  3.7456745E+06
  8.7099971E+03  3.8000528E+06
  8.7299990E+03  3.7976872E+06
  8.7499980E+03  3.7396042E+06
  8.7699980E+03  3.7839905E+06
  8.7899980E+03  3.7456778E+06
  8.8099990E+03  3.6247218E+06
  8.8299980E+03  3.6968400E+06
  8.8499980E+03  3.7068935E+06
  8.8699980E+03  3.6218180E+06
  8.8899990E+03  3.7018298E+06
  8.9099971E+03  3.7070132E+06
  8.9299980E+03  3.6287750E+06
  8.9499980E+03  3.6171842E+06
  8.9699990E+03  3.6227028E+06
  8.9899990E+03  3.6249212E+06
  9.0099980E+03  3.4630358E+06
  9.0299990E+03  3.5695000E+06
  9.0499990E+03  3.6153770E+06
  9.0699980E+03  3.5555795E+06
  9.0899990E+03  3.4540510E+06
  9.1099980E+03  3.4831620E+06
  9.1299980E+03  3.5270785E+06
  9.1499980E+03  3.5088418E+06
  9.1699980E+03  3.4952102E+06
  9.1899990E+03  3.5121750E+06
  9.2099990E+03  3.4287628E+06
  9.2299980E+03  3.3925615E+06
  9.2499980E+03  3.3862285E+06
  9.2699971E+03  3.4110898E+06
  9.2899990E+03  3.4068935E+06
  9.3099980E+03  3.4147430E+06
  9.3299990E+03  3.3867025E+06
  9.3499980E+03  3.3688255E+06
  9.3699990E+03  3.3406852E+06
  9.3900000E+03  3.3510790E+06
  9.4099980E+03  3.2230842E+06
  9.4299971E+03  3.3161458E+06
  9.4499990E+03  3.2545788E+06
  9.4700000E+03  3.2970528E+06
  9.4899980E+03  3.2994022E+06
  9.5100000E+03  3.2694172E+06
  9.5300000E+03  3.2489478E+06
  9.5500000E+03  3.1600918E+06
  9.5699990E+03  3.1996330E+06
  9.5899980E+03  3.2298458E+06
  9.6099980E+03  3.1902680E+06
  9.6299990E+03  3.1601302E+06
  9.6499990E+03  3.1289610E+06
  9.6699980E+03  3.1264262E+06
  9.6899980E+03  3.1530142E+06
  9.7100000E+03  3.1225762E+06
  9.7299990E+03  3.1129768E+06
  9.7499980E+03  3.0815928E+06
  9.7699961E+03  3.0778315E+06
  9.7899980E+03  3.0519428E+06
  9.8099980E+03  3.0708285E+06
  9.8299990E+03  3.0546802E+06
  9.8499980E+03  3.0534325E+06
  9.8700000E+03  3.0203022E+06
  9.8899980E+03  3.0102955E+06
  9.9099990E+03  3.0014942E+06
  9.9300000E+03  3.0096262E+06
  9.9499980E+03  2.9985300E+06
  9.9699980E+03  2.9873078E+06
  9.9899990E+03  2.9681860E+06
  1.0024998E+04  2.9407870E+06
  1.0074998E+04  2.8891048E+06
  1.0124997E+04  2.8873578E+06
  1.0174997E+04  2.8403102E+06
  1.0224998E+04  2.8218602E+06
  1.0274997E+04  2.8091660E+06
  1.0325000E+04  2.7564730E+06
  1.0374999E+04  2.7279040E+06
  1.0425000E+04  2.7228405E+06
  1.0474998E+04  2.6803262E+06
  1.0524997E+04  2.6691368E+06
  1.0574999E+04  2.6296380E+06
  1.0625000E+04  2.5994068E+06
  1.0674997E+04  2.5450965E+06
  1.0724998E+04  2.5446750E+06
  1.0774999E+04  2.5056672E+06
  1.0824997E+04  2.4578835E+06
  1.0874997E+04  2.4472160E+06
  1.0924999E+04  2.4253712E+06
  1.0974996E+04  2.3993205E+06
  1.1025000E+04  2.4096842E+06
  1.1074998E+04  2.3994022E+06
  1.1124999E+04  2.3691160E+06
  1.1174998E+04  2.3394562E+06
  1.1224999E+04  2.3299032E+06
  1.1274997E+04  2.2763612E+06
  1.1325000E+04  2.2728708E+06
  1.1375000E+04  2.2472560E+06
  1.1425000E+04  2.2099372E+06
  1.1474997E+04  2.2282302E+06
  1.1525000E+04  2.2085682E+06
  1.1574998E+04  2.1738678E+06
  1.1625000E+04  2.1360838E+06
  1.1674998E+04  2.1283575E+06
  1.1724997E+04  2.1334005E+06
  1.1775001E+04  2.0849149E+06
  1.1824999E+04  2.0582146E+06
  1.1875000E+04  2.0375791E+06
  1.1925000E+04  2.0613792E+06
  1.1975001E+04  1.9779970E+06
  1.2024998E+04  2.0001161E+06
  1.2074996E+04  1.9731998E+06
  1.2125000E+04  1.9735891E+06
  1.2175000E+04  1.9750761E+06
  1.2225001E+04  1.9554236E+06
  1.2275001E+04  1.9293000E+06
  1.2324996E+04  1.9185899E+06
  1.2374996E+04  1.9026748E+06
  1.2424998E+04  1.8801439E+06
  1.2475000E+04  1.8736474E+06
  1.2524997E+04  1.8526431E+06
  1.2574997E+04  1.8396076E+06
  1.2624999E+04  1.8220629E+06
  1.2674997E+04  1.7989934E+06
  1.2724999E+04  1.7961905E+06
  1.2774999E+04  1.7840042E+06
  1.2825000E+04  1.6923832E+06
  1.2875001E+04  1.7436264E+06
  1.2924997E+04  1.7265321E+06
  1.2975001E+04  1.7260055E+06
  1.3024998E+04  1.7002115E+06
  1.3074999E+04  1.6982071E+06
  1.3125000E+04  1.6612581E+06
  1.3174998E+04  1.6498455E+06
  1.3224998E+04  1.6553365E+06
  1.3274997E+04  1.6251044E+06
  1.3324997E+04  1.6222459E+06
  1.3374999E+04  1.6064959E+06
  1.3424999E+04  1.6066962E+06
  1.3474999E+04  1.5904584E+06
  1.3525001E+04  1.5792146E+06
  1.3574999E+04  1.5498380E+06
  1.3624997E+04  1.5435171E+06
  1.3674997E+04  1.5350106E+06
  1.3724995E+04  1.5268671E+06
  1.3774998E+04  1.5130425E+06
  1.3824998E+04  1.5055280E+06
  1.3874996E+04  1.4924665E+06
  1.3925000E+04  1.4849726E+06
  1.3974996E+04  1.4739809E+06
  1.4024997E+04  1.4494509E+06
  1.4075001E+04  1.4517024E+06
  1.4124996E+04  1.4284529E+06
  1.4175000E+04  1.4341234E+06
  1.4225000E+04  1.4014388E+06
  1.4274994E+04  1.3768680E+06
  1.4325001E+04  1.3941309E+06
  1.4374998E+04  1.3928909E+06
  1.4424999E+04  1.3428409E+06
  1.4475000E+04  1.3678500E+06
  1.4524997E+04  1.3353788E+06
  1.4569999E+04  1.3388019E+06
  1.4620000E+04  1.3359875E+06
  1.4674998E+04  1.3275669E+06
  1.4725000E+04  1.3023206E+06
  1.4775002E+04  1.2964200E+06
  1.4824998E+04  1.2902619E+06
  1.4874996E+04  1.2549395E+06
  1.4924997E+04  1.2844289E+06
  1.4974999E+04  1.2605445E+06
  1.5024999E+04  1.2033396E+06
  1.5075000E+04  1.2133570E+06
  1.5124999E+04  1.2381031E+06
  1.5175000E+04  1.2323298E+06
  1.5225002E+04  1.2117342E+06
  1.5274998E+04  1.2134705E+06
  1.5324995E+04  1.2002401E+06
  1.5374997E+04  1.1948206E+06
  1.5425001E+04  1.1908868E+06
  1.5474996E+04  1.1796961E+06
  1.5524994E+04  1.1590272E+06
  1.5575001E+04  1.1491894E+06
  1.5624998E+04  1.1544848E+06
  1.5674997E+04  1.1245618E+06
  1.5724994E+04  1.1304788E+06
  1.5774996E+04  1.0803595E+06
  1.5825001E+04  1.0992066E+06
  1.5874995E+04  1.0639212E+06
  1.5925002E+04  1.0798150E+06
  1.5975001E+04  1.0822926E+06
  1.6049998E+04  1.0688235E+06
  1.6150001E+04  1.0479871E+06
  1.6249997E+04  1.0398084E+06
  1.6350000E+04  1.0156138E+06
  1.6449996E+04  9.9404575E+05
  1.6549998E+04  9.8686950E+05
  1.6649994E+04  9.6855538E+05
  1.6749998E+04  9.3747375E+05
  1.6849998E+04  9.1459662E+05
  1.6950000E+04  9.1658225E+05
  1.7049996E+04  8.8691575E+05
  1.7150000E+04  8.7149181E+05
  1.7249992E+04  8.4959269E+05
  1.7349994E+04  8.1925225E+05
  1.7449992E+04  8.1636019E+05
  1.7550000E+04  8.0577406E+05
  1.7649998E+04  7.9067119E+05
  1.7749994E+04  7.7359681E+05
  1.7849994E+04  7.6211562E+05
  1.7949998E+04  7.4681900E+05
  1.8050002E+04  7.3007925E+05
  1.8150002E+04  7.0367856E+05
  1.8249994E+04  6.9718769E+05
  1.8349992E+04  6.8797631E+05
  1.8449992E+04  6.6934969E+05
  1.8549998E+04  6.6254612E+05
  1.8650002E+04  6.4257081E+05
  1.8750002E+04  6.0672694E+05
  1.8850000E+04  6.2245538E+05
  1.8950004E+04  5.9958962E+05
  1.9049996E+04  6.0275862E+05
  1.9149998E+04  5.8991525E+05
  1.9249992E+04  5.7983756E+05
  1.9350000E+04  5.6367706E+05
  1.9449992E+04  5.3992106E+05
  1.9550002E+04  5.4715612E+05
  1.9649992E+04  5.3686000E+05
  1.9749992E+04  5.2474406E+05
  1.9849992E+04  5.1762497E+05
  1.9950002E+04  5.0946653E+05
  2.0050002E+04  5.0380688E+05
  2.0149996E+04  4.9672203E+05
  2.0249994E+04  4.8332103E+05
  2.0349994E+04  4.7276950E+05
  2.0449996E+04  4.7038212E+05
  2.0550000E+04  4.6121197E+05
  2.0649992E+04  4.5030684E+05
  2.0749998E+04  4.4420047E+05
  2.0849992E+04  4.3695159E+05
  2.0950004E+04  4.2632634E+05
  2.1050002E+04  4.2276153E+05
  2.1149992E+04  4.1500056E+05
  2.1250000E+04  4.0780816E+05
  2.1350002E+04  4.0188097E+05
  2.1449996E+04  3.9534247E+05
  2.1550006E+04  3.8856647E+05
  2.1649994E+04  3.7073528E+05
  2.1750002E+04  3.7293228E+05
  2.1849998E+04  3.6769594E+05
  2.1950002E+04  3.6364159E+05
  2.2050000E+04  3.5422175E+05
  2.2149996E+04  3.5179088E+05
  2.2249998E+04  3.4487653E+05
  2.2350004E+04  3.3936109E+05
  2.2449990E+04  3.3398291E+05
  2.2549994E+04  3.2882684E+05
  2.2650000E+04  3.2258094E+05
  2.2750000E+04  3.1895788E+05
  2.2850000E+04  3.1203781E+05
  2.2950004E+04  3.0295847E+05
  2.3050000E+04  3.0164738E+05
  2.3149996E+04  2.9678350E+05
  2.3250000E+04  2.8567066E+05
  2.3349996E+04  2.8456962E+05
  2.3449994E+04  2.8327141E+05
  2.3550002E+04  2.7085797E+05
  2.3649988E+04  2.7248591E+05
  2.3750000E+04  2.6888675E+05
  2.3849990E+04  2.5806006E+05
  2.3950002E+04  2.5935084E+05
  2.4050006E+04  2.5648206E+05
  2.4149992E+04  2.4789022E+05
  2.4249990E+04  2.4700956E+05
  2.4349990E+04  2.4389841E+05
  2.4450002E+04  2.3845366E+05
  2.4549990E+04  2.3372747E+05
  2.4649992E+04  2.3407933E+05
  2.4749992E+04  2.2871678E+05
  2.4850006E+04  2.2262116E+05
  2.4950000E+04  2.2287978E+05
  2.5050006E+04  2.2101372E+05
  2.5149994E+04  2.1517402E+05
  2.5249998E+04  2.1437703E+05
  2.5350004E+04  2.1103572E+05
  2.5449988E+04  2.0715892E+05
  2.5549998E+04  2.0414953E+05
  2.5649990E+04  2.0136992E+05
  2.5749990E+04  2.0007027E+05
  2.5849994E+04  1.9405447E+05
  2.5949990E+04  1.9354642E+05
  2.6049996E+04  1.9153027E+05
  2.6149998E+04  1.8834381E+05
  2.6249988E+04  1.8061333E+05
  2.6350008E+04  1.8264139E+05
  2.6449996E+04  1.7986303E+05
  2.6549994E+04  1.7773042E+05
  2.6649994E+04  1.7396438E+05
  2.6749988E+04  1.7383502E+05
  2.6849986E+04  1.7185802E+05
  2.6949986E+04  1.6916377E+05
  2.7050002E+04  1.6715312E+05
  2.7149998E+04  1.6478948E+05
  2.7249994E+04  1.6257775E+05
  2.7350006E+04  1.6052466E+05
  2.7450004E+04  1.5864727E+05
  2.7549996E+04  1.5599380E+05
  2.7649982E+04  1.5368992E+05
  2.7750004E+04  1.5185019E+05
  2.7850000E+04  1.5008653E+05
  2.7949992E+04  1.4844070E+05
  2.8049994E+04  1.4637388E+05
  2.8150002E+04  1.4451797E+05
  2.8250006E+04  1.4253831E+05
  2.8350000E+04  1.4093459E+05
  2.8450000E+04  1.3867027E+05
  2.8550002E+04  1.3708120E+05
  2.8650002E+04  1.3510703E+05
  2.8749982E+04  1.3301128E+05
  2.8849998E+04  1.3176022E+05
  2.8949986E+04  1.3021334E+05
  2.9049994E+04  1.2854603E+05
  2.9149986E+04  1.2693409E+05
  2.9249984E+04  1.2480391E+05
  2.9349980E+04  1.2370129E+05
  2.9450000E+04  1.2183736E+05
  2.9550004E+04  1.2053090E+05
  2.9649982E+04  1.1914089E+05
  2.9749992E+04  1.1763462E+05
  2.9849994E+04  1.1612475E+05
  2.9949984E+04  1.1449808E+05
  3.0049996E+04  1.1309471E+05
  3.0149994E+04  1.1188988E+05
  3.0249994E+04  1.1032381E+05
  3.0349996E+04  1.0833420E+05
  3.0449996E+04  1.0751005E+05
  3.0549996E+04  1.0634720E+05
  3.0649996E+04  1.0490045E+05
  3.0749994E+04  1.0388862E+05
  3.0849996E+04  1.0234532E+05
  3.0949994E+04  1.0118950E+05
  3.1049996E+04  1.0019488E+05
  3.1149996E+04  9.8236414E+04
  3.1249996E+04  9.7689727E+04
  3.1349996E+04  9.6619016E+04
  3.1449996E+04  9.5449477E+04
  3.1549998E+04  9.3952164E+04
  3.1649996E+04  9.3024695E+04
  3.1749998E+04  9.2002375E+04
  3.1849996E+04  9.0935352E+04
  3.1949994E+04  8.9972133E+04
  3.2099996E+04  8.8230156E+04
  3.2299992E+04  8.6230953E+04
  3.2499994E+04  8.4170656E+04
  3.2699996E+04  8.2189391E+04
  3.2899996E+04  7.9908859E+04
  3.3099996E+04  7.8371875E+04
  3.3299992E+04  7.6505828E+04
  3.3499996E+04  7.5000859E+04
  3.3699996E+04  7.3247484E+04
  3.3899996E+04  7.1464586E+04
  3.4099996E+04  6.9818789E+04
  3.4299996E+04  6.8526625E+04
  3.4499992E+04  6.7114055E+04
  3.4699996E+04  6.5591711E+04
  3.4899996E+04  6.4183285E+04
  3.5099996E+04  6.2842359E+04
  3.5299996E+04  6.1370410E+04
  3.5499996E+04  6.0148750E+04
  3.5699992E+04  5.8796844E+04
  3.5899992E+04  5.7544312E+04
  3.6099996E+04  5.6454605E+04
  3.6299992E+04  5.5268148E+04
  3.6499992E+04  5.3968492E+04
  3.6699992E+04  5.2797297E+04
  3.6899992E+04  5.1473941E+04
  3.7099996E+04  5.0386723E+04
  3.7299996E+04  4.9525602E+04
  3.7499992E+04  4.8149512E+04
  3.7699996E+04  4.7600230E+04
  3.7899996E+04  4.6598230E+04
  3.8099992E+04  4.5767730E+04
  3.8299996E+04  4.4941691E+04
  3.8499996E+04  4.4084566E+04
  3.8699996E+04  4.3096820E+04
  3.8899992E+04  4.2296309E+04
  3.9099996E+04  4.1534500E+04
  3.9299992E+04  4.0732328E+04
  3.9499992E+04  3.9806586E+04
  3.9699992E+04  3.9112516E+04
  3.9900000E+04  3.8181840E+04
  4.0099996E+04  3.7565305E+04
  4.0299992E+04  3.6956773E+04
  4.0499996E+04  3.5942668E+04
  4.0699992E+04  3.5526617E+04
  4.0899992E+04  3.4891750E+04
  4.1099996E+04  3.4265289E+04
  4.1299996E+04  3.3671395E+04
  4.1499992E+04  3.2991082E+04
  4.1699992E+04  3.2404564E+04
  4.1899996E+04  3.1761189E+04
  4.2099996E+04  3.1062660E+04
  4.2299992E+04  3.0721199E+04
  4.2499996E+04  3.0076074E+04
  4.2699992E+04  2.9604906E+04
  4.2899992E+04  2.8443154E+04
  4.3099996E+04  2.7510533E+04
  4.3299996E+04  2.7311236E+04
  4.3499992E+04  2.6146844E+04
  4.3699996E+04  2.5614117E+04
  4.3899996E+04  2.5306980E+04
  4.4099992E+04  2.4190762E+04
  4.4299992E+04  2.3997783E+04
  4.4499996E+04  2.3656992E+04
  4.4699996E+04  2.2712326E+04
  4.4899996E+04  2.2708520E+04
  4.5099992E+04  2.2227885E+04
  4.5299992E+04  2.1492307E+04
  4.5499996E+04  2.1420240E+04
  4.5699992E+04  2.1207914E+04
  4.5899996E+04  2.0454857E+04
  4.6099996E+04  2.0405393E+04
  4.6299992E+04  2.0062535E+04
  4.6499988E+04  1.9768365E+04
  4.6699992E+04  1.9547580E+04
  4.6899992E+04  1.9266465E+04
  4.7099992E+04  1.8931674E+04
  4.7299992E+04  1.8834217E+04
  4.7499996E+04  1.8447189E+04
  4.7699992E+04  1.8152082E+04
  4.7899992E+04  1.7918719E+04
  4.8099996E+04  1.7529020E+04
  4.8299992E+04  1.7472975E+04
  4.8499992E+04  1.7152988E+04
  4.8700000E+04  1.6832891E+04
  4.8899992E+04  1.6613559E+04
  4.9099988E+04  1.6365979E+04
  4.9299988E+04  1.6106359E+04
  4.9499996E+04  1.5844236E+04
  4.9699992E+04  1.5630042E+04
  4.9899988E+04  1.5396069E+04
  5.0099996E+04  1.5229863E+04
  5.0299996E+04  1.5009226E+04
  5.0499996E+04  1.4689229E+04
  5.0699996E+04  1.4521391E+04
  5.0899992E+04  1.4363587E+04
  5.1099992E+04  1.4072902E+04
  5.1299996E+04  1.3922441E+04
  5.1499988E+04  1.3696341E+04
  5.1699996E+04  1.3595366E+04
  5.1899992E+04  1.3329669E+04
  5.2099992E+04  1.3148415E+04
  5.2299996E+04  1.2936345E+04
  5.2499996E+04  1.2813503E+04
  5.2699996E+04  1.2672347E+04
  5.2899992E+04  1.2399812E+04
  5.3099988E+04  1.2263559E+04
  5.3299988E+04  1.2095446E+04
  5.3499992E+04  1.1949240E+04
  5.3699992E+04  1.1784104E+04
  5.3899992E+04  1.1634312E+04
  5.4099992E+04  1.1473664E+04
  5.4299984E+04  1.1255399E+04
  5.4499988E+04  1.1167486E+04
  5.4699996E+04  1.1007526E+04
  5.4899992E+04  1.0850103E+04
  5.5099992E+04  1.0723580E+04
  5.5299988E+04  1.0634452E+04
  5.5499988E+04  1.0409468E+04
  5.5699992E+04  1.0345896E+04
  5.5899992E+04  1.0159150E+04
  5.6099988E+04  1.0036809E+04
  5.6299996E+04  9.8892002E+03
  5.6499988E+04  9.8049170E+03
  5.6699988E+04  9.6787988E+03
  5.6899992E+04  9.5081289E+03
  5.7099996E+04  9.4320479E+03
  5.7299988E+04  9.3008037E+03
  5.7499988E+04  9.1817500E+03
  5.7699988E+04  9.0552920E+03
  5.7899996E+04  8.9594639E+03
  5.8099988E+04  8.8253467E+03
  5.8299996E+04  8.7183447E+03
  5.8499992E+04  8.6196465E+03
  5.8699988E+04  8.4850215E+03
  5.8899988E+04  8.3726562E+03
  5.9099992E+04  8.2866377E+03
  5.9299988E+04  8.1858408E+03
  5.9499996E+04  8.0677964E+03
  5.9699988E+04  7.9890991E+03
  5.9899992E+04  7.8878545E+03
  6.0099992E+04  7.7871523E+03
  6.0299992E+04  7.6928945E+03
  6.0499988E+04  7.5883906E+03
  6.0699992E+04  7.4929653E+03
  6.0899992E+04  7.3980195E+03
  6.1099988E+04  7.2957793E+03
  6.1299992E+04  7.2213804E+03
  6.1499988E+04  7.1371377E+03
  6.1699988E+04  7.0518530E+03
  6.1899996E+04  6.9696807E+03
  6.2099996E+04  6.8864678E+03
  6.2299988E+04  6.7848643E+03
  6.2499992E+04  6.7046680E+03
  6.2699988E+04  6.6246860E+03
  6.2899996E+04  6.5518667E+03
  6.3099984E+04  6.4649849E+03
  6.3299996E+04  6.4021929E+03
  6.3499984E+04  6.3189521E+03
  6.3699984E+04  6.2477681E+03
  6.3900000E+04  6.1685820E+03
  6.4199992E+04  6.0604302E+03
  6.4599984E+04  5.9134824E+03
  6.4999992E+04  5.7742266E+03
  6.5399992E+04  5.6424175E+03
  6.5799992E+04  5.5131162E+03
  6.6199984E+04  5.3827378E+03
  6.6599984E+04  5.2606035E+03
  6.6999992E+04  5.1384751E+03
  6.7399992E+04  5.0184526E+03
  6.7799992E+04  4.9069609E+03
  6.8199992E+04  4.7948979E+03
  6.8599992E+04  4.6880693E+03
  6.8999984E+04  4.5826772E+03
  6.9399984E+04  4.4795513E+03
  6.9800000E+04  4.3820371E+03
  7.0199992E+04  4.2814058E+03
  7.0599984E+04  4.1905513E+03
  7.0999977E+04  4.0994492E+03
  7.1399977E+04  4.0106370E+03
  7.1799984E+04  3.9235425E+03
  7.2199984E+04  3.8395730E+03
  7.2600000E+04  3.7564941E+03
  7.2999984E+04  3.6779736E+03
  7.3400000E+04  3.5984160E+03
  7.3799984E+04  3.5241697E+03
  7.4199992E+04  3.4481609E+03
  7.4599992E+04  3.3712751E+03
  7.5000000E+04  3.3056062E+03
  7.5399992E+04  3.2376262E+03
  7.5799992E+04  3.1738440E+03
  7.6199984E+04  3.1087542E+03
  7.6599992E+04  3.0458083E+03
  7.6999992E+04  2.9832380E+03
  7.7399992E+04  2.9242476E+03
  7.7799984E+04  2.8658743E+03
  7.8199984E+04  2.8087236E+03
  7.8599984E+04  2.7531335E+03
  7.8999984E+04  2.6988245E+03
  7.9399984E+04  2.6457061E+03
  7.9800000E+04  2.5943418E+03
  8.0199992E+04  2.5428154E+03
  8.0599984E+04  2.4932251E+03
  8.0999992E+04  2.4464395E+03
  8.1399977E+04  2.3980073E+03
  8.1799984E+04  2.3535547E+03
  8.2199984E+04  2.3092944E+03
  8.2599992E+04  2.2652820E+03
  8.2999984E+04  2.2229390E+03
  8.3400000E+04  2.1803799E+03
  8.3799992E+04  2.1400337E+03
  8.4199992E+04  2.1011509E+03
  8.4599977E+04  2.0622222E+03
  8.4999977E+04  2.0244003E+03
  8.5399984E+04  1.9872975E+03
  8.5799984E+04  1.9513090E+03
  8.6199992E+04  1.9157999E+03
  8.6599992E+04  1.8815155E+03
  8.6999984E+04  1.8477792E+03
  8.7399992E+04  1.8146786E+03
  8.7799992E+04  1.7823965E+03
  8.8199984E+04  1.7499946E+03
  8.8599977E+04  1.7193518E+03
  8.8999992E+04  1.6887117E+03
  8.9399977E+04  1.6599647E+03
  8.9799977E+04  1.6303068E+03
  9.0199984E+04  1.6027288E+03
  9.0599984E+04  1.5754813E+03
  9.0999992E+04  1.5473307E+03
  9.1400000E+04  1.5213251E+03
  9.1799969E+04  1.4956693E+03
  9.2199969E+04  1.4705770E+03
  9.2599984E+04  1.4455974E+03
  9.3000000E+04  1.4213406E+03
  9.3399984E+04  1.3973599E+03
  9.3799984E+04  1.3741208E+03
  9.4199977E+04  1.3512677E+03
  9.4599984E+04  1.3287931E+03
  9.4999969E+04  1.3068573E+03
  9.5399984E+04  1.2853655E+03
  9.5799984E+04  1.2645151E+03
  9.6199992E+04  1.2437217E+03
  9.6599984E+04  1.2237136E+03
  9.7000000E+04  1.2039921E+03
  9.7399977E+04  1.1836002E+03
  9.7799984E+04  1.1651548E+03
  9.8199977E+04  1.1468922E+03
  9.8599977E+04  1.1287318E+03
  9.8999992E+04  1.1109032E+03
  9.9399984E+04  1.0932107E+03
  9.9799977E+04  1.0760681E+03
  1.0019999E+05  1.0592385E+03
  1.9999991E+05  6.8608795E+01
  3.9999994E+05  4.3117108E+00
  5.9999981E+05  8.4811020E-01
  7.9999994E+05  2.6688597E-01
