  9.2499988E+02  2.2850337E-08
  9.3499982E+02  3.3136228E-08
  9.4500000E+02  4.9391566E-08
  9.5500000E+02  7.8041900E-08
  9.6499988E+02  1.1811836E-07
  9.7499982E+02  1.6387422E-07
  9.8499976E+02  2.3769068E-07
  9.9499988E+02  3.3344605E-07
  1.0049999E+03  5.1726784E-07
  1.0149997E+03  7.2583930E-07
  1.0249998E+03  8.6077148E-07
  1.0349998E+03  1.4548131E-06
  1.0449998E+03  2.0344851E-06
  1.0549999E+03  2.7645428E-06
  1.0649999E+03  3.7270574E-06
  1.0750000E+03  5.1830634E-06
  1.0849996E+03  7.0919205E-06
  1.0949999E+03  9.2101309E-06
  1.1049999E+03  4.7610560E-05
  1.1149999E+03  8.5275366E-05
  1.1249999E+03  1.2892792E-04
  1.1349996E+03  1.8969068E-04
  1.1449999E+03  2.6321100E-04
  1.1549999E+03  3.1465376E-04
  1.1650000E+03  4.4698050E-04
  1.1749995E+03  5.7777826E-04
  1.1849996E+03  6.5408018E-04
  1.1949998E+03  5.3979014E-04
  1.2049996E+03  6.0097250E-04
  1.2149998E+03  1.3120107E-04
  1.2249996E+03  8.5259386E-04
  1.2349996E+03  1.7458578E-03
  1.2449998E+03  2.4606355E-03
  1.2549996E+03  3.0131002E-03
  1.2650000E+03  3.2573408E-03
  1.2749998E+03  4.1767703E-03
  1.2849995E+03  4.6376828E-03
  1.2949998E+03  5.9243045E-03
  1.3049995E+03  6.0484386E-03
  1.3149998E+03  7.9005631E-03
  1.3249998E+03  8.2068546E-03
  1.3349996E+03  9.4613209E-03
  1.3449995E+03  1.1259775E-02
  1.3549996E+03  1.3407498E-02
  1.3649999E+03  1.4354366E-02
  1.3749999E+03  1.5852232E-02
  1.3849996E+03  1.8021958E-02
  1.3949999E+03  2.0619387E-02
  1.4050001E+03  2.5676295E-02
  1.4149998E+03  2.9939581E-02
  1.4249998E+03  3.4609821E-02
  1.4350000E+03  4.2835660E-02
  1.4419998E+03  5.7938624E-02
  1.4469999E+03  5.0527140E-02
  1.4549994E+03  6.0235687E-02
  1.4650000E+03  8.2532041E-02
  1.4749995E+03  9.6698269E-02
  1.4849996E+03  1.0321777E-01
  1.4949998E+03  1.4135678E-01
  1.5049996E+03  1.8021452E-01
  1.5119995E+03  1.2273379E-01
  1.5169994E+03  1.6927132E-01
  1.5250001E+03  6.8347722E-01
  1.5349994E+03  1.3585247E+00
  1.5449994E+03  1.0795419E+00
  1.5549998E+03  2.0587676E+00
  1.5649999E+03  1.8991818E+00
  1.5750001E+03  4.3551807E+00
  1.5850000E+03  5.6333933E+00
  1.5949996E+03  6.7652860E+00
  1.6049999E+03  7.0521231E+00
  1.6150000E+03  7.7755141E+00
  1.6249996E+03  9.3797197E+00
  1.6350000E+03  1.0776363E+01
  1.6449996E+03  1.6922209E+01
  1.6549999E+03  8.7470331E+00
  1.6649993E+03  1.9986174E+01
  1.6720000E+03  1.2102261E+01
  1.6770001E+03  8.5089890E+01
  1.6849998E+03  9.9004364E+01
  1.6950000E+03  1.3359285E+02
  1.7049995E+03  1.3457050E+02
  1.7150000E+03  1.2630413E+02
  1.7249993E+03  1.6890569E+02
  1.7349994E+03  2.1154306E+02
  1.7449993E+03  3.0611032E+02
  1.7550001E+03  4.4893237E+02
  1.7649998E+03  4.4688321E+02
  1.7749995E+03  4.5360440E+02
  1.7849995E+03  5.9858044E+02
  1.7949999E+03  7.8360345E+02
  1.8050001E+03  8.0215289E+02
  1.8150001E+03  7.7657269E+02
  1.8249994E+03  1.0231196E+03
  1.8349993E+03  1.1068082E+03
  1.8449993E+03  8.2081659E+02
  1.8549998E+03  1.2297112E+03
  1.8650002E+03  1.4591769E+03
  1.8750001E+03  1.6256110E+03
  1.8850000E+03  1.7920457E+03
  1.8950002E+03  2.3726348E+03
  1.9049996E+03  2.3291064E+03
  1.9149999E+03  2.5723528E+03
  1.9249993E+03  2.7485200E+03
  1.9350001E+03  1.9915138E+03
  1.9449993E+03  3.7520713E+03
  1.9550002E+03  3.8541440E+03
  1.9670002E+03  5.1961465E+03
  1.9759990E+03  5.0363286E+03
  1.9839996E+03  6.1618086E+03
  1.9950001E+03  6.2766353E+03
  2.0050002E+03  6.4196016E+03
  2.0149996E+03  6.8286987E+03
  2.0249994E+03  5.8841357E+03
  2.0349995E+03  8.0107632E+03
  2.0449998E+03  9.3867412E+03
  2.0550000E+03  9.5828604E+03
  2.0649993E+03  9.5556572E+03
  2.0739993E+03  1.1108942E+04
  2.0780002E+03  2.5316867E+04
  2.0849993E+03  3.4701516E+04
  2.0950005E+03  3.2926383E+04
  2.1050002E+03  3.5725234E+04
  2.1149990E+03  3.8835355E+04
  2.1250000E+03  3.2281924E+04
  2.1350002E+03  3.2631496E+04
  2.1449998E+03  4.6245148E+04
  2.1550005E+03  4.7277121E+04
  2.1649995E+03  4.1631559E+04
  2.1750002E+03  4.3417312E+04
  2.1849998E+03  5.8981121E+04
  2.1950000E+03  5.9282363E+04
  2.2050000E+03  5.7134188E+04
  2.2149998E+03  3.9523680E+04
  2.2249998E+03  5.1492531E+04
  2.2350005E+03  8.1489789E+04
  2.2449990E+03  7.5675195E+04
  2.2549993E+03  5.2776473E+04
  2.2650000E+03  4.4891684E+04
  2.2750000E+03  6.3292961E+04
  2.2850000E+03  9.1224484E+04
  2.2950002E+03  7.6719539E+04
  2.3050000E+03  9.8022453E+04
  2.3149995E+03  7.0429773E+04
  2.3250000E+03  5.6074109E+04
  2.3349995E+03  4.0829504E+04
  2.3449993E+03  2.7024783E+04
  2.3550000E+03  5.9523684E+04
  2.3649988E+03  3.1147117E+04
  2.3750000E+03  4.3465766E+04
  2.3849990E+03  2.2919025E+04
  2.3950000E+03  3.1867166E+04
  2.4050005E+03  3.2071004E+04
  2.4149993E+03  4.5097078E+04
  2.4249990E+03  1.0038107E+05
  2.4349990E+03  1.1535392E+05
  2.4450000E+03  1.4126483E+05
  2.4549990E+03  1.5446191E+05
  2.4649990E+03  1.1950112E+05
  2.4749993E+03  1.0310060E+05
  2.4850005E+03  4.5270355E+04
  2.4950000E+03  7.7282914E+04
  2.5050005E+03  1.3347397E+05
  2.5129988E+03  5.0824531E+04
  2.5179990E+03  3.5508570E+04
  2.5249998E+03  4.1457254E+04
  2.5350007E+03  9.5241008E+04
  2.5449988E+03  1.1699803E+05
  2.5550000E+03  2.8362784E+05
  2.5649990E+03  1.4852942E+05
  2.5749990E+03  2.0210433E+05
  2.5849993E+03  1.3980153E+05
  2.5949990E+03  1.0986428E+05
  2.6049995E+03  8.2152617E+04
  2.6149998E+03  7.6109922E+04
  2.6249990E+03  1.1159369E+05
  2.6350007E+03  3.0117028E+05
  2.6449995E+03  5.6999800E+05
  2.6549998E+03  8.7414169E+05
  2.6649995E+03  4.7997738E+05
  2.6749988E+03  5.6386612E+05
  2.6849988E+03  6.8315738E+05
  2.6949988E+03  5.0658344E+05
  2.7050000E+03  6.7391575E+05
  2.7150000E+03  3.9127725E+05
  2.7249995E+03  2.6750116E+05
  2.7350007E+03  3.6376788E+05
  2.7450002E+03  1.4253306E+05
  2.7549998E+03  2.1826622E+05
  2.7649983E+03  3.2978116E+05
  2.7750005E+03  3.5145347E+05
  2.7850000E+03  1.9051277E+05
  2.7949993E+03  6.0063969E+04
  2.8049995E+03  7.9785008E+04
  2.8150002E+03  2.8877919E+05
  2.8250007E+03  5.2927288E+05
  2.8350000E+03  5.9252812E+05
  2.8450002E+03  4.3904100E+05
  2.8550005E+03  2.2067761E+05
  2.8650000E+03  7.1457056E+05
  2.8749983E+03  1.0178099E+06
  2.8850000E+03  8.6153350E+05
  2.8949988E+03  1.0398006E+06
  2.9099988E+03  1.4206966E+06
  2.9299983E+03  1.3404582E+06
  2.9499990E+03  1.3185772E+06
  2.9700005E+03  1.4732939E+06
  2.9899980E+03  1.5513325E+06
  3.0099995E+03  1.6074186E+06
  3.0299995E+03  1.6704301E+06
  3.0499995E+03  1.7497994E+06
  3.0699995E+03  1.6612009E+06
  3.0899995E+03  1.6840362E+06
  3.1099995E+03  1.7913336E+06
  3.1299998E+03  1.6534202E+06
  3.1499995E+03  1.6215945E+06
  3.1699995E+03  1.8265121E+06
  3.1899995E+03  1.5914004E+06
  3.2099998E+03  1.8192625E+06
  3.2299993E+03  1.4767954E+06
  3.2499993E+03  2.1166610E+06
  3.2699995E+03  2.4094515E+06
  3.2899995E+03  2.2775368E+06
  3.3099998E+03  2.2187710E+06
  3.3299993E+03  2.2913358E+06
  3.3499995E+03  2.2437818E+06
  3.3699995E+03  1.7604806E+06
  3.3899993E+03  2.0337905E+06
  3.4099993E+03  2.1590695E+06
  3.4299995E+03  2.2446632E+06
  3.4499993E+03  2.5356730E+06
  3.4699998E+03  2.5380338E+06
  3.4899993E+03  2.7038580E+06
  3.5099995E+03  2.8247412E+06
  3.5299995E+03  2.6071010E+06
  3.5499995E+03  2.9280702E+06
  3.5699995E+03  2.2785068E+06
  3.5899995E+03  2.3569900E+06
  3.6099995E+03  2.7185458E+06
  3.6299993E+03  2.7898538E+06
  3.6399993E+03  2.7910088E+06
  3.6499995E+03  3.0789042E+06
  3.6699993E+03  3.0529905E+06
  3.6899995E+03  3.1367450E+06
  3.7099995E+03  3.7092780E+06
  3.7299998E+03  2.9837215E+06
  3.7499993E+03  3.2324708E+06
  3.7699993E+03  3.5926805E+06
  3.7899995E+03  3.6199068E+06
  3.8099993E+03  3.5555308E+06
  3.8299998E+03  2.4008452E+06
  3.8499995E+03  2.6765908E+06
  3.8699995E+03  2.6178058E+06
  3.8899995E+03  3.4663100E+06
  3.9099995E+03  3.8769645E+06
  3.9299993E+03  1.6450260E+06
  3.9499993E+03  3.0201430E+06
  3.9699998E+03  1.9754170E+06
  3.9899995E+03  4.6059595E+06
  4.0099995E+03  5.0985170E+06
  4.0299993E+03  5.2166765E+06
  4.0499993E+03  5.0798390E+06
  4.0699993E+03  4.9449795E+06
  4.0899995E+03  5.6993825E+06
  4.1099995E+03  5.6692510E+06
  4.1299995E+03  5.5035995E+06
  4.1499990E+03  5.6230530E+06
  4.1699990E+03  5.5103150E+06
  4.1899995E+03  5.4071925E+06
  4.2099995E+03  5.5087655E+06
  4.2299995E+03  5.4317410E+06
  4.2499995E+03  5.4854420E+06
  4.2699990E+03  5.2052400E+06
  4.2899995E+03  4.7210110E+06
  4.3100000E+03  3.8537050E+06
  4.3299995E+03  5.7100015E+06
  4.3499995E+03  5.4935640E+06
  4.3699995E+03  6.0020760E+06
  4.3899995E+03  5.5092430E+06
  4.4099995E+03  5.9237135E+06
  4.4299995E+03  6.1978430E+06
  4.4499995E+03  6.1869645E+06
  4.4699995E+03  6.5550115E+06
  4.4899995E+03  6.6169025E+06
  4.5099990E+03  7.3686715E+06
  4.5299995E+03  6.6153050E+06
  4.5499990E+03  6.7730995E+06
  4.5699995E+03  7.2673670E+06
  4.5899990E+03  6.8032665E+06
  4.6099990E+03  7.0760345E+06
  4.6299990E+03  6.8946515E+06
  4.6499990E+03  7.0351405E+06
  4.6699990E+03  7.1897310E+06
  4.6899990E+03  7.0218395E+06
  4.7099995E+03  6.8550030E+06
  4.7299990E+03  7.1824295E+06
  4.7499995E+03  7.4004150E+06
  4.7699995E+03  7.4174665E+06
  4.7899990E+03  7.3937510E+06
  4.8099995E+03  7.2478790E+06
  4.8299995E+03  7.4331180E+06
  4.8499990E+03  6.9686625E+06
  4.8700000E+03  6.3333415E+06
  4.8899990E+03  7.1339845E+06
  4.9099990E+03  7.0792665E+06
  4.9299990E+03  6.9788530E+06
  4.9499995E+03  7.3610745E+06
  4.9699995E+03  7.2964590E+06
  4.9899990E+03  6.7652830E+06
  5.0099995E+03  6.4892385E+06
  5.0299995E+03  6.8585320E+06
  5.0499995E+03  6.9595715E+06
  5.0699995E+03  7.2433280E+06
  5.0899995E+03  6.9064560E+06
  5.1099990E+03  7.0246210E+06
  5.1299995E+03  6.7808490E+06
  5.1499985E+03  6.6098235E+06
  5.1700000E+03  6.4750570E+06
  5.1899990E+03  6.5318255E+06
  5.2099990E+03  6.7615745E+06
  5.2299995E+03  6.8277185E+06
  5.2499995E+03  6.9428240E+06
  5.2699995E+03  6.2929695E+06
  5.2899990E+03  6.9542720E+06
  5.3099995E+03  7.1554445E+06
  5.3299990E+03  6.5851950E+06
  5.3499995E+03  7.0584555E+06
  5.3699995E+03  7.0740420E+06
  5.3899995E+03  6.9405940E+06
  5.4099990E+03  6.7409625E+06
  5.4299990E+03  6.8893140E+06
  5.4499990E+03  7.1601175E+06
  5.4699995E+03  6.9330910E+06
  5.4899995E+03  6.9380400E+06
  5.5099995E+03  6.8698965E+06
  5.5299985E+03  6.9468155E+06
  5.5499990E+03  7.0124165E+06
  5.5699990E+03  6.8878335E+06
  5.5899995E+03  6.7509850E+06
  5.6099990E+03  6.9775375E+06
  5.6299995E+03  6.9188985E+06
  5.6499990E+03  6.9097745E+06
  5.6699990E+03  6.7309225E+06
  5.6899995E+03  6.8869705E+06
  5.7099995E+03  6.7338930E+06
  5.7299990E+03  7.1847210E+06
  5.7499990E+03  6.9179880E+06
  5.7699990E+03  6.9979815E+06
  5.7899995E+03  6.7886815E+06
  5.8099985E+03  6.9461515E+06
  5.8300000E+03  7.0626145E+06
  5.8499990E+03  6.8992610E+06
  5.8699985E+03  6.9270045E+06
  5.8899985E+03  6.6143130E+06
  5.9099995E+03  6.8294530E+06
  5.9299985E+03  6.8210705E+06
  5.9499995E+03  6.8274325E+06
  5.9699990E+03  6.8692870E+06
  5.9899990E+03  6.7662680E+06
  6.0099990E+03  6.6485075E+06
  6.0299995E+03  6.7062210E+06
  6.0499990E+03  6.8205655E+06
  6.0699990E+03  6.7787605E+06
  6.0899995E+03  6.5611190E+06
  6.1099985E+03  6.5118795E+06
  6.1299995E+03  6.2964120E+06
  6.1499985E+03  6.3706730E+06
  6.1699985E+03  6.2261240E+06
  6.1900000E+03  6.5059920E+06
  6.2099995E+03  6.5160275E+06
  6.2299985E+03  6.3078925E+06
  6.2499990E+03  6.0835715E+06
  6.2699985E+03  6.4041835E+06
  6.2900000E+03  6.4157000E+06
  6.3099985E+03  6.2207745E+06
  6.3299995E+03  6.2794960E+06
  6.3499985E+03  6.2847575E+06
  6.3699985E+03  6.2335630E+06
  6.3899995E+03  6.2870495E+06
  6.4099990E+03  6.1308840E+06
  6.4299985E+03  6.1815560E+06
  6.4499985E+03  6.1440040E+06
  6.4699990E+03  6.1139065E+06
  6.4899990E+03  6.0097380E+06
  6.5099985E+03  6.1343010E+06
  6.5299990E+03  6.1360080E+06
  6.5499985E+03  5.9854055E+06
  6.5699985E+03  5.3893965E+06
  6.5899995E+03  5.9985850E+06
  6.6099985E+03  6.0500320E+06
  6.6299990E+03  6.0150420E+06
  6.6499985E+03  5.9964655E+06
  6.6699995E+03  5.9192335E+06
  6.6899990E+03  6.0183220E+06
  6.7099995E+03  5.8601675E+06
  6.7299990E+03  5.9438340E+06
  6.7499995E+03  5.8566540E+06
  6.7699985E+03  5.8719145E+06
  6.7899995E+03  5.8161270E+06
  6.8099995E+03  5.7976930E+06
  6.8300000E+03  5.8124855E+06
  6.8499985E+03  5.6714905E+06
  6.8699985E+03  5.7410085E+06
  6.8899985E+03  5.7550255E+06
  6.9099990E+03  5.6920915E+06
  6.9299995E+03  5.6734045E+06
  6.9499990E+03  5.6351830E+06
  6.9699985E+03  5.6296445E+06
  6.9899985E+03  5.6098895E+06
  7.0099985E+03  5.4167745E+06
  7.0299985E+03  5.5107085E+06
  7.0499990E+03  5.5318620E+06
  7.0699980E+03  5.4679750E+06
  7.0899990E+03  5.4409900E+06
  7.1099990E+03  5.4284570E+06
  7.1299995E+03  5.3594365E+06
  7.1499990E+03  5.3384125E+06
  7.1699995E+03  5.3207630E+06
  7.1899985E+03  5.1593745E+06
  7.2099985E+03  5.2680510E+06
  7.2299980E+03  5.2491080E+06
  7.2499990E+03  5.2801765E+06
  7.2699995E+03  5.2530890E+06
  7.2899990E+03  5.0944365E+06
  7.3099980E+03  5.1604370E+06
  7.3299980E+03  5.1647090E+06
  7.3499980E+03  5.1537950E+06
  7.3699985E+03  5.1694870E+06
  7.3899995E+03  5.0313075E+06
  7.4099985E+03  4.9390045E+06
  7.4299995E+03  5.0062150E+06
  7.4500000E+03  5.0183330E+06
  7.4700000E+03  5.0389590E+06
  7.4899990E+03  4.9906640E+06
  7.5099985E+03  4.9903030E+06
  7.5299995E+03  4.9904045E+06
  7.5499980E+03  5.0027315E+06
  7.5699985E+03  4.9451695E+06
  7.5899990E+03  4.9267280E+06
  7.6099980E+03  4.8991755E+06
  7.6299995E+03  4.9046500E+06
  7.6499995E+03  4.8885660E+06
  7.6699980E+03  4.7565455E+06
  7.6899990E+03  4.8489270E+06
  7.7099995E+03  4.7567505E+06
  7.7299985E+03  4.7693680E+06
  7.7499990E+03  4.7131705E+06
  7.7700000E+03  4.7513380E+06
  7.7900000E+03  4.7650275E+06
  7.8099995E+03  4.7327495E+06
  7.8299980E+03  4.6827350E+06
  7.8499980E+03  4.6432530E+06
  7.8699995E+03  4.6831835E+06
  7.8900000E+03  4.6425860E+06
  7.9099995E+03  4.5612755E+06
  7.9300000E+03  4.5000150E+06
  7.9499985E+03  4.4834240E+06
  7.9699990E+03  4.5558445E+06
  7.9900000E+03  4.5510625E+06
  8.0099980E+03  4.4869110E+06
  8.0299985E+03  4.4689695E+06
  8.0500000E+03  4.4366740E+06
  8.0699985E+03  4.4456025E+06
  8.0899990E+03  4.3588910E+06
  8.1099995E+03  4.3993365E+06
  8.1299976E+03  4.4057055E+06
  8.1499976E+03  4.3704970E+06
  8.1699980E+03  4.3587760E+06
  8.1899985E+03  4.2413585E+06
  8.2099990E+03  4.2320655E+06
  8.2300000E+03  4.2291515E+06
  8.2500000E+03  4.2404435E+06
  8.2700000E+03  4.2795585E+06
  8.2899980E+03  4.2479730E+06
  8.3099990E+03  4.1492082E+06
  8.3299980E+03  4.1187760E+06
  8.3500000E+03  4.1380245E+06
  8.3699990E+03  4.1390852E+06
  8.3899990E+03  4.0628055E+06
  8.4099971E+03  4.1149885E+06
  8.4300000E+03  4.0390242E+06
  8.4499990E+03  4.0608192E+06
  8.4699980E+03  4.0138335E+06
  8.4899980E+03  4.0558342E+06
  8.5099990E+03  3.8276180E+06
  8.5299990E+03  4.0484845E+06
  8.5499990E+03  3.7292212E+06
  8.5699990E+03  4.0501235E+06
  8.5900000E+03  3.9354528E+06
  8.6099980E+03  3.9042845E+06
  8.6299990E+03  3.9759945E+06
  8.6499990E+03  3.9711738E+06
  8.6699990E+03  3.5961822E+06
  8.6899990E+03  3.8285882E+06
  8.7099971E+03  3.8753360E+06
  8.7299990E+03  3.8732680E+06
  8.7499980E+03  3.7436392E+06
  8.7699980E+03  3.8641248E+06
  8.7899980E+03  3.8200845E+06
  8.8099990E+03  3.7498042E+06
  8.8299980E+03  3.7813008E+06
  8.8499980E+03  3.7724548E+06
  8.8699980E+03  3.6354172E+06
  8.8899990E+03  3.7616535E+06
  8.9099971E+03  3.7707445E+06
  8.9299980E+03  3.6850878E+06
  8.9499980E+03  3.6861320E+06
  8.9699990E+03  3.6869892E+06
  8.9899990E+03  3.6814635E+06
  9.0099980E+03  3.4987692E+06
  9.0299990E+03  3.6288690E+06
  9.0499990E+03  3.6857542E+06
  9.0699980E+03  3.5927655E+06
  9.0899990E+03  3.4904350E+06
  9.1099980E+03  3.5306890E+06
  9.1299980E+03  3.5955498E+06
  9.1499980E+03  3.5743585E+06
  9.1699980E+03  3.5586498E+06
  9.1899990E+03  3.5779700E+06
  9.2099990E+03  3.4789502E+06
  9.2299980E+03  3.3918538E+06
  9.2499980E+03  3.4344858E+06
  9.2699971E+03  3.4627338E+06
  9.2899990E+03  3.4739860E+06
  9.3099980E+03  3.4765500E+06
  9.3299990E+03  3.4457342E+06
  9.3499980E+03  3.4352325E+06
  9.3699990E+03  3.4042340E+06
  9.3900000E+03  3.4082050E+06
  9.4099980E+03  3.2733305E+06
  9.4299971E+03  3.3674922E+06
  9.4499990E+03  3.3137240E+06
  9.4700000E+03  3.3596448E+06
  9.4899980E+03  3.3626095E+06
  9.5100000E+03  3.3272768E+06
  9.5300000E+03  3.3084312E+06
  9.5500000E+03  3.1888832E+06
  9.5699990E+03  3.2551238E+06
  9.5899980E+03  3.2858432E+06
  9.6099980E+03  3.2364455E+06
  9.6299990E+03  3.1995355E+06
  9.6499990E+03  3.1868935E+06
  9.6699980E+03  3.1678030E+06
  9.6899980E+03  3.1945412E+06
  9.7100000E+03  3.1804745E+06
  9.7299990E+03  3.1717910E+06
  9.7499980E+03  3.1281978E+06
  9.7699961E+03  3.1307580E+06
  9.7899980E+03  3.1041418E+06
  9.8099980E+03  3.1262212E+06
  9.8299990E+03  3.1114072E+06
  9.8499980E+03  3.0987078E+06
  9.8700000E+03  3.0694932E+06
  9.8899980E+03  3.0549740E+06
  9.9099990E+03  3.0444580E+06
  9.9300000E+03  3.0549388E+06
  9.9499980E+03  3.0459055E+06
  9.9699980E+03  3.0360855E+06
  9.9899990E+03  3.0191842E+06
  1.0024998E+04  2.9859200E+06
  1.0074998E+04  2.9267390E+06
  1.0124997E+04  2.9245475E+06
  1.0174997E+04  2.8767715E+06
  1.0224998E+04  2.8637675E+06
  1.0274997E+04  2.8565895E+06
  1.0325000E+04  2.7966180E+06
  1.0374999E+04  2.7702175E+06
  1.0425000E+04  2.7611100E+06
  1.0474998E+04  2.7081028E+06
  1.0524997E+04  2.6998128E+06
  1.0574999E+04  2.6722192E+06
  1.0625000E+04  2.6381842E+06
  1.0674997E+04  2.5713460E+06
  1.0724998E+04  2.5714005E+06
  1.0774999E+04  2.5404522E+06
  1.0824997E+04  2.4971385E+06
  1.0874997E+04  2.4811732E+06
  1.0924999E+04  2.4499592E+06
  1.0974996E+04  2.4332248E+06
  1.1025000E+04  2.4441185E+06
  1.1074998E+04  2.4274138E+06
  1.1124999E+04  2.3944108E+06
  1.1174998E+04  2.3641938E+06
  1.1224999E+04  2.3568422E+06
  1.1274997E+04  2.3024102E+06
  1.1325000E+04  2.2867350E+06
  1.1375000E+04  2.2717132E+06
  1.1425000E+04  2.2324780E+06
  1.1474997E+04  2.2529495E+06
  1.1525000E+04  2.2309752E+06
  1.1574998E+04  2.1954908E+06
  1.1625000E+04  2.1537298E+06
  1.1674998E+04  2.1392198E+06
  1.1724997E+04  2.1530762E+06
  1.1775001E+04  2.0981475E+06
  1.1824999E+04  2.0861268E+06
  1.1875000E+04  2.0504026E+06
  1.1925000E+04  2.0798176E+06
  1.1975001E+04  2.0097062E+06
  1.2024998E+04  2.0254400E+06
  1.2074996E+04  1.9967125E+06
  1.2125000E+04  1.9886311E+06
  1.2175000E+04  1.9870976E+06
  1.2225001E+04  1.9667168E+06
  1.2275001E+04  1.9429765E+06
  1.2324996E+04  1.9284359E+06
  1.2374996E+04  1.9111865E+06
  1.2424998E+04  1.8936631E+06
  1.2475000E+04  1.8831370E+06
  1.2524997E+04  1.8584070E+06
  1.2574997E+04  1.8406082E+06
  1.2624999E+04  1.8284446E+06
  1.2674997E+04  1.8064268E+06
  1.2724999E+04  1.8031002E+06
  1.2774999E+04  1.7921989E+06
  1.2825000E+04  1.7003081E+06
  1.2875001E+04  1.7494216E+06
  1.2924997E+04  1.7307268E+06
  1.2975001E+04  1.7279525E+06
  1.3024998E+04  1.7011220E+06
  1.3074999E+04  1.6987358E+06
  1.3125000E+04  1.6713400E+06
  1.3174998E+04  1.6536870E+06
  1.3224998E+04  1.6535918E+06
  1.3274997E+04  1.6231589E+06
  1.3324997E+04  1.6215032E+06
  1.3374999E+04  1.6039689E+06
  1.3424999E+04  1.6019304E+06
  1.3474999E+04  1.5861428E+06
  1.3525001E+04  1.5724596E+06
  1.3574999E+04  1.5435414E+06
  1.3624997E+04  1.5372870E+06
  1.3674997E+04  1.5260658E+06
  1.3724995E+04  1.5092280E+06
  1.3774998E+04  1.5020036E+06
  1.3824998E+04  1.4934848E+06
  1.3874996E+04  1.4835821E+06
  1.3925000E+04  1.4725189E+06
  1.3974996E+04  1.4625999E+06
  1.4024997E+04  1.4392616E+06
  1.4075001E+04  1.4393795E+06
  1.4124996E+04  1.4173878E+06
  1.4175000E+04  1.4196489E+06
  1.4225000E+04  1.3890579E+06
  1.4274994E+04  1.3707486E+06
  1.4325001E+04  1.3788011E+06
  1.4374998E+04  1.3777408E+06
  1.4424999E+04  1.3225630E+06
  1.4475000E+04  1.3503192E+06
  1.4524997E+04  1.3175399E+06
  1.4569999E+04  1.3251371E+06
  1.4620000E+04  1.3168464E+06
  1.4674998E+04  1.3169832E+06
  1.4725000E+04  1.2880382E+06
  1.4775002E+04  1.2764530E+06
  1.4824998E+04  1.2695551E+06
  1.4874996E+04  1.2474821E+06
  1.4924997E+04  1.2591280E+06
  1.4974999E+04  1.2344042E+06
  1.5024999E+04  1.2171908E+06
  1.5075000E+04  1.1987190E+06
  1.5124999E+04  1.2070442E+06
  1.5175000E+04  1.2022606E+06
  1.5225002E+04  1.1865918E+06
  1.5274998E+04  1.1811135E+06
  1.5324995E+04  1.1680938E+06
  1.5374997E+04  1.1682539E+06
  1.5425001E+04  1.1469798E+06
  1.5474996E+04  1.1503566E+06
  1.5524994E+04  1.1358472E+06
  1.5575001E+04  1.1046178E+06
  1.5624998E+04  1.1375879E+06
  1.5674997E+04  1.0977142E+06
  1.5724994E+04  1.0874542E+06
  1.5774996E+04  1.0789666E+06
  1.5825001E+04  1.0838322E+06
  1.5874995E+04  1.0180734E+06
  1.5925002E+04  1.0578740E+06
  1.5975001E+04  1.0673976E+06
  1.6049998E+04  1.0473986E+06
  1.6150001E+04  1.0110682E+06
  1.6249997E+04  1.0210619E+06
  1.6350000E+04  9.9496775E+05
  1.6449996E+04  9.5670688E+05
  1.6549998E+04  9.6557781E+05
  1.6649994E+04  9.4955706E+05
  1.6749998E+04  9.2191094E+05
  1.6849998E+04  8.8289750E+05
  1.6950000E+04  8.9851288E+05
  1.7049996E+04  8.6861706E+05
  1.7150000E+04  8.5920831E+05
  1.7249992E+04  8.3247544E+05
  1.7349994E+04  7.9226962E+05
  1.7449992E+04  7.9971969E+05
  1.7550000E+04  7.8852756E+05
  1.7649998E+04  7.7336569E+05
  1.7749994E+04  7.5786081E+05
  1.7849994E+04  7.4595244E+05
  1.7949998E+04  7.3301031E+05
  1.8050002E+04  7.1596056E+05
  1.8150002E+04  6.8516344E+05
  1.8249994E+04  6.8517519E+05
  1.8349992E+04  6.7632938E+05
  1.8449992E+04  6.5913456E+05
  1.8549998E+04  6.5039362E+05
  1.8650002E+04  6.3282275E+05
  1.8750002E+04  6.0186188E+05
  1.8850000E+04  6.1273288E+05
  1.8950004E+04  5.8953925E+05
  1.9049996E+04  5.9383075E+05
  1.9149998E+04  5.8095719E+05
  1.9249992E+04  5.7109438E+05
  1.9350000E+04  5.5616094E+05
  1.9449992E+04  5.3166550E+05
  1.9550002E+04  5.3967475E+05
  1.9649992E+04  5.2915212E+05
  1.9749992E+04  5.1864003E+05
  1.9849992E+04  5.1144841E+05
  1.9950002E+04  5.0260403E+05
  2.0050002E+04  4.9617859E+05
  2.0149996E+04  4.8954969E+05
  2.0249994E+04  4.7631116E+05
  2.0349994E+04  4.6556453E+05
  2.0449996E+04  4.6404922E+05
  2.0550000E+04  4.5481569E+05
  2.0649992E+04  4.4474978E+05
  2.0749998E+04  4.3799691E+05
  2.0849992E+04  4.3083334E+05
  2.0950004E+04  4.2148519E+05
  2.1050002E+04  4.1723512E+05
  2.1149992E+04  4.0918097E+05
  2.1250000E+04  4.0207659E+05
  2.1350002E+04  3.9681459E+05
  2.1449996E+04  3.9057706E+05
  2.1550006E+04  3.8407234E+05
  2.1649994E+04  3.6629862E+05
  2.1750002E+04  3.6915744E+05
  2.1849998E+04  3.6363209E+05
  2.1950002E+04  3.5963031E+05
  2.2050000E+04  3.5119206E+05
  2.2149996E+04  3.4713759E+05
  2.2249998E+04  3.4123141E+05
  2.2350004E+04  3.3580884E+05
  2.2449990E+04  3.3061925E+05
  2.2549994E+04  3.2430009E+05
  2.2650000E+04  3.1925441E+05
  2.2750000E+04  3.1535478E+05
  2.2850000E+04  3.0916609E+05
  2.2950004E+04  2.9773700E+05
  2.3050000E+04  2.9814453E+05
  2.3149996E+04  2.9352881E+05
  2.3250000E+04  2.7977469E+05
  2.3349996E+04  2.8092131E+05
  2.3449994E+04  2.7948966E+05
  2.3550002E+04  2.6483950E+05
  2.3649988E+04  2.6793269E+05
  2.3750000E+04  2.6507975E+05
  2.3849990E+04  2.5231127E+05
  2.3950002E+04  2.5472708E+05
  2.4050006E+04  2.5232003E+05
  2.4149992E+04  2.4251589E+05
  2.4249990E+04  2.4281983E+05
  2.4349990E+04  2.3984464E+05
  2.4450002E+04  2.3368308E+05
  2.4549990E+04  2.3030206E+05
  2.4649992E+04  2.3065066E+05
  2.4749992E+04  2.2516202E+05
  2.4850006E+04  2.2058962E+05
  2.4950000E+04  2.1837112E+05
  2.5050006E+04  2.1891845E+05
  2.5149994E+04  2.1213641E+05
  2.5249998E+04  2.1019939E+05
  2.5350004E+04  2.0896041E+05
  2.5449988E+04  2.0494869E+05
  2.5549998E+04  2.0203734E+05
  2.5649990E+04  1.9763078E+05
  2.5749990E+04  1.9818962E+05
  2.5849994E+04  1.9232928E+05
  2.5949990E+04  1.9199677E+05
  2.6049996E+04  1.8987034E+05
  2.6149998E+04  1.8488952E+05
  2.6249988E+04  1.7997366E+05
  2.6350008E+04  1.8187092E+05
  2.6449996E+04  1.7906067E+05
  2.6549994E+04  1.7670428E+05
  2.6649994E+04  1.7309444E+05
  2.6749988E+04  1.7077089E+05
  2.6849986E+04  1.7087034E+05
  2.6949986E+04  1.6821972E+05
  2.7050002E+04  1.6620575E+05
  2.7149998E+04  1.6397686E+05
  2.7249994E+04  1.6184717E+05
  2.7350006E+04  1.5975411E+05
  2.7450004E+04  1.5805230E+05
  2.7549996E+04  1.5356167E+05
  2.7649982E+04  1.5293105E+05
  2.7750004E+04  1.5131692E+05
  2.7850000E+04  1.4954739E+05
  2.7949992E+04  1.4802116E+05
  2.8049994E+04  1.4598125E+05
  2.8150002E+04  1.4408533E+05
  2.8250006E+04  1.4215595E+05
  2.8350000E+04  1.4063461E+05
  2.8450000E+04  1.3832584E+05
  2.8550002E+04  1.3678541E+05
  2.8650002E+04  1.3484542E+05
  2.8749982E+04  1.3099671E+05
  2.8849998E+04  1.3146602E+05
  2.8949986E+04  1.2998859E+05
  2.9049994E+04  1.2835853E+05
  2.9149986E+04  1.2663705E+05
  2.9249984E+04  1.2475548E+05
  2.9349980E+04  1.2359195E+05
  2.9450000E+04  1.2165057E+05
  2.9550004E+04  1.2042302E+05
  2.9649982E+04  1.1906375E+05
  2.9749992E+04  1.1752395E+05
  2.9849994E+04  1.1607401E+05
  2.9949984E+04  1.1445188E+05
  3.0049996E+04  1.1304883E+05
  3.0149994E+04  1.1182771E+05
  3.0249994E+04  1.1034027E+05
  3.0349996E+04  1.0718493E+05
  3.0449996E+04  1.0737597E+05
  3.0549996E+04  1.0627858E+05
  3.0649996E+04  1.0487639E+05
  3.0749994E+04  1.0392048E+05
  3.0849996E+04  1.0231366E+05
  3.0949994E+04  1.0117770E+05
  3.1049996E+04  1.0017925E+05
  3.1149996E+04  9.8306312E+04
  3.1249996E+04  9.7635719E+04
  3.1349996E+04  9.6599852E+04
  3.1449996E+04  9.5449477E+04
  3.1549998E+04  9.4088414E+04
  3.1649996E+04  9.3122477E+04
  3.1749998E+04  9.2077117E+04
  3.1849996E+04  9.1013344E+04
  3.1949994E+04  9.0075469E+04
  3.2099996E+04  8.8328875E+04
  3.2299992E+04  8.6379000E+04
  3.2499994E+04  8.4302625E+04
  3.2699996E+04  8.2323281E+04
  3.2899996E+04  7.9619977E+04
  3.3099996E+04  7.8523172E+04
  3.3299992E+04  7.6696078E+04
  3.3499996E+04  7.5158633E+04
  3.3699996E+04  7.3330422E+04
  3.3899996E+04  7.1618656E+04
  3.4099996E+04  6.9964578E+04
  3.4299996E+04  6.8680320E+04
  3.4499992E+04  6.7310297E+04
  3.4699996E+04  6.5773180E+04
  3.4899996E+04  6.4378148E+04
  3.5099996E+04  6.3035008E+04
  3.5299996E+04  6.1554832E+04
  3.5499996E+04  6.0349039E+04
  3.5699992E+04  5.8950555E+04
  3.5899992E+04  5.7751855E+04
  3.6099996E+04  5.6633836E+04
  3.6299992E+04  5.5499730E+04
  3.6499992E+04  5.4104219E+04
  3.6699992E+04  5.3029453E+04
  3.6899992E+04  5.1576316E+04
  3.7099996E+04  5.0561895E+04
  3.7299996E+04  4.9642039E+04
  3.7499992E+04  4.8034316E+04
  3.7699996E+04  4.7767219E+04
  3.7899996E+04  4.6776578E+04
  3.8099992E+04  4.5881922E+04
  3.8299996E+04  4.5108633E+04
  3.8499996E+04  4.4295523E+04
  3.8699996E+04  4.3313148E+04
  3.8899992E+04  4.2460625E+04
  3.9099996E+04  4.1630605E+04
  3.9299992E+04  4.0939664E+04
  3.9499992E+04  4.0002168E+04
  3.9699992E+04  3.9320477E+04
  3.9900000E+04  3.8328555E+04
  4.0099996E+04  3.7691816E+04
  4.0299992E+04  3.7072758E+04
  4.0499996E+04  3.6121816E+04
  4.0699992E+04  3.5719934E+04
  4.0899992E+04  3.5065164E+04
  4.1099996E+04  3.4483852E+04
  4.1299996E+04  3.3883426E+04
  4.1499992E+04  3.3172645E+04
  4.1699992E+04  3.2473898E+04
  4.1899996E+04  3.1971482E+04
  4.2099996E+04  3.1290094E+04
  4.2299992E+04  3.0919117E+04
  4.2499996E+04  3.0263791E+04
  4.2699992E+04  2.9790863E+04
  4.2899992E+04  2.8516850E+04
  4.3099996E+04  2.7613965E+04
  4.3299996E+04  2.7520207E+04
  4.3499992E+04  2.6194627E+04
  4.3699996E+04  2.5724592E+04
  4.3899996E+04  2.5551330E+04
  4.4099992E+04  2.4241127E+04
  4.4299992E+04  2.4233902E+04
  4.4499996E+04  2.3877678E+04
  4.4699996E+04  2.2725523E+04
  4.4899996E+04  2.2891654E+04
  4.5099992E+04  2.2451998E+04
  4.5299992E+04  2.1516172E+04
  4.5499996E+04  2.1523967E+04
  4.5699992E+04  2.1308930E+04
  4.5899996E+04  2.0415516E+04
  4.6099996E+04  2.0472756E+04
  4.6299992E+04  2.0088896E+04
  4.6499988E+04  1.9735262E+04
  4.6699992E+04  1.9473301E+04
  4.6899992E+04  1.9252762E+04
  4.7099992E+04  1.8899406E+04
  4.7299992E+04  1.8815691E+04
  4.7499996E+04  1.8435500E+04
  4.7699992E+04  1.8114000E+04
  4.7899992E+04  1.7902299E+04
  4.8099996E+04  1.7501340E+04
  4.8299992E+04  1.7472975E+04
  4.8499992E+04  1.7152988E+04
  4.8700000E+04  1.6834479E+04
  4.8899992E+04  1.6623012E+04
  4.9099988E+04  1.6330039E+04
  4.9299988E+04  1.6120310E+04
  4.9499996E+04  1.5856537E+04
  4.9699992E+04  1.5649870E+04
  4.9899988E+04  1.5386993E+04
  5.0099996E+04  1.5259880E+04
  5.0299996E+04  1.5034538E+04
  5.0499996E+04  1.4710204E+04
  5.0699996E+04  1.4531355E+04
  5.0899992E+04  1.4370275E+04
  5.1099992E+04  1.4087329E+04
  5.1299996E+04  1.3881931E+04
  5.1499988E+04  1.3716368E+04
  5.1699996E+04  1.3634127E+04
  5.1899992E+04  1.3344072E+04
  5.2099992E+04  1.3134953E+04
  5.2299996E+04  1.2943782E+04
  5.2499996E+04  1.2832775E+04
  5.2699996E+04  1.2707207E+04
  5.2899992E+04  1.2416101E+04
  5.3099988E+04  1.2277855E+04
  5.3299988E+04  1.2117990E+04
  5.3499992E+04  1.1961351E+04
  5.3699992E+04  1.1809318E+04
  5.3899992E+04  1.1658172E+04
  5.4099992E+04  1.1493229E+04
  5.4299984E+04  1.1269709E+04
  5.4499988E+04  1.1188160E+04
  5.4699996E+04  1.1020244E+04
  5.4899992E+04  1.0864227E+04
  5.5099992E+04  1.0732887E+04
  5.5299988E+04  1.0660570E+04
  5.5499988E+04  1.0416928E+04
  5.5699992E+04  1.0375524E+04
  5.5899992E+04  1.0177477E+04
  5.6099988E+04  1.0057996E+04
  5.6299996E+04  9.9027500E+03
  5.6499988E+04  9.8341846E+03
  5.6699988E+04  9.6979004E+03
  5.6899992E+04  9.5208135E+03
  5.7099996E+04  9.4527314E+03
  5.7299988E+04  9.3279990E+03
  5.7499988E+04  9.2088682E+03
  5.7699988E+04  9.0732852E+03
  5.7899996E+04  8.9838496E+03
  5.8099988E+04  8.8458828E+03
  5.8299996E+04  8.7433936E+03
  5.8499992E+04  8.6446348E+03
  5.8699988E+04  8.5055762E+03
  5.8899988E+04  8.3954609E+03
  5.9099992E+04  8.2867461E+03
  5.9299988E+04  8.2088740E+03
  5.9499996E+04  8.0821621E+03
  5.9699988E+04  8.0147852E+03
  5.9899992E+04  7.9120039E+03
  6.0099992E+04  7.8170864E+03
  6.0299992E+04  7.7202471E+03
  6.0499988E+04  7.6131948E+03
  6.0699992E+04  7.5160742E+03
  6.0899992E+04  7.4252427E+03
  6.1099988E+04  7.3190908E+03
  6.1299992E+04  7.2480483E+03
  6.1499988E+04  7.1639312E+03
  6.1699988E+04  7.0815410E+03
  6.1899996E+04  7.0008491E+03
  6.2099996E+04  6.9189990E+03
  6.2299988E+04  6.8149541E+03
  6.2499992E+04  6.7347578E+03
  6.2699988E+04  6.6568843E+03
  6.2899996E+04  6.5807183E+03
  6.3099984E+04  6.4909106E+03
  6.3299996E+04  6.4349126E+03
  6.3499984E+04  6.3484761E+03
  6.3699984E+04  6.2837915E+03
  6.3900000E+04  6.1998594E+03
  6.4199992E+04  6.0926958E+03
  6.4599984E+04  5.9448076E+03
  6.4999992E+04  5.8048999E+03
  6.5399992E+04  5.6738623E+03
  6.5799992E+04  5.5461812E+03
  6.6199984E+04  5.4138569E+03
  6.6599984E+04  5.2923691E+03
  6.6999992E+04  5.1705342E+03
  6.7399992E+04  5.0492197E+03
  6.7799992E+04  4.9375308E+03
  6.8199992E+04  4.8253525E+03
  6.8599992E+04  4.7179297E+03
  6.8999984E+04  4.6114800E+03
  6.9399984E+04  4.5078667E+03
  6.9800000E+04  4.4105698E+03
  7.0199992E+04  4.3090029E+03
  7.0599984E+04  4.2180640E+03
  7.0999977E+04  4.1264287E+03
  7.1399977E+04  4.0372402E+03
  7.1799984E+04  3.9494851E+03
  7.2199984E+04  3.8637114E+03
  7.2600000E+04  3.7803677E+03
  7.2999984E+04  3.7025046E+03
  7.3400000E+04  3.6217014E+03
  7.3799984E+04  3.5477563E+03
  7.4199992E+04  3.4701260E+03
  7.4599992E+04  3.3944944E+03
  7.5000000E+04  3.3232205E+03
  7.5399992E+04  3.2584341E+03
  7.5799992E+04  3.1946951E+03
  7.6199984E+04  3.1287375E+03
  7.6599992E+04  3.0659695E+03
  7.6999992E+04  3.0023638E+03
  7.7399992E+04  2.9434275E+03
  7.7799984E+04  2.8847332E+03
  7.8199984E+04  2.8271438E+03
  7.8599984E+04  2.7713667E+03
  7.8999984E+04  2.7166318E+03
  7.9399984E+04  2.6629163E+03
  7.9800000E+04  2.6113799E+03
  8.0199992E+04  2.5590396E+03
  8.0599984E+04  2.5094050E+03
  8.0999992E+04  2.4624595E+03
  8.1399977E+04  2.4134722E+03
  8.1799984E+04  2.3680808E+03
  8.2199984E+04  2.3242927E+03
  8.2599992E+04  2.2798040E+03
  8.2999984E+04  2.2373760E+03
  8.3400000E+04  2.1939749E+03
  8.3799992E+04  2.1537136E+03
  8.4199992E+04  2.1145415E+03
  8.4599977E+04  2.0754868E+03
  8.4999977E+04  2.0374360E+03
  8.5399984E+04  2.0000048E+03
  8.5799984E+04  1.9637957E+03
  8.6199992E+04  1.9278669E+03
  8.6599992E+04  1.8935214E+03
  8.6999984E+04  1.8596251E+03
  8.7399992E+04  1.8262191E+03
  8.7799992E+04  1.7936857E+03
  8.8199984E+04  1.7609879E+03
  8.8599977E+04  1.7303901E+03
  8.8999992E+04  1.6994604E+03
  8.9399977E+04  1.6703350E+03
  8.9799977E+04  1.6401174E+03
  9.0199984E+04  1.6125452E+03
  9.0599984E+04  1.5855786E+03
  9.0999992E+04  1.5567933E+03
  9.1400000E+04  1.5306149E+03
  9.1799969E+04  1.5051019E+03
  9.2199969E+04  1.4798835E+03
  9.2599984E+04  1.4547358E+03
  9.3000000E+04  1.4303571E+03
  9.3399984E+04  1.4061268E+03
  9.3799984E+04  1.3828129E+03
  9.4199977E+04  1.3598014E+03
  9.4599984E+04  1.3371283E+03
  9.4999969E+04  1.3151224E+03
  9.5399984E+04  1.2932303E+03
  9.5799984E+04  1.2725195E+03
  9.6199992E+04  1.2513342E+03
  9.6599984E+04  1.2314651E+03
  9.7000000E+04  1.2115995E+03
  9.7399977E+04  1.1909071E+03
  9.7799984E+04  1.1724808E+03
  9.8199977E+04  1.1539634E+03
  9.8599977E+04  1.1357842E+03
  9.8999992E+04  1.1179758E+03
  9.9399984E+04  1.0999216E+03
  9.9799977E+04  1.0827253E+03
  1.0019999E+05  1.0657676E+03
  1.9999991E+05  6.9018494E+01
  3.9999994E+05  4.3321953E+00
  5.9999981E+05  8.5149044E-01
  7.9999994E+05  2.6781601E-01
