  9.2499988E+02  1.5910741E-06
  9.3499982E+02  2.2343488E-06
  9.4500000E+02  3.2404459E-06
  9.5500000E+02  4.9250707E-06
  9.6499988E+02  7.2067687E-06
  9.7499982E+02  9.7069842E-06
  9.8499976E+02  1.3649723E-05
  9.9499988E+02  1.8625746E-05
  1.0049999E+03  2.7889493E-05
  1.0149997E+03  3.7990550E-05
  1.0249998E+03  4.4618118E-05
  1.0349998E+03  7.2134004E-05
  1.0449998E+03  9.9066136E-05
  1.0549999E+03  1.2899011E-04
  1.0649999E+03  1.7166522E-04
  1.0750000E+03  2.3308955E-04
  1.0849996E+03  3.1330087E-04
  1.0949999E+03  3.9708539E-04
  1.1049999E+03  2.0884038E-03
  1.1149999E+03  3.7042249E-03
  1.1249999E+03  5.5639665E-03
  1.1349996E+03  8.2644578E-03
  1.1449999E+03  1.1159247E-02
  1.1549999E+03  1.3111421E-02
  1.1650000E+03  1.8061589E-02
  1.1749995E+03  2.3354532E-02
  1.1849996E+03  2.5953943E-02
  1.1949998E+03  2.1665473E-02
  1.2049996E+03  2.3981044E-02
  1.2149998E+03  5.1394803E-03
  1.2249996E+03  3.2631595E-02
  1.2349996E+03  6.5480165E-02
  1.2449998E+03  9.1012403E-02
  1.2549996E+03  1.0997326E-01
  1.2650000E+03  1.1767013E-01
  1.2749998E+03  1.4583817E-01
  1.2849995E+03  1.6438712E-01
  1.2949998E+03  2.0189182E-01
  1.3049995E+03  2.0852315E-01
  1.3149998E+03  2.6309064E-01
  1.3249998E+03  2.7261049E-01
  1.3349996E+03  3.0477297E-01
  1.3449995E+03  3.5975555E-01
  1.3549996E+03  4.1893560E-01
  1.3649999E+03  4.4692981E-01
  1.3749999E+03  4.8319474E-01
  1.3849996E+03  5.3457236E-01
  1.3949999E+03  6.0230064E-01
  1.4050001E+03  7.3664284E-01
  1.4149998E+03  8.3968943E-01
  1.4249998E+03  9.6994698E-01
  1.4350000E+03  1.1639211E+00
  1.4419998E+03  1.5339723E+00
  1.4469999E+03  1.3547794E+00
  1.4549994E+03  1.6005372E+00
  1.4650000E+03  2.0979688E+00
  1.4749995E+03  2.4078028E+00
  1.4849996E+03  2.5787787E+00
  1.4949998E+03  3.4271374E+00
  1.5049996E+03  4.2376609E+00
  1.5119995E+03  3.0552032E+00
  1.5169994E+03  4.0243683E+00
  1.5250001E+03  1.0746396E+01
  1.5349994E+03  1.8468719E+01
  1.5449994E+03  1.4961695E+01
  1.5549998E+03  2.5640333E+01
  1.5649999E+03  2.3978573E+01
  1.5750001E+03  4.5925537E+01
  1.5850000E+03  5.6476398E+01
  1.5949996E+03  6.6345261E+01
  1.6049999E+03  7.1116455E+01
  1.6150000E+03  7.8241905E+01
  1.6249996E+03  8.9296021E+01
  1.6350000E+03  1.0348787E+02
  1.6449996E+03  1.4897948E+02
  1.6549999E+03  9.1844177E+01
  1.6649993E+03  1.7213904E+02
  1.6720000E+03  1.1828428E+02
  1.6770001E+03  4.8688245E+02
  1.6849998E+03  5.5022028E+02
  1.6950000E+03  6.9867432E+02
  1.7049995E+03  7.4635828E+02
  1.7150000E+03  7.0187891E+02
  1.7249993E+03  9.0385608E+02
  1.7349994E+03  1.0823326E+03
  1.7449993E+03  1.5020957E+03
  1.7550001E+03  2.0495083E+03
  1.7649998E+03  1.9275491E+03
  1.7749995E+03  2.0970911E+03
  1.7849995E+03  2.7414685E+03
  1.7949999E+03  3.4010942E+03
  1.8050001E+03  3.5567341E+03
  1.8150001E+03  3.3598306E+03
  1.8249994E+03  4.2409038E+03
  1.8349993E+03  4.4764165E+03
  1.8449993E+03  3.4434766E+03
  1.8549998E+03  4.9661406E+03
  1.8650002E+03  5.8528462E+03
  1.8750001E+03  6.3639941E+03
  1.8850000E+03  6.8401392E+03
  1.8950002E+03  8.9167891E+03
  1.9049996E+03  8.7271943E+03
  1.9149999E+03  9.6769365E+03
  1.9249993E+03  9.8405859E+03
  1.9350001E+03  7.1710796E+03
  1.9449993E+03  1.2943089E+04
  1.9550002E+03  1.3471414E+04
  1.9670002E+03  1.7578193E+04
  1.9759990E+03  1.6682271E+04
  1.9839996E+03  2.0247133E+04
  1.9950001E+03  2.1005100E+04
  2.0050002E+03  2.0694877E+04
  2.0149996E+03  2.2492320E+04
  2.0249994E+03  1.8778668E+04
  2.0349995E+03  2.5683055E+04
  2.0449998E+03  2.9777232E+04
  2.0550000E+03  3.0579156E+04
  2.0649993E+03  3.0590295E+04
  2.0739993E+03  3.3687668E+04
  2.0780002E+03  1.0821045E+05
  2.0849993E+03  1.5533052E+05
  2.0950005E+03  1.4248642E+05
  2.1050002E+03  1.4396712E+05
  2.1149990E+03  1.6816134E+05
  2.1250000E+03  1.4529952E+05
  2.1350002E+03  1.4332169E+05
  2.1449998E+03  1.9970592E+05
  2.1550005E+03  1.9277847E+05
  2.1649995E+03  1.6496053E+05
  2.1750002E+03  1.6418766E+05
  2.1849998E+03  2.3918347E+05
  2.1950000E+03  2.2151130E+05
  2.2050000E+03  2.2196294E+05
  2.2149998E+03  1.5484817E+05
  2.2249998E+03  2.0631712E+05
  2.2350005E+03  3.0328834E+05
  2.2449990E+03  2.8782581E+05
  2.2549993E+03  2.0404247E+05
  2.2650000E+03  1.7465547E+05
  2.2750000E+03  2.0239219E+05
  2.2850000E+03  3.2458541E+05
  2.2950002E+03  2.4740372E+05
  2.3050000E+03  3.3100303E+05
  2.3149995E+03  2.5358653E+05
  2.3250000E+03  2.1006100E+05
  2.3349995E+03  1.7005500E+05
  2.3449993E+03  1.0187988E+05
  2.3550000E+03  2.3961089E+05
  2.3649988E+03  1.2255972E+05
  2.3750000E+03  1.6960458E+05
  2.3849990E+03  9.0715758E+04
  2.3950000E+03  1.2111756E+05
  2.4050005E+03  1.2362307E+05
  2.4149993E+03  1.5413688E+05
  2.4249990E+03  3.1598672E+05
  2.4349990E+03  3.3319525E+05
  2.4450000E+03  4.1712075E+05
  2.4549990E+03  4.5894766E+05
  2.4649990E+03  3.5635194E+05
  2.4749993E+03  3.0734603E+05
  2.4850005E+03  1.3007944E+05
  2.4950000E+03  2.0666069E+05
  2.5050005E+03  3.6716753E+05
  2.5129988E+03  1.2664823E+05
  2.5179990E+03  8.9716172E+04
  2.5249998E+03  1.0496674E+05
  2.5350007E+03  2.3616206E+05
  2.5449988E+03  2.5990255E+05
  2.5550000E+03  6.3181025E+05
  2.5649990E+03  4.1053878E+05
  2.5749990E+03  5.6845575E+05
  2.5849993E+03  4.7263716E+05
  2.5949990E+03  4.0023984E+05
  2.6049995E+03  3.1991662E+05
  2.6149998E+03  2.8454038E+05
  2.6249990E+03  4.2302928E+05
  2.6350007E+03  9.2256669E+05
  2.6449995E+03  1.3329929E+06
  2.6549998E+03  1.9678344E+06
  2.6649995E+03  1.1343541E+06
  2.6749988E+03  1.3323245E+06
  2.6849988E+03  1.5878326E+06
  2.6949988E+03  1.1125085E+06
  2.7050000E+03  1.4192958E+06
  2.7150000E+03  9.5583312E+05
  2.7249995E+03  6.7177150E+05
  2.7350007E+03  9.4296200E+05
  2.7450002E+03  4.4501834E+05
  2.7549998E+03  6.7255819E+05
  2.7649983E+03  9.4705400E+05
  2.7750005E+03  1.0020771E+06
  2.7850000E+03  5.2875150E+05
  2.7949993E+03  2.0019555E+05
  2.8049995E+03  2.5427011E+05
  2.8150002E+03  8.4586594E+05
  2.8250007E+03  1.4031964E+06
  2.8350000E+03  1.3595664E+06
  2.8450002E+03  8.5334825E+05
  2.8550005E+03  4.0513794E+05
  2.8650000E+03  1.3656656E+06
  2.8749983E+03  2.0422286E+06
  2.8850000E+03  1.7111172E+06
  2.8949988E+03  2.1526912E+06
  2.9099988E+03  2.9087938E+06
  2.9299983E+03  2.6798632E+06
  2.9499990E+03  2.6366782E+06
  2.9700005E+03  2.8846592E+06
  2.9899980E+03  2.9942818E+06
  3.0099995E+03  3.0789900E+06
  3.0299995E+03  3.2206292E+06
  3.0499995E+03  3.3246878E+06
  3.0699995E+03  3.2228315E+06
  3.0899995E+03  3.0162405E+06
  3.1099995E+03  3.3462765E+06
  3.1299998E+03  3.1241828E+06
  3.1499995E+03  2.9713032E+06
  3.1699995E+03  3.3310605E+06
  3.1899995E+03  2.9142478E+06
  3.2099998E+03  3.2845365E+06
  3.2299993E+03  2.7355218E+06
  3.2499993E+03  3.7560968E+06
  3.2699995E+03  4.3018370E+06
  3.2899995E+03  4.0986400E+06
  3.3099998E+03  3.9409442E+06
  3.3299993E+03  4.0530865E+06
  3.3499995E+03  3.9806650E+06
  3.3699995E+03  3.0518735E+06
  3.3899993E+03  3.5338915E+06
  3.4099993E+03  3.6367332E+06
  3.4299995E+03  3.7478298E+06
  3.4499993E+03  4.1903552E+06
  3.4699998E+03  4.2767270E+06
  3.4899993E+03  4.5919005E+06
  3.5099995E+03  4.7488780E+06
  3.5299995E+03  4.3995380E+06
  3.5499995E+03  4.9760750E+06
  3.5699995E+03  3.9890570E+06
  3.5899995E+03  4.0034890E+06
  3.6099995E+03  4.4937630E+06
  3.6299993E+03  4.4889820E+06
  3.6399993E+03  4.5300330E+06
  3.6499995E+03  5.0139650E+06
  3.6699993E+03  5.0724675E+06
  3.6899995E+03  4.7603155E+06
  3.7099995E+03  5.2644815E+06
  3.7299998E+03  4.0310972E+06
  3.7499993E+03  4.5041880E+06
  3.7699993E+03  5.3110925E+06
  3.7899995E+03  5.4290730E+06
  3.8099993E+03  5.3351135E+06
  3.8299998E+03  3.2521668E+06
  3.8499995E+03  4.3693165E+06
  3.8699995E+03  4.2017710E+06
  3.8899995E+03  5.0292990E+06
  3.9099995E+03  5.8315870E+06
  3.9299993E+03  2.9560758E+06
  3.9499993E+03  5.0124045E+06
  3.9699998E+03  3.4888842E+06
  3.9899995E+03  6.9089385E+06
  4.0099995E+03  7.3432040E+06
  4.0299993E+03  7.4391400E+06
  4.0499993E+03  7.2050715E+06
  4.0699993E+03  6.9838760E+06
  4.0899995E+03  7.9023840E+06
  4.1099995E+03  7.7154890E+06
  4.1299995E+03  7.7557950E+06
  4.1499990E+03  7.8463750E+06
  4.1699990E+03  7.8531855E+06
  4.1899995E+03  7.5408420E+06
  4.2099995E+03  7.6190040E+06
  4.2299995E+03  7.3544740E+06
  4.2499995E+03  7.3928325E+06
  4.2699990E+03  6.9586400E+06
  4.2899995E+03  6.3872740E+06
  4.3100000E+03  5.2861180E+06
  4.3299995E+03  7.6373805E+06
  4.3499995E+03  7.3124745E+06
  4.3699995E+03  8.0574790E+06
  4.3899995E+03  7.3692455E+06
  4.4099995E+03  7.9189475E+06
  4.4299995E+03  8.3613095E+06
  4.4499995E+03  8.2665350E+06
  4.4699995E+03  8.7027460E+06
  4.4899995E+03  8.7419960E+06
  4.5099990E+03  9.6142420E+06
  4.5299995E+03  8.7109270E+06
  4.5499990E+03  8.9695340E+06
  4.5699995E+03  9.5230860E+06
  4.5899990E+03  8.9615860E+06
  4.6099990E+03  9.1881900E+06
  4.6299990E+03  9.0154880E+06
  4.6499990E+03  9.1295840E+06
  4.6699990E+03  9.3571360E+06
  4.6899990E+03  9.1526420E+06
  4.7099995E+03  8.8994810E+06
  4.7299990E+03  9.2837460E+06
  4.7499995E+03  9.4418290E+06
  4.7699995E+03  9.4593480E+06
  4.7899990E+03  9.4102430E+06
  4.8099995E+03  9.2738530E+06
  4.8299995E+03  9.4530060E+06
  4.8499990E+03  8.8450810E+06
  4.8700000E+03  7.9244995E+06
  4.8899990E+03  8.9602940E+06
  4.9099990E+03  8.9369840E+06
  4.9299990E+03  8.7959530E+06
  4.9499995E+03  9.1670560E+06
  4.9699995E+03  9.1983580E+06
  4.9899990E+03  8.5761670E+06
  5.0099995E+03  8.2573255E+06
  5.0299995E+03  8.6839100E+06
  5.0499995E+03  8.7371350E+06
  5.0699995E+03  9.0880880E+06
  5.0899995E+03  8.7185720E+06
  5.1099990E+03  8.8566300E+06
  5.1299995E+03  8.6352470E+06
  5.1499985E+03  8.3505590E+06
  5.1700000E+03  7.8153120E+06
  5.1899990E+03  7.8963170E+06
  5.2099990E+03  8.4316350E+06
  5.2299995E+03  8.5224940E+06
  5.2499995E+03  8.7354240E+06
  5.2699995E+03  7.8375895E+06
  5.2899990E+03  8.6786700E+06
  5.3099995E+03  8.9438390E+06
  5.3299990E+03  8.1630005E+06
  5.3499995E+03  8.7158310E+06
  5.3699995E+03  8.6741530E+06
  5.3899995E+03  8.5695720E+06
  5.4099990E+03  8.3020535E+06
  5.4299990E+03  8.5140570E+06
  5.4499990E+03  8.7224770E+06
  5.4699995E+03  8.5384390E+06
  5.4899995E+03  8.5684620E+06
  5.5099995E+03  8.4954520E+06
  5.5299985E+03  8.5388300E+06
  5.5499990E+03  8.6076540E+06
  5.5699990E+03  8.4008420E+06
  5.5899995E+03  8.2610220E+06
  5.6099990E+03  8.4840090E+06
  5.6299995E+03  8.4673400E+06
  5.6499990E+03  8.4659180E+06
  5.6699990E+03  8.2640390E+06
  5.6899995E+03  8.3930370E+06
  5.7099995E+03  8.2323160E+06
  5.7299990E+03  8.6935870E+06
  5.7499990E+03  8.4094240E+06
  5.7699990E+03  8.4742300E+06
  5.7899995E+03  8.2710445E+06
  5.8099985E+03  8.4149770E+06
  5.8300000E+03  8.5197170E+06
  5.8499990E+03  8.3317770E+06
  5.8699985E+03  8.3448555E+06
  5.8899985E+03  7.9046195E+06
  5.9099995E+03  8.2348635E+06
  5.9299985E+03  8.2168025E+06
  5.9499995E+03  8.2205010E+06
  5.9699990E+03  8.2334830E+06
  5.9899990E+03  8.1385890E+06
  6.0099990E+03  8.0037840E+06
  6.0299995E+03  8.0400880E+06
  6.0499990E+03  8.1682720E+06
  6.0699990E+03  8.0996055E+06
  6.0899995E+03  7.9025560E+06
  6.1099985E+03  7.8402115E+06
  6.1299995E+03  7.5690690E+06
  6.1499985E+03  7.6630560E+06
  6.1699985E+03  7.4629375E+06
  6.1900000E+03  7.7813315E+06
  6.2099995E+03  7.7827750E+06
  6.2299985E+03  7.5786530E+06
  6.2499990E+03  7.3560485E+06
  6.2699985E+03  7.6562905E+06
  6.2900000E+03  7.6594760E+06
  6.3099985E+03  7.4537465E+06
  6.3299995E+03  7.4902090E+06
  6.3499985E+03  7.4926200E+06
  6.3699985E+03  7.4445310E+06
  6.3899995E+03  7.4826980E+06
  6.4099990E+03  7.2921260E+06
  6.4299985E+03  7.3560870E+06
  6.4499985E+03  7.2945105E+06
  6.4699990E+03  7.2459720E+06
  6.4899990E+03  7.1474470E+06
  6.5099985E+03  7.2683205E+06
  6.5299990E+03  7.2417105E+06
  6.5499985E+03  6.9486970E+06
  6.5699985E+03  6.1145865E+06
  6.5899995E+03  7.0461625E+06
  6.6099985E+03  7.1631915E+06
  6.6299990E+03  7.1063250E+06
  6.6499985E+03  7.0852840E+06
  6.6699995E+03  6.9970440E+06
  6.6899990E+03  7.0890240E+06
  6.7099995E+03  6.9294335E+06
  6.7299990E+03  6.9998500E+06
  6.7499995E+03  6.9171705E+06
  6.7699985E+03  6.9157355E+06
  6.7899995E+03  6.8644300E+06
  6.8099995E+03  6.8236830E+06
  6.8300000E+03  6.8385315E+06
  6.8499985E+03  6.6856140E+06
  6.8699985E+03  6.7489160E+06
  6.8899985E+03  6.7508205E+06
  6.9099990E+03  6.6853655E+06
  6.9299995E+03  6.6631490E+06
  6.9499990E+03  6.6268835E+06
  6.9699985E+03  6.6093815E+06
  6.9899985E+03  6.5841040E+06
  7.0099985E+03  6.3910345E+06
  7.0299985E+03  6.4737160E+06
  7.0499990E+03  6.4850170E+06
  7.0699980E+03  6.4186850E+06
  7.0899990E+03  6.3798235E+06
  7.1099990E+03  6.3805730E+06
  7.1299995E+03  6.2914700E+06
  7.1499990E+03  6.2530805E+06
  7.1699995E+03  6.2339990E+06
  7.1899985E+03  6.0711080E+06
  7.2099985E+03  6.1695155E+06
  7.2299980E+03  6.1566190E+06
  7.2499990E+03  6.1753050E+06
  7.2699995E+03  6.1444395E+06
  7.2899990E+03  5.9760830E+06
  7.3099980E+03  6.0481230E+06
  7.3299980E+03  6.0350070E+06
  7.3499980E+03  6.0298925E+06
  7.3699985E+03  6.0261320E+06
  7.3899995E+03  5.8723540E+06
  7.4099985E+03  5.7493760E+06
  7.4299995E+03  5.8491490E+06
  7.4500000E+03  5.8521305E+06
  7.4700000E+03  5.8751175E+06
  7.4899990E+03  5.8171255E+06
  7.5099985E+03  5.8040850E+06
  7.5299995E+03  5.7990060E+06
  7.5499980E+03  5.8020975E+06
  7.5699985E+03  5.7415010E+06
  7.5899990E+03  5.7127205E+06
  7.6099980E+03  5.6783750E+06
  7.6299995E+03  5.6799640E+06
  7.6499995E+03  5.6604105E+06
  7.6699980E+03  5.5093855E+06
  7.6899990E+03  5.6053100E+06
  7.7099995E+03  5.5191645E+06
  7.7299985E+03  5.5243740E+06
  7.7499990E+03  5.4515515E+06
  7.7700000E+03  5.4968430E+06
  7.7900000E+03  5.4982670E+06
  7.8099995E+03  5.4590255E+06
  7.8299980E+03  5.3986695E+06
  7.8499980E+03  5.3656930E+06
  7.8699995E+03  5.4050575E+06
  7.8900000E+03  5.3710330E+06
  7.9099995E+03  5.2923055E+06
  7.9300000E+03  5.2063345E+06
  7.9499985E+03  5.1956125E+06
  7.9699990E+03  5.2612595E+06
  7.9900000E+03  5.2546030E+06
  8.0099980E+03  5.1753760E+06
  8.0299985E+03  5.1593840E+06
  8.0500000E+03  5.1161045E+06
  8.0699985E+03  5.1361315E+06
  8.0899990E+03  5.0412905E+06
  8.1099995E+03  5.0805500E+06
  8.1299976E+03  5.0819765E+06
  8.1499976E+03  5.0436790E+06
  8.1699980E+03  5.0230230E+06
  8.1899985E+03  4.8822015E+06
  8.2099990E+03  4.8825890E+06
  8.2300000E+03  4.8673395E+06
  8.2500000E+03  4.8840095E+06
  8.2700000E+03  4.9196850E+06
  8.2899980E+03  4.8873175E+06
  8.3099990E+03  4.7921345E+06
  8.3299980E+03  4.7517240E+06
  8.3500000E+03  4.7697810E+06
  8.3699990E+03  4.7747630E+06
  8.3899990E+03  4.6856090E+06
  8.4099971E+03  4.7369105E+06
  8.4300000E+03  4.6458060E+06
  8.4499990E+03  4.6634655E+06
  8.4699980E+03  4.6164725E+06
  8.4899980E+03  4.6335820E+06
  8.5099990E+03  4.4280905E+06
  8.5299990E+03  4.6143540E+06
  8.5499990E+03  4.3235215E+06
  8.5699990E+03  4.6124160E+06
  8.5900000E+03  4.4926275E+06
  8.6099980E+03  4.4698505E+06
  8.6299990E+03  4.5285225E+06
  8.6499990E+03  4.5130435E+06
  8.6699990E+03  4.1545492E+06
  8.6899990E+03  4.3658300E+06
  8.7099971E+03  4.4101630E+06
  8.7299990E+03  4.3976885E+06
  8.7499980E+03  4.2691590E+06
  8.7699980E+03  4.3815195E+06
  8.7899980E+03  4.3415635E+06
  8.8099990E+03  4.2514445E+06
  8.8299980E+03  4.2946350E+06
  8.8499980E+03  4.2758720E+06
  8.8699980E+03  4.1274210E+06
  8.8899990E+03  4.2704185E+06
  8.9099971E+03  4.2737165E+06
  8.9299980E+03  4.1856198E+06
  8.9499980E+03  4.1866875E+06
  8.9699990E+03  4.1848465E+06
  8.9899990E+03  4.1795320E+06
  9.0099980E+03  3.9578748E+06
  9.0299990E+03  4.1018822E+06
  9.0499990E+03  4.1632568E+06
  9.0699980E+03  4.0720570E+06
  9.0899990E+03  3.9630608E+06
  9.1099980E+03  4.0075062E+06
  9.1299980E+03  4.0639525E+06
  9.1499980E+03  4.0421562E+06
  9.1699980E+03  4.0233332E+06
  9.1899990E+03  4.0376448E+06
  9.2099990E+03  3.9325448E+06
  9.2299980E+03  3.8067818E+06
  9.2499980E+03  3.8798508E+06
  9.2699971E+03  3.9117030E+06
  9.2899990E+03  3.9218102E+06
  9.3099980E+03  3.9215395E+06
  9.3299990E+03  3.8876922E+06
  9.3499980E+03  3.8721130E+06
  9.3699990E+03  3.8445722E+06
  9.3900000E+03  3.8439350E+06
  9.4099980E+03  3.6932130E+06
  9.4299971E+03  3.7969500E+06
  9.4499990E+03  3.7385812E+06
  9.4700000E+03  3.7818268E+06
  9.4899980E+03  3.7822192E+06
  9.5100000E+03  3.7438320E+06
  9.5300000E+03  3.7156905E+06
  9.5500000E+03  3.5516852E+06
  9.5699990E+03  3.6642512E+06
  9.5899980E+03  3.6935520E+06
  9.6099980E+03  3.6456412E+06
  9.6299990E+03  3.6047988E+06
  9.6499990E+03  3.5901555E+06
  9.6699980E+03  3.5732660E+06
  9.6899980E+03  3.5983322E+06
  9.7100000E+03  3.5774098E+06
  9.7299990E+03  3.5678918E+06
  9.7499980E+03  3.5234285E+06
  9.7699961E+03  3.5195965E+06
  9.7899980E+03  3.4967388E+06
  9.8099980E+03  3.5070800E+06
  9.8299990E+03  3.4902108E+06
  9.8499980E+03  3.4799740E+06
  9.8700000E+03  3.4446142E+06
  9.8899980E+03  3.4280015E+06
  9.9099990E+03  3.4167485E+06
  9.9300000E+03  3.4265715E+06
  9.9499980E+03  3.4145620E+06
  9.9699980E+03  3.4011038E+06
  9.9899990E+03  3.3810818E+06
  1.0024998E+04  3.3377228E+06
  1.0074998E+04  3.2636275E+06
  1.0124997E+04  3.2772632E+06
  1.0174997E+04  3.2221722E+06
  1.0224998E+04  3.2053298E+06
  1.0274997E+04  3.1894118E+06
  1.0325000E+04  3.1275320E+06
  1.0374999E+04  3.0955352E+06
  1.0425000E+04  3.0817540E+06
  1.0474998E+04  3.0265860E+06
  1.0524997E+04  3.0143930E+06
  1.0574999E+04  2.9766900E+06
  1.0625000E+04  2.9375270E+06
  1.0674997E+04  2.8650810E+06
  1.0724998E+04  2.8655470E+06
  1.0774999E+04  2.8278192E+06
  1.0824997E+04  2.7769380E+06
  1.0874997E+04  2.7581192E+06
  1.0924999E+04  2.7031338E+06
  1.0974996E+04  2.6973275E+06
  1.1025000E+04  2.7113480E+06
  1.1074998E+04  2.6950310E+06
  1.1124999E+04  2.6582888E+06
  1.1174998E+04  2.6248708E+06
  1.1224999E+04  2.6131392E+06
  1.1274997E+04  2.5540682E+06
  1.1325000E+04  2.5388782E+06
  1.1375000E+04  2.5182380E+06
  1.1425000E+04  2.4756662E+06
  1.1474997E+04  2.4921638E+06
  1.1525000E+04  2.4670400E+06
  1.1574998E+04  2.4290148E+06
  1.1625000E+04  2.3848032E+06
  1.1674998E+04  2.3683458E+06
  1.1724997E+04  2.3769640E+06
  1.1775001E+04  2.3170670E+06
  1.1824999E+04  2.2988078E+06
  1.1875000E+04  2.2667460E+06
  1.1925000E+04  2.2913308E+06
  1.1975001E+04  2.2105775E+06
  1.2024998E+04  2.2257902E+06
  1.2074996E+04  2.1944250E+06
  1.2125000E+04  2.1880735E+06
  1.2175000E+04  2.1857948E+06
  1.2225001E+04  2.1635142E+06
  1.2275001E+04  2.1341735E+06
  1.2324996E+04  2.1199945E+06
  1.2374996E+04  2.0999705E+06
  1.2424998E+04  2.0783931E+06
  1.2475000E+04  2.0667518E+06
  1.2524997E+04  2.0417358E+06
  1.2574997E+04  2.0222915E+06
  1.2624999E+04  2.0055242E+06
  1.2674997E+04  1.9811274E+06
  1.2724999E+04  1.9758256E+06
  1.2774999E+04  1.9588659E+06
  1.2825000E+04  1.8431858E+06
  1.2875001E+04  1.9148730E+06
  1.2924997E+04  1.8978324E+06
  1.2975001E+04  1.8931682E+06
  1.3024998E+04  1.8638950E+06
  1.3074999E+04  1.8599358E+06
  1.3125000E+04  1.8271151E+06
  1.3174998E+04  1.8088246E+06
  1.3224998E+04  1.8099709E+06
  1.3274997E+04  1.7779349E+06
  1.3324997E+04  1.7730405E+06
  1.3374999E+04  1.7540170E+06
  1.3424999E+04  1.7510722E+06
  1.3474999E+04  1.7333708E+06
  1.3525001E+04  1.7183742E+06
  1.3574999E+04  1.6873405E+06
  1.3624997E+04  1.6809256E+06
  1.3674997E+04  1.6671450E+06
  1.3724995E+04  1.6511012E+06
  1.3774998E+04  1.6400295E+06
  1.3824998E+04  1.6302579E+06
  1.3874996E+04  1.6190972E+06
  1.3925000E+04  1.6058385E+06
  1.3974996E+04  1.5934241E+06
  1.4024997E+04  1.5689631E+06
  1.4075001E+04  1.5673052E+06
  1.4124996E+04  1.5420306E+06
  1.4175000E+04  1.5454948E+06
  1.4225000E+04  1.5110419E+06
  1.4274994E+04  1.4897352E+06
  1.4325001E+04  1.5002630E+06
  1.4374998E+04  1.4977394E+06
  1.4424999E+04  1.4402646E+06
  1.4475000E+04  1.4682520E+06
  1.4524997E+04  1.4324835E+06
  1.4569999E+04  1.4382359E+06
  1.4620000E+04  1.4300368E+06
  1.4674998E+04  1.4255481E+06
  1.4725000E+04  1.3975351E+06
  1.4775002E+04  1.3863316E+06
  1.4824998E+04  1.3799966E+06
  1.4874996E+04  1.3480392E+06
  1.4924997E+04  1.3691091E+06
  1.4974999E+04  1.3436355E+06
  1.5024999E+04  1.3094088E+06
  1.5075000E+04  1.2997422E+06
  1.5124999E+04  1.3136751E+06
  1.5175000E+04  1.3067992E+06
  1.5225002E+04  1.2841714E+06
  1.5274998E+04  1.2845139E+06
  1.5324995E+04  1.2684144E+06
  1.5374997E+04  1.2618671E+06
  1.5425001E+04  1.2509124E+06
  1.5474996E+04  1.2425438E+06
  1.5524994E+04  1.2229558E+06
  1.5575001E+04  1.2060922E+06
  1.5624998E+04  1.2198968E+06
  1.5674997E+04  1.1832708E+06
  1.5724994E+04  1.1837265E+06
  1.5774996E+04  1.1512852E+06
  1.5825001E+04  1.1608394E+06
  1.5874995E+04  1.1102925E+06
  1.5925002E+04  1.1354026E+06
  1.5975001E+04  1.1419026E+06
  1.6049998E+04  1.1215160E+06
  1.6150001E+04  1.0903659E+06
  1.6249997E+04  1.0931092E+06
  1.6350000E+04  1.0625570E+06
  1.6449996E+04  1.0291849E+06
  1.6549998E+04  1.0345143E+06
  1.6649994E+04  1.0161188E+06
  1.6749998E+04  9.8178544E+05
  1.6849998E+04  9.4502231E+05
  1.6950000E+04  9.6039206E+05
  1.7049996E+04  9.2986344E+05
  1.7150000E+04  9.1654019E+05
  1.7249992E+04  8.8958762E+05
  1.7349994E+04  8.4341894E+05
  1.7449992E+04  8.5332794E+05
  1.7550000E+04  8.4328800E+05
  1.7649998E+04  8.2685431E+05
  1.7749994E+04  8.1038969E+05
  1.7849994E+04  7.9752794E+05
  1.7949998E+04  7.8263294E+05
  1.8050002E+04  7.6420238E+05
  1.8150002E+04  7.2649369E+05
  1.8249994E+04  7.2881381E+05
  1.8349992E+04  7.2102631E+05
  1.8449992E+04  7.0219744E+05
  1.8549998E+04  6.9365025E+05
  1.8650002E+04  6.7367800E+05
  1.8750002E+04  6.3342038E+05
  1.8850000E+04  6.5176094E+05
  1.8950004E+04  6.2875450E+05
  1.9049996E+04  6.3184644E+05
  1.9149998E+04  6.1843306E+05
  1.9249992E+04  6.0756175E+05
  1.9350000E+04  5.9124606E+05
  1.9449992E+04  5.6016675E+05
  1.9550002E+04  5.7337550E+05
  1.9649992E+04  5.6263756E+05
  1.9749992E+04  5.5125606E+05
  1.9849992E+04  5.4362194E+05
  1.9950002E+04  5.3434212E+05
  2.0050002E+04  5.2735725E+05
  2.0149996E+04  5.2005778E+05
  2.0249994E+04  5.0629819E+05
  2.0349994E+04  4.9473000E+05
  2.0449996E+04  4.9264184E+05
  2.0550000E+04  4.8303253E+05
  2.0649992E+04  4.7185475E+05
  2.0749998E+04  4.6513003E+05
  2.0849992E+04  4.5754216E+05
  2.0950004E+04  4.4700400E+05
  2.1050002E+04  4.4271609E+05
  2.1149992E+04  4.3441319E+05
  2.1250000E+04  4.2682994E+05
  2.1350002E+04  4.2077456E+05
  2.1449996E+04  4.1409303E+05
  2.1550006E+04  4.0679459E+05
  2.1649994E+04  3.8443106E+05
  2.1750002E+04  3.9061169E+05
  2.1849998E+04  3.8502453E+05
  2.1950002E+04  3.8107066E+05
  2.2050000E+04  3.7166359E+05
  2.2149996E+04  3.6800056E+05
  2.2249998E+04  3.6157244E+05
  2.2350004E+04  3.5574953E+05
  2.2449990E+04  3.5003888E+05
  2.2549994E+04  3.4381456E+05
  2.2650000E+04  3.3812694E+05
  2.2750000E+04  3.3377788E+05
  2.2850000E+04  3.2707472E+05
  2.2950004E+04  3.1992456E+05
  2.3050000E+04  3.1748100E+05
  2.3149996E+04  3.1197453E+05
  2.3250000E+04  3.0327509E+05
  2.3349996E+04  3.0044125E+05
  2.3449994E+04  2.9804881E+05
  2.3550002E+04  2.8784688E+05
  2.3649988E+04  2.8739834E+05
  2.3750000E+04  2.8296594E+05
  2.3849990E+04  2.7396862E+05
  2.3950002E+04  2.7358334E+05
  2.4050006E+04  2.6976275E+05
  2.4149992E+04  2.6272769E+05
  2.4249990E+04  2.6053339E+05
  2.4349990E+04  2.5666323E+05
  2.4450002E+04  2.5204073E+05
  2.4549990E+04  2.4710403E+05
  2.4649992E+04  2.4642375E+05
  2.4749992E+04  2.4136142E+05
  2.4850006E+04  2.3605492E+05
  2.4950000E+04  2.3442078E+05
  2.5050006E+04  2.3285902E+05
  2.5149994E+04  2.2753878E+05
  2.5249998E+04  2.2525541E+05
  2.5350004E+04  2.2224469E+05
  2.5449988E+04  2.1851264E+05
  2.5549998E+04  2.1508558E+05
  2.5649990E+04  2.1130470E+05
  2.5749990E+04  2.1052462E+05
  2.5849994E+04  2.0485092E+05
  2.5949990E+04  2.0398011E+05
  2.6049996E+04  2.0140658E+05
  2.6149998E+04  1.9730731E+05
  2.6249988E+04  1.8891272E+05
  2.6350008E+04  1.9242972E+05
  2.6449996E+04  1.8946442E+05
  2.6549994E+04  1.8723823E+05
  2.6649994E+04  1.8336383E+05
  2.6749988E+04  1.8162702E+05
  2.6849986E+04  1.8068947E+05
  2.6949986E+04  1.7812689E+05
  2.7050002E+04  1.7583902E+05
  2.7149998E+04  1.7332975E+05
  2.7249994E+04  1.7100470E+05
  2.7350006E+04  1.6887498E+05
  2.7450004E+04  1.6685688E+05
  2.7549996E+04  1.6274420E+05
  2.7649982E+04  1.6128844E+05
  2.7750004E+04  1.5975114E+05
  2.7850000E+04  1.5783859E+05
  2.7949992E+04  1.5608916E+05
  2.8049994E+04  1.5392478E+05
  2.8150002E+04  1.5199631E+05
  2.8250006E+04  1.4989298E+05
  2.8350000E+04  1.4819531E+05
  2.8450000E+04  1.4575900E+05
  2.8550002E+04  1.4412498E+05
  2.8650002E+04  1.4188142E+05
  2.8749982E+04  1.3837130E+05
  2.8849998E+04  1.3845008E+05
  2.8949986E+04  1.3688403E+05
  2.9049994E+04  1.3513962E+05
  2.9149986E+04  1.3337169E+05
  2.9249984E+04  1.3134289E+05
  2.9349980E+04  1.3005581E+05
  2.9450000E+04  1.2807495E+05
  2.9550004E+04  1.2673497E+05
  2.9649982E+04  1.2523891E+05
  2.9749992E+04  1.2361937E+05
  2.9849994E+04  1.2207368E+05
  2.9949984E+04  1.2032335E+05
  3.0049996E+04  1.1886043E+05
  3.0149994E+04  1.1753866E+05
  3.0249994E+04  1.1593531E+05
  3.0349996E+04  1.1273088E+05
  3.0449996E+04  1.1255238E+05
  3.0549996E+04  1.1167545E+05
  3.0649996E+04  1.1018198E+05
  3.0749994E+04  1.0914777E+05
  3.0849996E+04  1.0751503E+05
  3.0949994E+04  1.0628259E+05
  3.1049996E+04  1.0522006E+05
  3.1149996E+04  1.0317892E+05
  3.1249996E+04  1.0254277E+05
  3.1349996E+04  1.0144499E+05
  3.1449996E+04  1.0022195E+05
  3.1549998E+04  9.8690648E+04
  3.1649996E+04  9.7740812E+04
  3.1749998E+04  9.6595391E+04
  3.1849996E+04  9.5503289E+04
  3.1949994E+04  9.4507828E+04
  3.2099996E+04  9.2657750E+04
  3.2299992E+04  9.0614719E+04
  3.2499994E+04  8.8436430E+04
  3.2699996E+04  8.6357352E+04
  3.2899996E+04  8.3378922E+04
  3.3099996E+04  8.2305594E+04
  3.3299992E+04  8.0419617E+04
  3.3499996E+04  7.8814352E+04
  3.3699996E+04  7.6929602E+04
  3.3899996E+04  7.5106656E+04
  3.4099996E+04  7.3350227E+04
  3.4299996E+04  7.2017000E+04
  3.4499992E+04  7.0548258E+04
  3.4699996E+04  6.8945758E+04
  3.4899996E+04  6.7468078E+04
  3.5099996E+04  6.6050062E+04
  3.5299996E+04  6.4511637E+04
  3.5499996E+04  6.3224797E+04
  3.5699992E+04  6.1788273E+04
  3.5899992E+04  6.0487887E+04
  3.6099996E+04  5.9342527E+04
  3.6299992E+04  5.8104320E+04
  3.6499992E+04  5.6708625E+04
  3.6699992E+04  5.5507648E+04
  3.6899992E+04  5.4083062E+04
  3.7099996E+04  5.2967785E+04
  3.7299996E+04  5.1935547E+04
  3.7499992E+04  5.0332891E+04
  3.7699996E+04  5.0020266E+04
  3.7899996E+04  4.8982305E+04
  3.8099992E+04  4.8080125E+04
  3.8299996E+04  4.7224859E+04
  3.8499996E+04  4.6346621E+04
  3.8699996E+04  4.5325488E+04
  3.8899992E+04  4.4444859E+04
  3.9099996E+04  4.3619234E+04
  3.9299992E+04  4.2827605E+04
  3.9499992E+04  4.1858973E+04
  3.9699992E+04  4.1129930E+04
  3.9900000E+04  4.0127020E+04
  4.0099996E+04  3.9446613E+04
  4.0299992E+04  3.8814820E+04
  4.0499996E+04  3.7662973E+04
  4.0699992E+04  3.7348320E+04
  4.0899992E+04  3.6666402E+04
  4.1099996E+04  3.6036094E+04
  4.1299996E+04  3.5405211E+04
  4.1499992E+04  3.4675418E+04
  4.1699992E+04  3.3996957E+04
  4.1899996E+04  3.3409227E+04
  4.2099996E+04  3.2682322E+04
  4.2299992E+04  3.2306633E+04
  4.2499996E+04  3.1632021E+04
  4.2699992E+04  3.1127713E+04
  4.2899992E+04  3.0054150E+04
  4.3099996E+04  2.9199904E+04
  4.3299996E+04  2.8902648E+04
  4.3499992E+04  2.7795330E+04
  4.3699996E+04  2.7217961E+04
  4.3899996E+04  2.6945111E+04
  4.4099992E+04  2.5872182E+04
  4.4299992E+04  2.5687090E+04
  4.4499996E+04  2.5314027E+04
  4.4699996E+04  2.4373418E+04
  4.4899996E+04  2.4323082E+04
  4.5099992E+04  2.3872611E+04
  4.5299992E+04  2.3102348E+04
  4.5499996E+04  2.2968844E+04
  4.5699992E+04  2.2710521E+04
  4.5899996E+04  2.1971223E+04
  4.6099996E+04  2.1855451E+04
  4.6299992E+04  2.1482518E+04
  4.6499988E+04  2.1069877E+04
  4.6699992E+04  2.0813781E+04
  4.6899992E+04  2.0566426E+04
  4.7099992E+04  2.0242693E+04
  4.7299992E+04  2.0063449E+04
  4.7499996E+04  1.9676111E+04
  4.7699992E+04  1.9350852E+04
  4.7899992E+04  1.9105857E+04
  4.8099996E+04  1.8709562E+04
  4.8299992E+04  1.8585623E+04
  4.8499992E+04  1.8258082E+04
  4.8700000E+04  1.7943223E+04
  4.8899992E+04  1.7691195E+04
  4.9099988E+04  1.7417664E+04
  4.9299988E+04  1.7154180E+04
  4.9499996E+04  1.6878994E+04
  4.9699992E+04  1.6636660E+04
  4.9899988E+04  1.6391609E+04
  5.0099996E+04  1.6194953E+04
  5.0299996E+04  1.5956236E+04
  5.0499996E+04  1.5636581E+04
  5.0699996E+04  1.5444577E+04
  5.0899992E+04  1.5265281E+04
  5.1099992E+04  1.4972891E+04
  5.1299996E+04  1.4731827E+04
  5.1499988E+04  1.4555132E+04
  5.1699996E+04  1.4428639E+04
  5.1899992E+04  1.4149816E+04
  5.2099992E+04  1.3940073E+04
  5.2299996E+04  1.3727883E+04
  5.2499996E+04  1.3579475E+04
  5.2699996E+04  1.3423292E+04
  5.2899992E+04  1.3148859E+04
  5.3099988E+04  1.3002432E+04
  5.3299988E+04  1.2813667E+04
  5.3499992E+04  1.2653547E+04
  5.3699992E+04  1.2475857E+04
  5.3899992E+04  1.2309788E+04
  5.4099992E+04  1.2139651E+04
  5.4299984E+04  1.1914700E+04
  5.4499988E+04  1.1808259E+04
  5.4699996E+04  1.1633424E+04
  5.4899992E+04  1.1467073E+04
  5.5099992E+04  1.1332854E+04
  5.5299988E+04  1.1219739E+04
  5.5499988E+04  1.1000817E+04
  5.5699992E+04  1.0918800E+04
  5.5899992E+04  1.0723019E+04
  5.6099988E+04  1.0591757E+04
  5.6299996E+04  1.0439379E+04
  5.6499988E+04  1.0344481E+04
  5.6699988E+04  1.0206946E+04
  5.6899992E+04  1.0033152E+04
  5.7099996E+04  9.9403418E+03
  5.7299988E+04  9.8055557E+03
  5.7499988E+04  9.6771855E+03
  5.7699988E+04  9.5446973E+03
  5.7899996E+04  9.4331318E+03
  5.8099988E+04  9.2982148E+03
  5.8299996E+04  9.1863105E+03
  5.8499992E+04  9.0775928E+03
  5.8699988E+04  8.9382129E+03
  5.8899988E+04  8.8147402E+03
  5.9099992E+04  8.6918662E+03
  5.9299988E+04  8.6164092E+03
  5.9499996E+04  8.4876016E+03
  5.9699988E+04  8.4051445E+03
  5.9899992E+04  8.2980811E+03
  6.0099992E+04  8.1924619E+03
  6.0299992E+04  8.0922041E+03
  6.0499988E+04  7.9854771E+03
  6.0699992E+04  7.8819185E+03
  6.0899992E+04  7.7825942E+03
  6.1099988E+04  7.6727939E+03
  6.1299992E+04  7.5947358E+03
  6.1499988E+04  7.5047817E+03
  6.1699988E+04  7.4132583E+03
  6.1899996E+04  7.3265913E+03
  6.2099996E+04  7.2375659E+03
  6.2299988E+04  7.1296343E+03
  6.2499992E+04  7.0481997E+03
  6.2699988E+04  6.9647842E+03
  6.2899996E+04  6.8852354E+03
  6.3099984E+04  6.7908506E+03
  6.3299996E+04  6.7252500E+03
  6.3499984E+04  6.6383892E+03
  6.3699984E+04  6.5619531E+03
  6.3900000E+04  6.4789580E+03
  6.4199992E+04  6.3652612E+03
  6.4599984E+04  6.2096758E+03
  6.4999992E+04  6.0619702E+03
  6.5399992E+04  5.9240103E+03
  6.5799992E+04  5.7877280E+03
  6.6199984E+04  5.6500864E+03
  6.6599984E+04  5.5221182E+03
  6.6999992E+04  5.3934351E+03
  6.7399992E+04  5.2669951E+03
  6.7799992E+04  5.1497939E+03
  6.8199992E+04  5.0321362E+03
  6.8599992E+04  4.9195068E+03
  6.8999984E+04  4.8087485E+03
  6.9399984E+04  4.7000522E+03
  6.9800000E+04  4.5979302E+03
  7.0199992E+04  4.4921689E+03
  7.0599984E+04  4.3967422E+03
  7.0999977E+04  4.3011562E+03
  7.1399977E+04  4.2079473E+03
  7.1799984E+04  4.1167598E+03
  7.2199984E+04  4.0274038E+03
  7.2600000E+04  3.9404021E+03
  7.2999984E+04  3.8586697E+03
  7.3400000E+04  3.7747705E+03
  7.3799984E+04  3.6970269E+03
  7.4199992E+04  3.6171064E+03
  7.4599992E+04  3.5307639E+03
  7.5000000E+04  3.4616572E+03
  7.5399992E+04  3.3960686E+03
  7.5799992E+04  3.3290452E+03
  7.6199984E+04  3.2605776E+03
  7.6599992E+04  3.1948953E+03
  7.6999992E+04  3.1288098E+03
  7.7399992E+04  3.0670608E+03
  7.7799984E+04  3.0059160E+03
  7.8199984E+04  2.9459807E+03
  7.8599984E+04  2.8876560E+03
  7.8999984E+04  2.8306599E+03
  7.9399984E+04  2.7747822E+03
  7.9800000E+04  2.7209441E+03
  8.0199992E+04  2.6668691E+03
  8.0599984E+04  2.6150073E+03
  8.0999992E+04  2.5658733E+03
  8.1399977E+04  2.5150190E+03
  8.1799984E+04  2.4678486E+03
  8.2199984E+04  2.4218657E+03
  8.2599992E+04  2.3756606E+03
  8.2999984E+04  2.3313269E+03
  8.3400000E+04  2.2863767E+03
  8.3799992E+04  2.2443772E+03
  8.4199992E+04  2.2034956E+03
  8.4599977E+04  2.1627593E+03
  8.4999977E+04  2.1230027E+03
  8.5399984E+04  2.0840483E+03
  8.5799984E+04  2.0463413E+03
  8.6199992E+04  2.0089382E+03
  8.6599992E+04  1.9730417E+03
  8.6999984E+04  1.9376696E+03
  8.7399992E+04  1.9029095E+03
  8.7799992E+04  1.8690435E+03
  8.8199984E+04  1.8350826E+03
  8.8599977E+04  1.8029536E+03
  8.8999992E+04  1.7708501E+03
  8.9399977E+04  1.7405214E+03
  8.9799977E+04  1.7093064E+03
  9.0199984E+04  1.6803809E+03
  9.0599984E+04  1.6520363E+03
  9.0999992E+04  1.6223954E+03
  9.1400000E+04  1.5950575E+03
  9.1799969E+04  1.5684031E+03
  9.2199969E+04  1.5421049E+03
  9.2599984E+04  1.5158936E+03
  9.3000000E+04  1.4905542E+03
  9.3399984E+04  1.4653774E+03
  9.3799984E+04  1.4410455E+03
  9.4199977E+04  1.4171161E+03
  9.4599984E+04  1.3935803E+03
  9.4999969E+04  1.3706411E+03
  9.5399984E+04  1.3479531E+03
  9.5799984E+04  1.3262528E+03
  9.6199992E+04  1.3043365E+03
  9.6599984E+04  1.2835448E+03
  9.7000000E+04  1.2628503E+03
  9.7399977E+04  1.2414996E+03
  9.7799984E+04  1.2221877E+03
  9.8199977E+04  1.2029534E+03
  9.8599977E+04  1.1839515E+03
  9.8999992E+04  1.1653701E+03
  9.9399984E+04  1.1466682E+03
  9.9799977E+04  1.1287577E+03
  1.0019999E+05  1.1110955E+03
  1.9999991E+05  7.1746048E+01
  3.9999994E+05  4.4956031E+00
  5.9999981E+05  8.8296849E-01
  7.9999994E+05  2.7758753E-01
