  9.2499988E+02  3.2222599E-06
  9.3499982E+02  4.4774024E-06
  9.4500000E+02  6.5392783E-06
  9.5500000E+02  9.9046665E-06
  9.6499988E+02  1.4553515E-05
  9.7499982E+02  1.9416742E-05
  9.8499976E+02  2.7352253E-05
  9.9499988E+02  3.7308953E-05
  1.0049999E+03  5.5855831E-05
  1.0149997E+03  7.5995733E-05
  1.0249998E+03  8.7446926E-05
  1.0349998E+03  1.4393390E-04
  1.0449998E+03  1.9953637E-04
  1.0549999E+03  2.5346832E-04
  1.0649999E+03  3.4264621E-04
  1.0750000E+03  4.6458168E-04
  1.0849996E+03  6.2662736E-04
  1.0949999E+03  7.8226253E-04
  1.1049999E+03  3.0138029E-03
  1.1149999E+03  4.9060374E-03
  1.1249999E+03  7.2002341E-03
  1.1349996E+03  1.0782398E-02
  1.1449999E+03  1.4432251E-02
  1.1549999E+03  1.7148659E-02
  1.1650000E+03  2.3248930E-02
  1.1749995E+03  3.0195966E-02
  1.1849996E+03  3.3975683E-02
  1.1949998E+03  3.0589249E-02
  1.2049996E+03  3.4294587E-02
  1.2149998E+03  7.9867505E-03
  1.2249996E+03  4.6783332E-02
  1.2349996E+03  8.7769605E-02
  1.2449998E+03  1.1665172E-01
  1.2549996E+03  1.3939865E-01
  1.2650000E+03  1.5201630E-01
  1.2749998E+03  1.8436374E-01
  1.2849995E+03  2.0712945E-01
  1.2949998E+03  2.5151113E-01
  1.3049995E+03  2.6605430E-01
  1.3149998E+03  3.3112910E-01
  1.3249998E+03  3.4278020E-01
  1.3349996E+03  3.8118809E-01
  1.3449995E+03  4.5126149E-01
  1.3549996E+03  5.2801436E-01
  1.3649999E+03  5.6462705E-01
  1.3749999E+03  6.0920912E-01
  1.3849996E+03  6.6796505E-01
  1.3949999E+03  7.5097853E-01
  1.4050001E+03  9.2250687E-01
  1.4149998E+03  1.0509712E+00
  1.4249998E+03  1.2189782E+00
  1.4350000E+03  1.4616705E+00
  1.4419998E+03  1.9110560E+00
  1.4469999E+03  1.6932762E+00
  1.4549994E+03  2.0002043E+00
  1.4650000E+03  2.6068387E+00
  1.4749995E+03  2.9832165E+00
  1.4849996E+03  3.1920824E+00
  1.4949998E+03  4.2347026E+00
  1.5049996E+03  5.2143288E+00
  1.5119995E+03  3.8066449E+00
  1.5169994E+03  4.9730406E+00
  1.5250001E+03  1.2732744E+01
  1.5349994E+03  2.1701668E+01
  1.5449994E+03  1.7528097E+01
  1.5549998E+03  2.9923330E+01
  1.5649999E+03  2.8007046E+01
  1.5750001E+03  5.3701294E+01
  1.5850000E+03  6.5478493E+01
  1.5949996E+03  7.6890427E+01
  1.6049999E+03  8.2590904E+01
  1.6150000E+03  9.0782219E+01
  1.6249996E+03  1.0222461E+02
  1.6350000E+03  1.2029216E+02
  1.6449996E+03  1.7204825E+02
  1.6549999E+03  1.1157331E+02
  1.6649993E+03  1.9938611E+02
  1.6720000E+03  1.4040648E+02
  1.6770001E+03  5.2595789E+02
  1.6849998E+03  5.9325122E+02
  1.6950000E+03  7.3891742E+02
  1.7049995E+03  8.0117651E+02
  1.7150000E+03  7.5215308E+02
  1.7249993E+03  9.6594385E+02
  1.7349994E+03  1.1514410E+03
  1.7449993E+03  1.5930306E+03
  1.7550001E+03  2.1524976E+03
  1.7649998E+03  2.0021646E+03
  1.7749995E+03  2.1908369E+03
  1.7849995E+03  2.8961243E+03
  1.7949999E+03  3.4935813E+03
  1.8050001E+03  3.7413992E+03
  1.8150001E+03  3.5018677E+03
  1.8249994E+03  4.4234663E+03
  1.8349993E+03  4.6290239E+03
  1.8449993E+03  3.5455171E+03
  1.8549998E+03  5.1235767E+03
  1.8650002E+03  6.0489990E+03
  1.8750001E+03  6.5394146E+03
  1.8850000E+03  7.0193218E+03
  1.8950002E+03  9.1739229E+03
  1.9049996E+03  8.9613906E+03
  1.9149999E+03  1.0035873E+04
  1.9249993E+03  1.0156663E+04
  1.9350001E+03  7.3699990E+03
  1.9449993E+03  1.3161179E+04
  1.9550002E+03  1.3806550E+04
  1.9670002E+03  1.7967672E+04
  1.9759990E+03  1.7076896E+04
  1.9839996E+03  2.0157166E+04
  1.9950001E+03  2.1069461E+04
  2.0050002E+03  2.0514949E+04
  2.0149996E+03  2.2711297E+04
  2.0249994E+03  1.8525100E+04
  2.0349995E+03  2.5635754E+04
  2.0449998E+03  2.9715072E+04
  2.0550000E+03  3.0806639E+04
  2.0649993E+03  3.0893324E+04
  2.0739993E+03  3.3583441E+04
  2.0780002E+03  1.0922251E+05
  2.0849993E+03  1.5222808E+05
  2.0950005E+03  1.3801441E+05
  2.1050002E+03  1.3780305E+05
  2.1149990E+03  1.6867508E+05
  2.1250000E+03  1.4747702E+05
  2.1350002E+03  1.4722275E+05
  2.1449998E+03  2.0260452E+05
  2.1550005E+03  1.8658884E+05
  2.1649995E+03  1.5735711E+05
  2.1750002E+03  1.5251289E+05
  2.1849998E+03  2.3712391E+05
  2.1950000E+03  2.1618639E+05
  2.2050000E+03  2.1994833E+05
  2.2149998E+03  1.5559300E+05
  2.2249998E+03  2.1233648E+05
  2.2350005E+03  3.1310784E+05
  2.2449990E+03  2.9755809E+05
  2.2549993E+03  2.0779127E+05
  2.2650000E+03  1.7219541E+05
  2.2750000E+03  1.8512644E+05
  2.2850000E+03  3.2032109E+05
  2.2950002E+03  2.3438586E+05
  2.3050000E+03  3.2091288E+05
  2.3149995E+03  2.5568136E+05
  2.3250000E+03  2.1814534E+05
  2.3349995E+03  1.8898761E+05
  2.3449993E+03  1.1473219E+05
  2.3550000E+03  2.5604277E+05
  2.3649988E+03  1.3815920E+05
  2.3750000E+03  1.8641542E+05
  2.3849990E+03  1.0565070E+05
  2.3950000E+03  1.3762911E+05
  2.4050005E+03  1.4307841E+05
  2.4149993E+03  1.6458189E+05
  2.4249990E+03  3.2656359E+05
  2.4349990E+03  3.3375441E+05
  2.4450000E+03  4.2267278E+05
  2.4549990E+03  4.6813000E+05
  2.4649990E+03  3.5934044E+05
  2.4749993E+03  3.0230909E+05
  2.4850005E+03  1.2320392E+05
  2.4950000E+03  1.9406666E+05
  2.5050005E+03  3.4502588E+05
  2.5129988E+03  1.2833050E+05
  2.5179990E+03  9.0215281E+04
  2.5249998E+03  1.0551037E+05
  2.5350007E+03  2.3753386E+05
  2.5449988E+03  2.4835108E+05
  2.5550000E+03  6.1847925E+05
  2.5649990E+03  4.1778228E+05
  2.5749990E+03  5.9550062E+05
  2.5849993E+03  5.0897300E+05
  2.5949990E+03  4.4743484E+05
  2.6049995E+03  3.6890956E+05
  2.6149998E+03  3.2529759E+05
  2.6249990E+03  4.7452609E+05
  2.6350007E+03  9.9180119E+05
  2.6449995E+03  1.3627180E+06
  2.6549998E+03  2.0677225E+06
  2.6649995E+03  1.1779566E+06
  2.6749988E+03  1.3889216E+06
  2.6849988E+03  1.6892636E+06
  2.6949988E+03  1.1186291E+06
  2.7050000E+03  1.4357201E+06
  2.7150000E+03  9.6702581E+05
  2.7249995E+03  6.4295450E+05
  2.7350007E+03  9.3203319E+05
  2.7450002E+03  4.8565134E+05
  2.7549998E+03  7.2944025E+05
  2.7649983E+03  1.0121981E+06
  2.7750005E+03  1.0383285E+06
  2.7850000E+03  5.5784600E+05
  2.7949993E+03  2.3276173E+05
  2.8049995E+03  2.9147888E+05
  2.8150002E+03  8.9854244E+05
  2.8250007E+03  1.4098051E+06
  2.8350000E+03  1.2768816E+06
  2.8450002E+03  7.2237181E+05
  2.8550005E+03  3.4872756E+05
  2.8650000E+03  1.1605519E+06
  2.8749983E+03  1.9587748E+06
  2.8850000E+03  1.6678460E+06
  2.8949988E+03  2.2457842E+06
  2.9099988E+03  3.0995158E+06
  2.9299983E+03  2.8418802E+06
  2.9499990E+03  2.7805318E+06
  2.9700005E+03  3.0355508E+06
  2.9899980E+03  3.1479652E+06
  3.0099995E+03  3.1960008E+06
  3.0299995E+03  3.4141478E+06
  3.0499995E+03  3.4928358E+06
  3.0699995E+03  3.4084615E+06
  3.0899995E+03  3.0292215E+06
  3.1099995E+03  3.5126728E+06
  3.1299998E+03  3.2557732E+06
  3.1499995E+03  3.0824342E+06
  3.1699995E+03  3.4545150E+06
  3.1899995E+03  3.0130210E+06
  3.2099998E+03  3.3697980E+06
  3.2299993E+03  2.8228720E+06
  3.2499993E+03  3.9116050E+06
  3.2699995E+03  4.5329595E+06
  3.2899995E+03  4.3206965E+06
  3.3099998E+03  4.1015255E+06
  3.3299993E+03  4.2192185E+06
  3.3499995E+03  4.1417985E+06
  3.3699995E+03  3.0810982E+06
  3.3899993E+03  3.6099460E+06
  3.4099993E+03  3.6824150E+06
  3.4299995E+03  3.8173168E+06
  3.4499993E+03  4.2811950E+06
  3.4699998E+03  4.4219020E+06
  3.4899993E+03  4.7920185E+06
  3.5099995E+03  4.9448875E+06
  3.5299995E+03  4.5461690E+06
  3.5499995E+03  5.1416860E+06
  3.5699995E+03  4.1111378E+06
  3.5899995E+03  4.1019980E+06
  3.6099995E+03  4.6423500E+06
  3.6299993E+03  4.6082045E+06
  3.6399993E+03  4.6392180E+06
  3.6499995E+03  5.1135035E+06
  3.6699993E+03  5.3021060E+06
  3.6899995E+03  4.8657315E+06
  3.7099995E+03  5.2059080E+06
  3.7299998E+03  3.7156390E+06
  3.7499993E+03  4.2186075E+06
  3.7699993E+03  5.1875725E+06
  3.7899995E+03  5.3396380E+06
  3.8099993E+03  5.1443605E+06
  3.8299998E+03  2.8617938E+06
  3.8499995E+03  4.1718318E+06
  3.8699995E+03  4.0111010E+06
  3.8899995E+03  4.8510415E+06
  3.9099995E+03  5.7103475E+06
  3.9299993E+03  2.9331470E+06
  3.9499993E+03  4.9781170E+06
  3.9699998E+03  3.5015532E+06
  3.9899995E+03  6.9250300E+06
  4.0099995E+03  7.3450780E+06
  4.0299993E+03  7.4270770E+06
  4.0499993E+03  7.1249130E+06
  4.0699993E+03  6.8460550E+06
  4.0899995E+03  7.8996815E+06
  4.1099995E+03  7.7032235E+06
  4.1299995E+03  7.7281875E+06
  4.1499990E+03  7.7457520E+06
  4.1699990E+03  7.8514520E+06
  4.1899995E+03  7.4281835E+06
  4.2099995E+03  7.5227165E+06
  4.2299995E+03  7.1767705E+06
  4.2499995E+03  7.2386985E+06
  4.2699990E+03  6.7644150E+06
  4.2899995E+03  6.2384565E+06
  4.3100000E+03  5.1622045E+06
  4.3299995E+03  7.5630340E+06
  4.3499995E+03  7.2668825E+06
  4.3699995E+03  7.9988885E+06
  4.3899995E+03  7.2548895E+06
  4.4099995E+03  7.8118255E+06
  4.4299995E+03  8.3530550E+06
  4.4499995E+03  8.2347640E+06
  4.4699995E+03  8.6976550E+06
  4.4899995E+03  8.7535820E+06
  4.5099990E+03  9.6414700E+06
  4.5299995E+03  8.7221260E+06
  4.5499990E+03  9.0203040E+06
  4.5699995E+03  9.5562770E+06
  4.5899990E+03  9.0055750E+06
  4.6099990E+03  9.1917360E+06
  4.6299990E+03  9.0504600E+06
  4.6499990E+03  9.1405610E+06
  4.6699990E+03  9.3899570E+06
  4.6899990E+03  9.1797040E+06
  4.7099995E+03  8.9230860E+06
  4.7299990E+03  9.3024360E+06
  4.7499995E+03  9.4445000E+06
  4.7699995E+03  9.4701110E+06
  4.7899990E+03  9.4186170E+06
  4.8099995E+03  9.2930680E+06
  4.8299995E+03  9.4633410E+06
  4.8499990E+03  8.8569340E+06
  4.8700000E+03  7.8943190E+06
  4.8899990E+03  8.9187010E+06
  4.9099990E+03  8.9232320E+06
  4.9299990E+03  8.7514670E+06
  4.9499995E+03  9.1109360E+06
  4.9699995E+03  9.1824960E+06
  4.9899990E+03  8.5580120E+06
  5.0099995E+03  8.2328600E+06
  5.0299995E+03  8.6727420E+06
  5.0499995E+03  8.7027150E+06
  5.0699995E+03  9.0592160E+06
  5.0899995E+03  8.6961780E+06
  5.1099990E+03  8.8328230E+06
  5.1299995E+03  8.6249400E+06
  5.1499985E+03  8.3116395E+06
  5.1700000E+03  7.5358160E+06
  5.1899990E+03  7.6522590E+06
  5.2099990E+03  8.3679305E+06
  5.2299995E+03  8.4763530E+06
  5.2499995E+03  8.7553790E+06
  5.2699995E+03  7.7741075E+06
  5.2899990E+03  8.6757090E+06
  5.3099995E+03  8.9716300E+06
  5.3299990E+03  8.1248080E+06
  5.3499995E+03  8.7056970E+06
  5.3699995E+03  8.6331320E+06
  5.3899995E+03  8.5436370E+06
  5.4099990E+03  8.2640820E+06
  5.4299990E+03  8.4888860E+06
  5.4499990E+03  8.6735190E+06
  5.4699995E+03  8.5255950E+06
  5.4899995E+03  8.5754620E+06
  5.5099995E+03  8.4985540E+06
  5.5299985E+03  8.5374740E+06
  5.5499990E+03  8.6116890E+06
  5.5699990E+03  8.3776485E+06
  5.5899995E+03  8.2299170E+06
  5.6099990E+03  8.4616250E+06
  5.6299995E+03  8.4635360E+06
  5.6499990E+03  8.4789000E+06
  5.6699990E+03  8.2798585E+06
  5.6899995E+03  8.3911740E+06
  5.7099995E+03  8.2256140E+06
  5.7299990E+03  8.6884230E+06
  5.7499990E+03  8.4098800E+06
  5.7699990E+03  8.4698160E+06
  5.7899995E+03  8.2707070E+06
  5.8099985E+03  8.4128570E+06
  5.8300000E+03  8.5178330E+06
  5.8499990E+03  8.3263830E+06
  5.8699985E+03  8.3356705E+06
  5.8899985E+03  7.8167680E+06
  5.9099995E+03  8.2275290E+06
  5.9299985E+03  8.2085530E+06
  5.9499995E+03  8.2152870E+06
  5.9699990E+03  8.2249215E+06
  5.9899990E+03  8.1342840E+06
  6.0099990E+03  7.9984650E+06
  6.0299995E+03  8.0320065E+06
  6.0499990E+03  8.1625080E+06
  6.0699990E+03  8.0888685E+06
  6.0899995E+03  7.9026575E+06
  6.1099985E+03  7.8400095E+06
  6.1299995E+03  7.5508225E+06
  6.1499985E+03  7.6671395E+06
  6.1699985E+03  7.4346340E+06
  6.1900000E+03  7.7744485E+06
  6.2099995E+03  7.7741790E+06
  6.2299985E+03  7.5709855E+06
  6.2499990E+03  7.3634745E+06
  6.2699985E+03  7.6482410E+06
  6.2900000E+03  7.6547145E+06
  6.3099985E+03  7.4465555E+06
  6.3299995E+03  7.4779855E+06
  6.3499985E+03  7.4879490E+06
  6.3699985E+03  7.4424880E+06
  6.3899995E+03  7.4744875E+06
  6.4099990E+03  7.2824990E+06
  6.4299985E+03  7.3537190E+06
  6.4499985E+03  7.2777575E+06
  6.4699990E+03  7.2260825E+06
  6.4899990E+03  7.1295595E+06
  6.5099985E+03  7.2542750E+06
  6.5299990E+03  7.2219205E+06
  6.5499985E+03  6.8931130E+06
  6.5699985E+03  6.0561975E+06
  6.5899995E+03  7.0138915E+06
  6.6099985E+03  7.1511195E+06
  6.6299990E+03  7.0950120E+06
  6.6499985E+03  7.0754020E+06
  6.6699995E+03  6.9856965E+06
  6.6899990E+03  7.0769880E+06
  6.7099995E+03  6.9198110E+06
  6.7299990E+03  6.9895360E+06
  6.7499995E+03  6.9124580E+06
  6.7699985E+03  6.9084195E+06
  6.7899995E+03  6.8580565E+06
  6.8099995E+03  6.8145030E+06
  6.8300000E+03  6.8327980E+06
  6.8499985E+03  6.6775045E+06
  6.8699985E+03  6.7393365E+06
  6.8899985E+03  6.7408210E+06
  6.9099990E+03  6.6771600E+06
  6.9299995E+03  6.6544415E+06
  6.9499990E+03  6.6178365E+06
  6.9699985E+03  6.6012385E+06
  6.9899985E+03  6.5742350E+06
  7.0099985E+03  6.3903440E+06
  7.0299985E+03  6.4672365E+06
  7.0499990E+03  6.4775880E+06
  7.0699980E+03  6.4106960E+06
  7.0899990E+03  6.3709795E+06
  7.1099990E+03  6.3803490E+06
  7.1299995E+03  6.2808730E+06
  7.1499990E+03  6.2370895E+06
  7.1699995E+03  6.2268175E+06
  7.1899985E+03  6.0625090E+06
  7.2099985E+03  6.1591515E+06
  7.2299980E+03  6.1561865E+06
  7.2499990E+03  6.1674935E+06
  7.2699995E+03  6.1375255E+06
  7.2899990E+03  5.9699870E+06
  7.3099980E+03  6.0446690E+06
  7.3299980E+03  6.0245590E+06
  7.3499980E+03  6.0245930E+06
  7.3699985E+03  6.0178790E+06
  7.3899995E+03  5.8646270E+06
  7.4099985E+03  5.7281060E+06
  7.4299995E+03  5.8441670E+06
  7.4500000E+03  5.8433750E+06
  7.4700000E+03  5.8700535E+06
  7.4899990E+03  5.8092675E+06
  7.5099985E+03  5.7932640E+06
  7.5299995E+03  5.7920295E+06
  7.5499980E+03  5.7920520E+06
  7.5699985E+03  5.7328890E+06
  7.5899990E+03  5.7021265E+06
  7.6099980E+03  5.6692030E+06
  7.6299995E+03  5.6698045E+06
  7.6499995E+03  5.6528145E+06
  7.6699980E+03  5.4940800E+06
  7.6899990E+03  5.5977290E+06
  7.7099995E+03  5.5142215E+06
  7.7299985E+03  5.5183840E+06
  7.7499990E+03  5.4412645E+06
  7.7700000E+03  5.4965930E+06
  7.7900000E+03  5.4896370E+06
  7.8099995E+03  5.4509350E+06
  7.8299980E+03  5.3871170E+06
  7.8499980E+03  5.3580515E+06
  7.8699995E+03  5.3991580E+06
  7.8900000E+03  5.3657075E+06
  7.9099995E+03  5.2877900E+06
  7.9300000E+03  5.1960900E+06
  7.9499985E+03  5.1848230E+06
  7.9699990E+03  5.2546170E+06
  7.9900000E+03  5.2478165E+06
  8.0099980E+03  5.1649825E+06
  8.0299985E+03  5.1527240E+06
  8.0500000E+03  5.1067440E+06
  8.0699985E+03  5.1306940E+06
  8.0899990E+03  5.0337490E+06
  8.1099995E+03  5.0722450E+06
  8.1299976E+03  5.0739965E+06
  8.1499976E+03  5.0364195E+06
  8.1699980E+03  5.0158550E+06
  8.1899985E+03  4.8650715E+06
  8.2099990E+03  4.8758825E+06
  8.2300000E+03  4.8546580E+06
  8.2500000E+03  4.8800240E+06
  8.2700000E+03  4.9126890E+06
  8.2899980E+03  4.8805750E+06
  8.3099990E+03  4.7875520E+06
  8.3299980E+03  4.7448830E+06
  8.3500000E+03  4.7654040E+06
  8.3699990E+03  4.7714830E+06
  8.3899990E+03  4.6768850E+06
  8.4099971E+03  4.7346730E+06
  8.4300000E+03  4.6425190E+06
  8.4499990E+03  4.6621465E+06
  8.4699980E+03  4.6148450E+06
  8.4899980E+03  4.6254810E+06
  8.5099990E+03  4.4313680E+06
  8.5299990E+03  4.6038945E+06
  8.5499990E+03  4.3349110E+06
  8.5699990E+03  4.6010795E+06
  8.5900000E+03  4.4892575E+06
  8.6099980E+03  4.4715795E+06
  8.6299990E+03  4.5171915E+06
  8.6499990E+03  4.5028725E+06
  8.6699990E+03  4.1698355E+06
  8.6899990E+03  4.3518615E+06
  8.7099971E+03  4.3988905E+06
  8.7299990E+03  4.3864180E+06
  8.7499980E+03  4.2821985E+06
  8.7699980E+03  4.3697640E+06
  8.7899980E+03  4.3293740E+06
  8.8099990E+03  4.2271755E+06
  8.8299980E+03  4.2811545E+06
  8.8499980E+03  4.2676945E+06
  8.8699980E+03  4.1391045E+06
  8.8899990E+03  4.2621240E+06
  8.9099971E+03  4.2653165E+06
  8.9299980E+03  4.1777775E+06
  8.9499980E+03  4.1764812E+06
  8.9699990E+03  4.1749202E+06
  8.9899990E+03  4.1717478E+06
  9.0099980E+03  3.9633040E+06
  9.0299990E+03  4.0945828E+06
  9.0499990E+03  4.1534588E+06
  9.0699980E+03  4.0690348E+06
  9.0899990E+03  3.9596870E+06
  9.1099980E+03  4.0013778E+06
  9.1299980E+03  4.0537835E+06
  9.1499980E+03  4.0331568E+06
  9.1699980E+03  4.0146420E+06
  9.1899990E+03  4.0286340E+06
  9.2099990E+03  3.9257048E+06
  9.2299980E+03  3.8192518E+06
  9.2499980E+03  3.8727618E+06
  9.2699971E+03  3.9061358E+06
  9.2899990E+03  3.9124252E+06
  9.3099980E+03  3.9130638E+06
  9.3299990E+03  3.8793395E+06
  9.3499980E+03  3.8619430E+06
  9.3699990E+03  3.8356470E+06
  9.3900000E+03  3.8362442E+06
  9.4099980E+03  3.6852145E+06
  9.4299971E+03  3.7906370E+06
  9.4499990E+03  3.7300172E+06
  9.4700000E+03  3.7730472E+06
  9.4899980E+03  3.7733932E+06
  9.5100000E+03  3.7359592E+06
  9.5300000E+03  3.7071452E+06
  9.5500000E+03  3.5535855E+06
  9.5699990E+03  3.6564765E+06
  9.5899980E+03  3.6861788E+06
  9.6099980E+03  3.6409095E+06
  9.6299990E+03  3.6002490E+06
  9.6499990E+03  3.5821858E+06
  9.6699980E+03  3.5688342E+06
  9.6899980E+03  3.5939588E+06
  9.7100000E+03  3.5694178E+06
  9.7299990E+03  3.5599730E+06
  9.7499980E+03  3.5168495E+06
  9.7699961E+03  3.5122950E+06
  9.7899980E+03  3.4897030E+06
  9.8099980E+03  3.4993285E+06
  9.8299990E+03  3.4823352E+06
  9.8499980E+03  3.4743828E+06
  9.8700000E+03  3.4383102E+06
  9.8899980E+03  3.4223782E+06
  9.9099990E+03  3.4116085E+06
  9.9300000E+03  3.4212992E+06
  9.9499980E+03  3.4088160E+06
  9.9699980E+03  3.3948882E+06
  9.9899990E+03  3.3742872E+06
  1.0024998E+04  3.3317622E+06
  1.0074998E+04  3.2598048E+06
  1.0124997E+04  3.2732945E+06
  1.0174997E+04  3.2181330E+06
  1.0224998E+04  3.2002490E+06
  1.0274997E+04  3.1829175E+06
  1.0325000E+04  3.1223722E+06
  1.0374999E+04  3.0900050E+06
  1.0425000E+04  3.0773515E+06
  1.0474998E+04  3.0242170E+06
  1.0524997E+04  3.0111962E+06
  1.0574999E+04  2.9702895E+06
  1.0625000E+04  2.9316200E+06
  1.0674997E+04  2.8608162E+06
  1.0724998E+04  2.8627305E+06
  1.0774999E+04  2.8224002E+06
  1.0824997E+04  2.7704115E+06
  1.0874997E+04  2.7524490E+06
  1.0924999E+04  2.7001668E+06
  1.0974996E+04  2.6919168E+06
  1.1025000E+04  2.7062650E+06
  1.1074998E+04  2.6919290E+06
  1.1124999E+04  2.6555795E+06
  1.1174998E+04  2.6220952E+06
  1.1224999E+04  2.6101195E+06
  1.1274997E+04  2.5506602E+06
  1.1325000E+04  2.5389075E+06
  1.1375000E+04  2.5157922E+06
  1.1425000E+04  2.4733862E+06
  1.1474997E+04  2.4896172E+06
  1.1525000E+04  2.4648562E+06
  1.1574998E+04  2.4268218E+06
  1.1625000E+04  2.3834650E+06
  1.1674998E+04  2.3684562E+06
  1.1724997E+04  2.3752102E+06
  1.1775001E+04  2.3161978E+06
  1.1824999E+04  2.2942815E+06
  1.1875000E+04  2.2662118E+06
  1.1925000E+04  2.2896618E+06
  1.1975001E+04  2.2046400E+06
  1.2024998E+04  2.2216478E+06
  1.2074996E+04  2.1906528E+06
  1.2125000E+04  2.1864080E+06
  1.2175000E+04  2.1853372E+06
  1.2225001E+04  2.1631612E+06
  1.2275001E+04  2.1330238E+06
  1.2324996E+04  2.1198708E+06
  1.2374996E+04  2.1000690E+06
  1.2424998E+04  2.0772460E+06
  1.2475000E+04  2.0666551E+06
  1.2524997E+04  2.0423360E+06
  1.2574997E+04  2.0240544E+06
  1.2624999E+04  2.0059260E+06
  1.2674997E+04  1.9812682E+06
  1.2724999E+04  1.9761280E+06
  1.2774999E+04  1.9583350E+06
  1.2825000E+04  1.8420405E+06
  1.2875001E+04  1.9152594E+06
  1.2924997E+04  1.8986441E+06
  1.2975001E+04  1.8944440E+06
  1.3024998E+04  1.8652050E+06
  1.3074999E+04  1.8614342E+06
  1.3125000E+04  1.8258248E+06
  1.3174998E+04  1.8091285E+06
  1.3224998E+04  1.8118666E+06
  1.3274997E+04  1.7796022E+06
  1.3324997E+04  1.7746105E+06
  1.3374999E+04  1.7557860E+06
  1.3424999E+04  1.7534131E+06
  1.3474999E+04  1.7356115E+06
  1.3525001E+04  1.7211754E+06
  1.3574999E+04  1.6898552E+06
  1.3624997E+04  1.6835840E+06
  1.3674997E+04  1.6701469E+06
  1.3724995E+04  1.6561810E+06
  1.3774998E+04  1.6435436E+06
  1.3824998E+04  1.6340224E+06
  1.3874996E+04  1.6222870E+06
  1.3925000E+04  1.6096076E+06
  1.3974996E+04  1.5968769E+06
  1.4024997E+04  1.5718361E+06
  1.4075001E+04  1.5710326E+06
  1.4124996E+04  1.5454671E+06
  1.4175000E+04  1.5495822E+06
  1.4225000E+04  1.5140952E+06
  1.4274994E+04  1.4914176E+06
  1.4325001E+04  1.5043754E+06
  1.4374998E+04  1.5019142E+06
  1.4424999E+04  1.4447365E+06
  1.4475000E+04  1.4727470E+06
  1.4524997E+04  1.4363049E+06
  1.4569999E+04  1.4415014E+06
  1.4620000E+04  1.4348484E+06
  1.4674998E+04  1.4283296E+06
  1.4725000E+04  1.4008884E+06
  1.4775002E+04  1.3911984E+06
  1.4824998E+04  1.3841449E+06
  1.4874996E+04  1.3491630E+06
  1.4924997E+04  1.3745212E+06
  1.4974999E+04  1.3490786E+06
  1.5024999E+04  1.3044358E+06
  1.5075000E+04  1.3020465E+06
  1.5124999E+04  1.3206082E+06
  1.5175000E+04  1.3138176E+06
  1.5225002E+04  1.2904774E+06
  1.5274998E+04  1.2913600E+06
  1.5324995E+04  1.2757934E+06
  1.5374997E+04  1.2685288E+06
  1.5425001E+04  1.2605235E+06
  1.5474996E+04  1.2499061E+06
  1.5524994E+04  1.2290672E+06
  1.5575001E+04  1.2156899E+06
  1.5624998E+04  1.2240322E+06
  1.5674997E+04  1.1903085E+06
  1.5724994E+04  1.1932486E+06
  1.5774996E+04  1.1509976E+06
  1.5825001E+04  1.1643145E+06
  1.5874995E+04  1.1208762E+06
  1.5925002E+04  1.1409881E+06
  1.5975001E+04  1.1448402E+06
  1.6049998E+04  1.1265175E+06
  1.6150001E+04  1.0997111E+06
  1.6249997E+04  1.0969185E+06
  1.6350000E+04  1.0672499E+06
  1.6449996E+04  1.0386798E+06
  1.6549998E+04  1.0389844E+06
  1.6649994E+04  1.0200869E+06
  1.6749998E+04  9.8531694E+05
  1.6849998E+04  9.5328869E+05
  1.6950000E+04  9.6420781E+05
  1.7049996E+04  9.3363450E+05
  1.7150000E+04  9.1883288E+05
  1.7249992E+04  8.9311994E+05
  1.7349994E+04  8.5052750E+05
  1.7449992E+04  8.5668088E+05
  1.7550000E+04  8.4688400E+05
  1.7649998E+04  8.3042181E+05
  1.7749994E+04  8.1364219E+05
  1.7849994E+04  8.0086219E+05
  1.7949998E+04  7.8546256E+05
  1.8050002E+04  7.6710475E+05
  1.8150002E+04  7.3098812E+05
  1.8249994E+04  7.3111000E+05
  1.8349992E+04  7.2340950E+05
  1.8449992E+04  7.0426700E+05
  1.8549998E+04  6.9599325E+05
  1.8650002E+04  6.7554094E+05
  1.8750002E+04  6.3380619E+05
  1.8850000E+04  6.5361644E+05
  1.8950004E+04  6.3063238E+05
  1.9049996E+04  6.3370469E+05
  1.9149998E+04  6.2026162E+05
  1.9249992E+04  6.0939169E+05
  1.9350000E+04  5.9270500E+05
  1.9449992E+04  5.6193931E+05
  1.9550002E+04  5.7472588E+05
  1.9649992E+04  5.6421819E+05
  1.9749992E+04  5.5242469E+05
  1.9849992E+04  5.4487444E+05
  1.9950002E+04  5.3568625E+05
  2.0050002E+04  5.2888475E+05
  2.0149996E+04  5.2150528E+05
  2.0249994E+04  5.0771303E+05
  2.0349994E+04  4.9614912E+05
  2.0449996E+04  4.9392109E+05
  2.0550000E+04  4.8429928E+05
  2.0649992E+04  4.7292372E+05
  2.0749998E+04  4.6634622E+05
  2.0849992E+04  4.5874678E+05
  2.0950004E+04  4.4796534E+05
  2.1050002E+04  4.4378738E+05
  2.1149992E+04  4.3555859E+05
  2.1250000E+04  4.2797284E+05
  2.1350002E+04  4.2170844E+05
  2.1449996E+04  4.1501831E+05
  2.1550006E+04  4.0762206E+05
  2.1649994E+04  3.8526697E+05
  2.1750002E+04  3.9123284E+05
  2.1849998E+04  3.8578994E+05
  2.1950002E+04  3.8182912E+05
  2.2050000E+04  3.7220597E+05
  2.2149996E+04  3.6889897E+05
  2.2249998E+04  3.6227256E+05
  2.2350004E+04  3.5643584E+05
  2.2449990E+04  3.5069662E+05
  2.2549994E+04  3.4469625E+05
  2.2650000E+04  3.3876578E+05
  2.2750000E+04  3.3449850E+05
  2.2850000E+04  3.2765197E+05
  2.2950004E+04  3.2059694E+05
  2.3050000E+04  3.1796316E+05
  2.3149996E+04  3.1245956E+05
  2.3250000E+04  3.0386747E+05
  2.3349996E+04  3.0091109E+05
  2.3449994E+04  2.9853522E+05
  2.3550002E+04  2.8851934E+05
  2.3649988E+04  2.8798438E+05
  2.3750000E+04  2.8356703E+05
  2.3849990E+04  2.7462428E+05
  2.3950002E+04  2.7425325E+05
  2.4050006E+04  2.7042712E+05
  2.4149992E+04  2.6338009E+05
  2.4249990E+04  2.6114195E+05
  2.4349990E+04  2.5727320E+05
  2.4450002E+04  2.5265202E+05
  2.4549990E+04  2.4752908E+05
  2.4649992E+04  2.4694459E+05
  2.4749992E+04  2.4184116E+05
  2.4850006E+04  2.3611594E+05
  2.4950000E+04  2.3509256E+05
  2.5050006E+04  2.3310517E+05
  2.5149994E+04  2.2784845E+05
  2.5249998E+04  2.2589948E+05
  2.5350004E+04  2.2251434E+05
  2.5449988E+04  2.1876277E+05
  2.5549998E+04  2.1535681E+05
  2.5649990E+04  2.1196323E+05
  2.5749990E+04  2.1076894E+05
  2.5849994E+04  2.0498061E+05
  2.5949990E+04  2.0415356E+05
  2.6049996E+04  2.0166195E+05
  2.6149998E+04  1.9792986E+05
  2.6249988E+04  1.8889633E+05
  2.6350008E+04  1.9245684E+05
  2.6449996E+04  1.8953442E+05
  2.6549994E+04  1.8733444E+05
  2.6649994E+04  1.8340627E+05
  2.6749988E+04  1.8233773E+05
  2.6849986E+04  1.8083578E+05
  2.6949986E+04  1.7824620E+05
  2.7050002E+04  1.7597802E+05
  2.7149998E+04  1.7344730E+05
  2.7249994E+04  1.7111125E+05
  2.7350006E+04  1.6898075E+05
  2.7450004E+04  1.6693686E+05
  2.7549996E+04  1.6337953E+05
  2.7649982E+04  1.6146583E+05
  2.7750004E+04  1.5982453E+05
  2.7850000E+04  1.5790172E+05
  2.7949992E+04  1.5615186E+05
  2.8049994E+04  1.5398705E+05
  2.8150002E+04  1.5205812E+05
  2.8250006E+04  1.4994964E+05
  2.8350000E+04  1.4824219E+05
  2.8450000E+04  1.4581952E+05
  2.8550002E+04  1.4416658E+05
  2.8650002E+04  1.4193650E+05
  2.8749982E+04  1.3898203E+05
  2.8849998E+04  1.3849988E+05
  2.8949986E+04  1.3693797E+05
  2.9049994E+04  1.3517086E+05
  2.9149986E+04  1.3342491E+05
  2.9249984E+04  1.3135170E+05
  2.9349980E+04  1.3007331E+05
  2.9450000E+04  1.2810970E+05
  2.9550004E+04  1.2675223E+05
  2.9649982E+04  1.2525606E+05
  2.9749992E+04  1.2365768E+05
  2.9849994E+04  1.2208637E+05
  2.9949984E+04  1.2034016E+05
  3.0049996E+04  1.1886877E+05
  3.0149994E+04  1.1755524E+05
  3.0249994E+04  1.1592296E+05
  3.0349996E+04  1.1311533E+05
  3.0449996E+04  1.1263363E+05
  3.0549996E+04  1.1169565E+05
  3.0649996E+04  1.1019400E+05
  3.0749994E+04  1.0914777E+05
  3.0849996E+04  1.0753086E+05
  3.0949994E+04  1.0629046E+05
  3.1049996E+04  1.0523178E+05
  3.1149996E+04  1.0318280E+05
  3.1249996E+04  1.0256591E+05
  3.1349996E+04  1.0146415E+05
  3.1449996E+04  1.0023338E+05
  3.1549998E+04  9.8667938E+04
  3.1649996E+04  9.7733281E+04
  3.1749998E+04  9.6595391E+04
  3.1849996E+04  9.5499578E+04
  3.1949994E+04  9.4496758E+04
  3.2099996E+04  9.2646789E+04
  3.2299992E+04  9.0596664E+04
  3.2499994E+04  8.8422164E+04
  3.2699996E+04  8.6343258E+04
  3.2899996E+04  8.3521625E+04
  3.3099996E+04  8.2288398E+04
  3.3299992E+04  8.0395836E+04
  3.3499996E+04  7.8790852E+04
  3.3699996E+04  7.6922961E+04
  3.3899996E+04  7.5083711E+04
  3.4099996E+04  7.3334023E+04
  3.4299996E+04  7.1994578E+04
  3.4499992E+04  7.0516602E+04
  3.4699996E+04  6.8920734E+04
  3.4899996E+04  6.7440242E+04
  3.5099996E+04  6.6022547E+04
  3.5299996E+04  6.4484422E+04
  3.5499996E+04  6.3200887E+04
  3.5699992E+04  6.1764625E+04
  3.5899992E+04  6.0458656E+04
  3.6099996E+04  5.9316508E+04
  3.6299992E+04  5.8075727E+04
  3.6499992E+04  5.6697316E+04
  3.6699992E+04  5.5479672E+04
  3.6899992E+04  5.4074754E+04
  3.7099996E+04  5.2948621E+04
  3.7299996E+04  5.1930133E+04
  3.7499992E+04  5.0386469E+04
  3.7699996E+04  4.9999059E+04
  3.7899996E+04  4.8961320E+04
  3.8099992E+04  4.8074934E+04
  3.8299996E+04  4.7212023E+04
  3.8499996E+04  4.6318660E+04
  3.8699996E+04  4.5295305E+04
  3.8899992E+04  4.4424941E+04
  3.9099996E+04  4.3624160E+04
  3.9299992E+04  4.2798336E+04
  3.9499992E+04  4.1832410E+04
  3.9699992E+04  4.1103641E+04
  3.9900000E+04  4.0112820E+04
  4.0099996E+04  3.9439582E+04
  4.0299992E+04  3.8812496E+04
  4.0499996E+04  3.7642305E+04
  4.0699992E+04  3.7325574E+04
  4.0899992E+04  3.6648387E+04
  4.1099996E+04  3.6007102E+04
  4.1299996E+04  3.5376496E+04
  4.1499992E+04  3.4653543E+04
  4.1699992E+04  3.4007785E+04
  4.1899996E+04  3.3379188E+04
  4.2099996E+04  3.2652566E+04
  4.2299992E+04  3.2279260E+04
  4.2499996E+04  3.1606990E+04
  4.2699992E+04  3.1102922E+04
  4.2899992E+04  3.0035730E+04
  4.3099996E+04  2.9173537E+04
  4.3299996E+04  2.8872506E+04
  4.3499992E+04  2.7773432E+04
  4.3699996E+04  2.7208094E+04
  4.3899996E+04  2.6900150E+04
  4.4099992E+04  2.5845061E+04
  4.4299992E+04  2.5637180E+04
  4.4499996E+04  2.5266467E+04
  4.4699996E+04  2.4347023E+04
  4.4899996E+04  2.4278234E+04
  4.5099992E+04  2.3817049E+04
  4.5299992E+04  2.3072975E+04
  4.5499996E+04  2.2934270E+04
  4.5699992E+04  2.2676252E+04
  4.5899996E+04  2.1951555E+04
  4.6099996E+04  2.1825314E+04
  4.6299992E+04  2.1456156E+04
  4.6499988E+04  2.1057682E+04
  4.6699992E+04  2.0818967E+04
  4.6899992E+04  2.0551010E+04
  4.7099992E+04  2.0225709E+04
  4.7299992E+04  2.0051662E+04
  4.7499996E+04  1.9661084E+04
  4.7699992E+04  1.9337605E+04
  4.7899992E+04  1.9092721E+04
  4.8099996E+04  1.8694904E+04
  4.8299992E+04  1.8572705E+04
  4.8499992E+04  1.8243670E+04
  4.8700000E+04  1.7928926E+04
  4.8899992E+04  1.7678592E+04
  4.9099988E+04  1.7408289E+04
  4.9299988E+04  1.7140230E+04
  4.9499996E+04  1.6865156E+04
  4.9699992E+04  1.6624459E+04
  4.9899988E+04  1.6379507E+04
  5.0099996E+04  1.6181446E+04
  5.0299996E+04  1.5944324E+04
  5.0499996E+04  1.5621809E+04
  5.0699996E+04  1.5431387E+04
  5.0899992E+04  1.5253648E+04
  5.1099992E+04  1.4958463E+04
  5.1299996E+04  1.4740416E+04
  5.1499988E+04  1.4543769E+04
  5.1699996E+04  1.4417364E+04
  5.1899992E+04  1.4140026E+04
  5.2099992E+04  1.3934521E+04
  5.2299996E+04  1.3720720E+04
  5.2499996E+04  1.3570318E+04
  5.2699996E+04  1.3413255E+04
  5.2899992E+04  1.3140243E+04
  5.3099988E+04  1.2994015E+04
  5.3299988E+04  1.2804781E+04
  5.3499992E+04  1.2646176E+04
  5.3699992E+04  1.2466059E+04
  5.3899992E+04  1.2302269E+04
  5.4099992E+04  1.2132315E+04
  5.4299984E+04  1.1909078E+04
  5.4499988E+04  1.1801156E+04
  5.4699996E+04  1.1626373E+04
  5.4899992E+04  1.1461699E+04
  5.5099992E+04  1.1327519E+04
  5.5299988E+04  1.1213826E+04
  5.5499988E+04  1.0995681E+04
  5.5699992E+04  1.0912120E+04
  5.5899992E+04  1.0716508E+04
  5.6099988E+04  1.0586608E+04
  5.6299996E+04  1.0434149E+04
  5.6499988E+04  1.0337282E+04
  5.6699988E+04  1.0202143E+04
  5.6899992E+04  1.0028614E+04
  5.7099996E+04  9.9356045E+03
  5.7299988E+04  9.7997051E+03
  5.7499988E+04  9.6714883E+03
  5.7699988E+04  9.5401699E+03
  5.7899996E+04  9.4285254E+03
  5.8099988E+04  9.2939736E+03
  5.8299996E+04  9.1812119E+03
  5.8499992E+04  9.0724180E+03
  5.8699988E+04  8.9337305E+03
  5.8899988E+04  8.8103955E+03
  5.9099992E+04  8.6971523E+03
  5.9299988E+04  8.6119092E+03
  5.9499996E+04  8.4848340E+03
  5.9699988E+04  8.4005996E+03
  5.9899992E+04  8.2936709E+03
  6.0099992E+04  8.1872466E+03
  6.0299992E+04  8.0876470E+03
  6.0499988E+04  7.9808452E+03
  6.0699992E+04  7.8777261E+03
  6.0899992E+04  7.7779209E+03
  6.1099988E+04  7.6691616E+03
  6.1299992E+04  7.5900234E+03
  6.1499988E+04  7.5001001E+03
  6.1699988E+04  7.4085083E+03
  6.1899996E+04  7.3215762E+03
  6.2099996E+04  7.2326816E+03
  6.2299988E+04  7.1251699E+03
  6.2499992E+04  7.0432812E+03
  6.2699988E+04  6.9596104E+03
  6.2899996E+04  6.8806646E+03
  6.3099984E+04  6.7869712E+03
  6.3299996E+04  6.7204556E+03
  6.3499984E+04  6.6338120E+03
  6.3699984E+04  6.5569404E+03
  6.3900000E+04  6.4744365E+03
  6.4199992E+04  6.3605996E+03
  6.4599984E+04  6.2051621E+03
  6.4999992E+04  6.0576011E+03
  6.5399992E+04  5.9196938E+03
  6.5799992E+04  5.7838125E+03
  6.6199984E+04  5.6459604E+03
  6.6599984E+04  5.5177861E+03
  6.6999992E+04  5.3892388E+03
  6.7399992E+04  5.2629316E+03
  6.7799992E+04  5.1458599E+03
  6.8199992E+04  5.0282490E+03
  6.8599992E+04  4.9156641E+03
  6.8999984E+04  4.8050293E+03
  6.9399984E+04  4.6965317E+03
  6.9800000E+04  4.5943730E+03
  7.0199992E+04  4.4887295E+03
  7.0599984E+04  4.3932656E+03
  7.0999977E+04  4.2977183E+03
  7.1399977E+04  4.2045469E+03
  7.1799984E+04  4.1134717E+03
  7.2199984E+04  4.0246567E+03
  7.2600000E+04  3.9374714E+03
  7.2999984E+04  3.8554885E+03
  7.3400000E+04  3.7718333E+03
  7.3799984E+04  3.6940520E+03
  7.4199992E+04  3.6143015E+03
  7.4599992E+04  3.5283948E+03
  7.5000000E+04  3.4605859E+03
  7.5399992E+04  3.3934182E+03
  7.5799992E+04  3.3263564E+03
  7.6199984E+04  3.2580474E+03
  7.6599992E+04  3.1922627E+03
  7.6999992E+04  3.1264587E+03
  7.7399992E+04  3.0647341E+03
  7.7799984E+04  3.0034885E+03
  7.8199984E+04  2.9435784E+03
  7.8599984E+04  2.8853386E+03
  7.8999984E+04  2.8283662E+03
  7.9399984E+04  2.7726313E+03
  7.9800000E+04  2.7187554E+03
  8.0199992E+04  2.6647610E+03
  8.0599984E+04  2.6128618E+03
  8.0999992E+04  2.5638059E+03
  8.1399977E+04  2.5130293E+03
  8.1799984E+04  2.4659907E+03
  8.2199984E+04  2.4199141E+03
  8.2599992E+04  2.3737283E+03
  8.2999984E+04  2.3294128E+03
  8.3400000E+04  2.2845894E+03
  8.3799992E+04  2.2425532E+03
  8.4199992E+04  2.2016887E+03
  8.4599977E+04  2.1609695E+03
  8.4999977E+04  2.1213337E+03
  8.5399984E+04  2.0823438E+03
  8.5799984E+04  2.0446526E+03
  8.6199992E+04  2.0073159E+03
  8.6599992E+04  1.9713842E+03
  8.6999984E+04  1.9360769E+03
  8.7399992E+04  1.9013312E+03
  8.7799992E+04  1.8675284E+03
  8.8199984E+04  1.8335814E+03
  8.8599977E+04  1.8014659E+03
  8.8999992E+04  1.7694231E+03
  8.9399977E+04  1.7391074E+03
  8.9799977E+04  1.7079517E+03
  9.0199984E+04  1.6790842E+03
  9.0599984E+04  1.6506594E+03
  9.0999992E+04  1.6211215E+03
  9.1400000E+04  1.5937498E+03
  9.1799969E+04  1.5671068E+03
  9.2199969E+04  1.5407754E+03
  9.2599984E+04  1.5146635E+03
  9.3000000E+04  1.4892911E+03
  9.3399984E+04  1.4641683E+03
  9.3799984E+04  1.4398468E+03
  9.4199977E+04  1.4159272E+03
  9.4599984E+04  1.3924017E+03
  9.4999969E+04  1.3694723E+03
  9.5399984E+04  1.3468768E+03
  9.5799984E+04  1.3251445E+03
  9.6199992E+04  1.3032781E+03
  9.6599984E+04  1.2824146E+03
  9.7000000E+04  1.2617692E+03
  9.7399977E+04  1.2404672E+03
  9.7799984E+04  1.2211636E+03
  9.8199977E+04  1.2019376E+03
  9.8599977E+04  1.1829438E+03
  9.8999992E+04  1.1643323E+03
  9.9399984E+04  1.1457151E+03
  9.9799977E+04  1.1278120E+03
  1.0019999E+05  1.1101948E+03
  1.9999991E+05  7.1672577E+01
  3.9999994E+05  4.4913650E+00
  5.9999981E+05  8.8218367E-01
  7.9999994E+05  2.7735797E-01
