  9.2499988E+02  7.9822291E-07
  9.3499982E+02  1.1309858E-06
  9.4500000E+02  1.6366968E-06
  9.5500000E+02  2.4971921E-06
  9.6499988E+02  3.6485335E-06
  9.7499982E+02  4.9474152E-06
  9.8499976E+02  6.9761022E-06
  9.9499988E+02  9.5250189E-06
  1.0049999E+03  1.4266641E-05
  1.0149997E+03  1.9488212E-05
  1.0249998E+03  2.3183278E-05
  1.0349998E+03  3.7018304E-05
  1.0449998E+03  5.0578376E-05
  1.0549999E+03  6.6954090E-05
  1.0649999E+03  8.8355286E-05
  1.0750000E+03  1.1995473E-04
  1.0849996E+03  1.6084107E-04
  1.0949999E+03  2.0571898E-04
  1.1049999E+03  1.5035999E-03
  1.1149999E+03  2.9159558E-03
  1.1249999E+03  4.4807610E-03
  1.1349996E+03  6.5870020E-03
  1.1449999E+03  8.9776283E-03
  1.1549999E+03  1.0442709E-02
  1.1650000E+03  1.4580787E-02
  1.1749995E+03  1.8728267E-02
  1.1849996E+03  2.0422967E-02
  1.1949998E+03  1.5469797E-02
  1.2049996E+03  1.6646029E-02
  1.2149998E+03  3.2471698E-03
  1.2249996E+03  2.2619683E-02
  1.2349996E+03  4.9830131E-02
  1.2449998E+03  7.4431553E-02
  1.2549996E+03  9.1957323E-02
  1.2650000E+03  9.6401840E-02
  1.2749998E+03  1.2302039E-01
  1.2849995E+03  1.3958451E-01
  1.2949998E+03  1.7343844E-01
  1.3049995E+03  1.7398053E-01
  1.3149998E+03  2.2391899E-01
  1.3249998E+03  2.3226826E-01
  1.3349996E+03  2.6129133E-01
  1.3449995E+03  3.0740094E-01
  1.3549996E+03  3.5614756E-01
  1.3649999E+03  3.7947789E-01
  1.3749999E+03  4.1028416E-01
  1.3849996E+03  4.5746699E-01
  1.3949999E+03  5.1634616E-01
  1.4050001E+03  6.3024676E-01
  1.4149998E+03  7.1740592E-01
  1.4249998E+03  8.2510704E-01
  1.4350000E+03  9.9011964E-01
  1.4419998E+03  1.3171213E+00
  1.4469999E+03  1.1579391E+00
  1.4549994E+03  1.3709763E+00
  1.4650000E+03  1.8057066E+00
  1.4749995E+03  2.0763729E+00
  1.4849996E+03  2.2246344E+00
  1.4949998E+03  2.9662979E+00
  1.5049996E+03  3.6824639E+00
  1.5119995E+03  2.6194990E+00
  1.5169994E+03  3.4749732E+00
  1.5250001E+03  9.5839405E+00
  1.5349994E+03  1.6434938E+01
  1.5449994E+03  1.3393857E+01
  1.5549998E+03  2.2906010E+01
  1.5649999E+03  2.1419054E+01
  1.5750001E+03  4.1085434E+01
  1.5850000E+03  5.0987865E+01
  1.5949996E+03  6.0017567E+01
  1.6049999E+03  6.4082031E+01
  1.6150000E+03  7.0502792E+01
  1.6249996E+03  8.1372223E+01
  1.6350000E+03  9.3262108E+01
  1.6449996E+03  1.3525793E+02
  1.6549999E+03  7.8865646E+01
  1.6649993E+03  1.5589952E+02
  1.6720000E+03  1.0366956E+02
  1.6770001E+03  4.5529517E+02
  1.6849998E+03  5.2190448E+02
  1.6950000E+03  6.7098016E+02
  1.7049995E+03  7.0366998E+02
  1.7150000E+03  6.6784619E+02
  1.7249993E+03  8.6102521E+02
  1.7349994E+03  1.0354509E+03
  1.7449993E+03  1.4325646E+03
  1.7550001E+03  1.9746517E+03
  1.7649998E+03  1.8767572E+03
  1.7749995E+03  2.0292922E+03
  1.7849995E+03  2.6181465E+03
  1.7949999E+03  3.3457893E+03
  1.8050001E+03  3.4050247E+03
  1.8150001E+03  3.2482134E+03
  1.8249994E+03  4.0779099E+03
  1.8349993E+03  4.3691211E+03
  1.8449993E+03  3.3791760E+03
  1.8549998E+03  4.8562202E+03
  1.8650002E+03  5.7162651E+03
  1.8750001E+03  6.2445112E+03
  1.8850000E+03  6.7370815E+03
  1.8950002E+03  8.7608945E+03
  1.9049996E+03  8.5671172E+03
  1.9149999E+03  9.4500049E+03
  1.9249993E+03  9.6207861E+03
  1.9350001E+03  7.0055645E+03
  1.9449993E+03  1.2853461E+04
  1.9550002E+03  1.3305819E+04
  1.9670002E+03  1.7372742E+04
  1.9759990E+03  1.6483514E+04
  1.9839996E+03  2.0456736E+04
  1.9950001E+03  2.1092182E+04
  2.0050002E+03  2.0987264E+04
  2.0149996E+03  2.2397680E+04
  2.0249994E+03  1.9025803E+04
  2.0349995E+03  2.5853176E+04
  2.0449998E+03  3.0018658E+04
  2.0550000E+03  3.0406088E+04
  2.0649993E+03  3.0244855E+04
  2.0739993E+03  3.3984570E+04
  2.0780002E+03  1.0616892E+05
  2.0849993E+03  1.5455056E+05
  2.0950005E+03  1.4300145E+05
  2.1050002E+03  1.4601614E+05
  2.1149990E+03  1.6458200E+05
  2.1250000E+03  1.3980992E+05
  2.1350002E+03  1.3642052E+05
  2.1449998E+03  1.9180450E+05
  2.1550005E+03  1.9285145E+05
  2.1649995E+03  1.6471138E+05
  2.1750002E+03  1.6848806E+05
  2.1849998E+03  2.3373081E+05
  2.1950000E+03  2.2182405E+05
  2.2050000E+03  2.1817394E+05
  2.2149998E+03  1.4949614E+05
  2.2249998E+03  1.9443059E+05
  2.2350005E+03  2.9019566E+05
  2.2449990E+03  2.7333212E+05
  2.2549993E+03  1.9210708E+05
  2.2650000E+03  1.6808311E+05
  2.2750000E+03  2.0935092E+05
  2.2850000E+03  3.1403647E+05
  2.2950002E+03  2.4970689E+05
  2.3050000E+03  3.2839362E+05
  2.3149995E+03  2.4347792E+05
  2.3250000E+03  1.9238689E+05
  2.3349995E+03  1.4543567E+05
  2.3449993E+03  8.7095625E+04
  2.3550000E+03  2.1285384E+05
  2.3649988E+03  1.0307384E+05
  2.3750000E+03  1.4582761E+05
  2.3849990E+03  7.4469445E+04
  2.3950000E+03  1.0161108E+05
  2.4050005E+03  1.0192065E+05
  2.4149993E+03  1.4004220E+05
  2.4249990E+03  3.0001569E+05
  2.4349990E+03  3.2571041E+05
  2.4450000E+03  4.0177547E+05
  2.4549990E+03  4.4018922E+05
  2.4649990E+03  3.4411916E+05
  2.4749993E+03  3.0032878E+05
  2.4850005E+03  1.3480750E+05
  2.4950000E+03  2.1421953E+05
  2.5050005E+03  3.7622700E+05
  2.5129988E+03  1.2401744E+05
  2.5179990E+03  8.9579508E+04
  2.5249998E+03  1.0430495E+05
  2.5350007E+03  2.3093275E+05
  2.5449988E+03  2.6730109E+05
  2.5550000E+03  6.2563525E+05
  2.5649990E+03  3.8709612E+05
  2.5749990E+03  5.2142816E+05
  2.5849993E+03  4.1292112E+05
  2.5949990E+03  3.3761531E+05
  2.6049995E+03  2.5950967E+05
  2.6149998E+03  2.3322747E+05
  2.6249990E+03  3.5287797E+05
  2.6350007E+03  8.1735844E+05
  2.6449995E+03  1.2639579E+06
  2.6549998E+03  1.8191510E+06
  2.6649995E+03  1.0573866E+06
  2.6749988E+03  1.2439275E+06
  2.6849988E+03  1.4557268E+06
  2.6949988E+03  1.0673815E+06
  2.7050000E+03  1.3609606E+06
  2.7150000E+03  9.0227131E+05
  2.7249995E+03  6.6558194E+05
  2.7350007E+03  9.0000169E+05
  2.7450002E+03  3.8399631E+05
  2.7549998E+03  5.8624244E+05
  2.7649983E+03  8.4426219E+05
  2.7750005E+03  9.1289156E+05
  2.7850000E+03  4.7530325E+05
  2.7949993E+03  1.6621155E+05
  2.8049995E+03  2.1415975E+05
  2.8150002E+03  7.5401500E+05
  2.8250007E+03  1.3136465E+06
  2.8350000E+03  1.3420825E+06
  2.8450002E+03  9.4550650E+05
  2.8550005E+03  4.6870766E+05
  2.8650000E+03  1.4611314E+06
  2.8749983E+03  1.9988380E+06
  2.8850000E+03  1.6793882E+06
  2.8949988E+03  2.0094334E+06
  2.9099988E+03  2.6856392E+06
  2.9299983E+03  2.4835295E+06
  2.9499990E+03  2.4500542E+06
  2.9700005E+03  2.6975082E+06
  2.9899980E+03  2.8006498E+06
  3.0099995E+03  2.9146182E+06
  3.0299995E+03  2.9992075E+06
  3.0499995E+03  3.1179045E+06
  3.0699995E+03  2.9989475E+06
  3.0899995E+03  2.9299888E+06
  3.1099995E+03  3.1440455E+06
  3.1299998E+03  2.9575212E+06
  3.1499995E+03  2.8349618E+06
  3.1699995E+03  3.1637800E+06
  3.1899995E+03  2.7756768E+06
  3.2099998E+03  3.1477965E+06
  3.2299993E+03  2.6091362E+06
  3.2499993E+03  3.5569678E+06
  3.2699995E+03  4.0446428E+06
  3.2899995E+03  3.8470000E+06
  3.3099998E+03  3.7473525E+06
  3.3299993E+03  3.8431272E+06
  3.3499995E+03  3.7842835E+06
  3.3699995E+03  2.9800890E+06
  3.3899993E+03  3.4207938E+06
  3.4099993E+03  3.5434260E+06
  3.4299995E+03  3.6415175E+06
  3.4499993E+03  4.0533040E+06
  3.4699998E+03  4.0977612E+06
  3.4899993E+03  4.3583775E+06
  3.5099995E+03  4.5225950E+06
  3.5299995E+03  4.2151150E+06
  3.5499995E+03  4.7725005E+06
  3.5699995E+03  3.8453975E+06
  3.5899995E+03  3.8690265E+06
  3.6099995E+03  4.3038365E+06
  3.6299993E+03  4.3297335E+06
  3.6399993E+03  4.3634120E+06
  3.6499995E+03  4.8383585E+06
  3.6699993E+03  4.7969570E+06
  3.6899995E+03  4.6131205E+06
  3.7099995E+03  5.2795355E+06
  3.7299998E+03  4.2853595E+06
  3.7499993E+03  4.7182390E+06
  3.7699993E+03  5.3861055E+06
  3.7899995E+03  5.4993630E+06
  3.8099993E+03  5.4980970E+06
  3.8299998E+03  3.6261028E+06
  3.8499995E+03  4.5546010E+06
  3.8699995E+03  4.3994835E+06
  3.8899995E+03  5.1605025E+06
  3.9099995E+03  5.8890040E+06
  3.9299993E+03  2.9021688E+06
  3.9499993E+03  4.9629055E+06
  3.9699998E+03  3.4040288E+06
  3.9899995E+03  6.8609005E+06
  4.0099995E+03  7.3258675E+06
  4.0299993E+03  7.4342690E+06
  4.0499993E+03  7.2537640E+06
  4.0699993E+03  7.0702995E+06
  4.0899995E+03  7.9122935E+06
  4.1099995E+03  7.7253020E+06
  4.1299995E+03  7.7732435E+06
  4.1499990E+03  7.9321225E+06
  4.1699990E+03  7.8583840E+06
  4.1899995E+03  7.6378360E+06
  4.2099995E+03  7.6923350E+06
  4.2299995E+03  7.4789085E+06
  4.2499995E+03  7.5319510E+06
  4.2699990E+03  7.1355095E+06
  4.2899995E+03  6.5272895E+06
  4.3100000E+03  5.4203755E+06
  4.3299995E+03  7.7185585E+06
  4.3499995E+03  7.3815590E+06
  4.3699995E+03  8.1397415E+06
  4.3899995E+03  7.4929850E+06
  4.4099995E+03  8.0090240E+06
  4.4299995E+03  8.3668765E+06
  4.4499995E+03  8.2943115E+06
  4.4699995E+03  8.7117960E+06
  4.4899995E+03  8.7446110E+06
  4.5099990E+03  9.6112780E+06
  4.5299995E+03  8.7122130E+06
  4.5499990E+03  8.9358690E+06
  4.5699995E+03  9.5070310E+06
  4.5899990E+03  8.9351210E+06
  4.6099990E+03  9.2016630E+06
  4.6299990E+03  9.0072290E+06
  4.6499990E+03  9.1423030E+06
  4.6699990E+03  9.3528180E+06
  4.6899990E+03  9.1509300E+06
  4.7099995E+03  8.8965940E+06
  4.7299990E+03  9.2886290E+06
  4.7499995E+03  9.4610310E+06
  4.7699995E+03  9.4658060E+06
  4.7899990E+03  9.4233790E+06
  4.8099995E+03  9.2806910E+06
  4.8299995E+03  9.4647950E+06
  4.8499990E+03  8.8527690E+06
  4.8700000E+03  7.9591275E+06
  4.8899990E+03  9.0102370E+06
  4.9099990E+03  8.9683930E+06
  4.9299990E+03  8.8426100E+06
  4.9499995E+03  9.2273270E+06
  4.9699995E+03  9.2302330E+06
  4.9899990E+03  8.6023420E+06
  5.0099995E+03  8.2814905E+06
  5.0299995E+03  8.7087750E+06
  5.0499995E+03  8.7786460E+06
  5.0699995E+03  9.1231160E+06
  5.0899995E+03  8.7553600E+06
  5.1099990E+03  8.8899560E+06
  5.1299995E+03  8.6462700E+06
  5.1499985E+03  8.3904730E+06
  5.1700000E+03  8.0482955E+06
  5.1899990E+03  8.0896065E+06
  5.2099990E+03  8.4832660E+06
  5.2299995E+03  8.5653270E+06
  5.2499995E+03  8.7336470E+06
  5.2699995E+03  7.8989025E+06
  5.2899990E+03  8.6946910E+06
  5.3099995E+03  8.9282050E+06
  5.3299990E+03  8.2102090E+06
  5.3499995E+03  8.7412340E+06
  5.3699995E+03  8.7209230E+06
  5.3899995E+03  8.6039360E+06
  5.4099990E+03  8.3469770E+06
  5.4299990E+03  8.5443390E+06
  5.4499990E+03  8.7760020E+06
  5.4699995E+03  8.5661390E+06
  5.4899995E+03  8.5855860E+06
  5.5099995E+03  8.5104670E+06
  5.5299985E+03  8.5606350E+06
  5.5499990E+03  8.6248990E+06
  5.5699990E+03  8.4392140E+06
  5.5899995E+03  8.3024965E+06
  5.6099990E+03  8.5208780E+06
  5.6299995E+03  8.4924180E+06
  5.6499990E+03  8.4759500E+06
  5.6699990E+03  8.2725935E+06
  5.6899995E+03  8.4144470E+06
  5.7099995E+03  8.2558870E+06
  5.7299990E+03  8.7177970E+06
  5.7499990E+03  8.4308460E+06
  5.7699990E+03  8.5001430E+06
  5.7899995E+03  8.2922835E+06
  5.8099985E+03  8.4369630E+06
  5.8300000E+03  8.5409990E+06
  5.8499990E+03  8.3553360E+06
  5.8699985E+03  8.3729540E+06
  5.8899985E+03  7.9901910E+06
  5.9099995E+03  8.2613970E+06
  5.9299985E+03  8.2426220E+06
  5.9499995E+03  8.2452955E+06
  5.9699990E+03  8.2607535E+06
  5.9899990E+03  8.1616890E+06
  6.0099990E+03  8.0277730E+06
  6.0299995E+03  8.0646445E+06
  6.0499990E+03  8.1901955E+06
  6.0699990E+03  8.1277235E+06
  6.0899995E+03  7.9221595E+06
  6.1099985E+03  7.8575680E+06
  6.1299995E+03  7.6001490E+06
  6.1499985E+03  7.6760040E+06
  6.1699985E+03  7.4997515E+06
  6.1900000E+03  7.8060105E+06
  6.2099995E+03  7.8084670E+06
  6.2299985E+03  7.6010755E+06
  6.2499990E+03  7.3608715E+06
  6.2699985E+03  7.6809190E+06
  6.2900000E+03  7.6813765E+06
  6.3099985E+03  7.4721965E+06
  6.3299995E+03  7.5171920E+06
  6.3499985E+03  7.5145765E+06
  6.3699985E+03  7.4633780E+06
  6.3899995E+03  7.5060415E+06
  6.4099990E+03  7.3180745E+06
  6.4299985E+03  7.3748580E+06
  6.4499985E+03  7.3214960E+06
  6.4699990E+03  7.2772905E+06
  6.4899990E+03  7.1736540E+06
  6.5099985E+03  7.2931210E+06
  6.5299990E+03  7.2745770E+06
  6.5499985E+03  7.0123605E+06
  6.5699985E+03  6.1825755E+06
  6.5899995E+03  7.0884090E+06
  6.6099985E+03  7.1860405E+06
  6.6299990E+03  7.1334080E+06
  6.6499985E+03  7.1104155E+06
  6.6699995E+03  7.0225325E+06
  6.6899990E+03  7.1145290E+06
  6.7099995E+03  6.9538660E+06
  6.7299990E+03  7.0237215E+06
  6.7499995E+03  6.9364360E+06
  6.7699985E+03  6.9384225E+06
  6.7899995E+03  6.8844500E+06
  6.8099995E+03  6.8477280E+06
  6.8300000E+03  6.8592055E+06
  6.8499985E+03  6.7085755E+06
  6.8699985E+03  6.7723035E+06
  6.8899985E+03  6.7753415E+06
  6.9099990E+03  6.7074575E+06
  6.9299995E+03  6.6863685E+06
  6.9499990E+03  6.6490345E+06
  6.9699985E+03  6.6326460E+06
  6.9899985E+03  6.6072360E+06
  7.0099985E+03  6.4083610E+06
  7.0299985E+03  6.4947555E+06
  7.0499990E+03  6.5057095E+06
  7.0699980E+03  6.4406935E+06
  7.0899990E+03  6.4027560E+06
  7.1099990E+03  6.3924220E+06
  7.1299995E+03  6.3134055E+06
  7.1499990E+03  6.2796830E+06
  7.1699995E+03  6.2537120E+06
  7.1899985E+03  6.0923150E+06
  7.2099985E+03  6.1921260E+06
  7.2299980E+03  6.1692320E+06
  7.2499990E+03  6.1931520E+06
  7.2699995E+03  6.1630430E+06
  7.2899990E+03  5.9950110E+06
  7.3099980E+03  6.0628580E+06
  7.3299980E+03  6.0547095E+06
  7.3499980E+03  6.0463510E+06
  7.3699985E+03  6.0464550E+06
  7.3899995E+03  5.8935315E+06
  7.4099985E+03  5.7792220E+06
  7.4299995E+03  5.8645030E+06
  7.4500000E+03  5.8694395E+06
  7.4700000E+03  5.8892280E+06
  7.4899990E+03  5.8331750E+06
  7.5099985E+03  5.8231225E+06
  7.5299995E+03  5.8162145E+06
  7.5499980E+03  5.8218585E+06
  7.5699985E+03  5.7594490E+06
  7.5899990E+03  5.7334510E+06
  7.6099980E+03  5.6980865E+06
  7.6299995E+03  5.6997660E+06
  7.6499995E+03  5.6770190E+06
  7.6699980E+03  5.5310950E+06
  7.6899990E+03  5.6228290E+06
  7.7099995E+03  5.5322195E+06
  7.7299985E+03  5.5404510E+06
  7.7499990E+03  5.4709960E+06
  7.7700000E+03  5.5047055E+06
  7.7900000E+03  5.5158975E+06
  7.8099995E+03  5.4768755E+06
  7.8299980E+03  5.4175955E+06
  7.8499980E+03  5.3800595E+06
  7.8699995E+03  5.4197170E+06
  7.8900000E+03  5.3851940E+06
  7.9099995E+03  5.3065760E+06
  7.9300000E+03  5.2252055E+06
  7.9499985E+03  5.2151035E+06
  7.9699990E+03  5.2784585E+06
  7.9900000E+03  5.2700050E+06
  8.0099980E+03  5.1938130E+06
  8.0299985E+03  5.1745165E+06
  8.0500000E+03  5.1338935E+06
  8.0699985E+03  5.1505940E+06
  8.0899990E+03  5.0579830E+06
  8.1099995E+03  5.0991655E+06
  8.1299976E+03  5.0988475E+06
  8.1499976E+03  5.0596735E+06
  8.1699980E+03  5.0397290E+06
  8.1899985E+03  4.9029830E+06
  8.2099990E+03  4.8979035E+06
  8.2300000E+03  4.8855275E+06
  8.2500000E+03  4.8965745E+06
  8.2700000E+03  4.9348885E+06
  8.2899980E+03  4.9015150E+06
  8.3099990E+03  4.8054460E+06
  8.3299980E+03  4.7632340E+06
  8.3500000E+03  4.7815600E+06
  8.3699990E+03  4.7834215E+06
  8.3899990E+03  4.6989885E+06
  8.4099971E+03  4.7449005E+06
  8.4300000E+03  4.6573620E+06
  8.4499990E+03  4.6710635E+06
  8.4699980E+03  4.6217770E+06
  8.4899980E+03  4.6497840E+06
  8.5099990E+03  4.4251775E+06
  8.5299990E+03  4.6351165E+06
  8.5499990E+03  4.3114625E+06
  8.5699990E+03  4.6336005E+06
  8.5900000E+03  4.5045230E+06
  8.6099980E+03  4.4734595E+06
  8.6299990E+03  4.5485540E+06
  8.6499990E+03  4.5327805E+06
  8.6699990E+03  4.1398150E+06
  8.6899990E+03  4.3855855E+06
  8.7099971E+03  4.4312680E+06
  8.7299990E+03  4.4205760E+06
  8.7499980E+03  4.2636480E+06
  8.7699980E+03  4.4020430E+06
  8.7899980E+03  4.3626760E+06
  8.8099990E+03  4.2807615E+06
  8.8299980E+03  4.3148325E+06
  8.8499980E+03  4.2914080E+06
  8.8699980E+03  4.1250750E+06
  8.8899990E+03  4.2878650E+06
  8.9099971E+03  4.2903255E+06
  8.9299980E+03  4.2018710E+06
  8.9499980E+03  4.2042770E+06
  8.9699990E+03  4.2023110E+06
  8.9899990E+03  4.1951015E+06
  9.0099980E+03  3.9613552E+06
  9.0299990E+03  4.1173140E+06
  9.0499990E+03  4.1808735E+06
  9.0699980E+03  4.0831852E+06
  9.0899990E+03  3.9740488E+06
  9.1099980E+03  4.0206248E+06
  9.1299980E+03  4.0807195E+06
  9.1499980E+03  4.0589852E+06
  9.1699980E+03  4.0395070E+06
  9.1899990E+03  4.0539265E+06
  9.2099990E+03  3.9470675E+06
  9.2299980E+03  3.8050125E+06
  9.2499980E+03  3.8921352E+06
  9.2699971E+03  3.9245922E+06
  9.2899990E+03  3.9382235E+06
  9.3099980E+03  3.9370560E+06
  9.3299990E+03  3.9031858E+06
  9.3499980E+03  3.8887902E+06
  9.3699990E+03  3.8604920E+06
  9.3900000E+03  3.8586332E+06
  9.4099980E+03  3.7078062E+06
  9.4299971E+03  3.8094058E+06
  9.4499990E+03  3.7539790E+06
  9.4700000E+03  3.7976640E+06
  9.4899980E+03  3.7976130E+06
  9.5100000E+03  3.7589530E+06
  9.5300000E+03  3.7305822E+06
  9.5500000E+03  3.5590792E+06
  9.5699990E+03  3.6781548E+06
  9.5899980E+03  3.7072752E+06
  9.6099980E+03  3.6566965E+06
  9.6299990E+03  3.6155640E+06
  9.6499990E+03  3.6043555E+06
  9.6699980E+03  3.5831368E+06
  9.6899980E+03  3.6077615E+06
  9.7100000E+03  3.5914742E+06
  9.7299990E+03  3.5817000E+06
  9.7499980E+03  3.5344452E+06
  9.7699961E+03  3.5330550E+06
  9.7899980E+03  3.5097102E+06
  9.8099980E+03  3.5208205E+06
  9.8299990E+03  3.5039345E+06
  9.8499980E+03  3.4906910E+06
  9.8700000E+03  3.4567182E+06
  9.8899980E+03  3.4392482E+06
  9.9099990E+03  3.4272978E+06
  9.9300000E+03  3.4371168E+06
  9.9499980E+03  3.4256735E+06
  9.9699980E+03  3.4127772E+06
  9.9899990E+03  3.3933878E+06
  1.0024998E+04  3.3488932E+06
  1.0074998E+04  3.2733142E+06
  1.0124997E+04  3.2858255E+06
  1.0174997E+04  3.2321062E+06
  1.0224998E+04  3.2146982E+06
  1.0274997E+04  3.2006522E+06
  1.0325000E+04  3.1371795E+06
  1.0374999E+04  3.1058598E+06
  1.0425000E+04  3.0910788E+06
  1.0474998E+04  3.0330408E+06
  1.0524997E+04  3.0211945E+06
  1.0574999E+04  2.9869650E+06
  1.0625000E+04  2.9472045E+06
  1.0674997E+04  2.8726515E+06
  1.0724998E+04  2.8724252E+06
  1.0774999E+04  2.8368075E+06
  1.0824997E+04  2.7875152E+06
  1.0874997E+04  2.7676758E+06
  1.0924999E+04  2.7097305E+06
  1.0974996E+04  2.7067420E+06
  1.1025000E+04  2.7203362E+06
  1.1074998E+04  2.7020035E+06
  1.1124999E+04  2.6647420E+06
  1.1174998E+04  2.6313870E+06
  1.1224999E+04  2.6196872E+06
  1.1274997E+04  2.5592245E+06
  1.1325000E+04  2.5423442E+06
  1.1375000E+04  2.5237118E+06
  1.1425000E+04  2.4803418E+06
  1.1474997E+04  2.4978000E+06
  1.1525000E+04  2.4724292E+06
  1.1574998E+04  2.4341608E+06
  1.1625000E+04  2.3882878E+06
  1.1674998E+04  2.3704462E+06
  1.1724997E+04  2.3812938E+06
  1.1775001E+04  2.3201645E+06
  1.1824999E+04  2.3044388E+06
  1.1875000E+04  2.2687765E+06
  1.1925000E+04  2.2954105E+06
  1.1975001E+04  2.2176180E+06
  1.2024998E+04  2.2316782E+06
  1.2074996E+04  2.2000322E+06
  1.2125000E+04  2.1916610E+06
  1.2175000E+04  2.1884125E+06
  1.2225001E+04  2.1657830E+06
  1.2275001E+04  2.1372990E+06
  1.2324996E+04  2.1219042E+06
  1.2374996E+04  2.1019385E+06
  1.2424998E+04  2.0813458E+06
  1.2475000E+04  2.0686888E+06
  1.2524997E+04  2.0428644E+06
  1.2574997E+04  2.0221961E+06
  1.2624999E+04  2.0067534E+06
  1.2674997E+04  1.9826986E+06
  1.2724999E+04  1.9772216E+06
  1.2774999E+04  1.9604355E+06
  1.2825000E+04  1.8454304E+06
  1.2875001E+04  1.9159411E+06
  1.2924997E+04  1.8985540E+06
  1.2975001E+04  1.8930566E+06
  1.3024998E+04  1.8641169E+06
  1.3074999E+04  1.8597374E+06
  1.3125000E+04  1.8286459E+06
  1.3174998E+04  1.8093891E+06
  1.3224998E+04  1.8092386E+06
  1.3274997E+04  1.7773364E+06
  1.3324997E+04  1.7725099E+06
  1.3374999E+04  1.7535328E+06
  1.3424999E+04  1.7496089E+06
  1.3474999E+04  1.7320426E+06
  1.3525001E+04  1.7163765E+06
  1.3574999E+04  1.6857256E+06
  1.3624997E+04  1.6791600E+06
  1.3674997E+04  1.6650702E+06
  1.3724995E+04  1.6467215E+06
  1.3774998E+04  1.6371506E+06
  1.3824998E+04  1.6271236E+06
  1.3874996E+04  1.6165142E+06
  1.3925000E+04  1.6024968E+06
  1.3974996E+04  1.5904534E+06
  1.4024997E+04  1.5663010E+06
  1.4075001E+04  1.5641486E+06
  1.4124996E+04  1.5394435E+06
  1.4175000E+04  1.5417075E+06
  1.4225000E+04  1.5083422E+06
  1.4274994E+04  1.4879788E+06
  1.4325001E+04  1.4964260E+06
  1.4374998E+04  1.4937831E+06
  1.4424999E+04  1.4358651E+06
  1.4475000E+04  1.4638826E+06
  1.4524997E+04  1.4282158E+06
  1.4569999E+04  1.4349529E+06
  1.4620000E+04  1.4258594E+06
  1.4674998E+04  1.4235014E+06
  1.4725000E+04  1.3947204E+06
  1.4775002E+04  1.3822242E+06
  1.4824998E+04  1.3755571E+06
  1.4874996E+04  1.3469835E+06
  1.4924997E+04  1.3633252E+06
  1.4974999E+04  1.3376715E+06
  1.5024999E+04  1.3110941E+06
  1.5075000E+04  1.2961119E+06
  1.5124999E+04  1.3058692E+06
  1.5175000E+04  1.2990121E+06
  1.5225002E+04  1.2778818E+06
  1.5274998E+04  1.2764246E+06
  1.5324995E+04  1.2605704E+06
  1.5374997E+04  1.2553809E+06
  1.5425001E+04  1.2401138E+06
  1.5474996E+04  1.2353386E+06
  1.5524994E+04  1.2175632E+06
  1.5575001E+04  1.1951124E+06
  1.5624998E+04  1.2162242E+06
  1.5674997E+04  1.1765704E+06
  1.5724994E+04  1.1723914E+06
  1.5774996E+04  1.1516940E+06
  1.5825001E+04  1.1579962E+06
  1.5874995E+04  1.0984681E+06
  1.5925002E+04  1.1308422E+06
  1.5975001E+04  1.1394520E+06
  1.6049998E+04  1.1173480E+06
  1.6150001E+04  1.0810640E+06
  1.6249997E+04  1.0895141E+06
  1.6350000E+04  1.0584419E+06
  1.6449996E+04  1.0201078E+06
  1.6549998E+04  1.0300853E+06
  1.6649994E+04  1.0122459E+06
  1.6749998E+04  9.7853594E+05
  1.6849998E+04  9.3777750E+05
  1.6950000E+04  9.5658931E+05
  1.7049996E+04  9.2618275E+05
  1.7150000E+04  9.1390150E+05
  1.7249992E+04  8.8633381E+05
  1.7349994E+04  8.3783712E+05
  1.7449992E+04  8.5016069E+05
  1.7550000E+04  8.3976525E+05
  1.7649998E+04  8.2329881E+05
  1.7749994E+04  8.0702975E+05
  1.7849994E+04  7.9399262E+05
  1.7949998E+04  7.7970988E+05
  1.8050002E+04  7.6135781E+05
  1.8150002E+04  7.2286844E+05
  1.8249994E+04  7.2651756E+05
  1.8349992E+04  7.1860962E+05
  1.8449992E+04  7.0036025E+05
  1.8549998E+04  6.9112112E+05
  1.8650002E+04  6.7197744E+05
  1.8750002E+04  6.3293812E+05
  1.8850000E+04  6.4986306E+05
  1.8950004E+04  6.2692900E+05
  1.9049996E+04  6.3006088E+05
  1.9149998E+04  6.1657362E+05
  1.9249992E+04  6.0583338E+05
  1.9350000E+04  5.8988781E+05
  1.9449992E+04  5.5895181E+05
  1.9550002E+04  5.7187725E+05
  1.9649992E+04  5.6113506E+05
  1.9749992E+04  5.5001012E+05
  1.9849992E+04  5.4232156E+05
  1.9950002E+04  5.3291281E+05
  2.0050002E+04  5.2580162E+05
  2.0149996E+04  5.1852684E+05
  2.0249994E+04  5.0492012E+05
  2.0349994E+04  4.9347459E+05
  2.0449996E+04  4.9130862E+05
  2.0550000E+04  4.8172116E+05
  2.0649992E+04  4.7079456E+05
  2.0749998E+04  4.6388753E+05
  2.0849992E+04  4.5630294E+05
  2.0950004E+04  4.4617144E+05
  2.1050002E+04  4.4155978E+05
  2.1149992E+04  4.3320044E+05
  2.1250000E+04  4.2564522E+05
  2.1350002E+04  4.1974966E+05
  2.1449996E+04  4.1316781E+05
  2.1550006E+04  4.0595906E+05
  2.1649994E+04  3.8390869E+05
  2.1750002E+04  3.8996662E+05
  2.1849998E+04  3.8436169E+05
  2.1950002E+04  3.8024962E+05
  2.2050000E+04  3.7118316E+05
  2.2149996E+04  3.6704072E+05
  2.2249998E+04  3.6084188E+05
  2.2350004E+04  3.5505566E+05
  2.2449990E+04  3.4937362E+05
  2.2549994E+04  3.4291816E+05
  2.2650000E+04  3.3745866E+05
  2.2750000E+04  3.3305000E+05
  2.2850000E+04  3.2649750E+05
  2.2950004E+04  3.1945250E+05
  2.3050000E+04  3.1709806E+05
  2.3149996E+04  3.1154572E+05
  2.3250000E+04  3.0285691E+05
  2.3349996E+04  3.0006119E+05
  2.3449994E+04  2.9750072E+05
  2.3550002E+04  2.8740534E+05
  2.3649988E+04  2.8677197E+05
  2.3750000E+04  2.8235816E+05
  2.3849990E+04  2.7357784E+05
  2.3950002E+04  2.7302512E+05
  2.4050006E+04  2.6924819E+05
  2.4149992E+04  2.6228847E+05
  2.4249990E+04  2.6013619E+05
  2.4349990E+04  2.5618672E+05
  2.4450002E+04  2.5161848E+05
  2.4549990E+04  2.4688525E+05
  2.4649992E+04  2.4601453E+05
  2.4749992E+04  2.4102319E+05
  2.4850006E+04  2.3622575E+05
  2.4950000E+04  2.3374902E+05
  2.5050006E+04  2.3276294E+05
  2.5149994E+04  2.2745538E+05
  2.5249998E+04  2.2456997E+05
  2.5350004E+04  2.2210397E+05
  2.5449988E+04  2.1845450E+05
  2.5549998E+04  2.1496439E+05
  2.5649990E+04  2.1060039E+05
  2.5749990E+04  2.1037689E+05
  2.5849994E+04  2.0487347E+05
  2.5949990E+04  2.0393536E+05
  2.6049996E+04  2.0130111E+05
  2.6149998E+04  1.9664069E+05
  2.6249988E+04  1.8907673E+05
  2.6350008E+04  1.9256538E+05
  2.6449996E+04  1.8954519E+05
  2.6549994E+04  1.8725427E+05
  2.6649994E+04  1.8338505E+05
  2.6749988E+04  1.8086359E+05
  2.6849986E+04  1.8062675E+05
  2.6949986E+04  1.7810098E+05
  2.7050002E+04  1.7577722E+05
  2.7149998E+04  1.7329397E+05
  2.7249994E+04  1.7098950E+05
  2.7350006E+04  1.6887498E+05
  2.7450004E+04  1.6684186E+05
  2.7549996E+04  1.6211384E+05
  2.7649982E+04  1.6121452E+05
  2.7750004E+04  1.5975603E+05
  2.7850000E+04  1.5782402E+05
  2.7949992E+04  1.5608434E+05
  2.8049994E+04  1.5392958E+05
  2.8150002E+04  1.5199156E+05
  2.8250006E+04  1.4990244E+05
  2.8350000E+04  1.4820469E+05
  2.8450000E+04  1.4577298E+05
  2.8550002E+04  1.4414348E+05
  2.8650002E+04  1.4190895E+05
  2.8749982E+04  1.3781978E+05
  2.8849998E+04  1.3846817E+05
  2.8949986E+04  1.3692000E+05
  2.9049994E+04  1.3517086E+05
  2.9149986E+04  1.3336727E+05
  2.9249984E+04  1.3138692E+05
  2.9349980E+04  1.3008643E+05
  2.9450000E+04  1.2810535E+05
  2.9550004E+04  1.2676948E+05
  2.9649982E+04  1.2527320E+05
  2.9749992E+04  1.2366620E+05
  2.9849994E+04  1.2212019E+05
  2.9949984E+04  1.2037796E+05
  3.0049996E+04  1.1890631E+05
  3.0149994E+04  1.1757596E+05
  3.0249994E+04  1.1599295E+05
  3.0349996E+04  1.1247321E+05
  3.0449996E+04  1.1256862E+05
  3.0549996E+04  1.1172389E+05
  3.0649996E+04  1.1024212E+05
  3.0749994E+04  1.0919958E+05
  3.0849996E+04  1.0755462E+05
  3.0949994E+04  1.0633766E+05
  3.1049996E+04  1.0526305E+05
  3.1149996E+04  1.0326045E+05
  3.1249996E+04  1.0258135E+05
  3.1349996E+04  1.0148332E+05
  3.1449996E+04  1.0026004E+05
  3.1549998E+04  9.8781477E+04
  3.1649996E+04  9.7808508E+04
  3.1749998E+04  9.6662656E+04
  3.1849996E+04  9.5566414E+04
  3.1949994E+04  9.4566875E+04
  3.2099996E+04  9.2727219E+04
  3.2299992E+04  9.0683328E+04
  3.2499994E+04  8.8504211E+04
  3.2699996E+04  8.6424289E+04
  3.2899996E+04  8.3333680E+04
  3.3099996E+04  8.2381242E+04
  3.3299992E+04  8.0501156E+04
  3.3499996E+04  7.8891555E+04
  3.3699996E+04  7.6989305E+04
  3.3899996E+04  7.5182055E+04
  3.4099996E+04  7.3424742E+04
  3.4299996E+04  7.2087438E+04
  3.4499992E+04  7.0630547E+04
  3.4699996E+04  6.9011469E+04
  3.4899996E+04  6.7548492E+04
  3.5099996E+04  6.6126523E+04
  3.5299996E+04  6.4590250E+04
  3.5499996E+04  6.3302516E+04
  3.5699992E+04  6.1853301E+04
  3.5899992E+04  6.0563887E+04
  3.6099996E+04  5.9403234E+04
  3.6299992E+04  5.8172934E+04
  3.6499992E+04  5.6762355E+04
  3.6699992E+04  5.5585965E+04
  3.6899992E+04  5.4116258E+04
  3.7099996E+04  5.3036207E+04
  3.7299996E+04  5.1992406E+04
  3.7499992E+04  5.0330207E+04
  3.7699996E+04  5.0083875E+04
  3.7899996E+04  4.9050492E+04
  3.8099992E+04  4.8119051E+04
  3.8299996E+04  4.7276227E+04
  3.8499996E+04  4.6417789E+04
  3.8699996E+04  4.5395922E+04
  3.8899992E+04  4.4504609E+04
  3.9099996E+04  4.3641410E+04
  3.9299992E+04  4.2891027E+04
  3.9499992E+04  4.1924164E+04
  3.9699992E+04  4.1196863E+04
  3.9900000E+04  4.0183816E+04
  4.0099996E+04  3.9486441E+04
  4.0299992E+04  3.8849613E+04
  4.0499996E+04  3.7720391E+04
  4.0699992E+04  3.7407453E+04
  4.0899992E+04  3.6720453E+04
  4.1099996E+04  3.6098539E+04
  4.1299996E+04  3.5464844E+04
  4.1499992E+04  3.4730105E+04
  4.1699992E+04  3.4012117E+04
  4.1899996E+04  3.3467168E+04
  4.2099996E+04  3.2750340E+04
  4.2299992E+04  3.2363479E+04
  4.2499996E+04  3.1690420E+04
  4.2699992E+04  3.1183504E+04
  4.2899992E+04  3.0113512E+04
  4.3099996E+04  2.9278996E+04
  4.3299996E+04  2.8983023E+04
  4.3499992E+04  2.7874969E+04
  4.3699996E+04  2.7281088E+04
  4.3899996E+04  2.7040896E+04
  4.4099992E+04  2.5970975E+04
  4.4299992E+04  2.5802271E+04
  4.4499996E+04  2.5424371E+04
  4.4699996E+04  2.4467693E+04
  4.4899996E+04  2.4437074E+04
  4.5099992E+04  2.3991150E+04
  4.5299992E+04  2.3203320E+04
  4.5499996E+04  2.3065291E+04
  4.5699992E+04  2.2804324E+04
  4.5899996E+04  2.2055268E+04
  4.6099996E+04  2.1944086E+04
  4.6299992E+04  2.1566873E+04
  4.6499988E+04  2.1137830E+04
  4.6699992E+04  2.0860424E+04
  4.6899992E+04  2.0633221E+04
  4.7099992E+04  2.0310619E+04
  4.7299992E+04  2.0124068E+04
  4.7499996E+04  1.9736223E+04
  4.7699992E+04  1.9405490E+04
  4.7899992E+04  1.9164967E+04
  4.8099996E+04  1.8763297E+04
  4.8299992E+04  1.8635682E+04
  4.8499992E+04  1.8312537E+04
  4.8700000E+04  1.7998818E+04
  4.8899992E+04  1.7741611E+04
  4.9099988E+04  1.7466107E+04
  4.9299988E+04  1.7208430E+04
  4.9499996E+04  1.6932807E+04
  4.9699992E+04  1.6686990E+04
  4.9899988E+04  1.6438512E+04
  5.0099996E+04  1.6244485E+04
  5.0299996E+04  1.6005373E+04
  5.0499996E+04  1.5685331E+04
  5.0699996E+04  1.5491476E+04
  5.0899992E+04  1.5305997E+04
  5.1099992E+04  1.5016175E+04
  5.1299996E+04  1.4757593E+04
  5.1499988E+04  1.4597745E+04
  5.1699996E+04  1.4470923E+04
  5.1899992E+04  1.4188979E+04
  5.2099992E+04  1.3974771E+04
  5.2299996E+04  1.3762866E+04
  5.2499996E+04  1.3615286E+04
  5.2699996E+04  1.3458696E+04
  5.2899992E+04  1.3183997E+04
  5.3099988E+04  1.3036637E+04
  5.3299988E+04  1.2846289E+04
  5.3499992E+04  1.2682897E+04
  5.3699992E+04  1.2506689E+04
  5.3899992E+04  1.2339355E+04
  5.4099992E+04  1.2169643E+04
  5.4299984E+04  1.1941788E+04
  5.4499988E+04  1.1837052E+04
  5.4699996E+04  1.1659361E+04
  5.4899992E+04  1.1493447E+04
  5.5099992E+04  1.1357299E+04
  5.5299988E+04  1.1244378E+04
  5.5499988E+04  1.1025400E+04
  5.5699992E+04  1.0941750E+04
  5.5899992E+04  1.0745323E+04
  5.6099988E+04  1.0614380E+04
  5.6299996E+04  1.0459821E+04
  5.6499988E+04  1.0365488E+04
  5.6699988E+04  1.0226282E+04
  5.6899992E+04  1.0052817E+04
  5.7099996E+04  9.9588301E+03
  5.7299988E+04  9.8262100E+03
  5.7499988E+04  9.6958721E+03
  5.7699988E+04  9.5624629E+03
  5.7899996E+04  9.4508867E+03
  5.8099988E+04  9.3155137E+03
  5.8299996E+04  9.2036016E+03
  5.8499992E+04  9.0945459E+03
  5.8699988E+04  8.9548320E+03
  5.8899988E+04  8.8303770E+03
  5.9099992E+04  8.6984463E+03
  5.9299988E+04  8.6316221E+03
  5.9499996E+04  8.5011162E+03
  5.9699988E+04  8.4199424E+03
  5.9899992E+04  8.3125703E+03
  6.0099992E+04  8.2072725E+03
  6.0299992E+04  8.1061929E+03
  6.0499988E+04  7.9995771E+03
  6.0699992E+04  7.8954150E+03
  6.0899992E+04  7.7965098E+03
  6.1099988E+04  7.6858120E+03
  6.1299992E+04  7.6080698E+03
  6.1499988E+04  7.5177300E+03
  6.1699988E+04  7.4268154E+03
  6.1899996E+04  7.3392749E+03
  6.2099996E+04  7.2501675E+03
  6.2299988E+04  7.1414766E+03
  6.2499992E+04  7.0608345E+03
  6.2699988E+04  6.9771465E+03
  6.2899996E+04  6.8969473E+03
  6.3099984E+04  6.8018267E+03
  6.3299996E+04  6.7366270E+03
  6.3499984E+04  6.6495083E+03
  6.3699984E+04  6.5734658E+03
  6.3900000E+04  6.4898447E+03
  6.4199992E+04  6.3761387E+03
  6.4599984E+04  6.2202378E+03
  6.4999992E+04  6.0721353E+03
  6.5399992E+04  5.9339634E+03
  6.5799992E+04  5.7973862E+03
  6.6199984E+04  5.6593706E+03
  6.6599984E+04  5.5312061E+03
  6.6999992E+04  5.4023311E+03
  6.7399992E+04  5.2756196E+03
  6.7799992E+04  5.1582349E+03
  6.8199992E+04  5.0403979E+03
  6.8599992E+04  4.9274316E+03
  6.8999984E+04  4.8165034E+03
  6.9399984E+04  4.7074048E+03
  6.9800000E+04  4.6052759E+03
  7.0199992E+04  4.4992788E+03
  7.0599984E+04  4.4037710E+03
  7.0999977E+04  4.3080317E+03
  7.1399977E+04  4.2146714E+03
  7.1799984E+04  4.1228989E+03
  7.2199984E+04  4.0334016E+03
  7.2600000E+04  3.9464065E+03
  7.2999984E+04  3.8647493E+03
  7.3400000E+04  3.7806440E+03
  7.3799984E+04  3.7028367E+03
  7.4199992E+04  3.6226489E+03
  7.4599992E+04  3.5369919E+03
  7.5000000E+04  3.4654751E+03
  7.5399992E+04  3.4012373E+03
  7.5799992E+04  3.3340935E+03
  7.6199984E+04  3.2655088E+03
  7.6599992E+04  3.1997747E+03
  7.6999992E+04  3.1334482E+03
  7.7399992E+04  3.0716514E+03
  7.7799984E+04  3.0104600E+03
  7.8199984E+04  2.9504165E+03
  7.8599984E+04  2.8920464E+03
  7.8999984E+04  2.8348855E+03
  7.9399984E+04  2.7789058E+03
  7.9800000E+04  2.7250264E+03
  8.0199992E+04  2.6707935E+03
  8.0599984E+04  2.6188347E+03
  8.0999992E+04  2.5696628E+03
  8.1399977E+04  2.5187151E+03
  8.1799984E+04  2.4713955E+03
  8.2199984E+04  2.4254341E+03
  8.2599992E+04  2.3790842E+03
  8.2999984E+04  2.3347175E+03
  8.3400000E+04  2.2895725E+03
  8.3799992E+04  2.2475959E+03
  8.4199992E+04  2.2065776E+03
  8.4599977E+04  2.1658650E+03
  8.4999977E+04  2.1260791E+03
  8.5399984E+04  2.0870444E+03
  8.5799984E+04  2.0492583E+03
  8.6199992E+04  2.0117777E+03
  8.6599992E+04  1.9758047E+03
  8.6999984E+04  1.9404071E+03
  8.7399992E+04  1.9055729E+03
  8.7799992E+04  1.8716825E+03
  8.8199984E+04  1.8376493E+03
  8.8599977E+04  1.8054971E+03
  8.8999992E+04  1.7733707E+03
  8.9399977E+04  1.7429724E+03
  8.9799977E+04  1.7116422E+03
  9.0199984E+04  1.6826960E+03
  9.0599984E+04  1.6543772E+03
  9.0999992E+04  1.6246245E+03
  9.1400000E+04  1.5972222E+03
  9.1799969E+04  1.5705936E+03
  9.2199969E+04  1.5442321E+03
  9.2599984E+04  1.5180024E+03
  9.3000000E+04  1.4926016E+03
  9.3399984E+04  1.4673640E+03
  9.3799984E+04  1.4430581E+03
  9.4199977E+04  1.4190688E+03
  9.4599984E+04  1.3955168E+03
  9.4999969E+04  1.3724779E+03
  9.5399984E+04  1.3497330E+03
  9.5799984E+04  1.3280590E+03
  9.6199992E+04  1.3060870E+03
  9.6599984E+04  1.2852809E+03
  9.7000000E+04  1.2645720E+03
  9.7399977E+04  1.2431675E+03
  9.7799984E+04  1.2238419E+03
  9.8199977E+04  1.2045551E+03
  9.8599977E+04  1.1855791E+03
  9.8999992E+04  1.1669462E+03
  9.9399984E+04  1.1481935E+03
  9.9799977E+04  1.1302706E+03
  1.0019999E+05  1.1125964E+03
  1.9999991E+05  7.1836456E+01
  3.9999994E+05  4.5007834E+00
  5.9999981E+05  8.8386852E-01
  7.9999994E+05  2.7785835E-01
