  9.2499988E+02  2.2032697E-07
  9.3499982E+02  3.1738278E-07
  9.4500000E+02  4.6012454E-07
  9.5500000E+02  7.0775945E-07
  9.6499988E+02  1.0376873E-06
  9.7499982E+02  1.4209752E-06
  9.8499976E+02  2.0217340E-06
  9.9499988E+02  2.7739034E-06
  1.0049999E+03  4.1577628E-06
  1.0149997E+03  5.7367965E-06
  1.0249998E+03  6.9306357E-06
  1.0349998E+03  1.0883579E-05
  1.0449998E+03  1.4870961E-05
  1.0549999E+03  2.0080812E-05
  1.0649999E+03  2.6396310E-05
  1.0750000E+03  3.5882749E-05
  1.0849996E+03  4.8066711E-05
  1.0949999E+03  6.2208361E-05
  1.1049999E+03  8.9411333E-04
  1.1149999E+03  2.0287782E-03
  1.1249999E+03  3.2168727E-03
  1.1349996E+03  4.5811301E-03
  1.1449999E+03  6.3712941E-03
  1.1549999E+03  7.2326311E-03
  1.1650000E+03  1.0364409E-02
  1.1749995E+03  1.2991962E-02
  1.1849996E+03  1.3392814E-02
  1.1949998E+03  7.9991082E-03
  1.2049996E+03  8.0020707E-03
  1.2149998E+03  1.3129548E-03
  1.2249996E+03  1.0872009E-02
  1.2349996E+03  2.9892150E-02
  1.2449998E+03  5.7206616E-02
  1.2549996E+03  7.8265980E-02
  1.2650000E+03  7.9093397E-02
  1.2749998E+03  1.1080040E-01
  1.2849995E+03  1.2997010E-01
  1.2949998E+03  1.6574439E-01
  1.3049995E+03  1.5363768E-01
  1.3149998E+03  2.1288426E-01
  1.3249998E+03  2.2211832E-01
  1.3349996E+03  2.5440022E-01
  1.3449995E+03  2.9794630E-01
  1.3549996E+03  3.4155861E-01
  1.3649999E+03  3.6398980E-01
  1.3749999E+03  3.9241013E-01
  1.3849996E+03  4.4387636E-01
  1.3949999E+03  5.0378203E-01
  1.4050001E+03  6.1301345E-01
  1.4149998E+03  6.9478947E-01
  1.4249998E+03  7.8809470E-01
  1.4350000E+03  9.3955255E-01
  1.4419998E+03  1.2845638E+00
  1.4469999E+03  1.1156024E+00
  1.4549994E+03  1.3318620E+00
  1.4650000E+03  1.7590150E+00
  1.4749995E+03  2.0192297E+00
  1.4849996E+03  2.1742375E+00
  1.4949998E+03  2.9239895E+00
  1.5049996E+03  3.6518600E+00
  1.5119995E+03  2.5402350E+00
  1.5169994E+03  3.4224234E+00
  1.5250001E+03  9.2432709E+00
  1.5349994E+03  1.5247447E+01
  1.5449994E+03  1.2723732E+01
  1.5549998E+03  2.1293459E+01
  1.5649999E+03  1.9763979E+01
  1.5750001E+03  3.8049549E+01
  1.5850000E+03  4.8006660E+01
  1.5949996E+03  5.7097324E+01
  1.6049999E+03  6.0107067E+01
  1.6150000E+03  6.5874924E+01
  1.6249996E+03  7.6769753E+01
  1.6350000E+03  8.6658211E+01
  1.6449996E+03  1.2745465E+02
  1.6549999E+03  6.6631218E+01
  1.6649993E+03  1.4606065E+02
  1.6720000E+03  8.9523788E+01
  1.6770001E+03  3.9150458E+02
  1.6849998E+03  4.7771915E+02
  1.6950000E+03  6.1620813E+02
  1.7049995E+03  6.1640131E+02
  1.7150000E+03  6.0669745E+02
  1.7249993E+03  7.7942725E+02
  1.7349994E+03  9.4489160E+02
  1.7449993E+03  1.2706140E+03
  1.7550001E+03  1.7720983E+03
  1.7649998E+03  1.7405869E+03
  1.7749995E+03  1.8275709E+03
  1.7849995E+03  2.3155752E+03
  1.7949999E+03  3.1045745E+03
  1.8050001E+03  3.0945520E+03
  1.8150001E+03  3.0591738E+03
  1.8249994E+03  3.7351807E+03
  1.8349993E+03  4.2224434E+03
  1.8449993E+03  3.3434285E+03
  1.8549998E+03  4.7378687E+03
  1.8650002E+03  5.5438330E+03
  1.8750001E+03  6.0988818E+03
  1.8850000E+03  6.6907485E+03
  1.8950002E+03  8.6222031E+03
  1.9049996E+03  8.3412236E+03
  1.9149999E+03  9.2515322E+03
  1.9249993E+03  9.3428340E+03
  1.9350001E+03  6.7289678E+03
  1.9449993E+03  1.2895286E+04
  1.9550002E+03  1.3304835E+04
  1.9670002E+03  1.7312373E+04
  1.9759990E+03  1.6479652E+04
  1.9839996E+03  2.0856795E+04
  1.9950001E+03  2.1353430E+04
  2.0050002E+03  2.1521438E+04
  2.0149996E+03  2.2166641E+04
  2.0249994E+03  1.9211385E+04
  2.0349995E+03  2.6224338E+04
  2.0449998E+03  3.0512314E+04
  2.0550000E+03  2.9621941E+04
  2.0649993E+03  2.9033611E+04
  2.0739993E+03  3.4748289E+04
  2.0780002E+03  9.6345086E+04
  2.0849993E+03  1.3848369E+05
  2.0950005E+03  1.2848671E+05
  2.1050002E+03  1.3293980E+05
  2.1149990E+03  1.4422611E+05
  2.1250000E+03  1.1807673E+05
  2.1350002E+03  1.1207211E+05
  2.1449998E+03  1.6011683E+05
  2.1550005E+03  1.7063212E+05
  2.1649995E+03  1.3854144E+05
  2.1750002E+03  1.5052992E+05
  2.1849998E+03  1.9760591E+05
  2.1950000E+03  2.0174427E+05
  2.2050000E+03  1.8725752E+05
  2.2149998E+03  1.2357293E+05
  2.2249998E+03  1.5324633E+05
  2.2350005E+03  2.4563838E+05
  2.2449990E+03  2.2562778E+05
  2.2549993E+03  1.4578061E+05
  2.2650000E+03  1.2665899E+05
  2.2750000E+03  1.8456597E+05
  2.2850000E+03  2.5510817E+05
  2.2950002E+03  2.2150388E+05
  2.3050000E+03  2.7975112E+05
  2.3149995E+03  2.0004192E+05
  2.3250000E+03  1.3606120E+05
  2.3349995E+03  9.0696906E+04
  2.3449993E+03  5.7019434E+04
  2.3550000E+03  1.3924658E+05
  2.3649988E+03  6.3612375E+04
  2.3750000E+03  9.1922008E+04
  2.3849990E+03  4.5916859E+04
  2.3950000E+03  6.4694547E+04
  2.4050005E+03  6.3432707E+04
  2.4149993E+03  1.0224114E+05
  2.4249990E+03  2.4884819E+05
  2.4349990E+03  2.8164019E+05
  2.4450000E+03  3.4240462E+05
  2.4549990E+03  3.7435647E+05
  2.4649990E+03  2.9352612E+05
  2.4749993E+03  2.5925211E+05
  2.4850005E+03  1.3472208E+05
  2.4950000E+03  2.0575894E+05
  2.5050005E+03  3.5283069E+05
  2.5129988E+03  1.1805786E+05
  2.5179990E+03  9.0530203E+04
  2.5249998E+03  1.0208316E+05
  2.5350007E+03  2.0778203E+05
  2.5449988E+03  2.5485969E+05
  2.5550000E+03  5.2008925E+05
  2.5649990E+03  2.9304484E+05
  2.5749990E+03  3.8573741E+05
  2.5849993E+03  2.6505184E+05
  2.5949990E+03  2.0591578E+05
  2.6049995E+03  1.5063719E+05
  2.6149998E+03  1.3947150E+05
  2.6249990E+03  2.0829984E+05
  2.6350007E+03  5.4180919E+05
  2.6449995E+03  1.0196422E+06
  2.6549998E+03  1.4261186E+06
  2.6649995E+03  8.3152369E+05
  2.6749988E+03  9.8652875E+05
  2.6849988E+03  1.1416090E+06
  2.6949988E+03  8.8018256E+05
  2.7050000E+03  1.1321516E+06
  2.7150000E+03  6.9185719E+05
  2.7249995E+03  5.5553950E+05
  2.7350007E+03  6.8333650E+05
  2.7450002E+03  2.5072781E+05
  2.7549998E+03  3.7954122E+05
  2.7649983E+03  5.7225338E+05
  2.7750005E+03  6.2547262E+05
  2.7850000E+03  3.3374584E+05
  2.7949993E+03  1.0737730E+05
  2.8049995E+03  1.4150909E+05
  2.8150002E+03  5.0741497E+05
  2.8250007E+03  9.5577850E+05
  2.8350000E+03  1.0672631E+06
  2.8450002E+03  9.2633012E+05
  2.8550005E+03  5.2500250E+05
  2.8650000E+03  1.3411108E+06
  2.8749983E+03  1.6742746E+06
  2.8850000E+03  1.4551559E+06
  2.8949988E+03  1.6441635E+06
  2.9099988E+03  2.1842535E+06
  2.9299983E+03  2.0328045E+06
  2.9499990E+03  2.0020435E+06
  2.9700005E+03  2.2508990E+06
  2.9899980E+03  2.3320978E+06
  3.0099995E+03  2.4758912E+06
  3.0299995E+03  2.4986692E+06
  3.0499995E+03  2.6185638E+06
  3.0699995E+03  2.4914615E+06
  3.0899995E+03  2.6188755E+06
  3.1099995E+03  2.6669408E+06
  3.1299998E+03  2.5575580E+06
  3.1499995E+03  2.5099595E+06
  3.1699995E+03  2.7411178E+06
  3.1899995E+03  2.4143855E+06
  3.2099998E+03  2.7702262E+06
  3.2299993E+03  2.2688345E+06
  3.2499993E+03  3.0577360E+06
  3.2699995E+03  3.4415755E+06
  3.2899995E+03  3.2688188E+06
  3.3099998E+03  3.2826300E+06
  3.3299993E+03  3.3283210E+06
  3.3499995E+03  3.2988025E+06
  3.3699995E+03  2.7373018E+06
  3.3899993E+03  3.0950075E+06
  3.4099993E+03  3.2380695E+06
  3.4299995E+03  3.3261030E+06
  3.4499993E+03  3.6532278E+06
  3.4699998E+03  3.6250025E+06
  3.4899993E+03  3.7901890E+06
  3.5099995E+03  3.9770705E+06
  3.5299995E+03  3.7477095E+06
  3.5499995E+03  4.2556415E+06
  3.5699995E+03  3.4921615E+06
  3.5899995E+03  3.5132840E+06
  3.6099995E+03  3.8112428E+06
  3.6299993E+03  3.8954452E+06
  3.6399993E+03  3.9187115E+06
  3.6499995E+03  4.2892010E+06
  3.6699993E+03  4.1760100E+06
  3.6899995E+03  4.3533160E+06
  3.7099995E+03  5.2124775E+06
  3.7299998E+03  4.5620965E+06
  3.7499993E+03  4.9547945E+06
  3.7699993E+03  5.3972380E+06
  3.7899995E+03  5.5819795E+06
  3.8099993E+03  5.7677465E+06
  3.8299998E+03  4.2424815E+06
  3.8499995E+03  4.9223750E+06
  3.8699995E+03  4.8442105E+06
  3.8899995E+03  5.3083865E+06
  3.9099995E+03  5.7894490E+06
  3.9299993E+03  2.5299460E+06
  3.9499993E+03  4.5309395E+06
  3.9699998E+03  2.9594325E+06
  3.9899995E+03  6.6072230E+06
  4.0099995E+03  7.2560500E+06
  4.0299993E+03  7.4080560E+06
  4.0499993E+03  7.2712200E+06
  4.0699993E+03  7.1392095E+06
  4.0899995E+03  7.9447240E+06
  4.1099995E+03  7.7346685E+06
  4.1299995E+03  7.8015145E+06
  4.1499990E+03  8.0931190E+06
  4.1699990E+03  7.8841660E+06
  4.1899995E+03  7.8088620E+06
  4.2099995E+03  7.8205050E+06
  4.2299995E+03  7.6311350E+06
  4.2499995E+03  7.7741025E+06
  4.2699990E+03  7.4700320E+06
  4.2899995E+03  6.8507165E+06
  4.3100000E+03  5.7726480E+06
  4.3299995E+03  7.9164805E+06
  4.3499995E+03  7.5714945E+06
  4.3699995E+03  8.3754845E+06
  4.3899995E+03  7.7963720E+06
  4.4099995E+03  8.1847200E+06
  4.4299995E+03  8.3847295E+06
  4.4499995E+03  8.3664145E+06
  4.4699995E+03  8.7611940E+06
  4.4899995E+03  8.7967490E+06
  4.5099990E+03  9.6583240E+06
  4.5299995E+03  8.7478280E+06
  4.5499990E+03  8.9225840E+06
  4.5699995E+03  9.5200190E+06
  4.5899990E+03  8.9285050E+06
  4.6099990E+03  9.2844470E+06
  4.6299990E+03  9.0653990E+06
  4.6499990E+03  9.2417890E+06
  4.6699990E+03  9.4205320E+06
  4.6899990E+03  9.2124170E+06
  4.7099995E+03  8.9432940E+06
  4.7299990E+03  9.3660870E+06
  4.7499995E+03  9.5600450E+06
  4.7699995E+03  9.5333610E+06
  4.7899990E+03  9.5163130E+06
  4.8099995E+03  9.3583630E+06
  4.8299995E+03  9.5361730E+06
  4.8499990E+03  8.9248400E+06
  4.8700000E+03  8.0302910E+06
  4.8899990E+03  9.1424210E+06
  4.9099990E+03  9.0870010E+06
  4.9299990E+03  8.9449110E+06
  4.9499995E+03  9.3666280E+06
  4.9699995E+03  9.3435550E+06
  4.9899990E+03  8.6808650E+06
  5.0099995E+03  8.3412280E+06
  5.0299995E+03  8.7993080E+06
  5.0499995E+03  8.8960850E+06
  5.0699995E+03  9.2179410E+06
  5.0899995E+03  8.8732890E+06
  5.1099990E+03  8.9923910E+06
  5.1299995E+03  8.6963730E+06
  5.1499985E+03  8.4961530E+06
  5.1700000E+03  8.3730355E+06
  5.1899990E+03  8.3512880E+06
  5.2099990E+03  8.5719520E+06
  5.2299995E+03  8.6569190E+06
  5.2499995E+03  8.7710970E+06
  5.2699995E+03  8.0095920E+06
  5.2899990E+03  8.7543290E+06
  5.3099995E+03  8.9143100E+06
  5.3299990E+03  8.3254485E+06
  5.3499995E+03  8.8287620E+06
  5.3699995E+03  8.8391550E+06
  5.3899995E+03  8.6927630E+06
  5.4099990E+03  8.4530400E+06
  5.4299990E+03  8.6247070E+06
  5.4499990E+03  8.8951000E+06
  5.4699995E+03  8.6575500E+06
  5.4899995E+03  8.6709570E+06
  5.5099995E+03  8.5865330E+06
  5.5299985E+03  8.6531520E+06
  5.5499990E+03  8.7102680E+06
  5.5699990E+03  8.5559070E+06
  5.5899995E+03  8.4181150E+06
  5.6099990E+03  8.6313660E+06
  5.6299995E+03  8.5930880E+06
  5.6499990E+03  8.5492370E+06
  5.6699990E+03  8.3471220E+06
  5.6899995E+03  8.5046280E+06
  5.7099995E+03  8.3434725E+06
  5.7299990E+03  8.8084430E+06
  5.7499990E+03  8.5242810E+06
  5.7699990E+03  8.5973450E+06
  5.7899995E+03  8.3843205E+06
  5.8099985E+03  8.5191050E+06
  5.8300000E+03  8.6256800E+06
  5.8499990E+03  8.4471450E+06
  5.8699985E+03  8.4693870E+06
  5.8899985E+03  8.1461315E+06
  5.9099995E+03  8.3581475E+06
  5.9299985E+03  8.3347570E+06
  5.9499995E+03  8.3340445E+06
  5.9699990E+03  8.3572610E+06
  5.9899990E+03  8.2470515E+06
  6.0099990E+03  8.1122565E+06
  6.0299995E+03  8.1544735E+06
  6.0499990E+03  8.2664635E+06
  6.0699990E+03  8.2229160E+06
  6.0899995E+03  8.0005785E+06
  6.1099985E+03  7.9245750E+06
  6.1299995E+03  7.6921840E+06
  6.1499985E+03  7.7410475E+06
  6.1699985E+03  7.5970290E+06
  6.1900000E+03  7.8916495E+06
  6.2099995E+03  7.8960955E+06
  6.2299985E+03  7.6720285E+06
  6.2499990E+03  7.3942410E+06
  6.2699985E+03  7.7626610E+06
  6.2900000E+03  7.7641235E+06
  6.3099985E+03  7.5301030E+06
  6.3299995E+03  7.5966405E+06
  6.3499985E+03  7.5940855E+06
  6.3699985E+03  7.5357965E+06
  6.3899995E+03  7.5794835E+06
  6.4099990E+03  7.3979360E+06
  6.4299985E+03  7.4449300E+06
  6.4499985E+03  7.3966575E+06
  6.4699990E+03  7.3678270E+06
  6.4899990E+03  7.2404680E+06
  6.5099985E+03  7.3682365E+06
  6.5299990E+03  7.3654010E+06
  6.5499985E+03  7.1417950E+06
  6.5699985E+03  6.3143645E+06
  6.5899995E+03  7.1866945E+06
  6.6099985E+03  7.2448465E+06
  6.6299990E+03  7.2176560E+06
  6.6499985E+03  7.1844455E+06
  6.6699995E+03  7.1014540E+06
  6.6899990E+03  7.1888555E+06
  6.7099995E+03  7.0326860E+06
  6.7299990E+03  7.0993300E+06
  6.7499995E+03  6.9991945E+06
  6.7699985E+03  7.0141255E+06
  6.7899995E+03  6.9479410E+06
  6.8099995E+03  6.9239255E+06
  6.8300000E+03  6.9230860E+06
  6.8499985E+03  6.7809155E+06
  6.8699985E+03  6.8458985E+06
  6.8899985E+03  6.8485100E+06
  6.9099990E+03  6.7791775E+06
  6.9299995E+03  6.7585390E+06
  6.9499990E+03  6.7182150E+06
  6.9699985E+03  6.7022055E+06
  6.9899985E+03  6.6795590E+06
  7.0099985E+03  6.4709960E+06
  7.0299985E+03  6.5620665E+06
  7.0499990E+03  6.5743060E+06
  7.0699980E+03  6.5095045E+06
  7.0899990E+03  6.4735040E+06
  7.1099990E+03  6.4334100E+06
  7.1299995E+03  6.3791380E+06
  7.1499990E+03  6.3530070E+06
  7.1699995E+03  6.3192265E+06
  7.1899985E+03  6.1573925E+06
  7.2099985E+03  6.2508280E+06
  7.2299980E+03  6.2183835E+06
  7.2499990E+03  6.2506345E+06
  7.2699995E+03  6.2228465E+06
  7.2899990E+03  6.0560455E+06
  7.3099980E+03  6.1103760E+06
  7.3299980E+03  6.1117855E+06
  7.3499980E+03  6.1008155E+06
  7.3699985E+03  6.1080445E+06
  7.3899995E+03  5.9558920E+06
  7.4099985E+03  5.8498920E+06
  7.4299995E+03  5.9102940E+06
  7.4500000E+03  5.9208225E+06
  7.4700000E+03  5.9325715E+06
  7.4899990E+03  5.8779665E+06
  7.5099985E+03  5.8746895E+06
  7.5299995E+03  5.8643845E+06
  7.5499980E+03  5.8797540E+06
  7.5699985E+03  5.8109240E+06
  7.5899990E+03  5.7906075E+06
  7.6099980E+03  5.7555925E+06
  7.6299995E+03  5.7558065E+06
  7.6499995E+03  5.7265230E+06
  7.6699980E+03  5.5867445E+06
  7.6899990E+03  5.6736665E+06
  7.7099995E+03  5.5753790E+06
  7.7299985E+03  5.5891880E+06
  7.7499990E+03  5.5250635E+06
  7.7700000E+03  5.5335970E+06
  7.7900000E+03  5.5663075E+06
  7.8099995E+03  5.5291275E+06
  7.8299980E+03  5.4681680E+06
  7.8499980E+03  5.4202875E+06
  7.8699995E+03  5.4640585E+06
  7.8900000E+03  5.4266485E+06
  7.9099995E+03  5.3501695E+06
  7.9300000E+03  5.2770860E+06
  7.9499985E+03  5.2656505E+06
  7.9699990E+03  5.3292865E+06
  7.9900000E+03  5.3142640E+06
  8.0099980E+03  5.2430185E+06
  8.0299985E+03  5.2181600E+06
  8.0500000E+03  5.1851110E+06
  8.0699985E+03  5.1940375E+06
  8.0899990E+03  5.1076020E+06
  8.1099995E+03  5.1512325E+06
  8.1299976E+03  5.1481500E+06
  8.1499976E+03  5.1072035E+06
  8.1699980E+03  5.0870825E+06
  8.1899985E+03  4.9480275E+06
  8.2099990E+03  4.9429520E+06
  8.2300000E+03  4.9312480E+06
  8.2500000E+03  4.9330500E+06
  8.2700000E+03  4.9760355E+06
  8.2899980E+03  4.9390660E+06
  8.3099990E+03  4.8410155E+06
  8.3299980E+03  4.7849510E+06
  8.3500000E+03  4.8156550E+06
  8.3699990E+03  4.8037480E+06
  8.3899990E+03  4.7301905E+06
  8.4099971E+03  4.7694025E+06
  8.4300000E+03  4.6997195E+06
  8.4499990E+03  4.6982885E+06
  8.4699980E+03  4.6393160E+06
  8.4899980E+03  4.7023640E+06
  8.5099990E+03  4.4162300E+06
  8.5299990E+03  4.7012355E+06
  8.5499990E+03  4.2888905E+06
  8.5699990E+03  4.6999245E+06
  8.5900000E+03  4.5546090E+06
  8.6099980E+03  4.5013080E+06
  8.6299990E+03  4.6111765E+06
  8.6499990E+03  4.5950640E+06
  8.6699990E+03  4.1174620E+06
  8.6899990E+03  4.4380175E+06
  8.7099971E+03  4.4955270E+06
  8.7299990E+03  4.4847380E+06
  8.7499980E+03  4.2841670E+06
  8.7699980E+03  4.4653275E+06
  8.7899980E+03  4.4263070E+06
  8.8099990E+03  4.3540050E+06
  8.8299980E+03  4.3669195E+06
  8.8499980E+03  4.3413840E+06
  8.8699980E+03  4.1510278E+06
  8.8899990E+03  4.3416350E+06
  8.9099971E+03  4.3427630E+06
  8.9299980E+03  4.2559635E+06
  8.9499980E+03  4.2604325E+06
  8.9699990E+03  4.2560160E+06
  8.9899990E+03  4.2444185E+06
  9.0099980E+03  3.9987592E+06
  9.0299990E+03  4.1655485E+06
  9.0499990E+03  4.2350135E+06
  9.0699980E+03  4.1223402E+06
  9.0899990E+03  4.0113442E+06
  9.1099980E+03  4.0653380E+06
  9.1299980E+03  4.1314292E+06
  9.1499980E+03  4.1123530E+06
  9.1699980E+03  4.0905362E+06
  9.1899990E+03  4.1023250E+06
  9.2099990E+03  3.9937462E+06
  9.2299980E+03  3.8291572E+06
  9.2499980E+03  3.9315862E+06
  9.2699971E+03  3.9643118E+06
  9.2899990E+03  3.9883355E+06
  9.3099980E+03  3.9851275E+06
  9.3299990E+03  3.9512680E+06
  9.3499980E+03  3.9357190E+06
  9.3699990E+03  3.9100525E+06
  9.3900000E+03  3.9047782E+06
  9.4099980E+03  3.7478842E+06
  9.4299971E+03  3.8507538E+06
  9.4499990E+03  3.8002575E+06
  9.4700000E+03  3.8434110E+06
  9.4899980E+03  3.8444648E+06
  9.5100000E+03  3.8044408E+06
  9.5300000E+03  3.7758790E+06
  9.5500000E+03  3.5918355E+06
  9.5699990E+03  3.7211408E+06
  9.5899980E+03  3.7503278E+06
  9.6099980E+03  3.6948380E+06
  9.6299990E+03  3.6481038E+06
  9.6499990E+03  3.6461458E+06
  9.6699980E+03  3.6161330E+06
  9.6899980E+03  3.6378528E+06
  9.7100000E+03  3.6349075E+06
  9.7299990E+03  3.6236818E+06
  9.7499980E+03  3.5675765E+06
  9.7699961E+03  3.5758778E+06
  9.7899980E+03  3.5503928E+06
  9.8099980E+03  3.5616900E+06
  9.8299990E+03  3.5460020E+06
  9.8499980E+03  3.5236570E+06
  9.8700000E+03  3.4943848E+06
  9.8899980E+03  3.4760308E+06
  9.9099990E+03  3.4621675E+06
  9.9300000E+03  3.4714642E+06
  9.9499980E+03  3.4604540E+06
  9.9699980E+03  3.4495405E+06
  9.9899990E+03  3.4312875E+06
  1.0024998E+04  3.3834175E+06
  1.0074998E+04  3.3050100E+06
  1.0124997E+04  3.3147840E+06
  1.0174997E+04  3.2659478E+06
  1.0224998E+04  3.2474530E+06
  1.0274997E+04  3.2353368E+06
  1.0325000E+04  3.1678535E+06
  1.0374999E+04  3.1384790E+06
  1.0425000E+04  3.1219992E+06
  1.0474998E+04  3.0571092E+06
  1.0524997E+04  3.0451708E+06
  1.0574999E+04  3.0162058E+06
  1.0625000E+04  2.9753368E+06
  1.0674997E+04  2.8958262E+06
  1.0724998E+04  2.8965962E+06
  1.0774999E+04  2.8622150E+06
  1.0824997E+04  2.8157750E+06
  1.0874997E+04  2.7951345E+06
  1.0924999E+04  2.7289848E+06
  1.0974996E+04  2.7324512E+06
  1.1025000E+04  2.7465260E+06
  1.1074998E+04  2.7258992E+06
  1.1124999E+04  2.6861100E+06
  1.1174998E+04  2.6516595E+06
  1.1224999E+04  2.6414835E+06
  1.1274997E+04  2.5750198E+06
  1.1325000E+04  2.5548572E+06
  1.1375000E+04  2.5419672E+06
  1.1425000E+04  2.4948018E+06
  1.1474997E+04  2.5157678E+06
  1.1525000E+04  2.4902410E+06
  1.1574998E+04  2.4513972E+06
  1.1625000E+04  2.3997732E+06
  1.1674998E+04  2.3785170E+06
  1.1724997E+04  2.3956535E+06
  1.1775001E+04  2.3296205E+06
  1.1824999E+04  2.3178290E+06
  1.1875000E+04  2.2775662E+06
  1.1925000E+04  2.3088950E+06
  1.1975001E+04  2.2338272E+06
  1.2024998E+04  2.2465028E+06
  1.2074996E+04  2.2141138E+06
  1.2125000E+04  2.2029108E+06
  1.2175000E+04  2.1977655E+06
  1.2225001E+04  2.1739758E+06
  1.2275001E+04  2.1474752E+06
  1.2324996E+04  2.1294435E+06
  1.2374996E+04  2.1098352E+06
  1.2424998E+04  2.0907896E+06
  1.2475000E+04  2.0755879E+06
  1.2524997E+04  2.0480274E+06
  1.2574997E+04  2.0245786E+06
  1.2624999E+04  2.0114331E+06
  1.2674997E+04  1.9892644E+06
  1.2724999E+04  1.9830148E+06
  1.2774999E+04  1.9665530E+06
  1.2825000E+04  1.8518894E+06
  1.2875001E+04  1.9212819E+06
  1.2924997E+04  1.9017112E+06
  1.2975001E+04  1.8945558E+06
  1.3024998E+04  1.8675369E+06
  1.3074999E+04  1.8616986E+06
  1.3125000E+04  1.8324294E+06
  1.3174998E+04  1.8111686E+06
  1.3224998E+04  1.8097772E+06
  1.3274997E+04  1.7783195E+06
  1.3324997E+04  1.7730192E+06
  1.3374999E+04  1.7536170E+06
  1.3424999E+04  1.7477905E+06
  1.3474999E+04  1.7305696E+06
  1.3525001E+04  1.7133696E+06
  1.3574999E+04  1.6834768E+06
  1.3624997E+04  1.6767048E+06
  1.3674997E+04  1.6617664E+06
  1.3724995E+04  1.6380619E+06
  1.3774998E+04  1.6318298E+06
  1.3824998E+04  1.6210135E+06
  1.3874996E+04  1.6117199E+06
  1.3925000E+04  1.5956385E+06
  1.3974996E+04  1.5842228E+06
  1.4024997E+04  1.5607466E+06
  1.4075001E+04  1.5581962E+06
  1.4124996E+04  1.5341565E+06
  1.4175000E+04  1.5336265E+06
  1.4225000E+04  1.5023475E+06
  1.4274994E+04  1.4833754E+06
  1.4325001E+04  1.4881094E+06
  1.4374998E+04  1.4851415E+06
  1.4424999E+04  1.4254004E+06
  1.4475000E+04  1.4540296E+06
  1.4524997E+04  1.4172519E+06
  1.4569999E+04  1.4256892E+06
  1.4620000E+04  1.4171348E+06
  1.4674998E+04  1.4191106E+06
  1.4725000E+04  1.3875792E+06
  1.4775002E+04  1.3715075E+06
  1.4824998E+04  1.3626839E+06
  1.4874996E+04  1.3380959E+06
  1.4924997E+04  1.3472586E+06
  1.4974999E+04  1.3204182E+06
  1.5024999E+04  1.3018990E+06
  1.5075000E+04  1.2811921E+06
  1.5124999E+04  1.2876721E+06
  1.5175000E+04  1.2810491E+06
  1.5225002E+04  1.2661474E+06
  1.5274998E+04  1.2557252E+06
  1.5324995E+04  1.2423318E+06
  1.5374997E+04  1.2433165E+06
  1.5425001E+04  1.2150171E+06
  1.5474996E+04  1.2225332E+06
  1.5524994E+04  1.2095292E+06
  1.5575001E+04  1.1701398E+06
  1.5624998E+04  1.2094500E+06
  1.5674997E+04  1.1667574E+06
  1.5724994E+04  1.1472530E+06
  1.5774996E+04  1.1502104E+06
  1.5825001E+04  1.1525354E+06
  1.5874995E+04  1.0760300E+06
  1.5925002E+04  1.1244991E+06
  1.5975001E+04  1.1333406E+06
  1.6049998E+04  1.1097285E+06
  1.6150001E+04  1.0663599E+06
  1.6249997E+04  1.0817101E+06
  1.6350000E+04  1.0510149E+06
  1.6449996E+04  1.0062554E+06
  1.6549998E+04  1.0207462E+06
  1.6649994E+04  1.0033175E+06
  1.6749998E+04  9.7237250E+05
  1.6849998E+04  9.2774619E+05
  1.6950000E+04  9.4785631E+05
  1.7049996E+04  9.1744812E+05
  1.7150000E+04  9.0685675E+05
  1.7249992E+04  8.7891462E+05
  1.7349994E+04  8.3055344E+05
  1.7449992E+04  8.4283650E+05
  1.7550000E+04  8.3172919E+05
  1.7649998E+04  8.1522062E+05
  1.7749994E+04  7.9961612E+05
  1.7849994E+04  7.8617706E+05
  1.7949998E+04  7.7337256E+05
  1.8050002E+04  7.5477825E+05
  1.8150002E+04  7.1766500E+05
  1.8249994E+04  7.2165375E+05
  1.8349992E+04  7.1325050E+05
  1.8449992E+04  6.9586694E+05
  1.8549998E+04  6.8550469E+05
  1.8650002E+04  6.6809994E+05
  1.8750002E+04  6.3083775E+05
  1.8850000E+04  6.4534638E+05
  1.8950004E+04  6.2266969E+05
  1.9049996E+04  6.2586694E+05
  1.9149998E+04  6.1253638E+05
  1.9249992E+04  6.0178712E+05
  1.9350000E+04  5.8668819E+05
  1.9449992E+04  5.5701988E+05
  1.9550002E+04  5.6846675E+05
  1.9649992E+04  5.5782744E+05
  1.9749992E+04  5.4667800E+05
  1.9849992E+04  5.3908988E+05
  1.9950002E+04  5.2964719E+05
  2.0050002E+04  5.2228728E+05
  2.0149996E+04  5.1499166E+05
  2.0249994E+04  5.0190675E+05
  2.0349994E+04  4.9081825E+05
  2.0449996E+04  4.8822775E+05
  2.0550000E+04  4.7869700E+05
  2.0649992E+04  4.6821488E+05
  2.0749998E+04  4.6106138E+05
  2.0849992E+04  4.5354712E+05
  2.0950004E+04  4.4400834E+05
  2.1050002E+04  4.3874559E+05
  2.1149992E+04  4.3034538E+05
  2.1250000E+04  4.2296716E+05
  2.1350002E+04  4.1708838E+05
  2.1449996E+04  4.1079331E+05
  2.1550006E+04  4.0385800E+05
  2.1649994E+04  3.8290397E+05
  2.1750002E+04  3.8838978E+05
  2.1849998E+04  3.8256256E+05
  2.1950002E+04  3.7823225E+05
  2.2050000E+04  3.6956369E+05
  2.2149996E+04  3.6476016E+05
  2.2249998E+04  3.5908403E+05
  2.2350004E+04  3.5332859E+05
  2.2449990E+04  3.4772912E+05
  2.2549994E+04  3.4068809E+05
  2.2650000E+04  3.3577703E+05
  2.2750000E+04  3.3139041E+05
  2.2850000E+04  3.2534303E+05
  2.2950004E+04  3.1882306E+05
  2.3050000E+04  3.1630394E+05
  2.3149996E+04  3.1041397E+05
  2.3250000E+04  3.0220184E+05
  2.3349996E+04  2.9906619E+05
  2.3449994E+04  2.9609631E+05
  2.3550002E+04  2.8682116E+05
  2.3649988E+04  2.8564712E+05
  2.3750000E+04  2.8112922E+05
  2.3849990E+04  2.7314734E+05
  2.3950002E+04  2.7202681E+05
  2.4050006E+04  2.6810184E+05
  2.4149992E+04  2.6161019E+05
  2.4249990E+04  2.5968775E+05
  2.4349990E+04  2.5513198E+05
  2.4450002E+04  2.5082442E+05
  2.4549990E+04  2.4682273E+05
  2.4649992E+04  2.4518370E+05
  2.4749992E+04  2.4044506E+05
  2.4850006E+04  2.3664667E+05
  2.4950000E+04  2.3221789E+05
  2.5050006E+04  2.3263084E+05
  2.5149994E+04  2.2754470E+05
  2.5249998E+04  2.2301000E+05
  2.5350004E+04  2.2203362E+05
  2.5449988E+04  2.1847195E+05
  2.5549998E+04  2.1497594E+05
  2.5649990E+04  2.0905436E+05
  2.5749990E+04  2.1020077E+05
  2.5849994E+04  2.0505389E+05
  2.5949990E+04  2.0400811E+05
  2.6049996E+04  2.0122338E+05
  2.6149998E+04  1.9525788E+05
  2.6249988E+04  1.8943758E+05
  2.6350008E+04  1.9281497E+05
  2.6449996E+04  1.8970134E+05
  2.6549994E+04  1.8735581E+05
  2.6649994E+04  1.8352297E+05
  2.6749988E+04  1.7954211E+05
  2.6849986E+04  1.8059541E+05
  2.6949986E+04  1.7813728E+05
  2.7050002E+04  1.7572058E+05
  2.7149998E+04  1.7331442E+05
  2.7249994E+04  1.7098441E+05
  2.7350006E+04  1.6889009E+05
  2.7450004E+04  1.6686186E+05
  2.7549996E+04  1.6115586E+05
  2.7649982E+04  1.6124902E+05
  2.7750004E+04  1.5983431E+05
  2.7850000E+04  1.5785314E+05
  2.7949992E+04  1.5610362E+05
  2.8049994E+04  1.5396311E+05
  2.8150002E+04  1.5199156E+05
  2.8250006E+04  1.4992605E+05
  2.8350000E+04  1.4821877E+05
  2.8450000E+04  1.4582419E+05
  2.8550002E+04  1.4420819E+05
  2.8650002E+04  1.4202830E+05
  2.8749982E+04  1.3720448E+05
  2.8849998E+04  1.3852702E+05
  2.8949986E+04  1.3695147E+05
  2.9049994E+04  1.3524677E+05
  2.9149986E+04  1.3334952E+05
  2.9249984E+04  1.3149700E+05
  2.9349980E+04  1.3016079E+05
  2.9450000E+04  1.2819657E+05
  2.9550004E+04  1.2685576E+05
  2.9649982E+04  1.2536748E+05
  2.9749992E+04  1.2374280E+05
  2.9849994E+04  1.2221744E+05
  2.9949984E+04  1.2051237E+05
  3.0049996E+04  1.1901478E+05
  3.0149994E+04  1.1765884E+05
  3.0249994E+04  1.1612881E+05
  3.0349996E+04  1.1231370E+05
  3.0449996E+04  1.1276365E+05
  3.0549996E+04  1.1184499E+05
  3.0649996E+04  1.1038648E+05
  3.0749994E+04  1.0932309E+05
  3.0849996E+04  1.0766546E+05
  3.0949994E+04  1.0645958E+05
  3.1049996E+04  1.0534902E+05
  3.1149996E+04  1.0341576E+05
  3.1249996E+04  1.0268551E+05
  3.1349996E+04  1.0156765E+05
  3.1449996E+04  1.0035145E+05
  3.1549998E+04  9.8989641E+04
  3.1649996E+04  9.7977750E+04
  3.1749998E+04  9.6827102E+04
  3.1849996E+04  9.5733539E+04
  3.1949994E+04  9.4714500E+04
  3.2099996E+04  9.2906367E+04
  3.2299992E+04  9.0856656E+04
  3.2499994E+04  8.8686109E+04
  3.2699996E+04  8.6603969E+04
  3.2899996E+04  8.3445062E+04
  3.3099996E+04  8.2608195E+04
  3.3299992E+04  8.0721992E+04
  3.3499996E+04  7.9082898E+04
  3.3699996E+04  7.7135266E+04
  3.3899996E+04  7.5362352E+04
  3.4099996E+04  7.3622367E+04
  3.4299996E+04  7.2253953E+04
  3.4499992E+04  7.0807797E+04
  3.4699996E+04  6.9183547E+04
  3.4899996E+04  6.7715516E+04
  3.5099996E+04  6.6303875E+04
  3.5299996E+04  6.4774672E+04
  3.5499996E+04  6.3460953E+04
  3.5699992E+04  6.2007008E+04
  3.5899992E+04  6.0783125E+04
  3.6099996E+04  5.9539098E+04
  3.6299992E+04  5.8390223E+04
  3.6499992E+04  5.6898082E+04
  3.6699992E+04  5.5820918E+04
  3.6899992E+04  5.4260133E+04
  3.7099996E+04  5.3266121E+04
  3.7299996E+04  5.2195488E+04
  3.7499992E+04  5.0458801E+04
  3.7699996E+04  5.0287980E+04
  3.7899996E+04  4.9260312E+04
  3.8099992E+04  4.8251414E+04
  3.8299996E+04  4.7448301E+04
  3.8499996E+04  4.6616035E+04
  3.8699996E+04  4.5587094E+04
  3.8899992E+04  4.4693824E+04
  3.9099996E+04  4.3720266E+04
  3.9299992E+04  4.3088598E+04
  3.9499992E+04  4.2124578E+04
  3.9699992E+04  4.1390477E+04
  3.9900000E+04  4.0366023E+04
  4.0099996E+04  3.9652785E+04
  4.0299992E+04  3.8954000E+04
  4.0499996E+04  3.7904137E+04
  4.0699992E+04  3.7591668E+04
  4.0899992E+04  3.6896113E+04
  4.1099996E+04  3.6288109E+04
  4.1299996E+04  3.5648164E+04
  4.1499992E+04  3.4909477E+04
  4.1699992E+04  3.4092285E+04
  4.1899996E+04  3.3645270E+04
  4.2099996E+04  3.2939512E+04
  4.2299992E+04  3.2534027E+04
  4.2499996E+04  3.1861449E+04
  4.2699992E+04  3.1350865E+04
  4.2899992E+04  3.0320262E+04
  4.3099996E+04  2.9514250E+04
  4.3299996E+04  2.9198027E+04
  4.3499992E+04  2.8125822E+04
  4.3699996E+04  2.7496115E+04
  4.3899996E+04  2.7300889E+04
  4.4099992E+04  2.6269291E+04
  4.4299992E+04  2.6105580E+04
  4.4499996E+04  2.5707836E+04
  4.4699996E+04  2.4775023E+04
  4.4899996E+04  2.4734199E+04
  4.5099992E+04  2.4302316E+04
  4.5299992E+04  2.3508070E+04
  4.5499996E+04  2.3338252E+04
  4.5699992E+04  2.3073100E+04
  4.5899996E+04  2.2334223E+04
  4.6099996E+04  2.2201123E+04
  4.6299992E+04  2.1818182E+04
  4.6499988E+04  2.1383496E+04
  4.6699992E+04  2.1057352E+04
  4.6899992E+04  2.0845600E+04
  4.7099992E+04  2.0534785E+04
  4.7299992E+04  2.0326135E+04
  4.7499996E+04  1.9936590E+04
  4.7699992E+04  1.9604184E+04
  4.7899992E+04  1.9362002E+04
  4.8099996E+04  1.8953811E+04
  4.8299992E+04  1.8814936E+04
  4.8499992E+04  1.8491914E+04
  4.8700000E+04  1.8183080E+04
  4.8899992E+04  1.7916490E+04
  4.9099988E+04  1.7634879E+04
  4.9299988E+04  1.7385133E+04
  4.9499996E+04  1.7103473E+04
  4.9699992E+04  1.6848660E+04
  4.9899988E+04  1.6601914E+04
  5.0099996E+04  1.6408084E+04
  5.0299996E+04  1.6164698E+04
  5.0499996E+04  1.5843396E+04
  5.0699996E+04  1.5645364E+04
  5.0899992E+04  1.5451406E+04
  5.1099992E+04  1.5169106E+04
  5.1299996E+04  1.4880706E+04
  5.1499988E+04  1.4741207E+04
  5.1699996E+04  1.4609049E+04
  5.1899992E+04  1.4320448E+04
  5.2099992E+04  1.4101070E+04
  5.2299996E+04  1.3891506E+04
  5.2499996E+04  1.3736661E+04
  5.2699996E+04  1.3576983E+04
  5.2899992E+04  1.3303542E+04
  5.3099988E+04  1.3153681E+04
  5.3299988E+04  1.2962722E+04
  5.3499992E+04  1.2791882E+04
  5.3699992E+04  1.2615253E+04
  5.3899992E+04  1.2446597E+04
  5.4099992E+04  1.2273390E+04
  5.4299984E+04  1.2046944E+04
  5.4499988E+04  1.1937251E+04
  5.4699996E+04  1.1757948E+04
  5.4899992E+04  1.1588817E+04
  5.5099992E+04  1.1452352E+04
  5.5299988E+04  1.1332337E+04
  5.5499988E+04  1.1115051E+04
  5.5699992E+04  1.1026265E+04
  5.5899992E+04  1.0829232E+04
  5.6099988E+04  1.0697573E+04
  5.6299996E+04  1.0542782E+04
  5.6499988E+04  1.0445620E+04
  5.6699988E+04  1.0303740E+04
  5.6899992E+04  1.0131478E+04
  5.7099996E+04  1.0033127E+04
  5.7299988E+04  9.9002197E+03
  5.7499988E+04  9.7677715E+03
  5.7699988E+04  9.6344316E+03
  5.7899996E+04  9.5177510E+03
  5.8099988E+04  9.3850439E+03
  5.8299996E+04  9.2706602E+03
  5.8499992E+04  9.1608145E+03
  5.8699988E+04  9.0216348E+03
  5.8899988E+04  8.8950986E+03
  5.9099992E+04  8.7505430E+03
  5.9299988E+04  8.6922598E+03
  5.9499996E+04  8.5580469E+03
  5.9699988E+04  8.4786074E+03
  5.9899992E+04  8.3698984E+03
  6.0099992E+04  8.2643262E+03
  6.0299992E+04  8.1618301E+03
  6.0499988E+04  8.0552607E+03
  6.0699992E+04  7.9496069E+03
  6.0899992E+04  7.8503462E+03
  6.1099988E+04  7.7390942E+03
  6.1299992E+04  7.6607046E+03
  6.1499988E+04  7.5694258E+03
  6.1699988E+04  7.4765923E+03
  6.1899996E+04  7.3878462E+03
  6.2099996E+04  7.2981338E+03
  6.2299988E+04  7.1892319E+03
  6.2499992E+04  7.1095386E+03
  6.2699988E+04  7.0233364E+03
  6.2899996E+04  6.9422725E+03
  6.3099984E+04  6.8462021E+03
  6.3299996E+04  6.7797822E+03
  6.3499984E+04  6.6922988E+03
  6.3699984E+04  6.6166382E+03
  6.3900000E+04  6.5311792E+03
  6.4199992E+04  6.4170874E+03
  6.4599984E+04  6.2598691E+03
  6.4999992E+04  6.1103882E+03
  6.5399992E+04  5.9711333E+03
  6.5799992E+04  5.8333232E+03
  6.6199984E+04  5.6942725E+03
  6.6599984E+04  5.5651797E+03
  6.6999992E+04  5.4352285E+03
  6.7399992E+04  5.3077974E+03
  6.7799992E+04  5.1894595E+03
  6.8199992E+04  5.0706904E+03
  6.8599992E+04  4.9567324E+03
  6.8999984E+04  4.8447524E+03
  6.9399984E+04  4.7348599E+03
  6.9800000E+04  4.6321851E+03
  7.0199992E+04  4.5257295E+03
  7.0599984E+04  4.4293184E+03
  7.0999977E+04  4.3331421E+03
  7.1399977E+04  4.2391323E+03
  7.1799984E+04  4.1465757E+03
  7.2199984E+04  4.0557332E+03
  7.2600000E+04  3.9687068E+03
  7.2999984E+04  3.8867354E+03
  7.3400000E+04  3.8021113E+03
  7.3799984E+04  3.7237266E+03
  7.4199992E+04  3.6429038E+03
  7.4599992E+04  3.5597378E+03
  7.5000000E+04  3.4835579E+03
  7.5399992E+04  3.4199905E+03
  7.5799992E+04  3.3525183E+03
  7.6199984E+04  3.2834812E+03
  7.6599992E+04  3.2171746E+03
  7.6999992E+04  3.1505408E+03
  7.7399992E+04  3.0884419E+03
  7.7799984E+04  3.0268914E+03
  7.8199984E+04  2.9663108E+03
  7.8599984E+04  2.9076572E+03
  7.8999984E+04  2.8501577E+03
  7.9399984E+04  2.7937854E+03
  7.9800000E+04  2.7395203E+03
  8.0199992E+04  2.6849678E+03
  8.0599984E+04  2.6326946E+03
  8.0999992E+04  2.5832139E+03
  8.1399977E+04  2.5319629E+03
  8.1799984E+04  2.4841763E+03
  8.2199984E+04  2.4380347E+03
  8.2599992E+04  2.3913977E+03
  8.2999984E+04  2.3467485E+03
  8.3400000E+04  2.3012175E+03
  8.3799992E+04  2.2589155E+03
  8.4199992E+04  2.2176836E+03
  8.4599977E+04  2.1768135E+03
  8.4999977E+04  2.1368726E+03
  8.5399984E+04  2.0975308E+03
  8.5799984E+04  2.0595444E+03
  8.6199992E+04  2.0217656E+03
  8.6599992E+04  1.9857006E+03
  8.6999984E+04  1.9501129E+03
  8.7399992E+04  1.9150914E+03
  8.7799992E+04  1.8809678E+03
  8.8199984E+04  1.8466571E+03
  8.8599977E+04  1.8144717E+03
  8.8999992E+04  1.7821221E+03
  8.9399977E+04  1.7514570E+03
  8.9799977E+04  1.7199114E+03
  9.0199984E+04  1.6907992E+03
  9.0599984E+04  1.6623630E+03
  9.0999992E+04  1.6324038E+03
  9.1400000E+04  1.6048434E+03
  9.1799969E+04  1.5781040E+03
  9.2199969E+04  1.5515889E+03
  9.2599984E+04  1.5252518E+03
  9.3000000E+04  1.4997450E+03
  9.3399984E+04  1.4743169E+03
  9.3799984E+04  1.4498661E+03
  9.4199977E+04  1.4257344E+03
  9.4599984E+04  1.4020840E+03
  9.4999969E+04  1.3789062E+03
  9.5399984E+04  1.3559836E+03
  9.5799984E+04  1.3342573E+03
  9.6199992E+04  1.3120710E+03
  9.6599984E+04  1.2912560E+03
  9.7000000E+04  1.2704177E+03
  9.7399977E+04  1.2488860E+03
  9.7799984E+04  1.2295137E+03
  9.8199977E+04  1.2100245E+03
  9.8599977E+04  1.1909653E+03
  9.8999992E+04  1.1722891E+03
  9.9399984E+04  1.1534172E+03
  9.9799977E+04  1.1353770E+03
  1.0019999E+05  1.1175869E+03
  1.9999991E+05  7.2102051E+01
  3.9999994E+05  4.5144401E+00
  5.9999981E+05  8.8629633E-01
  7.9999994E+05  2.7858824E-01
