  9.2499988E+02  2.6669511E-06
  9.3499982E+02  3.7606735E-06
  9.4500000E+02  5.3260032E-06
  9.5500000E+02  8.0024656E-06
  9.6499988E+02  1.1442477E-05
  9.7499982E+02  1.5352285E-05
  9.8499976E+02  2.1371350E-05
  9.9499988E+02  2.8658011E-05
  1.0049999E+03  4.2010295E-05
  1.0149997E+03  5.6779223E-05
  1.0249998E+03  6.7398709E-05
  1.0349998E+03  1.0322643E-04
  1.0449998E+03  1.3849803E-04
  1.0549999E+03  1.8331900E-04
  1.0649999E+03  2.3641787E-04
  1.0750000E+03  3.1535549E-04
  1.0849996E+03  4.1464739E-04
  1.0949999E+03  5.2741531E-04
  1.1049999E+03  8.3900848E-03
  1.1149999E+03  1.9148396E-02
  1.1249999E+03  2.9939210E-02
  1.1349996E+03  4.2255189E-02
  1.1449999E+03  5.7658311E-02
  1.1549999E+03  6.4486802E-02
  1.1650000E+03  9.1266967E-02
  1.1749995E+03  1.1356369E-01
  1.1849996E+03  1.1498450E-01
  1.1949998E+03  6.5950893E-02
  1.2049996E+03  6.4770021E-02
  1.2149998E+03  9.7780032E-03
  1.2249996E+03  8.5500404E-02
  1.2349996E+03  2.4240504E-01
  1.2449998E+03  5.2967829E-01
  1.2549996E+03  7.6735151E-01
  1.2650000E+03  7.7106404E-01
  1.2749998E+03  1.1025347E+00
  1.2849995E+03  1.3730526E+00
  1.2949998E+03  1.7138745E+00
  1.3049995E+03  1.5748458E+00
  1.3149998E+03  2.2296038E+00
  1.3249998E+03  2.3926377E+00
  1.3349996E+03  2.7279058E+00
  1.3449995E+03  3.1768861E+00
  1.3549996E+03  3.5893815E+00
  1.3649999E+03  3.8372395E+00
  1.3749999E+03  4.1175871E+00
  1.3849996E+03  4.5463891E+00
  1.3949999E+03  5.1423597E+00
  1.4050001E+03  6.1358600E+00
  1.4149998E+03  6.8248401E+00
  1.4249998E+03  7.6664786E+00
  1.4350000E+03  8.8225298E+00
  1.4419998E+03  1.1779230E+01
  1.4469999E+03  1.0499469E+01
  1.4549994E+03  1.2523699E+01
  1.4650000E+03  1.5534658E+01
  1.4749995E+03  1.7444233E+01
  1.4849996E+03  1.9022657E+01
  1.4949998E+03  2.5098404E+01
  1.5049996E+03  3.0500914E+01
  1.5119995E+03  2.2928856E+01
  1.5169994E+03  2.9317989E+01
  1.5250001E+03  6.4973427E+01
  1.5349994E+03  9.8085205E+01
  1.5449994E+03  8.6106415E+01
  1.5549998E+03  1.3025983E+02
  1.5649999E+03  1.2127415E+02
  1.5750001E+03  2.1266380E+02
  1.5850000E+03  2.6048035E+02
  1.5949996E+03  3.0772165E+02
  1.6049999E+03  3.2358368E+02
  1.6150000E+03  3.5247787E+02
  1.6249996E+03  3.9036868E+02
  1.6350000E+03  4.5180197E+02
  1.6449996E+03  6.2562750E+02
  1.6549999E+03  3.5462653E+02
  1.6649993E+03  7.0470056E+02
  1.6720000E+03  4.4915518E+02
  1.6770001E+03  1.5899431E+03
  1.6849998E+03  1.9096560E+03
  1.6950000E+03  2.3483652E+03
  1.7049995E+03  2.4192622E+03
  1.7150000E+03  2.6256575E+03
  1.7249993E+03  3.2358079E+03
  1.7349994E+03  3.9876929E+03
  1.7449993E+03  5.1006426E+03
  1.7550001E+03  7.1825752E+03
  1.7649998E+03  6.5977339E+03
  1.7749995E+03  7.5189404E+03
  1.7849995E+03  9.1076455E+03
  1.7949999E+03  1.3579589E+04
  1.8050001E+03  1.2614329E+04
  1.8150001E+03  1.2147493E+04
  1.8249994E+03  1.4612925E+04
  1.8349993E+03  1.5916396E+04
  1.8449993E+03  1.2442953E+04
  1.8549998E+03  1.8649305E+04
  1.8650002E+03  2.2851629E+04
  1.8750001E+03  2.4290938E+04
  1.8850000E+03  2.6398270E+04
  1.8950002E+03  3.4535184E+04
  1.9049996E+03  3.2660016E+04
  1.9149999E+03  3.5009266E+04
  1.9249993E+03  3.1237666E+04
  1.9350001E+03  1.9850744E+04
  1.9449993E+03  4.6039230E+04
  1.9550002E+03  4.7567395E+04
  1.9670002E+03  6.1575770E+04
  1.9759990E+03  5.4819934E+04
  1.9839996E+03  7.6445250E+04
  1.9950001E+03  7.9439039E+04
  2.0050002E+03  7.6821180E+04
  2.0149996E+03  7.7357773E+04
  2.0249994E+03  6.4961879E+04
  2.0349995E+03  9.2336008E+04
  2.0449998E+03  1.0703770E+05
  2.0550000E+03  9.9272086E+04
  2.0649993E+03  9.5397539E+04
  2.0739993E+03  1.1288486E+05
  2.0780002E+03  3.2653331E+05
  2.0849993E+03  4.5899803E+05
  2.0950005E+03  4.1952812E+05
  2.1050002E+03  4.0637784E+05
  2.1149990E+03  4.4836844E+05
  2.1250000E+03  3.7317688E+05
  2.1350002E+03  3.4443162E+05
  2.1449998E+03  4.7834444E+05
  2.1550005E+03  5.0824588E+05
  2.1649995E+03  4.1520644E+05
  2.1750002E+03  4.4690712E+05
  2.1849998E+03  5.6515981E+05
  2.1950000E+03  5.7164131E+05
  2.2050000E+03  5.3534244E+05
  2.2149998E+03  3.6250259E+05
  2.2249998E+03  4.3200125E+05
  2.2350005E+03  6.4955019E+05
  2.2449990E+03  6.0380944E+05
  2.2549993E+03  4.0206909E+05
  2.2650000E+03  3.7088581E+05
  2.2750000E+03  4.9617209E+05
  2.2850000E+03  6.6355119E+05
  2.2950002E+03  5.6533281E+05
  2.3050000E+03  7.0837956E+05
  2.3149995E+03  5.3311238E+05
  2.3250000E+03  3.5514741E+05
  2.3349995E+03  2.5154819E+05
  2.3449993E+03  1.4702053E+05
  2.3550000E+03  3.8695456E+05
  2.3649988E+03  1.6411795E+05
  2.3750000E+03  2.4516989E+05
  2.3849990E+03  1.1357185E+05
  2.3950000E+03  1.6089241E+05
  2.4050005E+03  1.5527789E+05
  2.4149993E+03  2.5941397E+05
  2.4249990E+03  5.9654631E+05
  2.4349990E+03  6.4694775E+05
  2.4450000E+03  7.7993112E+05
  2.4549990E+03  8.4653688E+05
  2.4649990E+03  6.8405931E+05
  2.4749993E+03  6.0852350E+05
  2.4850005E+03  3.5455519E+05
  2.4950000E+03  4.8366272E+05
  2.5050005E+03  8.2244506E+05
  2.5129988E+03  2.5766320E+05
  2.5179990E+03  1.9867209E+05
  2.5249998E+03  2.2939762E+05
  2.5350007E+03  4.3944172E+05
  2.5449988E+03  5.2256791E+05
  2.5550000E+03  9.8909344E+05
  2.5649990E+03  6.2832544E+05
  2.5749990E+03  8.0163331E+05
  2.5849993E+03  6.0572969E+05
  2.5949990E+03  4.8223247E+05
  2.6049995E+03  3.5940519E+05
  2.6149998E+03  3.2654816E+05
  2.6249990E+03  5.0236575E+05
  2.6350007E+03  1.1361845E+06
  2.6449995E+03  1.8931905E+06
  2.6549998E+03  2.4854998E+06
  2.6649995E+03  1.5360062E+06
  2.6749988E+03  1.8137956E+06
  2.6849988E+03  2.0221938E+06
  2.6949988E+03  1.5867561E+06
  2.7050000E+03  1.9786010E+06
  2.7150000E+03  1.3332190E+06
  2.7249995E+03  1.1583631E+06
  2.7350007E+03  1.3908476E+06
  2.7450002E+03  5.3732388E+05
  2.7549998E+03  8.0592819E+05
  2.7649983E+03  1.1655481E+06
  2.7750005E+03  1.3173819E+06
  2.7850000E+03  6.9059238E+05
  2.7949993E+03  2.2552320E+05
  2.8049995E+03  2.9384900E+05
  2.8150002E+03  1.0798199E+06
  2.8250007E+03  1.9388418E+06
  2.8350000E+03  2.0404511E+06
  2.8450002E+03  1.8117941E+06
  2.8550005E+03  1.0659044E+06
  2.8650000E+03  2.4199660E+06
  2.8749983E+03  2.8280908E+06
  2.8850000E+03  2.4911775E+06
  2.8949988E+03  2.7190705E+06
  2.9099988E+03  3.5446235E+06
  2.9299983E+03  3.2669775E+06
  2.9499990E+03  3.2211830E+06
  2.9700005E+03  3.5872672E+06
  2.9899980E+03  3.6887442E+06
  3.0099995E+03  3.9362775E+06
  3.0299995E+03  3.9168200E+06
  3.0499995E+03  4.0878735E+06
  3.0699995E+03  3.9518022E+06
  3.0899995E+03  4.1239770E+06
  3.1099995E+03  4.1571868E+06
  3.1299998E+03  4.0465478E+06
  3.1499995E+03  3.9611558E+06
  3.1699995E+03  4.2618620E+06
  3.1899995E+03  3.7795110E+06
  3.2099998E+03  4.2908550E+06
  3.2299993E+03  3.5909702E+06
  3.2499993E+03  4.5928455E+06
  3.2699995E+03  5.1238015E+06
  3.2899995E+03  4.9071610E+06
  3.3099998E+03  4.9756100E+06
  3.3299993E+03  5.0019775E+06
  3.3499995E+03  4.9776780E+06
  3.3699995E+03  4.2520100E+06
  3.3899993E+03  4.7186305E+06
  3.4099993E+03  4.8500575E+06
  3.4299995E+03  4.9393605E+06
  3.4499993E+03  5.3225330E+06
  3.4699998E+03  5.2901380E+06
  3.4899993E+03  5.4932075E+06
  3.5099995E+03  5.7292325E+06
  3.5299995E+03  5.4371420E+06
  3.5499995E+03  6.1616525E+06
  3.5699995E+03  5.2004060E+06
  3.5899995E+03  5.1636705E+06
  3.6099995E+03  5.4809740E+06
  3.6299993E+03  5.5448265E+06
  3.6399993E+03  5.6056745E+06
  3.6499995E+03  6.1377310E+06
  3.6699993E+03  5.9037535E+06
  3.6899995E+03  5.9104830E+06
  3.7099995E+03  7.0287965E+06
  3.7299998E+03  6.3654890E+06
  3.7499993E+03  6.9616270E+06
  3.7699993E+03  7.5996570E+06
  3.7899995E+03  7.9642145E+06
  3.8099993E+03  8.4237540E+06
  3.8299998E+03  6.3602545E+06
  3.8499995E+03  7.7626470E+06
  3.8699995E+03  7.7726715E+06
  3.8899995E+03  7.6341975E+06
  3.9099995E+03  8.4200090E+06
  3.9299993E+03  4.0959170E+06
  3.9499993E+03  6.9365745E+06
  3.9699998E+03  4.6670640E+06
  3.9899995E+03  9.3546120E+06
  4.0099995E+03  1.0037719E+07
  4.0299993E+03  1.0189788E+07
  4.0499993E+03  1.0025547E+07
  4.0699993E+03  9.8801800E+06
  4.0899995E+03  1.0619314E+07
  4.1099995E+03  1.0110982E+07
  4.1299995E+03  1.0576727E+07
  4.1499990E+03  1.0972893E+07
  4.1699990E+03  1.0735083E+07
  4.1899995E+03  1.0650009E+07
  4.2099995E+03  1.0601775E+07
  4.2299995E+03  1.0311003E+07
  4.2499995E+03  1.0503684E+07
  4.2699990E+03  1.0135052E+07
  4.2899995E+03  9.4160250E+06
  4.3100000E+03  8.1519585E+06
  4.3299995E+03  1.0428785E+07
  4.3499995E+03  9.8787780E+06
  4.3699995E+03  1.1123321E+07
  4.3899995E+03  1.0452177E+07
  4.4099995E+03  1.0829472E+07
  4.4299995E+03  1.0991639E+07
  4.4499995E+03  1.0938339E+07
  4.4699995E+03  1.1352014E+07
  4.4899995E+03  1.1347721E+07
  4.5099990E+03  1.2310446E+07
  4.5299995E+03  1.1253765E+07
  4.5499990E+03  1.1457310E+07
  4.5699995E+03  1.2147333E+07
  4.5899990E+03  1.1434444E+07
  4.6099990E+03  1.1811767E+07
  4.6299990E+03  1.1553181E+07
  4.6499990E+03  1.1739754E+07
  4.6699990E+03  1.1951214E+07
  4.6899990E+03  1.1697413E+07
  4.7099995E+03  1.1320452E+07
  4.7299990E+03  1.1832806E+07
  4.7499995E+03  1.1999188E+07
  4.7699995E+03  1.1934210E+07
  4.7899990E+03  1.1902083E+07
  4.8099995E+03  1.1746478E+07
  4.8299995E+03  1.1897284E+07
  4.8499990E+03  1.1073209E+07
  4.8700000E+03  9.8611480E+06
  4.8899990E+03  1.1365440E+07
  4.9099990E+03  1.1323669E+07
  4.9299990E+03  1.1155255E+07
  4.9499995E+03  1.1586358E+07
  4.9699995E+03  1.1614548E+07
  4.9899990E+03  1.0847602E+07
  5.0099995E+03  1.0444620E+07
  5.0299995E+03  1.0977284E+07
  5.0499995E+03  1.1032175E+07
  5.0699995E+03  1.1402723E+07
  5.0899995E+03  1.1034391E+07
  5.1099990E+03  1.1162004E+07
  5.1299995E+03  1.0836361E+07
  5.1499985E+03  1.0579212E+07
  5.1700000E+03  1.0386447E+07
  5.1899990E+03  1.0325857E+07
  5.2099990E+03  1.0582048E+07
  5.2299995E+03  1.0685965E+07
  5.2499995E+03  1.0824353E+07
  5.2699995E+03  9.9237170E+06
  5.2899990E+03  1.0755919E+07
  5.3099995E+03  1.0911807E+07
  5.3299990E+03  1.0236904E+07
  5.3499995E+03  1.0777415E+07
  5.3699995E+03  1.0755553E+07
  5.3899995E+03  1.0611823E+07
  5.4099990E+03  1.0326273E+07
  5.4299990E+03  1.0530036E+07
  5.4499990E+03  1.0773915E+07
  5.4699995E+03  1.0533478E+07
  5.4899995E+03  1.0558492E+07
  5.5099995E+03  1.0465228E+07
  5.5299985E+03  1.0500790E+07
  5.5499990E+03  1.0552930E+07
  5.5699990E+03  1.0348447E+07
  5.5899995E+03  1.0216658E+07
  5.6099990E+03  1.0404059E+07
  5.6299995E+03  1.0389222E+07
  5.6499990E+03  1.0326895E+07
  5.6699990E+03  1.0104528E+07
  5.6899995E+03  1.0248538E+07
  5.7099995E+03  1.0083391E+07
  5.7299990E+03  1.0544843E+07
  5.7499990E+03  1.0244065E+07
  5.7699990E+03  1.0305453E+07
  5.7899995E+03  1.0096155E+07
  5.8099985E+03  1.0208127E+07
  5.8300000E+03  1.0296926E+07
  5.8499990E+03  1.0098617E+07
  5.8699985E+03  1.0109953E+07
  5.8899985E+03  9.7547250E+06
  5.9099995E+03  9.9839150E+06
  5.9299985E+03  9.9448630E+06
  5.9499995E+03  9.9381330E+06
  5.9699990E+03  9.9344470E+06
  5.9899990E+03  9.8205490E+06
  6.0099990E+03  9.6714380E+06
  6.0299995E+03  9.6927620E+06
  6.0499990E+03  9.8056110E+06
  6.0699990E+03  9.7493820E+06
  6.0899995E+03  9.5314580E+06
  6.1099985E+03  9.4397990E+06
  6.1299995E+03  9.1711690E+06
  6.1499985E+03  9.2059460E+06
  6.1699985E+03  9.0546250E+06
  6.1900000E+03  9.3584220E+06
  6.2099995E+03  9.3483570E+06
  6.2299985E+03  9.1273090E+06
  6.2499990E+03  8.8123490E+06
  6.2699985E+03  9.1979940E+06
  6.2900000E+03  9.1849150E+06
  6.3099985E+03  8.9304550E+06
  6.3299995E+03  8.9867460E+06
  6.3499985E+03  8.9717110E+06
  6.3699985E+03  8.9084060E+06
  6.3899995E+03  8.9434220E+06
  6.4099990E+03  8.7328380E+06
  6.4299985E+03  8.7788300E+06
  6.4499985E+03  8.7146910E+06
  6.4699990E+03  8.6816850E+06
  6.4899990E+03  8.5359550E+06
  6.5099985E+03  8.6599530E+06
  6.5299990E+03  8.6353470E+06
  6.5499985E+03  8.2931795E+06
  6.5699985E+03  7.2069535E+06
  6.5899995E+03  8.4034330E+06
  6.6099985E+03  8.4989810E+06
  6.6299990E+03  8.4666360E+06
  6.6499985E+03  8.4247330E+06
  6.6699995E+03  8.3285560E+06
  6.6899990E+03  8.4074530E+06
  6.7099995E+03  8.2523135E+06
  6.7299990E+03  8.3013225E+06
  6.7499995E+03  8.1958100E+06
  6.7699985E+03  8.2014625E+06
  6.7899995E+03  8.1327885E+06
  6.8099995E+03  8.0930500E+06
  6.8300000E+03  8.0815785E+06
  6.8499985E+03  7.9353020E+06
  6.8699985E+03  7.9901415E+06
  6.8899985E+03  7.9827075E+06
  6.9099990E+03  7.9073705E+06
  6.9299995E+03  7.8806215E+06
  6.9499990E+03  7.8384510E+06
  6.9699985E+03  7.8074910E+06
  6.9899985E+03  7.7806115E+06
  7.0099985E+03  7.5632435E+06
  7.0299985E+03  7.6458215E+06
  7.0499990E+03  7.6502535E+06
  7.0699980E+03  7.5829155E+06
  7.0899990E+03  7.5356960E+06
  7.1099990E+03  7.4747300E+06
  7.1299995E+03  7.4224790E+06
  7.1499990E+03  7.3891195E+06
  7.1699995E+03  7.3428250E+06
  7.1899985E+03  7.1863085E+06
  7.2099985E+03  7.2659275E+06
  7.2299980E+03  7.2229015E+06
  7.2499990E+03  7.2468940E+06
  7.2699995E+03  7.2170535E+06
  7.2899990E+03  7.0440255E+06
  7.3099980E+03  7.0910535E+06
  7.3299980E+03  7.0818600E+06
  7.3499980E+03  7.0726610E+06
  7.3699985E+03  7.0669240E+06
  7.3899995E+03  6.9045530E+06
  7.4099985E+03  6.7817750E+06
  7.4299995E+03  6.8447420E+06
  7.4500000E+03  6.8487655E+06
  7.4700000E+03  6.8512990E+06
  7.4899990E+03  6.7912570E+06
  7.5099985E+03  6.7825210E+06
  7.5299995E+03  6.7651410E+06
  7.5499980E+03  6.7762740E+06
  7.5699985E+03  6.7004125E+06
  7.5899990E+03  6.6723390E+06
  7.6099980E+03  6.6301600E+06
  7.6299995E+03  6.6258590E+06
  7.6499995E+03  6.5873965E+06
  7.6699980E+03  6.4365395E+06
  7.6899990E+03  6.5177720E+06
  7.7099995E+03  6.4168220E+06
  7.7299985E+03  6.4309490E+06
  7.7499990E+03  6.3545190E+06
  7.7700000E+03  6.3411910E+06
  7.7900000E+03  6.3862735E+06
  7.8099995E+03  6.3412550E+06
  7.8299980E+03  6.2714210E+06
  7.8499980E+03  6.2181075E+06
  7.8699995E+03  6.2595315E+06
  7.8900000E+03  6.2223910E+06
  7.9099995E+03  6.1470105E+06
  7.9300000E+03  6.0591300E+06
  7.9499985E+03  6.0501430E+06
  7.9699990E+03  6.1058130E+06
  7.9900000E+03  6.0835435E+06
  8.0099980E+03  6.0056445E+06
  8.0299985E+03  5.9775170E+06
  8.0500000E+03  5.9373855E+06
  8.0699985E+03  5.9473310E+06
  8.0899990E+03  5.8569455E+06
  8.1099995E+03  5.8968265E+06
  8.1299976E+03  5.8872320E+06
  8.1499976E+03  5.8424915E+06
  8.1699980E+03  5.8150500E+06
  8.1899985E+03  5.6597510E+06
  8.2099990E+03  5.6579185E+06
  8.2300000E+03  5.6365700E+06
  8.2500000E+03  5.6341825E+06
  8.2700000E+03  5.6780215E+06
  8.2899980E+03  5.6375050E+06
  8.3099990E+03  5.5394790E+06
  8.3299980E+03  5.4673055E+06
  8.3500000E+03  5.4978785E+06
  8.3699990E+03  5.4840060E+06
  8.3899990E+03  5.4011610E+06
  8.4099971E+03  5.4319660E+06
  8.4300000E+03  5.3574460E+06
  8.4499990E+03  5.3405590E+06
  8.4699980E+03  5.2733585E+06
  8.4899980E+03  5.3420980E+06
  8.5099990E+03  5.0295515E+06
  8.5299990E+03  5.3392300E+06
  8.5499990E+03  4.8721625E+06
  8.5699990E+03  5.3372090E+06
  8.5900000E+03  5.1602360E+06
  8.6099980E+03  5.0961470E+06
  8.6299990E+03  5.2379615E+06
  8.6499990E+03  5.2072220E+06
  8.6699990E+03  4.6570350E+06
  8.6899990E+03  5.0436555E+06
  8.7099971E+03  5.1099080E+06
  8.7299990E+03  5.0865195E+06
  8.7499980E+03  4.8106210E+06
  8.7699980E+03  5.0519825E+06
  8.7899980E+03  5.0251180E+06
  8.8099990E+03  4.9489355E+06
  8.8299980E+03  4.9511860E+06
  8.8499980E+03  4.9014150E+06
  8.8699980E+03  4.6500225E+06
  8.8899990E+03  4.9141315E+06
  8.9099971E+03  4.9129775E+06
  8.9299980E+03  4.8253280E+06
  8.9499980E+03  4.8315345E+06
  8.9699990E+03  4.8221860E+06
  8.9899990E+03  4.8030850E+06
  9.0099980E+03  4.4780515E+06
  9.0299990E+03  4.6894765E+06
  9.0499990E+03  4.7800865E+06
  9.0699980E+03  4.6564485E+06
  9.0899990E+03  4.5361295E+06
  9.1099980E+03  4.6015755E+06
  9.1299980E+03  4.6659525E+06
  9.1499980E+03  4.6469275E+06
  9.1699980E+03  4.6199585E+06
  9.1899990E+03  4.6248515E+06
  9.2099990E+03  4.5017475E+06
  9.2299980E+03  4.2465610E+06
  9.2499980E+03  4.4263535E+06
  9.2699971E+03  4.4647060E+06
  9.2899990E+03  4.4983200E+06
  9.3099980E+03  4.4907500E+06
  9.3299990E+03  4.4533405E+06
  9.3499980E+03  4.4343100E+06
  9.3699990E+03  4.4106790E+06
  9.3900000E+03  4.3970365E+06
  9.4099980E+03  4.2226500E+06
  9.4299971E+03  4.3335485E+06
  9.4499990E+03  4.2840060E+06
  9.4700000E+03  4.3234805E+06
  9.4899980E+03  4.3207555E+06
  9.5100000E+03  4.2751065E+06
  9.5300000E+03  4.2318785E+06
  9.5500000E+03  3.9679392E+06
  9.5699990E+03  4.1780665E+06
  9.5899980E+03  4.2094045E+06
  9.6099980E+03  4.1502932E+06
  9.6299990E+03  4.0973225E+06
  9.6499990E+03  4.1005842E+06
  9.6699980E+03  4.0638990E+06
  9.6899980E+03  4.0828495E+06
  9.7100000E+03  4.0832272E+06
  9.7299990E+03  4.0688470E+06
  9.7499980E+03  4.0065980E+06
  9.7699961E+03  4.0146825E+06
  9.7899980E+03  3.9908265E+06
  9.8099980E+03  3.9914038E+06
  9.8299990E+03  3.9743982E+06
  9.8499980E+03  3.9474030E+06
  9.8700000E+03  3.9155645E+06
  9.8899980E+03  3.8928128E+06
  9.9099990E+03  3.8759642E+06
  9.9300000E+03  3.8840540E+06
  9.9499980E+03  3.8715008E+06
  9.9699980E+03  3.8578792E+06
  9.9899990E+03  3.8371625E+06
  1.0024998E+04  3.7706818E+06
  1.0074998E+04  3.6702540E+06
  1.0124997E+04  3.7017128E+06
  1.0174997E+04  3.6497748E+06
  1.0224998E+04  3.6267782E+06
  1.0274997E+04  3.6079820E+06
  1.0325000E+04  3.5346012E+06
  1.0374999E+04  3.5016650E+06
  1.0425000E+04  3.4771685E+06
  1.0474998E+04  3.4041238E+06
  1.0524997E+04  3.3882842E+06
  1.0574999E+04  3.3541955E+06
  1.0625000E+04  3.3075832E+06
  1.0674997E+04  3.2171990E+06
  1.0724998E+04  3.2177960E+06
  1.0774999E+04  3.1796620E+06
  1.0824997E+04  3.1291390E+06
  1.0874997E+04  3.1029160E+06
  1.0924999E+04  2.9958260E+06
  1.0974996E+04  3.0224205E+06
  1.1025000E+04  3.0418050E+06
  1.1074998E+04  3.0176275E+06
  1.1124999E+04  2.9726348E+06
  1.1174998E+04  2.9342078E+06
  1.1224999E+04  2.9199360E+06
  1.1274997E+04  2.8448440E+06
  1.1325000E+04  2.8216580E+06
  1.1375000E+04  2.8077960E+06
  1.1425000E+04  2.7549030E+06
  1.1474997E+04  2.7738932E+06
  1.1525000E+04  2.7448270E+06
  1.1574998E+04  2.7028610E+06
  1.1625000E+04  2.6448130E+06
  1.1674998E+04  2.6177588E+06
  1.1724997E+04  2.6351610E+06
  1.1775001E+04  2.5604685E+06
  1.1824999E+04  2.5475640E+06
  1.1875000E+04  2.5042220E+06
  1.1925000E+04  2.5347935E+06
  1.1975001E+04  2.4546645E+06
  1.2024998E+04  2.4645690E+06
  1.2074996E+04  2.4287505E+06
  1.2125000E+04  2.4153450E+06
  1.2175000E+04  2.4073398E+06
  1.2225001E+04  2.3805035E+06
  1.2275001E+04  2.3504238E+06
  1.2324996E+04  2.3297818E+06
  1.2374996E+04  2.3077708E+06
  1.2424998E+04  2.2863052E+06
  1.2475000E+04  2.2675542E+06
  1.2524997E+04  2.2377680E+06
  1.2574997E+04  2.2101210E+06
  1.2624999E+04  2.1945640E+06
  1.2674997E+04  2.1710702E+06
  1.2724999E+04  2.1617890E+06
  1.2774999E+04  2.1372592E+06
  1.2825000E+04  1.9941260E+06
  1.2875001E+04  2.0898698E+06
  1.2924997E+04  2.0716582E+06
  1.2975001E+04  2.0610696E+06
  1.3024998E+04  2.0326636E+06
  1.3074999E+04  2.0238901E+06
  1.3125000E+04  1.9919441E+06
  1.3174998E+04  1.9679122E+06
  1.3224998E+04  1.9652086E+06
  1.3274997E+04  1.9328178E+06
  1.3324997E+04  1.9240472E+06
  1.3374999E+04  1.9026334E+06
  1.3424999E+04  1.8939221E+06
  1.3474999E+04  1.8747890E+06
  1.3525001E+04  1.8549801E+06
  1.3574999E+04  1.8239438E+06
  1.3624997E+04  1.8163860E+06
  1.3674997E+04  1.7983934E+06
  1.3724995E+04  1.7707555E+06
  1.3774998E+04  1.7635022E+06
  1.3824998E+04  1.7509469E+06
  1.3874996E+04  1.7411490E+06
  1.3925000E+04  1.7212449E+06
  1.3974996E+04  1.7081218E+06
  1.4024997E+04  1.6840896E+06
  1.4075001E+04  1.6788958E+06
  1.4124996E+04  1.6527946E+06
  1.4175000E+04  1.6503978E+06
  1.4225000E+04  1.6176849E+06
  1.4274994E+04  1.5973888E+06
  1.4325001E+04  1.6004836E+06
  1.4374998E+04  1.5954409E+06
  1.4424999E+04  1.5328000E+06
  1.4475000E+04  1.5613358E+06
  1.4524997E+04  1.5219636E+06
  1.4569999E+04  1.5295421E+06
  1.4620000E+04  1.5206489E+06
  1.4674998E+04  1.5227072E+06
  1.4725000E+04  1.4904041E+06
  1.4775002E+04  1.4718945E+06
  1.4824998E+04  1.4621035E+06
  1.4874996E+04  1.4342604E+06
  1.4924997E+04  1.4437438E+06
  1.4974999E+04  1.4148492E+06
  1.5024999E+04  1.3927820E+06
  1.5075000E+04  1.3714565E+06
  1.5124999E+04  1.3763856E+06
  1.5175000E+04  1.3673468E+06
  1.5225002E+04  1.3488724E+06
  1.5274998E+04  1.3397502E+06
  1.5324995E+04  1.3240450E+06
  1.5374997E+04  1.3216622E+06
  1.5425001E+04  1.2943601E+06
  1.5474996E+04  1.2983751E+06
  1.5524994E+04  1.2841489E+06
  1.5575001E+04  1.2466260E+06
  1.5624998E+04  1.2825929E+06
  1.5674997E+04  1.2376712E+06
  1.5724994E+04  1.2179450E+06
  1.5774996E+04  1.2215905E+06
  1.5825001E+04  1.2224572E+06
  1.5874995E+04  1.1426119E+06
  1.5925002E+04  1.1917331E+06
  1.5975001E+04  1.2011729E+06
  1.6049998E+04  1.1743252E+06
  1.6150001E+04  1.1264904E+06
  1.6249997E+04  1.1451690E+06
  1.6350000E+04  1.1091620E+06
  1.6449996E+04  1.0603424E+06
  1.6549998E+04  1.0800959E+06
  1.6649994E+04  1.0611004E+06
  1.6749998E+04  1.0246872E+06
  1.6849998E+04  9.7571319E+05
  1.6950000E+04  1.0012646E+06
  1.7049996E+04  9.7063362E+05
  1.7150000E+04  9.5830938E+05
  1.7249992E+04  9.2887362E+05
  1.7349994E+04  8.7078950E+05
  1.7449992E+04  8.8931844E+05
  1.7550000E+04  8.7891825E+05
  1.7649998E+04  8.6119919E+05
  1.7749994E+04  8.4519775E+05
  1.7849994E+04  8.3037438E+05
  1.7949998E+04  8.1683331E+05
  1.8050002E+04  7.9686844E+05
  1.8150002E+04  7.5150456E+05
  1.8249994E+04  7.6019106E+05
  1.8349992E+04  7.5296881E+05
  1.8449992E+04  7.3508944E+05
  1.8549998E+04  7.2351719E+05
  1.8650002E+04  7.0534838E+05
  1.8750002E+04  6.6031731E+05
  1.8850000E+04  6.8032425E+05
  1.8950004E+04  6.5849631E+05
  1.9049996E+04  6.6038412E+05
  1.9149998E+04  6.4645775E+05
  1.9249992E+04  6.3487919E+05
  1.9350000E+04  6.1902650E+05
  1.9449992E+04  5.8270294E+05
  1.9550002E+04  5.9924975E+05
  1.9649992E+04  5.8866881E+05
  1.9749992E+04  5.7691812E+05
  1.9849992E+04  5.6879656E+05
  1.9950002E+04  5.5879175E+05
  2.0050002E+04  5.5072950E+05
  2.0149996E+04  5.4275338E+05
  2.0249994E+04  5.2948675E+05
  2.0349994E+04  5.1790044E+05
  2.0449996E+04  5.1446019E+05
  2.0550000E+04  5.0462122E+05
  2.0649992E+04  4.9351756E+05
  2.0749998E+04  4.8602447E+05
  2.0849992E+04  4.7811541E+05
  2.0950004E+04  4.6811084E+05
  2.1050002E+04  4.6213506E+05
  2.1149992E+04  4.5332888E+05
  2.1250000E+04  4.4553462E+05
  2.1350002E+04  4.3908131E+05
  2.1449996E+04  4.3250791E+05
  2.1550006E+04  4.2486044E+05
  2.1649994E+04  3.9957362E+05
  2.1750002E+04  4.0853000E+05
  2.1849998E+04  4.0270822E+05
  2.1950002E+04  3.9812444E+05
  2.2050000E+04  3.8915962E+05
  2.2149996E+04  3.8383400E+05
  2.2249998E+04  3.7811619E+05
  2.2350004E+04  3.7203241E+05
  2.2449990E+04  3.6599762E+05
  2.2549994E+04  3.5860228E+05
  2.2650000E+04  3.5354803E+05
  2.2750000E+04  3.4865612E+05
  2.2850000E+04  3.4247966E+05
  2.2950004E+04  3.3762741E+05
  2.3050000E+04  3.3382516E+05
  2.3149996E+04  3.2751700E+05
  2.3250000E+04  3.2135338E+05
  2.3349996E+04  3.1630597E+05
  2.3449994E+04  3.1251106E+05
  2.3550002E+04  3.0553547E+05
  2.3649988E+04  3.0230409E+05
  2.3750000E+04  2.9685809E+05
  2.3849990E+04  2.9067191E+05
  2.3950002E+04  2.8786184E+05
  2.4050006E+04  2.8323231E+05
  2.4149992E+04  2.7793338E+05
  2.4249990E+04  2.7469141E+05
  2.4349990E+04  2.6971403E+05
  2.4450002E+04  2.6589244E+05
  2.4549990E+04  2.6124945E+05
  2.4649992E+04  2.5884259E+05
  2.4749992E+04  2.5420905E+05
  2.4850006E+04  2.5029400E+05
  2.4950000E+04  2.4546550E+05
  2.5050006E+04  2.4546672E+05
  2.5149994E+04  2.4082075E+05
  2.5249998E+04  2.3536564E+05
  2.5350004E+04  2.3406920E+05
  2.5449988E+04  2.3076211E+05
  2.5549998E+04  2.2675456E+05
  2.5649990E+04  2.2039205E+05
  2.5749990E+04  2.2143919E+05
  2.5849994E+04  2.1656634E+05
  2.5949990E+04  2.1511312E+05
  2.6049996E+04  2.1171591E+05
  2.6149998E+04  2.0538934E+05
  2.6249988E+04  1.9779714E+05
  2.6350008E+04  2.0286917E+05
  2.6449996E+04  1.9979277E+05
  2.6549994E+04  1.9734997E+05
  2.6649994E+04  1.9326192E+05
  2.6749988E+04  1.8837655E+05
  2.6849986E+04  1.8985014E+05
  2.6949986E+04  1.8748945E+05
  2.7050002E+04  1.8489045E+05
  2.7149998E+04  1.8230953E+05
  2.7249994E+04  1.7985275E+05
  2.7350006E+04  1.7764333E+05
  2.7450004E+04  1.7537145E+05
  2.7549996E+04  1.6883445E+05
  2.7649982E+04  1.6919741E+05
  2.7750004E+04  1.6807284E+05
  2.7850000E+04  1.6595006E+05
  2.7949992E+04  1.6402214E+05
  2.8049994E+04  1.6177736E+05
  2.8150002E+04  1.5972188E+05
  2.8250006E+04  1.5754508E+05
  2.8350000E+04  1.5569506E+05
  2.8450000E+04  1.5321547E+05
  2.8550002E+04  1.5147845E+05
  2.8650002E+04  1.4899088E+05
  2.8749982E+04  1.4335302E+05
  2.8849998E+04  1.4544319E+05
  2.8949986E+04  1.4381094E+05
  2.9049994E+04  1.4202786E+05
  2.9149986E+04  1.4000436E+05
  2.9249984E+04  1.3811523E+05
  2.9349980E+04  1.3665964E+05
  2.9450000E+04  1.3465570E+05
  2.9550004E+04  1.3319791E+05
  2.9649982E+04  1.3158978E+05
  2.9749992E+04  1.2988077E+05
  2.9849994E+04  1.2828900E+05
  2.9949984E+04  1.2649723E+05
  3.0049996E+04  1.2490984E+05
  3.0149994E+04  1.2345269E+05
  3.0249994E+04  1.2184734E+05
  3.0349996E+04  1.1727888E+05
  3.0449996E+04  1.1791570E+05
  3.0549996E+04  1.1735489E+05
  3.0649996E+04  1.1582040E+05
  3.0749994E+04  1.1468188E+05
  3.0849996E+04  1.1296977E+05
  3.0949994E+04  1.1170213E+05
  3.1049996E+04  1.1048752E+05
  3.1149996E+04  1.0850579E+05
  3.1249996E+04  1.0771988E+05
  3.1349996E+04  1.0653162E+05
  3.1449996E+04  1.0523819E+05
  3.1549998E+04  1.0382274E+05
  3.1649996E+04  1.0278411E+05
  3.1749998E+04  1.0153597E+05
  3.1849996E+04  1.0040547E+05
  3.1949994E+04  9.9316617E+04
  3.2099996E+04  9.7432680E+04
  3.2299992E+04  9.5280148E+04
  3.2499994E+04  9.3008953E+04
  3.2699996E+04  9.0821250E+04
  3.2899996E+04  8.7099578E+04
  3.3099996E+04  8.6569422E+04
  3.3299992E+04  8.4659562E+04
  3.3499996E+04  8.2933320E+04
  3.3699996E+04  8.0880406E+04
  3.3899996E+04  7.9033930E+04
  3.4099996E+04  7.7218602E+04
  3.4299996E+04  7.5750734E+04
  3.4499992E+04  7.4235656E+04
  3.4699996E+04  7.2518828E+04
  3.4899996E+04  7.0975555E+04
  3.5099996E+04  6.9481008E+04
  3.5299996E+04  6.7897758E+04
  3.5499996E+04  6.6501125E+04
  3.5699992E+04  6.4974789E+04
  3.5899992E+04  6.3691617E+04
  3.6099996E+04  6.2366309E+04
  3.6299992E+04  6.1163496E+04
  3.6499992E+04  5.9615605E+04
  3.6699992E+04  5.8486516E+04
  3.6899992E+04  5.6860941E+04
  3.7099996E+04  5.5833496E+04
  3.7299996E+04  5.4586480E+04
  3.7499992E+04  5.2743984E+04
  3.7699996E+04  5.2689461E+04
  3.7899996E+04  5.1620777E+04
  3.8099992E+04  5.0540449E+04
  3.8299996E+04  4.9680102E+04
  3.8499996E+04  4.8817086E+04
  3.8699996E+04  4.7745332E+04
  3.8899992E+04  4.6807516E+04
  3.9099996E+04  4.5745859E+04
  3.9299992E+04  4.5115582E+04
  3.9499992E+04  4.4128668E+04
  3.9699992E+04  4.3345746E+04
  3.9900000E+04  4.2292273E+04
  4.0099996E+04  4.1494266E+04
  4.0299992E+04  4.0754055E+04
  4.0499996E+04  3.9534863E+04
  4.0699992E+04  3.9354242E+04
  4.0899992E+04  3.8623477E+04
  4.1099996E+04  3.7978629E+04
  4.1299996E+04  3.7302469E+04
  4.1499992E+04  3.6532559E+04
  4.1699992E+04  3.5617508E+04
  4.1899996E+04  3.5205328E+04
  4.2099996E+04  3.4474152E+04
  4.2299992E+04  3.4037344E+04
  4.2499996E+04  3.3346484E+04
  4.2699992E+04  3.2805488E+04
  4.2899992E+04  3.1972197E+04
  4.3099996E+04  3.1209705E+04
  4.3299996E+04  3.0727150E+04
  4.3499992E+04  2.9869877E+04
  4.3699996E+04  2.9058529E+04
  4.3899996E+04  2.8849098E+04
  4.4099992E+04  2.8034008E+04
  4.4299992E+04  2.7698904E+04
  4.4499996E+04  2.7250727E+04
  4.4699996E+04  2.6530391E+04
  4.4899996E+04  2.6270277E+04
  4.5099992E+04  2.5806277E+04
  4.5299992E+04  2.5182367E+04
  4.5499996E+04  2.4883219E+04
  4.5699992E+04  2.4527006E+04
  4.5899996E+04  2.3929268E+04
  4.6099996E+04  2.3679545E+04
  4.6299992E+04  2.3275072E+04
  4.6499988E+04  2.2697203E+04
  4.6699992E+04  2.2366742E+04
  4.6899992E+04  2.2220920E+04
  4.7099992E+04  2.1889957E+04
  4.7299992E+04  2.1607568E+04
  4.7499996E+04  2.1222281E+04
  4.7699992E+04  2.0884084E+04
  4.7899992E+04  2.0595113E+04
  4.8099996E+04  2.0199486E+04
  4.8299992E+04  1.9971188E+04
  4.8499992E+04  1.9632244E+04
  4.8700000E+04  1.9329947E+04
  4.8899992E+04  1.9030363E+04
  4.9099988E+04  1.8739695E+04
  4.9299988E+04  1.8443805E+04
  4.9499996E+04  1.8158219E+04
  4.9699992E+04  1.7870531E+04
  4.9899988E+04  1.7620148E+04
  5.0099996E+04  1.7373180E+04
  5.0299996E+04  1.7113199E+04
  5.0499996E+04  1.6794736E+04
  5.0699996E+04  1.6573096E+04
  5.0899992E+04  1.6351505E+04
  5.1099992E+04  1.6062170E+04
  5.1299996E+04  1.5685224E+04
  5.1499988E+04  1.5600566E+04
  5.1699996E+04  1.5422309E+04
  5.1899992E+04  1.5149829E+04
  5.2099992E+04  1.4915767E+04
  5.2299996E+04  1.4695852E+04
  5.2499996E+04  1.4511654E+04
  5.2699996E+04  1.4323046E+04
  5.2899992E+04  1.4065515E+04
  5.3099988E+04  1.3896962E+04
  5.3299988E+04  1.3685452E+04
  5.3499992E+04  1.3505664E+04
  5.3699992E+04  1.3305961E+04
  5.3899992E+04  1.3128298E+04
  5.4099992E+04  1.2947742E+04
  5.4299984E+04  1.2723622E+04
  5.4499988E+04  1.2586141E+04
  5.4699996E+04  1.2394926E+04
  5.4899992E+04  1.2222662E+04
  5.5099992E+04  1.2073537E+04
  5.5299988E+04  1.1921813E+04
  5.5499988E+04  1.1724870E+04
  5.5699992E+04  1.1599775E+04
  5.5899992E+04  1.1401903E+04
  5.6099988E+04  1.1265330E+04
  5.6299996E+04  1.1105561E+04
  5.6499988E+04  1.0983768E+04
  5.6699988E+04  1.0835873E+04
  5.6899992E+04  1.0668021E+04
  5.7099996E+04  1.0546390E+04
  5.7299988E+04  1.0405201E+04
  5.7499988E+04  1.0264119E+04
  5.7699988E+04  1.0126665E+04
  5.7899996E+04  9.9940049E+03
  5.8099988E+04  9.8610361E+03
  5.8299996E+04  9.7369639E+03
  5.8499992E+04  9.6150195E+03
  5.8699988E+04  9.4745010E+03
  5.8899988E+04  9.3339248E+03
  5.9099992E+04  9.1405625E+03
  5.9299988E+04  9.1190791E+03
  5.9499996E+04  8.9782773E+03
  5.9699988E+04  8.8888389E+03
  5.9899992E+04  8.7743496E+03
  6.0099992E+04  8.6587881E+03
  6.0299992E+04  8.5533701E+03
  6.0499988E+04  8.4441123E+03
  6.0699992E+04  8.3318115E+03
  6.0899992E+04  8.2239492E+03
  6.1099988E+04  8.1081372E+03
  6.1299992E+04  8.0224307E+03
  6.1499988E+04  7.9257153E+03
  6.1699988E+04  7.8259253E+03
  6.1899996E+04  7.7300083E+03
  6.2099996E+04  7.6349692E+03
  6.2299988E+04  7.5212871E+03
  6.2499992E+04  7.4390864E+03
  6.2699988E+04  7.3469526E+03
  6.2899996E+04  7.2618345E+03
  6.3099984E+04  7.1608081E+03
  6.3299996E+04  7.0874209E+03
  6.3499984E+04  6.9978149E+03
  6.3699984E+04  6.9139258E+03
  6.3900000E+04  6.8269775E+03
  6.4199992E+04  6.7066543E+03
  6.4599984E+04  6.5419785E+03
  6.4999992E+04  6.3839546E+03
  6.5399992E+04  6.2383682E+03
  6.5799992E+04  6.0925337E+03
  6.6199984E+04  5.9475229E+03
  6.6599984E+04  5.8114902E+03
  6.6999992E+04  5.6751665E+03
  6.7399992E+04  5.5425732E+03
  6.7799992E+04  5.4179497E+03
  6.8199992E+04  5.2940786E+03
  6.8599992E+04  5.1740801E+03
  6.8999984E+04  5.0570557E+03
  6.9399984E+04  4.9422197E+03
  6.9800000E+04  4.8349326E+03
  7.0199992E+04  4.7237271E+03
  7.0599984E+04  4.6225083E+03
  7.0999977E+04  4.5224434E+03
  7.1399977E+04  4.4236572E+03
  7.1799984E+04  4.3272969E+03
  7.2199984E+04  4.2320723E+03
  7.2600000E+04  4.1415352E+03
  7.2999984E+04  4.0555544E+03
  7.3400000E+04  3.9674880E+03
  7.3799984E+04  3.8853088E+03
  7.4199992E+04  3.8013118E+03
  7.4599992E+04  3.7075154E+03
  7.5000000E+04  3.6282905E+03
  7.5399992E+04  3.5685588E+03
  7.5799992E+04  3.4976216E+03
  7.6199984E+04  3.4257671E+03
  7.6599992E+04  3.3565015E+03
  7.6999992E+04  3.2870898E+03
  7.7399992E+04  3.2220740E+03
  7.7799984E+04  3.1577837E+03
  7.8199984E+04  3.0946968E+03
  7.8599984E+04  3.0333376E+03
  7.8999984E+04  2.9733008E+03
  7.9399984E+04  2.9146155E+03
  7.9800000E+04  2.8578403E+03
  8.0199992E+04  2.8010564E+03
  8.0599984E+04  2.7465315E+03
  8.0999992E+04  2.6947239E+03
  8.1399977E+04  2.6414126E+03
  8.1799984E+04  2.5914888E+03
  8.2199984E+04  2.5432458E+03
  8.2599992E+04  2.4946536E+03
  8.2999984E+04  2.4480271E+03
  8.3400000E+04  2.4006062E+03
  8.3799992E+04  2.3563386E+03
  8.4199992E+04  2.3132798E+03
  8.4599977E+04  2.2707183E+03
  8.4999977E+04  2.2290093E+03
  8.5399984E+04  2.1879282E+03
  8.5799984E+04  2.1482312E+03
  8.6199992E+04  2.1088706E+03
  8.6599992E+04  2.0711992E+03
  8.6999984E+04  2.0340304E+03
  8.7399992E+04  1.9974535E+03
  8.7799992E+04  1.9618969E+03
  8.8199984E+04  1.9262242E+03
  8.8599977E+04  1.8926021E+03
  8.8999992E+04  1.8588860E+03
  8.9399977E+04  1.8268759E+03
  8.9799977E+04  1.7940989E+03
  9.0199984E+04  1.7635895E+03
  9.0599984E+04  1.7338234E+03
  9.0999992E+04  1.7027825E+03
  9.1400000E+04  1.6739310E+03
  9.1799969E+04  1.6459650E+03
  9.2199969E+04  1.6182863E+03
  9.2599984E+04  1.5908030E+03
  9.3000000E+04  1.5641237E+03
  9.3399984E+04  1.5376704E+03
  9.3799984E+04  1.5121666E+03
  9.4199977E+04  1.4869973E+03
  9.4599984E+04  1.4623248E+03
  9.4999969E+04  1.4381818E+03
  9.5399984E+04  1.4142250E+03
  9.5799984E+04  1.3915618E+03
  9.6199992E+04  1.3685336E+03
  9.6599984E+04  1.3466865E+03
  9.7000000E+04  1.3249519E+03
  9.7399977E+04  1.3026156E+03
  9.7799984E+04  1.2823320E+03
  9.8199977E+04  1.2619838E+03
  9.8599977E+04  1.2420776E+03
  9.8999992E+04  1.2225662E+03
  9.9399984E+04  1.2029475E+03
  9.9799977E+04  1.1840948E+03
  1.0019999E+05  1.1655790E+03
  1.9999991E+05  7.5150772E+01
  3.9999994E+05  4.7035127E+00
  5.9999981E+05  9.2333138E-01
  7.9999994E+05  2.9022574E-01
