  9.2499988E+02  1.5220787E-06
  9.3499982E+02  2.1559620E-06
  9.4500000E+02  3.0528442E-06
  9.5500000E+02  4.6090695E-06
  9.6499988E+02  6.5914387E-06
  9.7499982E+02  8.8791130E-06
  9.8499976E+02  1.2411451E-05
  9.9499988E+02  1.6663738E-05
  1.0049999E+03  2.4460191E-05
  1.0149997E+03  3.3169788E-05
  1.0249998E+03  3.9393606E-05
  1.0349998E+03  6.0271683E-05
  1.0449998E+03  8.1075123E-05
  1.0549999E+03  1.0777099E-04
  1.0649999E+03  1.3891852E-04
  1.0750000E+03  1.8543820E-04
  1.0849996E+03  2.4416737E-04
  1.0949999E+03  3.1128060E-04
  1.1049999E+03  6.1439243E-03
  1.1149999E+03  1.4607506E-02
  1.1249999E+03  2.2774696E-02
  1.1349996E+03  3.1560525E-02
  1.1449999E+03  4.3376636E-02
  1.1549999E+03  4.7904078E-02
  1.1650000E+03  6.8794422E-02
  1.1749995E+03  8.4224537E-02
  1.1849996E+03  8.3517291E-02
  1.1949998E+03  4.4012107E-02
  1.2049996E+03  4.2254630E-02
  1.2149998E+03  6.0607539E-03
  1.2249996E+03  5.6160085E-02
  1.2349996E+03  1.6976677E-01
  1.2449998E+03  4.3182650E-01
  1.2549996E+03  6.8224704E-01
  1.2650000E+03  6.8932450E-01
  1.2749998E+03  1.0489548E+00
  1.2849995E+03  1.3678507E+00
  1.2949998E+03  1.7352605E+00
  1.3049995E+03  1.5121539E+00
  1.3149998E+03  2.2899518E+00
  1.3249998E+03  2.5029352E+00
  1.3349996E+03  2.9080048E+00
  1.3449995E+03  3.3943014E+00
  1.3549996E+03  3.8152950E+00
  1.3649999E+03  4.0950370E+00
  1.3749999E+03  4.4107037E+00
  1.3849996E+03  4.8979392E+00
  1.3949999E+03  5.5717449E+00
  1.4050001E+03  6.6427441E+00
  1.4149998E+03  7.3529978E+00
  1.4249998E+03  8.1878061E+00
  1.4350000E+03  9.3521662E+00
  1.4419998E+03  1.2634748E+01
  1.4469999E+03  1.1295827E+01
  1.4549994E+03  1.3531632E+01
  1.4650000E+03  1.6598211E+01
  1.4749995E+03  1.8528221E+01
  1.4849996E+03  2.0384226E+01
  1.4949998E+03  2.7033461E+01
  1.5049996E+03  3.2856094E+01
  1.5119995E+03  2.4866783E+01
  1.5169994E+03  3.1655701E+01
  1.5250001E+03  6.8216507E+01
  1.5349994E+03  9.9712860E+01
  1.5449994E+03  9.0266701E+01
  1.5549998E+03  1.3278070E+02
  1.5649999E+03  1.2244316E+02
  1.5750001E+03  2.1544299E+02
  1.5850000E+03  2.6572894E+02
  1.5949996E+03  3.1782108E+02
  1.6049999E+03  3.2978452E+02
  1.6150000E+03  3.5777884E+02
  1.6249996E+03  3.9295102E+02
  1.6350000E+03  4.5581842E+02
  1.6449996E+03  6.3269983E+02
  1.6549999E+03  3.4550745E+02
  1.6649993E+03  7.0733691E+02
  1.6720000E+03  4.2869867E+02
  1.6770001E+03  1.4871976E+03
  1.6849998E+03  1.8528651E+03
  1.6950000E+03  2.2597227E+03
  1.7049995E+03  2.2647861E+03
  1.7150000E+03  2.4996199E+03
  1.7249993E+03  3.0956545E+03
  1.7349994E+03  3.8143584E+03
  1.7449993E+03  4.6891470E+03
  1.7550001E+03  6.5595034E+03
  1.7649998E+03  6.1864419E+03
  1.7749995E+03  6.8358135E+03
  1.7849995E+03  8.1784116E+03
  1.7949999E+03  1.2028004E+04
  1.8050001E+03  1.1976038E+04
  1.8150001E+03  1.1998822E+04
  1.8249994E+03  1.3872041E+04
  1.8349993E+03  1.5738500E+04
  1.8449993E+03  1.2807068E+04
  1.8549998E+03  1.8803676E+04
  1.8650002E+03  2.2913367E+04
  1.8750001E+03  2.4264146E+04
  1.8850000E+03  2.6669695E+04
  1.8950002E+03  3.4779621E+04
  1.9049996E+03  3.2635104E+04
  1.9149999E+03  3.5047273E+04
  1.9249993E+03  3.1158365E+04
  1.9350001E+03  1.9597188E+04
  1.9449993E+03  4.6638734E+04
  1.9550002E+03  4.8548160E+04
  1.9670002E+03  6.2204773E+04
  1.9759990E+03  5.5856184E+04
  1.9839996E+03  7.7409992E+04
  1.9950001E+03  8.0022125E+04
  2.0050002E+03  7.7512781E+04
  2.0149996E+03  7.6011453E+04
  2.0249994E+03  6.4951773E+04
  2.0349995E+03  9.2527047E+04
  2.0449998E+03  1.0711876E+05
  2.0550000E+03  9.6586883E+04
  2.0649993E+03  9.1907820E+04
  2.0739993E+03  1.1410225E+05
  2.0780002E+03  3.0432938E+05
  2.0849993E+03  4.1711500E+05
  2.0950005E+03  3.7975209E+05
  2.1050002E+03  3.6953794E+05
  2.1149990E+03  4.0454056E+05
  2.1250000E+03  3.3338969E+05
  2.1350002E+03  3.0347075E+05
  2.1449998E+03  4.2206816E+05
  2.1550005E+03  4.5747159E+05
  2.1649995E+03  3.6026244E+05
  2.1750002E+03  3.9933991E+05
  2.1849998E+03  4.9638206E+05
  2.1950000E+03  5.2194219E+05
  2.2050000E+03  4.7527625E+05
  2.2149998E+03  3.1567034E+05
  2.2249998E+03  3.6716566E+05
  2.2350005E+03  5.7809106E+05
  2.2449990E+03  5.3027944E+05
  2.2549993E+03  3.3379072E+05
  2.2650000E+03  3.0396541E+05
  2.2750000E+03  4.3886462E+05
  2.2850000E+03  5.7254312E+05
  2.2950002E+03  5.0970644E+05
  2.3050000E+03  6.2144700E+05
  2.3149995E+03  4.6111497E+05
  2.3250000E+03  2.7732847E+05
  2.3349995E+03  1.9037645E+05
  2.3449993E+03  1.1557486E+05
  2.3550000E+03  2.9954419E+05
  2.3649988E+03  1.2468816E+05
  2.3750000E+03  1.8696977E+05
  2.3849990E+03  8.8020180E+04
  2.3950000E+03  1.2566907E+05
  2.4050005E+03  1.2074418E+05
  2.4149993E+03  2.1361603E+05
  2.4249990E+03  5.2874156E+05
  2.4349990E+03  5.8030238E+05
  2.4450000E+03  6.9888781E+05
  2.4549990E+03  7.5777650E+05
  2.4649990E+03  6.1096000E+05
  2.4749993E+03  5.4625969E+05
  2.4850005E+03  3.4220128E+05
  2.4950000E+03  4.5325184E+05
  2.5050005E+03  7.6757138E+05
  2.5129988E+03  2.5228231E+05
  2.5179990E+03  2.0232041E+05
  2.5249998E+03  2.2701038E+05
  2.5350007E+03  4.1065138E+05
  2.5449988E+03  4.8918725E+05
  2.5550000E+03  8.7534688E+05
  2.5649990E+03  5.3303738E+05
  2.5749990E+03  6.7976056E+05
  2.5849993E+03  4.8146038E+05
  2.5949990E+03  3.7328569E+05
  2.6049995E+03  2.7229500E+05
  2.6149998E+03  2.5133075E+05
  2.6249990E+03  3.8202975E+05
  2.6350007E+03  9.1817169E+05
  2.6449995E+03  1.6756379E+06
  2.6549998E+03  2.1802770E+06
  2.6649995E+03  1.3456300E+06
  2.6749988E+03  1.5968835E+06
  2.6849988E+03  1.7730840E+06
  2.6949988E+03  1.4155851E+06
  2.7050000E+03  1.7680184E+06
  2.7150000E+03  1.1490236E+06
  2.7249995E+03  1.0225984E+06
  2.7350007E+03  1.1856654E+06
  2.7450002E+03  4.2891912E+05
  2.7549998E+03  6.4262806E+05
  2.7649983E+03  9.5153825E+05
  2.7750005E+03  1.0779066E+06
  2.7850000E+03  5.7397175E+05
  2.7949993E+03  1.8309502E+05
  2.8049995E+03  2.4003494E+05
  2.8150002E+03  8.7519938E+05
  2.8250007E+03  1.6309178E+06
  2.8350000E+03  1.7687252E+06
  2.8450002E+03  1.6761166E+06
  2.8550005E+03  1.0440890E+06
  2.8650000E+03  2.1953458E+06
  2.8749983E+03  2.5158788E+06
  2.8850000E+03  2.2693442E+06
  2.8949988E+03  2.4341280E+06
  2.9099988E+03  3.1763475E+06
  2.9299983E+03  2.9347812E+06
  2.9499990E+03  2.8897098E+06
  2.9700005E+03  3.2449535E+06
  2.9899980E+03  3.3380575E+06
  3.0099995E+03  3.5891542E+06
  3.0299995E+03  3.5512442E+06
  3.0499995E+03  3.7103505E+06
  3.0699995E+03  3.5892555E+06
  3.0899995E+03  3.8493215E+06
  3.1099995E+03  3.8108002E+06
  3.1299998E+03  3.7314150E+06
  3.1499995E+03  3.7147460E+06
  3.1699995E+03  3.9450715E+06
  3.1899995E+03  3.5004815E+06
  3.2099998E+03  3.9826415E+06
  3.2299993E+03  3.3198195E+06
  3.2499993E+03  4.2169150E+06
  3.2699995E+03  4.6848100E+06
  3.2899995E+03  4.4940250E+06
  3.3099998E+03  4.6193735E+06
  3.3299993E+03  4.6146745E+06
  3.3499995E+03  4.6043855E+06
  3.3699995E+03  4.0353955E+06
  3.3899993E+03  4.4376895E+06
  3.4099993E+03  4.5694865E+06
  3.4299995E+03  4.6617315E+06
  3.4499993E+03  4.9844940E+06
  3.4699998E+03  4.9143720E+06
  3.4899993E+03  5.0666790E+06
  3.5099995E+03  5.3176425E+06
  3.5299995E+03  5.0704130E+06
  3.5499995E+03  5.7485235E+06
  3.5699995E+03  4.8912135E+06
  3.5899995E+03  4.8640525E+06
  3.6099995E+03  5.1161535E+06
  3.6299993E+03  5.2114625E+06
  3.6399993E+03  5.2610595E+06
  3.6499995E+03  5.7053615E+06
  3.6699993E+03  5.4707690E+06
  3.6899995E+03  5.7616280E+06
  3.7099995E+03  6.9877410E+06
  3.7299998E+03  6.4553880E+06
  3.7499993E+03  7.0778950E+06
  3.7699993E+03  7.6179465E+06
  3.7899995E+03  8.0510270E+06
  3.8099993E+03  8.6383830E+06
  3.8299998E+03  6.7580760E+06
  3.8499995E+03  8.0676415E+06
  3.8699995E+03  8.2116145E+06
  3.8899995E+03  7.7763555E+06
  3.9099995E+03  8.4076870E+06
  3.9299993E+03  3.8361415E+06
  3.9499993E+03  6.6837690E+06
  3.9699998E+03  4.3709055E+06
  3.9899995E+03  9.2751020E+06
  4.0099995E+03  1.0085046E+07
  4.0299993E+03  1.0257523E+07
  4.0499993E+03  1.0099503E+07
  4.0699993E+03  9.9727430E+06
  4.0899995E+03  1.0724037E+07
  4.1099995E+03  1.0177666E+07
  4.1299995E+03  1.0662204E+07
  4.1499990E+03  1.1136953E+07
  4.1699990E+03  1.0826944E+07
  4.1899995E+03  1.0820608E+07
  4.2099995E+03  1.0756515E+07
  4.2299995E+03  1.0470809E+07
  4.2499995E+03  1.0725813E+07
  4.2699990E+03  1.0401182E+07
  4.2899995E+03  9.7372000E+06
  4.3100000E+03  8.5589890E+06
  4.3299995E+03  1.0631730E+07
  4.3499995E+03  1.0045619E+07
  4.3699995E+03  1.1357289E+07
  4.3899995E+03  1.0722528E+07
  4.4099995E+03  1.0989671E+07
  4.4299995E+03  1.1068811E+07
  4.4499995E+03  1.1053247E+07
  4.4699995E+03  1.1449493E+07
  4.4899995E+03  1.1453302E+07
  4.5099990E+03  1.2412500E+07
  4.5299995E+03  1.1340416E+07
  4.5499990E+03  1.1521001E+07
  4.5699995E+03  1.2232113E+07
  4.5899990E+03  1.1504362E+07
  4.6099990E+03  1.1932664E+07
  4.6299990E+03  1.1661789E+07
  4.6499990E+03  1.1868859E+07
  4.6699990E+03  1.2068162E+07
  4.6899990E+03  1.1799662E+07
  4.7099995E+03  1.1414873E+07
  4.7299990E+03  1.1944951E+07
  4.7499995E+03  1.2123082E+07
  4.7699995E+03  1.2035211E+07
  4.7899990E+03  1.2022275E+07
  4.8099995E+03  1.1854925E+07
  4.8299995E+03  1.2002090E+07
  4.8499990E+03  1.1174749E+07
  4.8700000E+03  9.9346920E+06
  4.8899990E+03  1.1488486E+07
  4.9099990E+03  1.1445090E+07
  4.9299990E+03  1.1253060E+07
  4.9499995E+03  1.1711667E+07
  4.9699995E+03  1.1737324E+07
  4.9899990E+03  1.0938078E+07
  5.0099995E+03  1.0518166E+07
  5.0299995E+03  1.1070645E+07
  5.0499995E+03  1.1136468E+07
  5.0699995E+03  1.1499160E+07
  5.0899995E+03  1.1147084E+07
  5.1099990E+03  1.1254628E+07
  5.1299995E+03  1.0902210E+07
  5.1499985E+03  1.0674523E+07
  5.1700000E+03  1.0548677E+07
  5.1899990E+03  1.0468376E+07
  5.2099990E+03  1.0658384E+07
  5.2299995E+03  1.0769705E+07
  5.2499995E+03  1.0886407E+07
  5.2699995E+03  1.0001850E+07
  5.2899990E+03  1.0825116E+07
  5.3099995E+03  1.0938929E+07
  5.3299990E+03  1.0330394E+07
  5.3499995E+03  1.0857836E+07
  5.3699995E+03  1.0850139E+07
  5.3899995E+03  1.0690666E+07
  5.4099990E+03  1.0413672E+07
  5.4299990E+03  1.0596606E+07
  5.4499990E+03  1.0863080E+07
  5.4699995E+03  1.0616578E+07
  5.4899995E+03  1.0637863E+07
  5.5099995E+03  1.0534842E+07
  5.5299985E+03  1.0583205E+07
  5.5499990E+03  1.0629494E+07
  5.5699990E+03  1.0440368E+07
  5.5899995E+03  1.0307922E+07
  5.6099990E+03  1.0493359E+07
  5.6299995E+03  1.0471827E+07
  5.6499990E+03  1.0396171E+07
  5.6699990E+03  1.0170971E+07
  5.6899995E+03  1.0325335E+07
  5.7099995E+03  1.0160578E+07
  5.7299990E+03  1.0618508E+07
  5.7499990E+03  1.0320181E+07
  5.7699990E+03  1.0381494E+07
  5.7899995E+03  1.0170325E+07
  5.8099985E+03  1.0272188E+07
  5.8300000E+03  1.0360659E+07
  5.8499990E+03  1.0169620E+07
  5.8699985E+03  1.0182114E+07
  5.8899985E+03  9.8415990E+06
  5.9099995E+03  1.0054132E+07
  5.9299985E+03  1.0010858E+07
  5.9499995E+03  1.0002620E+07
  5.9699990E+03  1.0003577E+07
  5.9899990E+03  9.8831270E+06
  6.0099990E+03  9.7316190E+06
  6.0299995E+03  9.7593820E+06
  6.0499990E+03  9.8570740E+06
  6.0699990E+03  9.8156400E+06
  6.0899995E+03  9.5900680E+06
  6.1099985E+03  9.4912650E+06
  6.1299995E+03  9.2344310E+06
  6.1499985E+03  9.2542560E+06
  6.1699985E+03  9.1225110E+06
  6.1900000E+03  9.4173170E+06
  6.2099995E+03  9.4077520E+06
  6.2299985E+03  9.1797230E+06
  6.2499990E+03  8.8389670E+06
  6.2699985E+03  9.2547250E+06
  6.2900000E+03  9.2387150E+06
  6.3099985E+03  8.9753980E+06
  6.3299995E+03  9.0384570E+06
  6.3499985E+03  9.0238450E+06
  6.3699985E+03  8.9574280E+06
  6.3899995E+03  8.9903840E+06
  6.4099990E+03  8.7843660E+06
  6.4299985E+03  8.8241170E+06
  6.4499985E+03  8.7628670E+06
  6.4699990E+03  8.7395520E+06
  6.4899990E+03  8.5803180E+06
  6.5099985E+03  8.7087560E+06
  6.5299990E+03  8.6945420E+06
  6.5499985E+03  8.3708915E+06
  6.5699985E+03  7.2828850E+06
  6.5899995E+03  8.4631150E+06
  6.6099985E+03  8.5382140E+06
  6.6299990E+03  8.5207170E+06
  6.6499985E+03  8.4715870E+06
  6.6699995E+03  8.3770780E+06
  6.6899990E+03  8.4519820E+06
  6.7099995E+03  8.3017645E+06
  6.7299990E+03  8.3468200E+06
  6.7499995E+03  8.2322740E+06
  6.7699985E+03  8.2476580E+06
  6.7899995E+03  8.1729915E+06
  6.8099995E+03  8.1388660E+06
  6.8300000E+03  8.1187270E+06
  6.8499985E+03  7.9793005E+06
  6.8699985E+03  8.0348415E+06
  6.8899985E+03  8.0255615E+06
  6.9099990E+03  7.9507665E+06
  6.9299995E+03  7.9229815E+06
  6.9499990E+03  7.8790075E+06
  6.9699985E+03  7.8470405E+06
  6.9899985E+03  7.8207050E+06
  7.0099985E+03  7.6027265E+06
  7.0299985E+03  7.6846985E+06
  7.0499990E+03  7.6881520E+06
  7.0699980E+03  7.6221080E+06
  7.0899990E+03  7.5761665E+06
  7.1099990E+03  7.4926160E+06
  7.1299995E+03  7.4558270E+06
  7.1499990E+03  7.4281765E+06
  7.1699995E+03  7.3794650E+06
  7.1899985E+03  7.2247860E+06
  7.2099985E+03  7.2970895E+06
  7.2299980E+03  7.2502885E+06
  7.2499990E+03  7.2769965E+06
  7.2699995E+03  7.2498425E+06
  7.2899990E+03  7.0779815E+06
  7.3099980E+03  7.1164345E+06
  7.3299980E+03  7.1120105E+06
  7.3499980E+03  7.1005545E+06
  7.3699985E+03  7.0995225E+06
  7.3899995E+03  6.9369750E+06
  7.4099985E+03  6.8186195E+06
  7.4299995E+03  6.8672615E+06
  7.4500000E+03  6.8725220E+06
  7.4700000E+03  6.8695280E+06
  7.4899990E+03  6.8120745E+06
  7.5099985E+03  6.8072360E+06
  7.5299995E+03  6.7890600E+06
  7.5499980E+03  6.8053535E+06
  7.5699985E+03  6.7267090E+06
  7.5899990E+03  6.7004595E+06
  7.6099980E+03  6.6594335E+06
  7.6299995E+03  6.6530385E+06
  7.6499995E+03  6.6092840E+06
  7.6699980E+03  6.4647165E+06
  7.6899990E+03  6.5419805E+06
  7.7099995E+03  6.4402710E+06
  7.7299985E+03  6.4523850E+06
  7.7499990E+03  6.3821180E+06
  7.7700000E+03  6.3517995E+06
  7.7900000E+03  6.4104845E+06
  7.8099995E+03  6.3665780E+06
  7.8299980E+03  6.2935420E+06
  7.8499980E+03  6.2358370E+06
  7.8699995E+03  6.2777795E+06
  7.8900000E+03  6.2369145E+06
  7.9099995E+03  6.1644720E+06
  7.9300000E+03  6.0824945E+06
  7.9499985E+03  6.0716010E+06
  7.9699990E+03  6.1295365E+06
  7.9900000E+03  6.1000675E+06
  8.0099980E+03  6.0261950E+06
  8.0299985E+03  5.9962130E+06
  8.0500000E+03  5.9594770E+06
  8.0699985E+03  5.9658425E+06
  8.0899990E+03  5.8776670E+06
  8.1099995E+03  5.9197385E+06
  8.1299976E+03  5.9083205E+06
  8.1499976E+03  5.8629105E+06
  8.1699980E+03  5.8348045E+06
  8.1899985E+03  5.6766000E+06
  8.2099990E+03  5.6763635E+06
  8.2300000E+03  5.6560370E+06
  8.2500000E+03  5.6463590E+06
  8.2700000E+03  5.6934450E+06
  8.2899980E+03  5.6490160E+06
  8.3099990E+03  5.5487530E+06
  8.3299980E+03  5.4662200E+06
  8.3500000E+03  5.5054430E+06
  8.3699990E+03  5.4791660E+06
  8.3899990E+03  5.4059780E+06
  8.4099971E+03  5.4346285E+06
  8.4300000E+03  5.3786510E+06
  8.4499990E+03  5.3495285E+06
  8.4699980E+03  5.2728330E+06
  8.4899980E+03  5.3776395E+06
  8.5099990E+03  5.0122285E+06
  8.5299990E+03  5.3842755E+06
  8.5499990E+03  4.8490230E+06
  8.5699990E+03  5.3828615E+06
  8.5900000E+03  5.1944435E+06
  8.6099980E+03  5.1113920E+06
  8.6299990E+03  5.2809575E+06
  8.6499990E+03  5.2500200E+06
  8.6699990E+03  4.6416485E+06
  8.6899990E+03  5.0770800E+06
  8.7099971E+03  5.1536075E+06
  8.7299990E+03  5.1295245E+06
  8.7499980E+03  4.8251865E+06
  8.7699980E+03  5.0950860E+06
  8.7899980E+03  5.0694890E+06
  8.8099990E+03  4.9955320E+06
  8.8299980E+03  4.9840420E+06
  8.8499980E+03  4.9360475E+06
  8.8699980E+03  4.6668295E+06
  8.8899990E+03  4.9508370E+06
  8.9099971E+03  4.9495175E+06
  8.9299980E+03  4.8621765E+06
  8.9499980E+03  4.8705700E+06
  8.9699990E+03  4.8587070E+06
  8.9899990E+03  4.8389770E+06
  9.0099980E+03  4.5035755E+06
  9.0299990E+03  4.7222790E+06
  9.0499990E+03  4.8168850E+06
  9.0699980E+03  4.6839260E+06
  9.0899990E+03  4.5634860E+06
  9.1099980E+03  4.6351670E+06
  9.1299980E+03  4.7003005E+06
  9.1499980E+03  4.6838255E+06
  9.1699980E+03  4.6544560E+06
  9.1899990E+03  4.6565220E+06
  9.2099990E+03  4.5337250E+06
  9.2299980E+03  4.2646035E+06
  9.2499980E+03  4.4536520E+06
  9.2699971E+03  4.4914485E+06
  9.2899990E+03  4.5319320E+06
  9.3099980E+03  4.5237830E+06
  9.3299990E+03  4.4857985E+06
  9.3499980E+03  4.4653365E+06
  9.3699990E+03  4.4445775E+06
  9.3900000E+03  4.4277995E+06
  9.4099980E+03  4.2495395E+06
  9.4299971E+03  4.3610865E+06
  9.4499990E+03  4.3135365E+06
  9.4700000E+03  4.3541460E+06
  9.4899980E+03  4.3517105E+06
  9.5100000E+03  4.3059315E+06
  9.5300000E+03  4.2621590E+06
  9.5500000E+03  3.9889230E+06
  9.5699990E+03  4.2064495E+06
  9.5899980E+03  4.2380795E+06
  9.6099980E+03  4.1764010E+06
  9.6299990E+03  4.1200720E+06
  9.6499990E+03  4.1276895E+06
  9.6699980E+03  4.0868638E+06
  9.6899980E+03  4.1021082E+06
  9.7100000E+03  4.1115975E+06
  9.7299990E+03  4.0959068E+06
  9.7499980E+03  4.0291872E+06
  9.7699961E+03  4.0430998E+06
  9.7899980E+03  4.0179482E+06
  9.8099980E+03  4.0184148E+06
  9.8299990E+03  4.0016892E+06
  9.8499980E+03  3.9687590E+06
  9.8700000E+03  3.9395415E+06
  9.8899980E+03  3.9166928E+06
  9.9099990E+03  3.8993645E+06
  9.9300000E+03  3.9062135E+06
  9.9499980E+03  3.8935722E+06
  9.9699980E+03  3.8817565E+06
  9.9899990E+03  3.8616990E+06
  1.0024998E+04  3.7920488E+06
  1.0074998E+04  3.6905558E+06
  1.0124997E+04  3.7200868E+06
  1.0174997E+04  3.6719718E+06
  1.0224998E+04  3.6483982E+06
  1.0274997E+04  3.6297490E+06
  1.0325000E+04  3.5543908E+06
  1.0374999E+04  3.5223148E+06
  1.0425000E+04  3.4965808E+06
  1.0474998E+04  3.4202262E+06
  1.0524997E+04  3.4035880E+06
  1.0574999E+04  3.3708040E+06
  1.0625000E+04  3.3244360E+06
  1.0674997E+04  3.2332002E+06
  1.0724998E+04  3.2339758E+06
  1.0774999E+04  3.1953350E+06
  1.0824997E+04  3.1466928E+06
  1.0874997E+04  3.1189390E+06
  1.0924999E+04  3.0073782E+06
  1.0974996E+04  3.0374335E+06
  1.1025000E+04  3.0570850E+06
  1.1074998E+04  3.0314800E+06
  1.1124999E+04  2.9849932E+06
  1.1174998E+04  2.9463955E+06
  1.1224999E+04  2.9324938E+06
  1.1274997E+04  2.8531120E+06
  1.1325000E+04  2.8289718E+06
  1.1375000E+04  2.8180740E+06
  1.1425000E+04  2.7626378E+06
  1.1474997E+04  2.7839930E+06
  1.1525000E+04  2.7549810E+06
  1.1574998E+04  2.7123928E+06
  1.1625000E+04  2.6510298E+06
  1.1674998E+04  2.6211858E+06
  1.1724997E+04  2.6425602E+06
  1.1775001E+04  2.5648430E+06
  1.1824999E+04  2.5544072E+06
  1.1875000E+04  2.5082562E+06
  1.1925000E+04  2.5415490E+06
  1.1975001E+04  2.4622832E+06
  1.2024998E+04  2.4711868E+06
  1.2074996E+04  2.4348742E+06
  1.2125000E+04  2.4200602E+06
  1.2175000E+04  2.4112032E+06
  1.2225001E+04  2.3834025E+06
  1.2275001E+04  2.3545742E+06
  1.2324996E+04  2.3324852E+06
  1.2374996E+04  2.3107230E+06
  1.2424998E+04  2.2898438E+06
  1.2475000E+04  2.2696845E+06
  1.2524997E+04  2.2387768E+06
  1.2574997E+04  2.2098115E+06
  1.2624999E+04  2.1950600E+06
  1.2674997E+04  2.1730165E+06
  1.2724999E+04  2.1633250E+06
  1.2774999E+04  2.1395448E+06
  1.2825000E+04  1.9973552E+06
  1.2875001E+04  2.0916424E+06
  1.2924997E+04  2.0716582E+06
  1.2975001E+04  2.0599954E+06
  1.3024998E+04  2.0327968E+06
  1.3074999E+04  2.0232291E+06
  1.3125000E+04  1.9919004E+06
  1.3174998E+04  1.9669790E+06
  1.3224998E+04  1.9634640E+06
  1.3274997E+04  1.9316844E+06
  1.3324997E+04  1.9222225E+06
  1.3374999E+04  1.9006748E+06
  1.3424999E+04  1.8908076E+06
  1.3474999E+04  1.8717598E+06
  1.3525001E+04  1.8513346E+06
  1.3574999E+04  1.8202435E+06
  1.3624997E+04  1.8129766E+06
  1.3674997E+04  1.7943442E+06
  1.3724995E+04  1.7637159E+06
  1.3774998E+04  1.7582806E+06
  1.3824998E+04  1.7453688E+06
  1.3874996E+04  1.7361980E+06
  1.3925000E+04  1.7148140E+06
  1.3974996E+04  1.7020842E+06
  1.4024997E+04  1.6785545E+06
  1.4075001E+04  1.6730956E+06
  1.4124996E+04  1.6471299E+06
  1.4175000E+04  1.6434230E+06
  1.4225000E+04  1.6116340E+06
  1.4274994E+04  1.5922122E+06
  1.4325001E+04  1.5935258E+06
  1.4374998E+04  1.5881666E+06
  1.4424999E+04  1.5246708E+06
  1.4475000E+04  1.5534245E+06
  1.4524997E+04  1.5135708E+06
  1.4569999E+04  1.5218579E+06
  1.4620000E+04  1.5141626E+06
  1.4674998E+04  1.5185439E+06
  1.4725000E+04  1.4842359E+06
  1.4775002E+04  1.4629379E+06
  1.4824998E+04  1.4517160E+06
  1.4874996E+04  1.4244872E+06
  1.4924997E+04  1.4308058E+06
  1.4974999E+04  1.4019638E+06
  1.5024999E+04  1.3818346E+06
  1.5075000E+04  1.3590565E+06
  1.5124999E+04  1.3633924E+06
  1.5175000E+04  1.3547989E+06
  1.5225002E+04  1.3411688E+06
  1.5274998E+04  1.3252670E+06
  1.5324995E+04  1.3117574E+06
  1.5374997E+04  1.3140285E+06
  1.5425001E+04  1.2786055E+06
  1.5474996E+04  1.2908714E+06
  1.5524994E+04  1.2796472E+06
  1.5575001E+04  1.2311114E+06
  1.5624998E+04  1.2783648E+06
  1.5674997E+04  1.2322588E+06
  1.5724994E+04  1.2031362E+06
  1.5774996E+04  1.2188805E+06
  1.5825001E+04  1.2187565E+06
  1.5874995E+04  1.1302344E+06
  1.5925002E+04  1.1880639E+06
  1.5975001E+04  1.1969066E+06
  1.6049998E+04  1.1696455E+06
  1.6150001E+04  1.1189361E+06
  1.6249997E+04  1.1398759E+06
  1.6350000E+04  1.1045535E+06
  1.6449996E+04  1.0534649E+06
  1.6549998E+04  1.0739479E+06
  1.6649994E+04  1.0553518E+06
  1.6749998E+04  1.0207394E+06
  1.6849998E+04  9.7084344E+05
  1.6950000E+04  9.9569156E+05
  1.7049996E+04  9.6502225E+05
  1.7150000E+04  9.5327556E+05
  1.7249992E+04  9.2398656E+05
  1.7349994E+04  8.6733531E+05
  1.7449992E+04  8.8486444E+05
  1.7550000E+04  8.7374438E+05
  1.7649998E+04  8.5598700E+05
  1.7749994E+04  8.4029525E+05
  1.7849994E+04  8.2524300E+05
  1.7949998E+04  8.1253044E+05
  1.8050002E+04  7.9235881E+05
  1.8150002E+04  7.4894288E+05
  1.8249994E+04  7.5711438E+05
  1.8349992E+04  7.4925425E+05
  1.8449992E+04  7.3185781E+05
  1.8549998E+04  7.1972906E+05
  1.8650002E+04  7.0266219E+05
  1.8750002E+04  6.5895650E+05
  1.8850000E+04  6.7723888E+05
  1.8950004E+04  6.5556931E+05
  1.9049996E+04  6.5738400E+05
  1.9149998E+04  6.4357100E+05
  1.9249992E+04  6.3206306E+05
  1.9350000E+04  6.1680281E+05
  1.9449992E+04  5.8176675E+05
  1.9550002E+04  5.9691369E+05
  1.9649992E+04  5.8628812E+05
  1.9749992E+04  5.7457112E+05
  1.9849992E+04  5.6635844E+05
  1.9950002E+04  5.5652944E+05
  2.0050002E+04  5.4832100E+05
  2.0149996E+04  5.4030375E+05
  2.0249994E+04  5.2732775E+05
  2.0349994E+04  5.1595362E+05
  2.0449996E+04  5.1226216E+05
  2.0550000E+04  5.0248906E+05
  2.0649992E+04  4.9153859E+05
  2.0749998E+04  4.8398575E+05
  2.0849992E+04  4.7617419E+05
  2.0950004E+04  4.6646291E+05
  2.1050002E+04  4.6018806E+05
  2.1149992E+04  4.5140031E+05
  2.1250000E+04  4.4373259E+05
  2.1350002E+04  4.3713906E+05
  2.1449996E+04  4.3080484E+05
  2.1550006E+04  4.2331106E+05
  2.1649994E+04  3.9904319E+05
  2.1750002E+04  4.0733547E+05
  2.1849998E+04  4.0129572E+05
  2.1950002E+04  3.9661531E+05
  2.2050000E+04  3.8775716E+05
  2.2149996E+04  3.8225219E+05
  2.2249998E+04  3.7676922E+05
  2.2350004E+04  3.7070503E+05
  2.2449990E+04  3.6471944E+05
  2.2549994E+04  3.5703909E+05
  2.2650000E+04  3.5224094E+05
  2.2750000E+04  3.4740416E+05
  2.2850000E+04  3.4154884E+05
  2.2950004E+04  3.3696225E+05
  2.3050000E+04  3.3303803E+05
  2.3149996E+04  3.2641341E+05
  2.3250000E+04  3.2060072E+05
  2.3349996E+04  3.1540766E+05
  2.3449994E+04  3.1139434E+05
  2.3550002E+04  3.0471350E+05
  2.3649988E+04  3.0122644E+05
  2.3750000E+04  2.9580281E+05
  2.3849990E+04  2.8993675E+05
  2.3950002E+04  2.8688978E+05
  2.4050006E+04  2.8220972E+05
  2.4149992E+04  2.7707425E+05
  2.4249990E+04  2.7419812E+05
  2.4349990E+04  2.6878003E+05
  2.4450002E+04  2.6501647E+05
  2.4549990E+04  2.6093691E+05
  2.4649992E+04  2.5807997E+05
  2.4749992E+04  2.5358786E+05
  2.4850006E+04  2.5028180E+05
  2.4950000E+04  2.4419462E+05
  2.5050006E+04  2.4523859E+05
  2.5149994E+04  2.4072545E+05
  2.5249998E+04  2.3413067E+05
  2.5350004E+04  2.3389334E+05
  2.5449988E+04  2.3062253E+05
  2.5549998E+04  2.2662759E+05
  2.5649990E+04  2.1922394E+05
  2.5749990E+04  2.2118920E+05
  2.5849994E+04  2.1649870E+05
  2.5949990E+04  2.1499566E+05
  2.6049996E+04  2.1159931E+05
  2.6149998E+04  2.0441973E+05
  2.6249988E+04  1.9796662E+05
  2.6350008E+04  2.0282034E+05
  2.6449996E+04  1.9971200E+05
  2.6549994E+04  1.9721634E+05
  2.6649994E+04  1.9322480E+05
  2.6749988E+04  1.8754995E+05
  2.6849986E+04  1.8971948E+05
  2.6949986E+04  1.8737014E+05
  2.7050002E+04  1.8472569E+05
  2.7149998E+04  1.8220220E+05
  2.7249994E+04  1.7972592E+05
  2.7350006E+04  1.7753253E+05
  2.7450004E+04  1.7524147E+05
  2.7549996E+04  1.6829342E+05
  2.7649982E+04  1.6914319E+05
  2.7750004E+04  1.6797989E+05
  2.7850000E+04  1.6584806E+05
  2.7949992E+04  1.6390639E+05
  2.8049994E+04  1.6167202E+05
  2.8150002E+04  1.5960777E+05
  2.8250006E+04  1.5744595E+05
  2.8350000E+04  1.5559197E+05
  2.8450000E+04  1.5312702E+05
  2.8550002E+04  1.5139988E+05
  2.8650002E+04  1.4897250E+05
  2.8749982E+04  1.4310233E+05
  2.8849998E+04  1.4540697E+05
  2.8949986E+04  1.4373453E+05
  2.9049994E+04  1.4197875E+05
  2.9149986E+04  1.3991127E+05
  2.9249984E+04  1.3809320E+05
  2.9349980E+04  1.3662464E+05
  2.9450000E+04  1.3463833E+05
  2.9550004E+04  1.3317202E+05
  2.9649982E+04  1.3157266E+05
  2.9749992E+04  1.2986802E+05
  2.9849994E+04  1.2828477E+05
  2.9949984E+04  1.2650143E+05
  3.0049996E+04  1.2490984E+05
  3.0149994E+04  1.2345269E+05
  3.0249994E+04  1.2186794E+05
  3.0349996E+04  1.1725435E+05
  3.0449996E+04  1.1801727E+05
  3.0549996E+04  1.1737910E+05
  3.0649996E+04  1.1584446E+05
  3.0749994E+04  1.1468188E+05
  3.0849996E+04  1.1295789E+05
  3.0949994E+04  1.1169426E+05
  3.1049996E+04  1.1046407E+05
  3.1149996E+04  1.0850966E+05
  3.1249996E+04  1.0771216E+05
  3.1349996E+04  1.0650477E+05
  3.1449996E+04  1.0521534E+05
  3.1549998E+04  1.0385302E+05
  3.1649996E+04  1.0281044E+05
  3.1749998E+04  1.0154344E+05
  3.1849996E+04  1.0042774E+05
  3.1949994E+04  9.9324016E+04
  3.2099996E+04  9.7465578E+04
  3.2299992E+04  9.5305422E+04
  3.2499994E+04  9.3041047E+04
  3.2699996E+04  9.0860008E+04
  3.2899996E+04  8.7169188E+04
  3.3099996E+04  8.6648500E+04
  3.3299992E+04  8.4737711E+04
  3.3499996E+04  8.2990391E+04
  3.3699996E+04  8.0930156E+04
  3.3899996E+04  7.9099492E+04
  3.4099996E+04  7.7267203E+04
  3.4299996E+04  7.5766742E+04
  3.4499992E+04  7.4248328E+04
  3.4699996E+04  7.2553242E+04
  3.4899996E+04  7.1015773E+04
  3.5099996E+04  6.9523820E+04
  3.5299996E+04  6.7961250E+04
  3.5499996E+04  6.6545969E+04
  3.5699992E+04  6.5016168E+04
  3.5899992E+04  6.3793922E+04
  3.6099996E+04  6.2389434E+04
  3.6299992E+04  6.1257840E+04
  3.6499992E+04  5.9649531E+04
  3.6699992E+04  5.8592809E+04
  3.6899992E+04  5.6899680E+04
  3.7099996E+04  5.5945715E+04
  3.7299996E+04  5.4700207E+04
  3.7499992E+04  5.2813633E+04
  3.7699996E+04  5.2784887E+04
  3.7899996E+04  5.1725691E+04
  3.8099992E+04  5.0579379E+04
  3.8299996E+04  4.9752016E+04
  3.8499996E+04  4.8911125E+04
  3.8699996E+04  4.7833371E+04
  3.8899992E+04  4.6899633E+04
  3.9099996E+04  4.5753254E+04
  3.9299992E+04  4.5208273E+04
  3.9499992E+04  4.4230078E+04
  3.9699992E+04  4.3441355E+04
  3.9900000E+04  4.2384562E+04
  4.0099996E+04  4.1573926E+04
  4.0299992E+04  4.0781887E+04
  4.0499996E+04  3.9635926E+04
  4.0699992E+04  3.9447484E+04
  4.0899992E+04  3.8709055E+04
  4.1099996E+04  3.8072293E+04
  4.1299996E+04  3.7393023E+04
  4.1499992E+04  3.6626621E+04
  4.1699992E+04  3.5639172E+04
  4.1899996E+04  3.5295457E+04
  4.2099996E+04  3.4565551E+04
  4.2299992E+04  3.4123672E+04
  4.2499996E+04  3.3434086E+04
  4.2699992E+04  3.2890207E+04
  4.2899992E+04  3.2090924E+04
  4.3099996E+04  3.1339498E+04
  4.3299996E+04  3.0841682E+04
  4.3499992E+04  3.0023176E+04
  4.3699996E+04  2.9169000E+04
  4.3899996E+04  2.8983980E+04
  4.4099992E+04  2.8200598E+04
  4.4299992E+04  2.7844801E+04
  4.4499996E+04  2.7383898E+04
  4.4699996E+04  2.6701969E+04
  4.4899996E+04  2.6408559E+04
  4.5099992E+04  2.5945189E+04
  4.5299992E+04  2.5345758E+04
  4.5499996E+04  2.5032438E+04
  4.5699992E+04  2.4662293E+04
  4.5899996E+04  2.4084840E+04
  4.6099996E+04  2.3821359E+04
  4.6299992E+04  2.3417420E+04
  4.6499988E+04  2.2862725E+04
  4.6699992E+04  2.2485934E+04
  4.6899992E+04  2.2351086E+04
  4.7099992E+04  2.2017324E+04
  4.7299992E+04  2.1725439E+04
  4.7499996E+04  2.1340832E+04
  4.7699992E+04  2.1006609E+04
  4.7899992E+04  2.0708412E+04
  4.8099996E+04  2.0319982E+04
  4.8299992E+04  2.0077770E+04
  4.8499992E+04  1.9739551E+04
  4.8700000E+04  1.9437963E+04
  4.8899992E+04  1.9132770E+04
  4.9099988E+04  1.8842832E+04
  4.9299988E+04  1.8541455E+04
  4.9499996E+04  1.8255082E+04
  4.9699992E+04  1.7965092E+04
  4.9899988E+04  1.7715467E+04
  5.0099996E+04  1.7461734E+04
  5.0299996E+04  1.7199559E+04
  5.0499996E+04  1.6881895E+04
  5.0699996E+04  1.6658100E+04
  5.0899992E+04  1.6431480E+04
  5.1099992E+04  1.6147292E+04
  5.1299996E+04  1.5756801E+04
  5.1499988E+04  1.5680111E+04
  5.1699996E+04  1.5497009E+04
  5.1899992E+04  1.5226754E+04
  5.2099992E+04  1.4990714E+04
  5.2299996E+04  1.4770227E+04
  5.2499996E+04  1.4584097E+04
  5.2699996E+04  1.4390867E+04
  5.2899992E+04  1.4138212E+04
  5.3099988E+04  1.3967778E+04
  5.3299988E+04  1.3753083E+04
  5.3499992E+04  1.3570157E+04
  5.3699992E+04  1.3369977E+04
  5.3899992E+04  1.3190541E+04
  5.4099992E+04  1.3008241E+04
  5.4299984E+04  1.2787380E+04
  5.4499988E+04  1.2645120E+04
  5.4699996E+04  1.2452215E+04
  5.4899992E+04  1.2280784E+04
  5.5099992E+04  1.2129625E+04
  5.5299988E+04  1.1975771E+04
  5.5499988E+04  1.1780519E+04
  5.5699992E+04  1.1650047E+04
  5.5899992E+04  1.1452900E+04
  5.6099988E+04  1.1316803E+04
  5.6299996E+04  1.1156905E+04
  5.6499988E+04  1.1032154E+04
  5.6699988E+04  1.0883449E+04
  5.6899992E+04  1.0718521E+04
  5.7099996E+04  1.0593072E+04
  5.7299988E+04  1.0451328E+04
  5.7499988E+04  1.0309471E+04
  5.7699988E+04  1.0171588E+04
  5.7899996E+04  1.0036708E+04
  5.8099988E+04  9.9040049E+03
  5.8299996E+04  9.7790830E+03
  5.8499992E+04  9.6564111E+03
  5.8699988E+04  9.5167031E+03
  5.8899988E+04  9.3741045E+03
  5.9099992E+04  9.1764795E+03
  5.9299988E+04  9.1568965E+03
  5.9499996E+04  9.0130742E+03
  5.9699988E+04  8.9252002E+03
  5.9899992E+04  8.8098398E+03
  6.0099992E+04  8.6936250E+03
  6.0299992E+04  8.5879756E+03
  6.0499988E+04  8.4782832E+03
  6.0699992E+04  8.3652461E+03
  6.0899992E+04  8.2566582E+03
  6.1099988E+04  8.1405308E+03
  6.1299992E+04  8.0542114E+03
  6.1499988E+04  7.9566919E+03
  6.1699988E+04  7.8564053E+03
  6.1899996E+04  7.7598979E+03
  6.2099996E+04  7.6641782E+03
  6.2299988E+04  7.5506978E+03
  6.2499992E+04  7.4685024E+03
  6.2699988E+04  7.3757017E+03
  6.2899996E+04  7.2904004E+03
  6.3099984E+04  7.1882476E+03
  6.3299996E+04  7.1139351E+03
  6.3499984E+04  7.0242554E+03
  6.3699984E+04  6.9402935E+03
  6.3900000E+04  6.8525347E+03
  6.4199992E+04  6.7318813E+03
  6.4599984E+04  6.5664434E+03
  6.4999992E+04  6.4077622E+03
  6.5399992E+04  6.2612690E+03
  6.5799992E+04  6.1146343E+03
  6.6199984E+04  5.9690142E+03
  6.6599984E+04  5.8322993E+03
  6.6999992E+04  5.6954761E+03
  6.7399992E+04  5.5623936E+03
  6.7799992E+04  5.4372095E+03
  6.8199992E+04  5.3127886E+03
  6.8599992E+04  5.1921724E+03
  6.8999984E+04  5.0743848E+03
  6.9399984E+04  4.9591934E+03
  6.9800000E+04  4.8514033E+03
  7.0199992E+04  4.7400864E+03
  7.0599984E+04  4.6380786E+03
  7.0999977E+04  4.5379878E+03
  7.1399977E+04  4.4387329E+03
  7.1799984E+04  4.3418394E+03
  7.2199984E+04  4.2459482E+03
  7.2600000E+04  4.1554019E+03
  7.2999984E+04  4.0692695E+03
  7.3400000E+04  3.9809138E+03
  7.3799984E+04  3.8983127E+03
  7.4199992E+04  3.8139705E+03
  7.4599992E+04  3.7214607E+03
  7.5000000E+04  3.6394753E+03
  7.5399992E+04  3.5802881E+03
  7.5799992E+04  3.5089646E+03
  7.6199984E+04  3.4369272E+03
  7.6599992E+04  3.3672883E+03
  7.6999992E+04  3.2977649E+03
  7.7399992E+04  3.2325127E+03
  7.7799984E+04  3.1679287E+03
  7.8199984E+04  3.1046768E+03
  7.8599984E+04  3.0430334E+03
  7.8999984E+04  2.9828381E+03
  7.9399984E+04  2.9239375E+03
  7.9800000E+04  2.8669509E+03
  8.0199992E+04  2.8099004E+03
  8.0599984E+04  2.7552305E+03
  8.0999992E+04  2.7032222E+03
  8.1399977E+04  2.6497136E+03
  8.1799984E+04  2.5995400E+03
  8.2199984E+04  2.5511074E+03
  8.2599992E+04  2.5023291E+03
  8.2999984E+04  2.4555193E+03
  8.3400000E+04  2.4079182E+03
  8.3799992E+04  2.3632056E+03
  8.4199992E+04  2.3201875E+03
  8.4599977E+04  2.2775085E+03
  8.4999977E+04  2.2357356E+03
  8.5399984E+04  2.1944885E+03
  8.5799984E+04  2.1546279E+03
  8.6199992E+04  2.1151069E+03
  8.6599992E+04  2.0773779E+03
  8.6999984E+04  2.0401027E+03
  8.7399992E+04  2.0033716E+03
  8.7799992E+04  1.9677125E+03
  8.8199984E+04  1.9318417E+03
  8.8599977E+04  1.8981212E+03
  8.8999992E+04  1.8643080E+03
  8.9399977E+04  1.8321550E+03
  8.9799977E+04  1.7992847E+03
  9.0199984E+04  1.7686367E+03
  9.0599984E+04  1.7388260E+03
  9.0999992E+04  1.7076504E+03
  9.1400000E+04  1.6787113E+03
  9.1799969E+04  1.6506589E+03
  9.2199969E+04  1.6228065E+03
  9.2599984E+04  1.5952844E+03
  9.3000000E+04  1.5685665E+03
  9.3399984E+04  1.5419889E+03
  9.3799984E+04  1.5163628E+03
  9.4199977E+04  1.4911156E+03
  9.4599984E+04  1.4663661E+03
  9.4999969E+04  1.4421056E+03
  9.5399984E+04  1.4181160E+03
  9.5799984E+04  1.3953794E+03
  9.6199992E+04  1.3722380E+03
  9.6599984E+04  1.3503605E+03
  9.7000000E+04  1.3285554E+03
  9.7399977E+04  1.3061897E+03
  9.7799984E+04  1.2857981E+03
  9.8199977E+04  1.2653826E+03
  9.8599977E+04  1.2454102E+03
  9.8999992E+04  1.2258335E+03
  9.9399984E+04  1.2061503E+03
  9.9799977E+04  1.1872344E+03
  1.0019999E+05  1.1686558E+03
  1.9999991E+05  7.5308060E+01
  3.9999994E+05  4.7119889E+00
  5.9999981E+05  9.2488003E-01
  7.9999994E+05  2.9069665E-01
