  9.2499988E+02  2.8500728E-05
  9.3499982E+02  3.9522667E-05
  9.4500000E+02  5.6504156E-05
  9.5500000E+02  8.4200830E-05
  9.6499988E+02  1.2072775E-04
  9.7499982E+02  1.5829828E-04
  9.8499976E+02  2.1957287E-04
  9.9499988E+02  2.9442663E-04
  1.0049999E+03  4.3073329E-04
  1.0149997E+03  5.7506922E-04
  1.0249998E+03  6.6409027E-04
  1.0349998E+03  1.0513606E-03
  1.0449998E+03  1.4275860E-03
  1.0549999E+03  1.8032013E-03
  1.0649999E+03  2.3850710E-03
  1.0750000E+03  3.1852743E-03
  1.0849996E+03  4.2277584E-03
  1.0949999E+03  5.2553010E-03
  1.1049999E+03  2.6575338E-02
  1.1149999E+03  4.5411911E-02
  1.1249999E+03  6.6867612E-02
  1.1349996E+03  1.0005961E-01
  1.1449999E+03  1.3212417E-01
  1.1549999E+03  1.5375730E-01
  1.1650000E+03  2.0574206E-01
  1.1749995E+03  2.6466358E-01
  1.1849996E+03  2.8972155E-01
  1.1949998E+03  2.4665302E-01
  1.2049996E+03  2.7201128E-01
  1.2149998E+03  5.9135027E-02
  1.2249996E+03  3.6070991E-01
  1.2349996E+03  7.0862329E-01
  1.2449998E+03  9.8097306E-01
  1.2549996E+03  1.1860570E+00
  1.2650000E+03  1.2729195E+00
  1.2749998E+03  1.5474883E+00
  1.2849995E+03  1.7865130E+00
  1.2949998E+03  2.1336212E+00
  1.3049995E+03  2.2685513E+00
  1.3149998E+03  2.7884209E+00
  1.3249998E+03  2.9183743E+00
  1.3349996E+03  3.2208526E+00
  1.3449995E+03  3.7724872E+00
  1.3549996E+03  4.3333993E+00
  1.3649999E+03  4.6466227E+00
  1.3749999E+03  4.9684429E+00
  1.3849996E+03  5.3783255E+00
  1.3949999E+03  6.0152626E+00
  1.4050001E+03  7.2255850E+00
  1.4149998E+03  8.1443863E+00
  1.4249998E+03  9.3282328E+00
  1.4350000E+03  1.0951140E+01
  1.4419998E+03  1.4024920E+01
  1.4469999E+03  1.2570069E+01
  1.4549994E+03  1.4761295E+01
  1.4650000E+03  1.8538025E+01
  1.4749995E+03  2.0924768E+01
  1.4849996E+03  2.2417181E+01
  1.4949998E+03  2.9255070E+01
  1.5049996E+03  3.5169689E+01
  1.5119995E+03  2.6860741E+01
  1.5169994E+03  3.4016331E+01
  1.5250001E+03  7.3505554E+01
  1.5349994E+03  1.1475517E+02
  1.5449994E+03  9.6145699E+01
  1.5549998E+03  1.5223102E+02
  1.5649999E+03  1.4289009E+02
  1.5750001E+03  2.5009979E+02
  1.5850000E+03  2.9970987E+02
  1.5949996E+03  3.4745300E+02
  1.6049999E+03  3.7414084E+02
  1.6150000E+03  4.1226175E+02
  1.6249996E+03  4.5141641E+02
  1.6350000E+03  5.3137006E+02
  1.6449996E+03  7.3264600E+02
  1.6549999E+03  4.9197675E+02
  1.6649993E+03  8.3299969E+02
  1.6720000E+03  6.1361639E+02
  1.6770001E+03  1.8953666E+03
  1.6849998E+03  2.1402688E+03
  1.6950000E+03  2.5198801E+03
  1.7049995E+03  2.8115437E+03
  1.7150000E+03  2.8364890E+03
  1.7249993E+03  3.4833232E+03
  1.7349994E+03  4.2364932E+03
  1.7449993E+03  5.6577583E+03
  1.7550001E+03  7.9360352E+03
  1.7649998E+03  6.6596523E+03
  1.7749995E+03  7.8750327E+03
  1.7849995E+03  1.0529340E+04
  1.7949999E+03  1.3729252E+04
  1.8050001E+03  1.3450350E+04
  1.8150001E+03  1.1676322E+04
  1.8249994E+03  1.4642333E+04
  1.8349993E+03  1.5198109E+04
  1.8449993E+03  1.0639097E+04
  1.8549998E+03  1.7428570E+04
  1.8650002E+03  2.1635287E+04
  1.8750001E+03  2.2506730E+04
  1.8850000E+03  2.4115535E+04
  1.8950002E+03  3.2026795E+04
  1.9049996E+03  3.0411467E+04
  1.9149999E+03  3.4798672E+04
  1.9249993E+03  3.1540625E+04
  1.9350001E+03  2.0893135E+04
  1.9449993E+03  4.2834582E+04
  1.9550002E+03  4.4782820E+04
  1.9670002E+03  6.0277824E+04
  1.9759990E+03  5.2358598E+04
  1.9839996E+03  6.5116234E+04
  1.9950001E+03  7.2561352E+04
  2.0050002E+03  6.7405727E+04
  2.0149996E+03  7.5683898E+04
  2.0249994E+03  5.4488457E+04
  2.0349995E+03  8.4566141E+04
  2.0449998E+03  1.0057867E+05
  2.0550000E+03  9.9245312E+04
  2.0649993E+03  9.7756422E+04
  2.0739993E+03  1.0765620E+05
  2.0780002E+03  3.5337869E+05
  2.0849993E+03  4.7805472E+05
  2.0950005E+03  4.2467822E+05
  2.1050002E+03  4.0273891E+05
  2.1149990E+03  5.0876234E+05
  2.1250000E+03  4.2968319E+05
  2.1350002E+03  4.1931994E+05
  2.1449998E+03  5.8247969E+05
  2.1550005E+03  5.3534062E+05
  2.1649995E+03  4.2173284E+05
  2.1750002E+03  4.1618312E+05
  2.1849998E+03  6.5895194E+05
  2.1950000E+03  6.0817281E+05
  2.2050000E+03  6.0241331E+05
  2.2149998E+03  4.1996981E+05
  2.2249998E+03  5.7274462E+05
  2.2350005E+03  8.3314925E+05
  2.2449990E+03  7.8328750E+05
  2.2549993E+03  5.2358628E+05
  2.2650000E+03  4.3934097E+05
  2.2750000E+03  4.4617272E+05
  2.2850000E+03  7.7594562E+05
  2.2950002E+03  5.6142025E+05
  2.3050000E+03  7.8898706E+05
  2.3149995E+03  6.3074681E+05
  2.3250000E+03  5.1804731E+05
  2.3349995E+03  4.4021794E+05
  2.3449993E+03  2.6123889E+05
  2.3550000E+03  6.1594825E+05
  2.3649988E+03  3.1136344E+05
  2.3750000E+03  4.3046997E+05
  2.3849990E+03  2.3280642E+05
  2.3950000E+03  3.0588406E+05
  2.4050005E+03  3.1320019E+05
  2.4149993E+03  3.7308847E+05
  2.4249990E+03  7.5556462E+05
  2.4349990E+03  7.3126312E+05
  2.4450000E+03  9.2412006E+05
  2.4549990E+03  1.0241203E+06
  2.4649990E+03  8.1637006E+05
  2.4749993E+03  6.7030150E+05
  2.4850005E+03  2.8325616E+05
  2.4950000E+03  4.2966756E+05
  2.5050005E+03  7.6294856E+05
  2.5129988E+03  2.6643253E+05
  2.5179990E+03  1.8696069E+05
  2.5249998E+03  2.2076462E+05
  2.5350007E+03  4.7938244E+05
  2.5449988E+03  4.9435806E+05
  2.5550000E+03  1.1245969E+06
  2.5649990E+03  7.8298750E+05
  2.5749990E+03  1.0998099E+06
  2.5849993E+03  9.5234419E+05
  2.5949990E+03  8.4180056E+05
  2.6049995E+03  7.0594181E+05
  2.6149998E+03  6.1681269E+05
  2.6249990E+03  8.9434606E+05
  2.6350007E+03  1.7288019E+06
  2.6449995E+03  2.3499965E+06
  2.6549998E+03  3.3664820E+06
  2.6649995E+03  2.0149968E+06
  2.6749988E+03  2.3979838E+06
  2.6849988E+03  2.8543362E+06
  2.6949988E+03  1.9152491E+06
  2.7050000E+03  2.3873578E+06
  2.7150000E+03  1.6466170E+06
  2.7249995E+03  1.1724166E+06
  2.7350007E+03  1.6301261E+06
  2.7450002E+03  8.6205812E+05
  2.7549998E+03  1.2731451E+06
  2.7649983E+03  1.7323318E+06
  2.7750005E+03  1.7484369E+06
  2.7850000E+03  9.4369950E+05
  2.7949993E+03  4.2168234E+05
  2.8049995E+03  5.2047231E+05
  2.8150002E+03  1.5504849E+06
  2.8250007E+03  2.3822945E+06
  2.8350000E+03  2.1698690E+06
  2.8450002E+03  1.2655004E+06
  2.8550005E+03  6.2631475E+05
  2.8650000E+03  1.9964741E+06
  2.8749983E+03  3.1886605E+06
  2.8850000E+03  2.7010162E+06
  2.8949988E+03  3.5823498E+06
  2.9099988E+03  4.8283400E+06
  2.9299983E+03  4.3599775E+06
  2.9499990E+03  4.2697595E+06
  2.9700005E+03  4.6454710E+06
  2.9899980E+03  4.7491490E+06
  3.0099995E+03  4.8417575E+06
  3.0299995E+03  5.1252020E+06
  3.0499995E+03  5.2351830E+06
  3.0699995E+03  5.1372155E+06
  3.0899995E+03  4.5769360E+06
  3.1099995E+03  5.2404005E+06
  3.1299998E+03  4.9990610E+06
  3.1499995E+03  4.6874745E+06
  3.1699995E+03  5.1522490E+06
  3.1899995E+03  4.5425215E+06
  3.2099998E+03  5.0549890E+06
  3.2299993E+03  4.2786870E+06
  3.2499993E+03  5.6885375E+06
  3.2699995E+03  6.5859325E+06
  3.2899995E+03  6.2830035E+06
  3.3099998E+03  6.0711375E+06
  3.3299993E+03  6.1621860E+06
  3.3499995E+03  6.1166885E+06
  3.3699995E+03  4.6759505E+06
  3.3899993E+03  5.4283590E+06
  3.4099993E+03  5.4390625E+06
  3.4299995E+03  5.5986885E+06
  3.4499993E+03  6.1128735E+06
  3.4699998E+03  6.3379665E+06
  3.4899993E+03  6.8080505E+06
  3.5099995E+03  6.9964145E+06
  3.5299995E+03  6.4823045E+06
  3.5499995E+03  7.3430440E+06
  3.5699995E+03  6.0623620E+06
  3.5899995E+03  5.9482330E+06
  3.6099995E+03  6.4843735E+06
  3.6299993E+03  6.4419945E+06
  3.6399993E+03  6.5223720E+06
  3.6499995E+03  7.1169970E+06
  3.6699993E+03  7.3982230E+06
  3.6899995E+03  6.8013995E+06
  3.7099995E+03  7.0756010E+06
  3.7299998E+03  5.2087180E+06
  3.7499993E+03  5.8458265E+06
  3.7699993E+03  7.1145895E+06
  3.7899995E+03  7.4619595E+06
  3.8099993E+03  7.3734450E+06
  3.8299998E+03  4.1592705E+06
  3.8499995E+03  6.4371860E+06
  3.8699995E+03  6.2712130E+06
  3.8899995E+03  6.7847360E+06
  3.9099995E+03  7.8576730E+06
  3.9299993E+03  4.1695810E+06
  3.9499993E+03  6.8733120E+06
  3.9699998E+03  4.8702395E+06
  3.9899995E+03  9.3217190E+06
  4.0099995E+03  9.8598970E+06
  4.0299993E+03  1.0006072E+07
  4.0499993E+03  9.5657260E+06
  4.0699993E+03  9.1901610E+06
  4.0899995E+03  1.0396131E+07
  4.1099995E+03  9.9321170E+06
  4.1299995E+03  1.0307710E+07
  4.1499990E+03  1.0358877E+07
  4.1699990E+03  1.0541830E+07
  4.1899995E+03  9.9350020E+06
  4.2099995E+03  9.9989720E+06
  4.2299995E+03  9.4273290E+06
  4.2499995E+03  9.6030700E+06
  4.2699990E+03  8.9998670E+06
  4.2899995E+03  8.4023480E+06
  4.3100000E+03  7.0369360E+06
  4.3299995E+03  9.8352190E+06
  4.3499995E+03  9.4025490E+06
  4.3699995E+03  1.0511179E+07
  4.3899995E+03  9.5977290E+06
  4.4099995E+03  1.0202619E+07
  4.4299995E+03  1.0822134E+07
  4.4499995E+03  1.0651068E+07
  4.4699995E+03  1.1158565E+07
  4.4899995E+03  1.1198597E+07
  4.5099990E+03  1.2198759E+07
  4.5299995E+03  1.1131497E+07
  4.5499990E+03  1.1487336E+07
  4.5699995E+03  1.2095202E+07
  4.5899990E+03  1.1445531E+07
  4.6099990E+03  1.1624572E+07
  4.6299990E+03  1.1472869E+07
  4.6499990E+03  1.1560643E+07
  4.6699990E+03  1.1849987E+07
  4.6899990E+03  1.1606124E+07
  4.7099995E+03  1.1230617E+07
  4.7299990E+03  1.1696747E+07
  4.7499995E+03  1.1811511E+07
  4.7699995E+03  1.1825261E+07
  4.7899990E+03  1.1747903E+07
  4.8099995E+03  1.1624028E+07
  4.8299995E+03  1.1758567E+07
  4.8499990E+03  1.0945242E+07
  4.8700000E+03  9.6168430E+06
  4.8899990E+03  1.1057905E+07
  4.9099990E+03  1.1095831E+07
  4.9299990E+03  1.0860283E+07
  4.9499995E+03  1.1236108E+07
  4.9699995E+03  1.1387601E+07
  4.9899990E+03  1.0646224E+07
  5.0099995E+03  1.0267211E+07
  5.0299995E+03  1.0807834E+07
  5.0499995E+03  1.0800543E+07
  5.0699995E+03  1.1192701E+07
  5.0899995E+03  1.0812784E+07
  5.1099990E+03  1.0957855E+07
  5.1299995E+03  1.0719692E+07
  5.1499985E+03  1.0344415E+07
  5.1700000E+03  9.3316080E+06
  5.1899990E+03  9.4257060E+06
  5.2099990E+03  1.0313768E+07
  5.2299995E+03  1.0432816E+07
  5.2499995E+03  1.0786492E+07
  5.2699995E+03  9.6149830E+06
  5.2899990E+03  1.0646471E+07
  5.3099995E+03  1.0949619E+07
  5.3299990E+03  9.9893180E+06
  5.3499995E+03  1.0623419E+07
  5.3699995E+03  1.0505765E+07
  5.3899995E+03  1.0422109E+07
  5.4099990E+03  1.0083897E+07
  5.4299990E+03  1.0361379E+07
  5.4499990E+03  1.0509462E+07
  5.4699995E+03  1.0369921E+07
  5.4899995E+03  1.0446621E+07
  5.5099995E+03  1.0366951E+07
  5.5299985E+03  1.0371931E+07
  5.5499990E+03  1.0444689E+07
  5.5699990E+03  1.0145901E+07
  5.5899995E+03  9.9890370E+06
  5.6099990E+03  1.0213012E+07
  5.6299995E+03  1.0251232E+07
  5.6499990E+03  1.0262223E+07
  5.6699990E+03  1.0034100E+07
  5.6899995E+03  1.0132292E+07
  5.7099995E+03  9.9524760E+06
  5.7299990E+03  1.0428607E+07
  5.7499990E+03  1.0132170E+07
  5.7699990E+03  1.0179961E+07
  5.7899995E+03  9.9845650E+06
  5.8099985E+03  1.0102549E+07
  5.8300000E+03  1.0192848E+07
  5.8499990E+03  9.9841300E+06
  5.8699985E+03  9.9754710E+06
  5.8899985E+03  9.3701950E+06
  5.9099995E+03  9.8559930E+06
  5.9299985E+03  9.8215530E+06
  5.9499995E+03  9.8253340E+06
  5.9699990E+03  9.8100360E+06
  5.9899990E+03  9.7157610E+06
  6.0099990E+03  9.5664090E+06
  6.0299995E+03  9.5721600E+06
  6.0499990E+03  9.7111250E+06
  6.0699990E+03  9.6241290E+06
  6.0899995E+03  9.4449140E+06
  6.1099985E+03  9.3549300E+06
  6.1299995E+03  9.0212860E+06
  6.1499985E+03  9.1468800E+06
  6.1699985E+03  8.8796620E+06
  6.1900000E+03  9.2490880E+06
  6.2099995E+03  9.2395300E+06
  6.2299985E+03  9.0257800E+06
  6.2499990E+03  8.7896840E+06
  6.2699985E+03  9.0943060E+06
  6.2900000E+03  9.0886470E+06
  6.3099985E+03  8.8470020E+06
  6.3299995E+03  8.8750490E+06
  6.3499985E+03  8.8837930E+06
  6.3699985E+03  8.8331090E+06
  6.3899995E+03  8.8478360E+06
  6.4099990E+03  8.6251030E+06
  6.4299985E+03  8.6970960E+06
  6.4499985E+03  8.5993240E+06
  6.4699990E+03  8.5394910E+06
  6.4899990E+03  8.4252250E+06
  6.5099985E+03  8.5430590E+06
  6.5299990E+03  8.4745500E+06
  6.5499985E+03  7.9616030E+06
  6.5699985E+03  6.8440530E+06
  6.5899995E+03  8.1935870E+06
  6.6099985E+03  8.4013750E+06
  6.6299990E+03  8.3504210E+06
  6.6499985E+03  8.3268485E+06
  6.6699995E+03  8.2253305E+06
  6.6899990E+03  8.3119985E+06
  6.7099995E+03  8.1565075E+06
  6.7299990E+03  8.2107415E+06
  6.7499995E+03  8.1309030E+06
  6.7699985E+03  8.1150730E+06
  6.7899995E+03  8.0577750E+06
  6.8099995E+03  8.0023110E+06
  6.8300000E+03  8.0122865E+06
  6.8499985E+03  7.8493135E+06
  6.8699985E+03  7.9040140E+06
  6.8899985E+03  7.8964450E+06
  6.9099990E+03  7.8252355E+06
  6.9299995E+03  7.8002150E+06
  6.9499990E+03  7.7574930E+06
  6.9699985E+03  7.7304085E+06
  6.9899985E+03  7.6984180E+06
  7.0099985E+03  7.5043655E+06
  7.0299985E+03  7.5745465E+06
  7.0499990E+03  7.5761235E+06
  7.0699980E+03  7.5055115E+06
  7.0899990E+03  7.4558800E+06
  7.1099990E+03  7.4531185E+06
  7.1299995E+03  7.3477805E+06
  7.1499990E+03  7.2914040E+06
  7.1699995E+03  7.2733530E+06
  7.1899985E+03  7.1057815E+06
  7.2099985E+03  7.1917890E+06
  7.2299980E+03  7.1860735E+06
  7.2499990E+03  7.1902720E+06
  7.2699995E+03  7.1543275E+06
  7.2899990E+03  6.9756175E+06
  7.3099980E+03  7.0475545E+06
  7.3299980E+03  7.0152485E+06
  7.3499980E+03  7.0175695E+06
  7.3699985E+03  6.9989530E+06
  7.3899995E+03  6.8348795E+06
  7.4099985E+03  6.6665760E+06
  7.4299995E+03  6.8003150E+06
  7.4500000E+03  6.7924280E+06
  7.4700000E+03  6.8188920E+06
  7.4899990E+03  6.7435780E+06
  7.5099985E+03  6.7204000E+06
  7.5299995E+03  6.7166385E+06
  7.5499980E+03  6.7108440E+06
  7.5699985E+03  6.6432165E+06
  7.5899990E+03  6.6069435E+06
  7.6099980E+03  6.5657575E+06
  7.6299995E+03  6.5617945E+06
  7.6499995E+03  6.5352540E+06
  7.6699980E+03  6.3604610E+06
  7.6899990E+03  6.4668075E+06
  7.7099995E+03  6.3781625E+06
  7.7299985E+03  6.3842930E+06
  7.7499990E+03  6.2911685E+06
  7.7700000E+03  6.3330790E+06
  7.7900000E+03  6.3341255E+06
  7.8099995E+03  6.2875205E+06
  7.8299980E+03  6.2124305E+06
  7.8499980E+03  6.1789810E+06
  7.8699995E+03  6.2218195E+06
  7.8900000E+03  6.1885010E+06
  7.9099995E+03  6.1102815E+06
  7.9300000E+03  5.9986225E+06
  7.9499985E+03  5.9899395E+06
  7.9699990E+03  6.0571800E+06
  7.9900000E+03  6.0451865E+06
  8.0099980E+03  5.9486875E+06
  8.0299985E+03  5.9360350E+06
  8.0500000E+03  5.8821570E+06
  8.0699985E+03  5.9091515E+06
  8.0899990E+03  5.8062905E+06
  8.1099995E+03  5.8441305E+06
  8.1299976E+03  5.8393545E+06
  8.1499976E+03  5.7971170E+06
  8.1699980E+03  5.7687690E+06
  8.1899985E+03  5.5937565E+06
  8.2099990E+03  5.6154410E+06
  8.2300000E+03  5.5776125E+06
  8.2500000E+03  5.6065060E+06
  8.2700000E+03  5.6378110E+06
  8.2899980E+03  5.6018725E+06
  8.3099990E+03  5.5067460E+06
  8.3299980E+03  5.4445030E+06
  8.3500000E+03  5.4757245E+06
  8.3699990E+03  5.4780905E+06
  8.3899990E+03  5.3776130E+06
  8.4099971E+03  5.4319660E+06
  8.4300000E+03  5.3351805E+06
  8.4499990E+03  5.3379205E+06
  8.4699980E+03  5.2880620E+06
  8.4899980E+03  5.2851290E+06
  8.5099990E+03  5.0764740E+06
  8.5299990E+03  5.2594935E+06
  8.5499990E+03  4.9643070E+06
  8.5699990E+03  5.2525730E+06
  8.5900000E+03  5.1311345E+06
  8.6099980E+03  5.1108840E+06
  8.6299990E+03  5.1544980E+06
  8.6499990E+03  5.1306900E+06
  8.6699990E+03  4.7679965E+06
  8.6899990E+03  4.9668285E+06
  8.7099971E+03  5.0205215E+06
  8.7299990E+03  4.9980365E+06
  8.7499980E+03  4.8806415E+06
  8.7699980E+03  4.9716520E+06
  8.7899980E+03  4.9349130E+06
  8.8099990E+03  4.8155045E+06
  8.8299980E+03  4.8733930E+06
  8.8499980E+03  4.8451385E+06
  8.8699980E+03  4.7065255E+06
  8.8899990E+03  4.8459660E+06
  8.9099971E+03  4.8446425E+06
  8.9299980E+03  4.7549370E+06
  8.9499980E+03  4.7544030E+06
  8.9699990E+03  4.7491440E+06
  8.9899990E+03  4.7382915E+06
  9.0099980E+03  4.4969860E+06
  9.0299990E+03  4.6368065E+06
  9.0499990E+03  4.7069500E+06
  9.0699980E+03  4.6106535E+06
  9.0899990E+03  4.4904445E+06
  9.1099980E+03  4.5443795E+06
  9.1299980E+03  4.5968035E+06
  9.1499980E+03  4.5758305E+06
  9.1699980E+03  4.5532040E+06
  9.1899990E+03  4.5601705E+06
  9.2099990E+03  4.4417890E+06
  9.2299980E+03  4.2887040E+06
  9.2499980E+03  4.3760270E+06
  9.2699971E+03  4.4182350E+06
  9.2899990E+03  4.4306595E+06
  9.3099980E+03  4.4272920E+06
  9.3299990E+03  4.3892885E+06
  9.3499980E+03  4.3670840E+06
  9.3699990E+03  4.3441690E+06
  9.3900000E+03  4.3376455E+06
  9.4099980E+03  4.1643630E+06
  9.4299971E+03  4.2818630E+06
  9.4499990E+03  4.2224145E+06
  9.4700000E+03  4.2608880E+06
  9.4899980E+03  4.2575900E+06
  9.5100000E+03  4.2151225E+06
  9.5300000E+03  4.1717308E+06
  9.5500000E+03  3.9645518E+06
  9.5699990E+03  4.1208888E+06
  9.5899980E+03  4.1532852E+06
  9.6099980E+03  4.1058292E+06
  9.6299990E+03  4.0580800E+06
  9.6499990E+03  4.0459692E+06
  9.6699980E+03  4.0250208E+06
  9.6899980E+03  4.0491470E+06
  9.7100000E+03  4.0260888E+06
  9.7299990E+03  4.0139328E+06
  9.7499980E+03  3.9627672E+06
  9.7699961E+03  3.9582435E+06
  9.7899980E+03  3.9381552E+06
  9.8099980E+03  3.9369892E+06
  9.8299990E+03  3.9182560E+06
  9.8499980E+03  3.9070205E+06
  9.8700000E+03  3.8676112E+06
  9.8899980E+03  3.8470172E+06
  9.9099990E+03  3.8349570E+06
  9.9300000E+03  3.8439372E+06
  9.9499980E+03  3.8281210E+06
  9.9699980E+03  3.8112615E+06
  9.9899990E+03  3.7884665E+06
  1.0024998E+04  3.7259242E+06
  1.0074998E+04  3.6369995E+06
  1.0124997E+04  3.6692635E+06
  1.0174997E+04  3.6096738E+06
  1.0224998E+04  3.5867810E+06
  1.0274997E+04  3.5625565E+06
  1.0325000E+04  3.4975658E+06
  1.0374999E+04  3.4601565E+06
  1.0425000E+04  3.4404248E+06
  1.0474998E+04  3.3786822E+06
  1.0524997E+04  3.3622680E+06
  1.0574999E+04  3.3139725E+06
  1.0625000E+04  3.2696732E+06
  1.0674997E+04  3.1852968E+06
  1.0724998E+04  3.1900552E+06
  1.0774999E+04  3.1448445E+06
  1.0824997E+04  3.0876012E+06
  1.0874997E+04  3.0648812E+06
  1.0924999E+04  2.9744570E+06
  1.0974996E+04  2.9873278E+06
  1.1025000E+04  3.0075880E+06
  1.1074998E+04  2.9913972E+06
  1.1124999E+04  2.9495010E+06
  1.1174998E+04  2.9119442E+06
  1.1224999E+04  2.8963455E+06
  1.1274997E+04  2.8285152E+06
  1.1325000E+04  2.8144322E+06
  1.1375000E+04  2.7896568E+06
  1.1425000E+04  2.7412512E+06
  1.1474997E+04  2.7555250E+06
  1.1525000E+04  2.7265898E+06
  1.1574998E+04  2.6855400E+06
  1.1625000E+04  2.6354182E+06
  1.1674998E+04  2.6157135E+06
  1.1724997E+04  2.6216785E+06
  1.1775001E+04  2.5538660E+06
  1.1824999E+04  2.5294050E+06
  1.1875000E+04  2.4994400E+06
  1.1925000E+04  2.5223422E+06
  1.1975001E+04  2.4283932E+06
  1.2024998E+04  2.4441170E+06
  1.2074996E+04  2.4109480E+06
  1.2125000E+04  2.4042235E+06
  1.2175000E+04  2.4018250E+06
  1.2225001E+04  2.3768988E+06
  1.2275001E+04  2.3416478E+06
  1.2324996E+04  2.3271282E+06
  1.2374996E+04  2.3044250E+06
  1.2424998E+04  2.2789358E+06
  1.2475000E+04  2.2652062E+06
  1.2524997E+04  2.2389208E+06
  1.2574997E+04  2.2165062E+06
  1.2624999E+04  2.1956745E+06
  1.2674997E+04  2.1690302E+06
  1.2724999E+04  2.1603932E+06
  1.2774999E+04  2.1342355E+06
  1.2825000E+04  1.9854221E+06
  1.2875001E+04  2.0887562E+06
  1.2924997E+04  2.0741390E+06
  1.2975001E+04  2.0665968E+06
  1.3024998E+04  2.0357949E+06
  1.3074999E+04  2.0290028E+06
  1.3125000E+04  1.9899759E+06
  1.3174998E+04  1.9708640E+06
  1.3224998E+04  1.9729846E+06
  1.3274997E+04  1.9393165E+06
  1.3324997E+04  1.9309006E+06
  1.3374999E+04  1.9102778E+06
  1.3424999E+04  1.9048752E+06
  1.3474999E+04  1.8853289E+06
  1.3525001E+04  1.8682638E+06
  1.3574999E+04  1.8357600E+06
  1.3624997E+04  1.8286231E+06
  1.3674997E+04  1.8117902E+06
  1.3724995E+04  1.7941345E+06
  1.3774998E+04  1.7804179E+06
  1.3824998E+04  1.7689230E+06
  1.3874996E+04  1.7567258E+06
  1.3925000E+04  1.7403431E+06
  1.3974996E+04  1.7254830E+06
  1.4024997E+04  1.7001204E+06
  1.4075001E+04  1.6963532E+06
  1.4124996E+04  1.6689202E+06
  1.4175000E+04  1.6708535E+06
  1.4225000E+04  1.6339196E+06
  1.4274994E+04  1.6099604E+06
  1.4325001E+04  1.6209905E+06
  1.4374998E+04  1.6162975E+06
  1.4424999E+04  1.5558116E+06
  1.4475000E+04  1.5840449E+06
  1.4524997E+04  1.5444451E+06
  1.4569999E+04  1.5490811E+06
  1.4620000E+04  1.5414115E+06
  1.4674998E+04  1.5337631E+06
  1.4725000E+04  1.5051380E+06
  1.4775002E+04  1.4935010E+06
  1.4824998E+04  1.4853644E+06
  1.4874996E+04  1.4474216E+06
  1.4924997E+04  1.4722920E+06
  1.4974999E+04  1.4455255E+06
  1.5024999E+04  1.3947011E+06
  1.5075000E+04  1.3946152E+06
  1.5124999E+04  1.4131918E+06
  1.5175000E+04  1.4045814E+06
  1.5225002E+04  1.3796384E+06
  1.5274998E+04  1.3783881E+06
  1.5324995E+04  1.3620781E+06
  1.5374997E+04  1.3527552E+06
  1.5425001E+04  1.3437454E+06
  1.5474996E+04  1.3316790E+06
  1.5524994E+04  1.3101110E+06
  1.5575001E+04  1.2971458E+06
  1.5624998E+04  1.3000454E+06
  1.5674997E+04  1.2685819E+06
  1.5724994E+04  1.2698215E+06
  1.5774996E+04  1.2241338E+06
  1.5825001E+04  1.2368088E+06
  1.5874995E+04  1.1966816E+06
  1.5925002E+04  1.2137188E+06
  1.5975001E+04  1.2140604E+06
  1.6049998E+04  1.1944341E+06
  1.6150001E+04  1.1674248E+06
  1.6249997E+04  1.1610194E+06
  1.6350000E+04  1.1284410E+06
  1.6449996E+04  1.1003542E+06
  1.6549998E+04  1.0981416E+06
  1.6649994E+04  1.0778834E+06
  1.6749998E+04  1.0399143E+06
  1.6849998E+04  1.0083944E+06
  1.6950000E+04  1.0176030E+06
  1.7049996E+04  9.8732531E+05
  1.7150000E+04  9.7027262E+05
  1.7249992E+04  9.4345869E+05
  1.7349994E+04  8.9798488E+05
  1.7449992E+04  9.0365775E+05
  1.7550000E+04  8.9462350E+05
  1.7649998E+04  8.7704138E+05
  1.7749994E+04  8.5965431E+05
  1.7849994E+04  8.4552075E+05
  1.7949998E+04  8.2932088E+05
  1.8050002E+04  8.0941462E+05
  1.8150002E+04  7.6894475E+05
  1.8249994E+04  7.7000919E+05
  1.8349992E+04  7.6360888E+05
  1.8449992E+04  7.4398750E+05
  1.8549998E+04  7.3452019E+05
  1.8650002E+04  7.1288681E+05
  1.8750002E+04  6.6154975E+05
  1.8850000E+04  6.8856244E+05
  1.8950004E+04  6.6688906E+05
  1.9049996E+04  6.6855412E+05
  1.9149998E+04  6.5450144E+05
  1.9249992E+04  6.4289038E+05
  1.9350000E+04  6.2507356E+05
  1.9449992E+04  5.8930538E+05
  1.9550002E+04  6.0542019E+05
  1.9649992E+04  5.9539125E+05
  1.9749992E+04  5.8299312E+05
  1.9849992E+04  5.7493494E+05
  1.9950002E+04  5.6523781E+05
  2.0050002E+04  5.5749562E+05
  2.0149996E+04  5.4949888E+05
  2.0249994E+04  5.3564219E+05
  2.0349994E+04  5.2353159E+05
  2.0449996E+04  5.2037872E+05
  2.0550000E+04  5.1045550E+05
  2.0649992E+04  4.9852681E+05
  2.0749998E+04  4.9157188E+05
  2.0849992E+04  4.8347969E+05
  2.0950004E+04  4.7245416E+05
  2.1050002E+04  4.6746591E+05
  2.1149992E+04  4.5887900E+05
  2.1250000E+04  4.5087406E+05
  2.1350002E+04  4.4404022E+05
  2.1449996E+04  4.3700319E+05
  2.1550006E+04  4.2862450E+05
  2.1649994E+04  4.0233050E+05
  2.1750002E+04  4.1138897E+05
  2.1849998E+04  4.0621972E+05
  2.1950002E+04  4.0194803E+05
  2.2050000E+04  3.9210403E+05
  2.2149996E+04  3.8823388E+05
  2.2249998E+04  3.8151772E+05
  2.2350004E+04  3.7535084E+05
  2.2449990E+04  3.6921175E+05
  2.2549994E+04  3.6287712E+05
  2.2650000E+04  3.5674978E+05
  2.2750000E+04  3.5200447E+05
  2.2850000E+04  3.4506275E+05
  2.2950004E+04  3.3962303E+05
  2.3050000E+04  3.3559781E+05
  2.3149996E+04  3.2952747E+05
  2.3250000E+04  3.2319328E+05
  2.3349996E+04  3.1826141E+05
  2.3449994E+04  3.1505275E+05
  2.3550002E+04  3.0743066E+05
  2.3649988E+04  3.0472891E+05
  2.3750000E+04  2.9946288E+05
  2.3849990E+04  2.9251309E+05
  2.3950002E+04  2.9039044E+05
  2.4050006E+04  2.8581159E+05
  2.4149992E+04  2.8007794E+05
  2.4249990E+04  2.7664534E+05
  2.4349990E+04  2.7210941E+05
  2.4450002E+04  2.6811703E+05
  2.4549990E+04  2.6246834E+05
  2.4649992E+04  2.6100644E+05
  2.4749992E+04  2.5601717E+05
  2.4850006E+04  2.5019636E+05
  2.4950000E+04  2.4870330E+05
  2.5050006E+04  2.4605508E+05
  2.5149994E+04  2.4144609E+05
  2.5249998E+04  2.3872783E+05
  2.5350004E+04  2.3488991E+05
  2.5449988E+04  2.3120414E+05
  2.5549998E+04  2.2749328E+05
  2.5649990E+04  2.2387925E+05
  2.5749990E+04  2.2222328E+05
  2.5849994E+04  2.1661711E+05
  2.5949990E+04  2.1537048E+05
  2.6049996E+04  2.1248203E+05
  2.6149998E+04  2.0860673E+05
  2.6249988E+04  1.9725586E+05
  2.6350008E+04  2.0251648E+05
  2.6449996E+04  1.9971739E+05
  2.6549994E+04  1.9741945E+05
  2.6649994E+04  1.9335208E+05
  2.6749988E+04  1.9209880E+05
  2.6849986E+04  1.9029955E+05
  2.6949986E+04  1.8773323E+05
  2.7050002E+04  1.8524056E+05
  2.7149998E+04  1.8255995E+05
  2.7249994E+04  1.8007091E+05
  2.7350006E+04  1.7782966E+05
  2.7450004E+04  1.7553645E+05
  2.7549996E+04  1.7191184E+05
  2.7649982E+04  1.6978377E+05
  2.7750004E+04  1.6816580E+05
  2.7850000E+04  1.6608606E+05
  2.7949992E+04  1.6416681E+05
  2.8049994E+04  1.6189708E+05
  2.8150002E+04  1.5986450E+05
  2.8250006E+04  1.5765367E+05
  2.8350000E+04  1.5577008E+05
  2.8450000E+04  1.5327130E+05
  2.8550002E+04  1.5150156E+05
  2.8650002E+04  1.4905053E+05
  2.8749982E+04  1.4609681E+05
  2.8849998E+04  1.4547034E+05
  2.8949986E+04  1.4386039E+05
  2.9049994E+04  1.4202339E+05
  2.9149986E+04  1.4015511E+05
  2.9249984E+04  1.3806239E+05
  2.9349980E+04  1.3663339E+05
  2.9450000E+04  1.3462962E+05
  2.9550004E+04  1.3315478E+05
  2.9649982E+04  1.3155550E+05
  2.9749992E+04  1.2986376E+05
  2.9849994E+04  1.2822556E+05
  2.9949984E+04  1.2640904E+05
  3.0049996E+04  1.2483891E+05
  3.0149994E+04  1.2343612E+05
  3.0249994E+04  1.2170738E+05
  3.0349996E+04  1.1875536E+05
  3.0449996E+04  1.1808227E+05
  3.0549996E+04  1.1727417E+05
  3.0649996E+04  1.1573216E+05
  3.0749994E+04  1.1459420E+05
  3.0849996E+04  1.1293414E+05
  3.0949994E+04  1.1161561E+05
  3.1049996E+04  1.1045625E+05
  3.1149996E+04  1.0837377E+05
  3.1249996E+04  1.0768516E+05
  3.1349996E+04  1.0650094E+05
  3.1449996E+04  1.0520772E+05
  3.1549998E+04  1.0359187E+05
  3.1649996E+04  1.0260734E+05
  3.1749998E+04  1.0138648E+05
  3.1849996E+04  1.0024205E+05
  3.1949994E+04  9.9169000E+04
  3.2099996E+04  9.7242555E+04
  3.2299992E+04  9.5085156E+04
  3.2499994E+04  9.2812781E+04
  3.2699996E+04  9.0623953E+04
  3.2899996E+04  8.7534648E+04
  3.3099996E+04  8.6308094E+04
  3.3299992E+04  8.4387773E+04
  3.3499996E+04  8.2688258E+04
  3.3699996E+04  8.0731133E+04
  3.3899996E+04  7.8807734E+04
  3.4099996E+04  7.6978859E+04
  3.4299996E+04  7.5545789E+04
  3.4499992E+04  7.3988789E+04
  3.4699996E+04  7.2309195E+04
  3.4899996E+04  7.0749773E+04
  3.5099996E+04  6.9260836E+04
  3.5299996E+04  6.7664969E+04
  3.5499996E+04  6.6291867E+04
  3.5699992E+04  6.4794477E+04
  3.5899992E+04  6.3428535E+04
  3.6099996E+04  6.2215992E+04
  3.6299992E+04  6.0906180E+04
  3.6499992E+04  5.9479867E+04
  3.6699992E+04  5.8206809E+04
  3.6899992E+04  5.6758578E+04
  3.7099996E+04  5.5578945E+04
  3.7299996E+04  5.4399641E+04
  3.7499992E+04  5.2813633E+04
  3.7699996E+04  5.2450895E+04
  3.7899996E+04  5.1363750E+04
  3.8099992E+04  5.0423664E+04
  3.8299996E+04  4.9505457E+04
  3.8499996E+04  4.8562918E+04
  3.8699996E+04  4.7498816E+04
  3.8899992E+04  4.6580961E+04
  3.9099996E+04  4.5740934E+04
  3.9299992E+04  4.4864344E+04
  3.9499992E+04  4.3872723E+04
  3.9699992E+04  4.3097152E+04
  3.9900000E+04  4.2081664E+04
  4.0099996E+04  4.1358383E+04
  4.0299992E+04  4.0686781E+04
  4.0499996E+04  3.9305184E+04
  4.0699992E+04  3.9126812E+04
  4.0899992E+04  3.8418535E+04
  4.1099996E+04  3.7742219E+04
  4.1299996E+04  3.7077184E+04
  4.1499992E+04  3.6322566E+04
  4.1699992E+04  3.5647840E+04
  4.1899996E+04  3.4984301E+04
  4.2099996E+04  3.4236094E+04
  4.2299992E+04  3.3820480E+04
  4.2499996E+04  3.3131652E+04
  4.2699992E+04  3.2592672E+04
  4.2899992E+04  3.1699947E+04
  4.3099996E+04  3.0897383E+04
  4.3299996E+04  3.0449854E+04
  4.3499992E+04  2.9527438E+04
  4.3699996E+04  2.8900711E+04
  4.3899996E+04  2.8526555E+04
  4.4099992E+04  2.7648521E+04
  4.4299992E+04  2.7326486E+04
  4.4499996E+04  2.6902578E+04
  4.4699996E+04  2.6134445E+04
  4.4899996E+04  2.5902139E+04
  4.5099992E+04  2.5432139E+04
  4.5299992E+04  2.4782150E+04
  4.5499996E+04  2.4522908E+04
  4.5699992E+04  2.4198705E+04
  4.5899996E+04  2.3578785E+04
  4.6099996E+04  2.3337416E+04
  4.6299992E+04  2.2939408E+04
  4.6499988E+04  2.2416693E+04
  4.6699992E+04  2.2211273E+04
  4.6899992E+04  2.1936607E+04
  4.7099992E+04  2.1608057E+04
  4.7299992E+04  2.1353303E+04
  4.7499996E+04  2.0968484E+04
  4.7699992E+04  2.0625785E+04
  4.7899992E+04  2.0342254E+04
  4.8099996E+04  1.9953609E+04
  4.8299992E+04  1.9745105E+04
  4.8499992E+04  1.9401615E+04
  4.8700000E+04  1.9091678E+04
  4.8899992E+04  1.8805070E+04
  4.9099988E+04  1.8520918E+04
  4.9299988E+04  1.8229900E+04
  4.9499996E+04  1.7942965E+04
  4.9699992E+04  1.7666158E+04
  4.9899988E+04  1.7417410E+04
  5.0099996E+04  1.7176559E+04
  5.0299996E+04  1.6922605E+04
  5.0499996E+04  1.6599742E+04
  5.0699996E+04  1.6381101E+04
  5.0899992E+04  1.6175558E+04
  5.1099992E+04  1.5878940E+04
  5.1299996E+04  1.5615078E+04
  5.1499988E+04  1.5424433E+04
  5.1699996E+04  1.5263038E+04
  5.1899992E+04  1.4987589E+04
  5.2099992E+04  1.4763099E+04
  5.2299996E+04  1.4541594E+04
  5.2499996E+04  1.4361305E+04
  5.2699996E+04  1.4177900E+04
  5.2899992E+04  1.3918775E+04
  5.3099988E+04  1.3752662E+04
  5.3299988E+04  1.3543558E+04
  5.3499992E+04  1.3370094E+04
  5.3699992E+04  1.3175319E+04
  5.3899992E+04  1.2997327E+04
  5.4099992E+04  1.2818382E+04
  5.4299984E+04  1.2595723E+04
  5.4499988E+04  1.2463618E+04
  5.4699996E+04  1.2276319E+04
  5.4899992E+04  1.2105293E+04
  5.5099992E+04  1.1958756E+04
  5.5299988E+04  1.1815622E+04
  5.5499988E+04  1.1614548E+04
  5.5699992E+04  1.1497652E+04
  5.5899992E+04  1.1299786E+04
  5.6099988E+04  1.1163701E+04
  5.6299996E+04  1.1006078E+04
  5.6499988E+04  1.0886760E+04
  5.6699988E+04  1.0742712E+04
  5.6899992E+04  1.0572721E+04
  5.7099996E+04  1.0456726E+04
  5.7299988E+04  1.0315129E+04
  5.7499988E+04  1.0176724E+04
  5.7699988E+04  1.0041684E+04
  5.7899996E+04  9.9125312E+03
  5.8099988E+04  9.7785605E+03
  5.8299996E+04  9.6549424E+03
  5.8499992E+04  9.5356494E+03
  5.8699988E+04  9.3955605E+03
  5.8899988E+04  9.2593203E+03
  5.9099992E+04  9.1244922E+03
  5.9299988E+04  9.0470840E+03
  5.9499996E+04  8.9149600E+03
  5.9699988E+04  8.8193926E+03
  5.9899992E+04  8.7064160E+03
  6.0099992E+04  8.5918281E+03
  6.0299992E+04  8.4871641E+03
  6.0499988E+04  8.3779316E+03
  6.0699992E+04  8.2674971E+03
  6.0899992E+04  8.1608701E+03
  6.1099988E+04  8.0471851E+03
  6.1299992E+04  7.9616758E+03
  6.1499988E+04  7.8655532E+03
  6.1699988E+04  7.7669443E+03
  6.1899996E+04  7.6728828E+03
  6.2099996E+04  7.5780161E+03
  6.2299988E+04  7.4668350E+03
  6.2499992E+04  7.3824741E+03
  6.2699988E+04  7.2921382E+03
  6.2899996E+04  7.2087954E+03
  6.3099984E+04  7.1108501E+03
  6.3299996E+04  7.0372134E+03
  6.3499984E+04  6.9476431E+03
  6.3699984E+04  6.8637900E+03
  6.3900000E+04  6.7791851E+03
  6.4199992E+04  6.6590327E+03
  6.4599984E+04  6.4954873E+03
  6.4999992E+04  6.3395493E+03
  6.5399992E+04  6.1946802E+03
  6.5799992E+04  6.0507671E+03
  6.6199984E+04  5.9072056E+03
  6.6599984E+04  5.7718257E+03
  6.6999992E+04  5.6366455E+03
  6.7399992E+04  5.5051714E+03
  6.7799992E+04  5.3816440E+03
  6.8199992E+04  5.2587642E+03
  6.8599992E+04  5.1402173E+03
  6.8999984E+04  5.0243750E+03
  6.9399984E+04  4.9107749E+03
  6.9800000E+04  4.8038481E+03
  7.0199992E+04  4.6936831E+03
  7.0599984E+04  4.5933335E+03
  7.0999977E+04  4.4932222E+03
  7.1399977E+04  4.3954277E+03
  7.1799984E+04  4.2998926E+03
  7.2199984E+04  4.2068501E+03
  7.2600000E+04  4.1160903E+03
  7.2999984E+04  4.0299631E+03
  7.3400000E+04  3.9424539E+03
  7.3799984E+04  3.8610295E+03
  7.4199992E+04  3.7778411E+03
  7.4599992E+04  3.6825361E+03
  7.5000000E+04  3.6143599E+03
  7.5399992E+04  3.5468240E+03
  7.5799992E+04  3.4763770E+03
  7.6199984E+04  3.4048750E+03
  7.6599992E+04  3.3360200E+03
  7.6999992E+04  3.2672651E+03
  7.7399992E+04  3.2025796E+03
  7.7799984E+04  3.1385513E+03
  7.8199984E+04  3.0759072E+03
  7.8599984E+04  3.0149214E+03
  7.8999984E+04  2.9553723E+03
  7.9399984E+04  2.8971064E+03
  7.9800000E+04  2.8408022E+03
  8.0199992E+04  2.7844805E+03
  8.0599984E+04  2.7302363E+03
  8.0999992E+04  2.6787612E+03
  8.1399977E+04  2.6258340E+03
  8.1799984E+04  2.5766250E+03
  8.2199984E+04  2.5283032E+03
  8.2599992E+04  2.4800764E+03
  8.2999984E+04  2.4336992E+03
  8.3400000E+04  2.3869573E+03
  8.3799992E+04  2.3429807E+03
  8.4199992E+04  2.3001545E+03
  8.4599977E+04  2.2575591E+03
  8.4999977E+04  2.2161299E+03
  8.5399984E+04  2.1753757E+03
  8.5799984E+04  2.1359490E+03
  8.6199992E+04  2.0969050E+03
  8.6599992E+04  2.0593940E+03
  8.6999984E+04  2.0224332E+03
  8.7399992E+04  1.9861592E+03
  8.7799992E+04  1.9508035E+03
  8.8199984E+04  1.9154249E+03
  8.8599977E+04  1.8818038E+03
  8.8999992E+04  1.8483750E+03
  8.9399977E+04  1.8166001E+03
  8.9799977E+04  1.7841481E+03
  9.0199984E+04  1.7538656E+03
  9.0599984E+04  1.7240934E+03
  9.0999992E+04  1.6934110E+03
  9.1400000E+04  1.6647313E+03
  9.1799969E+04  1.6368007E+03
  9.2199969E+04  1.6092898E+03
  9.2599984E+04  1.5819720E+03
  9.3000000E+04  1.5554556E+03
  9.3399984E+04  1.5292059E+03
  9.3799984E+04  1.5038170E+03
  9.4199977E+04  1.4788035E+03
  9.4599984E+04  1.4542843E+03
  9.4999969E+04  1.4302922E+03
  9.5399984E+04  1.4066498E+03
  9.5799984E+04  1.3839266E+03
  9.6199992E+04  1.3611246E+03
  9.6599984E+04  1.3392986E+03
  9.7000000E+04  1.3177047E+03
  9.7399977E+04  1.2955867E+03
  9.7799984E+04  1.2752816E+03
  9.8199977E+04  1.2551862E+03
  9.8599977E+04  1.2353350E+03
  9.8999992E+04  1.2158781E+03
  9.9399984E+04  1.1964272E+03
  9.9799977E+04  1.1777404E+03
  1.0019999E+05  1.1593126E+03
  1.9999991E+05  7.4744843E+01
  3.9999994E+05  4.6802025E+00
  5.9999981E+05  9.1904074E-01
  7.9999994E+05  2.8893071E-01
