  9.2499988E+02  8.5356885E-07
  9.3499982E+02  1.2146733E-06
  9.4500000E+02  1.7247391E-06
  9.5500000E+02  2.6165289E-06
  9.6499988E+02  3.7506434E-06
  9.7499982E+02  5.0817616E-06
  9.8499976E+02  7.1287018E-06
  9.9499988E+02  9.5999831E-06
  1.0049999E+03  1.4134975E-05
  1.0149997E+03  1.9254545E-05
  1.0249998E+03  2.2919719E-05
  1.0349998E+03  3.5109362E-05
  1.0449998E+03  4.7397603E-05
  1.0549999E+03  6.3274849E-05
  1.0649999E+03  8.1715603E-05
  1.0750000E+03  1.0932062E-04
  1.0849996E+03  1.4427054E-04
  1.0949999E+03  1.8448225E-04
  1.1049999E+03  4.3130587E-03
  1.1149999E+03  1.0591162E-02
  1.1249999E+03  1.6393341E-02
  1.1349996E+03  2.2357028E-02
  1.1449999E+03  3.0888073E-02
  1.1549999E+03  3.3896871E-02
  1.1650000E+03  4.9075428E-02
  1.1749995E+03  5.9325010E-02
  1.1849996E+03  5.7845037E-02
  1.1949998E+03  2.8776845E-02
  1.2049996E+03  2.7240044E-02
  1.2149998E+03  3.7675228E-03
  1.2249996E+03  3.6440033E-02
  1.2349996E+03  1.1505589E-01
  1.2449998E+03  3.2765538E-01
  1.2549996E+03  5.6296200E-01
  1.2650000E+03  5.7858056E-01
  1.2749998E+03  9.4033521E-01
  1.2849995E+03  1.2958682E+00
  1.2949998E+03  1.6812338E+00
  1.3049995E+03  1.3839602E+00
  1.3149998E+03  2.2716517E+00
  1.3249998E+03  2.5359814E+00
  1.3349996E+03  3.0179243E+00
  1.3449995E+03  3.5511150E+00
  1.3549996E+03  3.9773946E+00
  1.3649999E+03  4.3024883E+00
  1.3749999E+03  4.6432447E+00
  1.3849996E+03  5.2039256E+00
  1.3949999E+03  5.9749947E+00
  1.4050001E+03  7.1059256E+00
  1.4149998E+03  7.8258367E+00
  1.4249998E+03  8.6631231E+00
  1.4350000E+03  9.7910604E+00
  1.4419998E+03  1.3382648E+01
  1.4469999E+03  1.2027050E+01
  1.4549994E+03  1.4470695E+01
  1.4650000E+03  1.7520988E+01
  1.4749995E+03  1.9510042E+01
  1.4849996E+03  2.1638166E+01
  1.4949998E+03  2.8906149E+01
  1.5049996E+03  3.5086529E+01
  1.5119995E+03  2.6821192E+01
  1.5169994E+03  3.3999962E+01
  1.5250001E+03  7.0207397E+01
  1.5349994E+03  9.9293961E+01
  1.5449994E+03  9.3333244E+01
  1.5549998E+03  1.3278537E+02
  1.5649999E+03  1.2087576E+02
  1.5750001E+03  2.1396988E+02
  1.5850000E+03  2.6569897E+02
  1.5949996E+03  3.2315216E+02
  1.6049999E+03  3.3061810E+02
  1.6150000E+03  3.5643552E+02
  1.6249996E+03  3.8732986E+02
  1.6350000E+03  4.5071686E+02
  1.6449996E+03  6.2796643E+02
  1.6549999E+03  3.3292227E+02
  1.6649993E+03  6.9343481E+02
  1.6720000E+03  3.9779813E+02
  1.6770001E+03  1.3461401E+03
  1.6849998E+03  1.7433970E+03
  1.6950000E+03  2.0947644E+03
  1.7049995E+03  2.0426619E+03
  1.7150000E+03  2.3000603E+03
  1.7249993E+03  2.8675095E+03
  1.7349994E+03  3.5310159E+03
  1.7449993E+03  4.1893145E+03
  1.7550001E+03  5.8324639E+03
  1.7649998E+03  5.6291831E+03
  1.7749995E+03  6.0973232E+03
  1.7849995E+03  7.1832012E+03
  1.7949999E+03  1.0380891E+04
  1.8050001E+03  1.0941360E+04
  1.8150001E+03  1.1433420E+04
  1.8249994E+03  1.2546369E+04
  1.8349993E+03  1.4972106E+04
  1.8449993E+03  1.2660979E+04
  1.8549998E+03  1.8191666E+04
  1.8650002E+03  2.2115109E+04
  1.8750001E+03  2.3272920E+04
  1.8850000E+03  2.5951902E+04
  1.8950002E+03  3.3551133E+04
  1.9049996E+03  3.1319816E+04
  1.9149999E+03  3.3908004E+04
  1.9249993E+03  3.0246430E+04
  1.9350001E+03  1.8940158E+04
  1.9449993E+03  4.5679730E+04
  1.9550002E+03  4.8040523E+04
  1.9670002E+03  6.0872758E+04
  1.9759990E+03  5.5235789E+04
  1.9839996E+03  7.5164672E+04
  1.9950001E+03  7.7580938E+04
  2.0050002E+03  7.4797883E+04
  2.0149996E+03  7.1747914E+04
  2.0249994E+03  6.2162535E+04
  2.0349995E+03  8.9332133E+04
  2.0449998E+03  1.0338928E+05
  2.0550000E+03  9.0404680E+04
  2.0649993E+03  8.5284422E+04
  2.0739993E+03  1.1208787E+05
  2.0780002E+03  2.7106269E+05
  2.0849993E+03  3.6033494E+05
  2.0950005E+03  3.2789906E+05
  2.1050002E+03  3.2015744E+05
  2.1149990E+03  3.4855978E+05
  2.1250000E+03  2.8656947E+05
  2.1350002E+03  2.5570784E+05
  2.1449998E+03  3.5676866E+05
  2.1550005E+03  3.9308503E+05
  2.1649995E+03  2.9733728E+05
  2.1750002E+03  3.3796362E+05
  2.1849998E+03  4.1560206E+05
  2.1950000E+03  4.5866891E+05
  2.2050000E+03  4.0314566E+05
  2.2149998E+03  2.6183516E+05
  2.2249998E+03  2.9804578E+05
  2.2350005E+03  4.9723484E+05
  2.2449990E+03  4.4770497E+05
  2.2549993E+03  2.6664584E+05
  2.2650000E+03  2.3517241E+05
  2.2750000E+03  3.6826569E+05
  2.2850000E+03  4.7222000E+05
  2.2950002E+03  4.4019678E+05
  2.3050000E+03  5.2211272E+05
  2.3149995E+03  3.8284719E+05
  2.3250000E+03  2.0597003E+05
  2.3349995E+03  1.3950714E+05
  2.3449993E+03  8.9678406E+04
  2.3550000E+03  2.2229592E+05
  2.3649988E+03  9.4580328E+04
  2.3750000E+03  1.4114567E+05
  2.3849990E+03  6.8349758E+04
  2.3950000E+03  9.7913375E+04
  2.4050005E+03  9.4456367E+04
  2.4149993E+03  1.7004664E+05
  2.4249990E+03  4.5463925E+05
  2.4349990E+03  5.0232800E+05
  2.4450000E+03  6.0990412E+05
  2.4549990E+03  6.6001500E+05
  2.4649990E+03  5.3215019E+05
  2.4749993E+03  4.7559488E+05
  2.4850005E+03  3.1978725E+05
  2.4950000E+03  4.1261328E+05
  2.5050005E+03  6.9354594E+05
  2.5129988E+03  2.4325050E+05
  2.5179990E+03  2.0434062E+05
  2.5249998E+03  2.2077053E+05
  2.5350007E+03  3.7352459E+05
  2.5449988E+03  4.3700200E+05
  2.5550000E+03  7.4538375E+05
  2.5649990E+03  4.3262434E+05
  2.5749990E+03  5.5939338E+05
  2.5849993E+03  3.7381141E+05
  2.5949990E+03  2.8500488E+05
  2.6049995E+03  2.0889014E+05
  2.6149998E+03  1.9492734E+05
  2.6249990E+03  2.8831972E+05
  2.6350007E+03  7.1757594E+05
  2.6449995E+03  1.4422000E+06
  2.6549998E+03  1.8704045E+06
  2.6649995E+03  1.1559961E+06
  2.6749988E+03  1.3805505E+06
  2.6849988E+03  1.5272666E+06
  2.6949988E+03  1.2378782E+06
  2.7050000E+03  1.5500216E+06
  2.7150000E+03  9.6263050E+05
  2.7249995E+03  8.7668694E+05
  2.7350007E+03  9.7670588E+05
  2.7450002E+03  3.3942353E+05
  2.7549998E+03  5.0384781E+05
  2.7649983E+03  7.5388819E+05
  2.7750005E+03  8.4479162E+05
  2.7850000E+03  4.6590462E+05
  2.7949993E+03  1.4753889E+05
  2.8049995E+03  1.9441819E+05
  2.8150002E+03  6.8831206E+05
  2.8250007E+03  1.3069434E+06
  2.8350000E+03  1.4670004E+06
  2.8450002E+03  1.4694588E+06
  2.8550005E+03  9.6865944E+05
  2.8650000E+03  1.9265730E+06
  2.8749983E+03  2.1939135E+06
  2.8850000E+03  2.0218470E+06
  2.8949988E+03  2.1484208E+06
  2.9099988E+03  2.8106520E+06
  2.9299983E+03  2.6030675E+06
  2.9499990E+03  2.5620458E+06
  2.9700005E+03  2.8942690E+06
  2.9899980E+03  2.9787320E+06
  3.0099995E+03  3.2241930E+06
  3.0299995E+03  3.1788562E+06
  3.0499995E+03  3.3286565E+06
  3.0699995E+03  3.2241102E+06
  3.0899995E+03  3.5439690E+06
  3.1099995E+03  3.4524162E+06
  3.1299998E+03  3.3974385E+06
  3.1499995E+03  3.4504920E+06
  3.1699995E+03  3.6115978E+06
  3.1899995E+03  3.1984238E+06
  3.2099998E+03  3.6491638E+06
  3.2299993E+03  3.0303968E+06
  3.2499993E+03  3.8252908E+06
  3.2699995E+03  4.2394760E+06
  3.2899995E+03  4.0753208E+06
  3.3099998E+03  4.2390680E+06
  3.3299993E+03  4.2097060E+06
  3.3499995E+03  4.2119585E+06
  3.3699995E+03  3.7799698E+06
  3.3899993E+03  4.1200328E+06
  3.4099993E+03  4.2513330E+06
  3.4299995E+03  4.3495190E+06
  3.4499993E+03  4.6106885E+06
  3.4699998E+03  4.5129500E+06
  3.4899993E+03  4.6188095E+06
  3.5099995E+03  4.8873995E+06
  3.5299995E+03  4.6834280E+06
  3.5499995E+03  5.3099860E+06
  3.5699995E+03  4.5568955E+06
  3.5899995E+03  4.5398795E+06
  3.6099995E+03  4.7305200E+06
  3.6299993E+03  4.8543680E+06
  3.6399993E+03  4.8905710E+06
  3.6499995E+03  5.2382095E+06
  3.6699993E+03  5.0839355E+06
  3.6899995E+03  5.6628525E+06
  3.7099995E+03  6.9283465E+06
  3.7299998E+03  6.4832780E+06
  3.7499993E+03  7.1478165E+06
  3.7699993E+03  7.6152960E+06
  3.7899995E+03  8.1323325E+06
  3.8099993E+03  8.8436700E+06
  3.8299998E+03  7.0757675E+06
  3.8499995E+03  8.3510335E+06
  3.8699995E+03  8.6452740E+06
  3.8899995E+03  7.8883890E+06
  3.9099995E+03  8.3049300E+06
  3.9299993E+03  3.4800175E+06
  3.9499993E+03  6.2906775E+06
  3.9699998E+03  3.9731598E+06
  3.9899995E+03  9.1328810E+06
  4.0099995E+03  1.0127685E+07
  4.0299993E+03  1.0321778E+07
  4.0499993E+03  1.0166341E+07
  4.0699993E+03  1.0047111E+07
  4.0899995E+03  1.0844975E+07
  4.1099995E+03  1.0255947E+07
  4.1299995E+03  1.0749666E+07
  4.1499990E+03  1.1294668E+07
  4.1699990E+03  1.0924220E+07
  4.1899995E+03  1.0980047E+07
  4.2099995E+03  1.0898501E+07
  4.2299995E+03  1.0619877E+07
  4.2499995E+03  1.0943771E+07
  4.2699990E+03  1.0648096E+07
  4.2899995E+03  1.0078026E+07
  4.3100000E+03  8.9970480E+06
  4.3299995E+03  1.0848138E+07
  4.3499995E+03  1.0211662E+07
  4.3699995E+03  1.1602501E+07
  4.3899995E+03  1.0987796E+07
  4.4099995E+03  1.1136117E+07
  4.4299995E+03  1.1159227E+07
  4.4499995E+03  1.1174433E+07
  4.4699995E+03  1.1563563E+07
  4.4899995E+03  1.1581495E+07
  4.5099990E+03  1.2535299E+07
  4.5299995E+03  1.1450385E+07
  4.5499990E+03  1.1599614E+07
  4.5699995E+03  1.2345937E+07
  4.5899990E+03  1.1599135E+07
  4.6099990E+03  1.2076784E+07
  4.6299990E+03  1.1796055E+07
  4.6499990E+03  1.2028282E+07
  4.6699990E+03  1.2210156E+07
  4.6899990E+03  1.1926918E+07
  4.7099995E+03  1.1532218E+07
  4.7299990E+03  1.2082862E+07
  4.7499995E+03  1.2272858E+07
  4.7699995E+03  1.2166182E+07
  4.7899990E+03  1.2168902E+07
  4.8099995E+03  1.1993660E+07
  4.8299995E+03  1.2135964E+07
  4.8499990E+03  1.1306240E+07
  4.8700000E+03  1.0020470E+07
  4.8899990E+03  1.1639103E+07
  4.9099990E+03  1.1596045E+07
  4.9299990E+03  1.1363577E+07
  4.9499995E+03  1.1857733E+07
  4.9699995E+03  1.1887402E+07
  4.9899990E+03  1.1051854E+07
  5.0099995E+03  1.0614524E+07
  5.0299995E+03  1.1187531E+07
  5.0499995E+03  1.1262328E+07
  5.0699995E+03  1.1619633E+07
  5.0899995E+03  1.1283771E+07
  5.1099990E+03  1.1371781E+07
  5.1299995E+03  1.0985525E+07
  5.1499985E+03  1.0790145E+07
  5.1700000E+03  1.0692018E+07
  5.1899990E+03  1.0598868E+07
  5.2099990E+03  1.0752621E+07
  5.2299995E+03  1.0863224E+07
  5.2499995E+03  1.0968144E+07
  5.2699995E+03  1.0087308E+07
  5.2899990E+03  1.0910332E+07
  5.3099995E+03  1.0981819E+07
  5.3299990E+03  1.0433566E+07
  5.3499995E+03  1.0953525E+07
  5.3699995E+03  1.0958180E+07
  5.3899995E+03  1.0786237E+07
  5.4099990E+03  1.0514588E+07
  5.4299990E+03  1.0676975E+07
  5.4499990E+03  1.0966450E+07
  5.4699995E+03  1.0710885E+07
  5.4899995E+03  1.0732732E+07
  5.5099995E+03  1.0618726E+07
  5.5299985E+03  1.0678927E+07
  5.5499990E+03  1.0722203E+07
  5.5699990E+03  1.0546496E+07
  5.5899995E+03  1.0414138E+07
  5.6099990E+03  1.0597620E+07
  5.6299995E+03  1.0571545E+07
  5.6499990E+03  1.0487750E+07
  5.6699990E+03  1.0250187E+07
  5.6899995E+03  1.0420636E+07
  5.7099995E+03  1.0251166E+07
  5.7299990E+03  1.0706056E+07
  5.7499990E+03  1.0411566E+07
  5.7699990E+03  1.0472699E+07
  5.7899995E+03  1.0256966E+07
  5.8099985E+03  1.0349306E+07
  5.8300000E+03  1.0435366E+07
  5.8499990E+03  1.0255485E+07
  5.8699985E+03  1.0268488E+07
  5.8899985E+03  9.9341210E+06
  5.9099995E+03  1.0138155E+07
  5.9299985E+03  1.0088100E+07
  5.9499995E+03  1.0079983E+07
  5.9699990E+03  1.0084016E+07
  5.9899990E+03  9.9568360E+06
  6.0099990E+03  9.8032740E+06
  6.0299995E+03  9.8363650E+06
  6.0499990E+03  9.9157420E+06
  6.0699990E+03  9.8918140E+06
  6.0899995E+03  9.6597520E+06
  6.1099985E+03  9.5507030E+06
  6.1299995E+03  9.3030060E+06
  6.1499985E+03  9.3088390E+06
  6.1699985E+03  9.1952470E+06
  6.1900000E+03  9.4829970E+06
  6.2099995E+03  9.4757450E+06
  6.2299985E+03  9.2356310E+06
  6.2499990E+03  8.8739760E+06
  6.2699985E+03  9.3179730E+06
  6.2900000E+03  9.3004180E+06
  6.3099985E+03  9.0254520E+06
  6.3299995E+03  9.0991950E+06
  6.3499985E+03  9.0874710E+06
  6.3699985E+03  9.0176840E+06
  6.3899995E+03  9.0431590E+06
  6.4099990E+03  8.8403880E+06
  6.4299985E+03  8.8807010E+06
  6.4499985E+03  8.8150270E+06
  6.4699990E+03  8.8066000E+06
  6.4899990E+03  8.6302270E+06
  6.5099985E+03  8.7644930E+06
  6.5299990E+03  8.7593020E+06
  6.5499985E+03  8.4483420E+06
  6.5699985E+03  7.3334195E+06
  6.5899995E+03  8.5256610E+06
  6.6099985E+03  8.5818430E+06
  6.6299990E+03  8.5799390E+06
  6.6499985E+03  8.5258540E+06
  6.6699995E+03  8.4308500E+06
  6.6899990E+03  8.5008030E+06
  6.7099995E+03  8.3571565E+06
  6.7299990E+03  8.4000530E+06
  6.7499995E+03  8.2767585E+06
  6.7699985E+03  8.3019075E+06
  6.7899995E+03  8.2195680E+06
  6.8099995E+03  8.1916685E+06
  6.8300000E+03  8.1623370E+06
  6.8499985E+03  8.0312470E+06
  6.8699985E+03  8.0859280E+06
  6.8899985E+03  8.0747640E+06
  6.9099990E+03  8.0012620E+06
  6.9299995E+03  7.9708330E+06
  6.9499990E+03  7.9250250E+06
  6.9699985E+03  7.8935695E+06
  6.9899985E+03  7.8669680E+06
  7.0099985E+03  7.6478820E+06
  7.0299985E+03  7.7296735E+06
  7.0499990E+03  7.7328735E+06
  7.0699980E+03  7.6673295E+06
  7.0899990E+03  7.6233810E+06
  7.1099990E+03  7.5157185E+06
  7.1299995E+03  7.4936215E+06
  7.1499990E+03  7.4731285E+06
  7.1699995E+03  7.4227015E+06
  7.1899985E+03  7.2672720E+06
  7.2099985E+03  7.3362230E+06
  7.2299980E+03  7.2827200E+06
  7.2499990E+03  7.3106830E+06
  7.2699995E+03  7.2876210E+06
  7.2899990E+03  7.1172545E+06
  7.3099980E+03  7.1453405E+06
  7.3299980E+03  7.1456670E+06
  7.3499980E+03  7.1326340E+06
  7.3699985E+03  7.1362825E+06
  7.3899995E+03  6.9735360E+06
  7.4099985E+03  6.8571785E+06
  7.4299995E+03  6.8911460E+06
  7.4500000E+03  6.8969580E+06
  7.4700000E+03  6.8897820E+06
  7.4899990E+03  6.8362495E+06
  7.5099985E+03  6.8346225E+06
  7.5299995E+03  6.8149730E+06
  7.5499980E+03  6.8390595E+06
  7.5699985E+03  6.7549780E+06
  7.5899990E+03  6.7318500E+06
  7.6099980E+03  6.6913095E+06
  7.6299995E+03  6.6834530E+06
  7.6499995E+03  6.6324590E+06
  7.6699980E+03  6.4916125E+06
  7.6899990E+03  6.5674630E+06
  7.7099995E+03  6.4643545E+06
  7.7299985E+03  6.4776040E+06
  7.7499990E+03  6.4109705E+06
  7.7700000E+03  6.3655270E+06
  7.7900000E+03  6.4371795E+06
  7.8099995E+03  6.3925185E+06
  7.8299980E+03  6.3156640E+06
  7.8499980E+03  6.2560110E+06
  7.8699995E+03  6.2978515E+06
  7.8900000E+03  6.2514390E+06
  7.9099995E+03  6.1813310E+06
  7.9300000E+03  6.1070565E+06
  7.9499985E+03  6.0918675E+06
  7.9699990E+03  6.1538535E+06
  7.9900000E+03  6.1171810E+06
  8.0099980E+03  6.0490955E+06
  8.0299985E+03  6.0143255E+06
  8.0500000E+03  5.9827310E+06
  8.0699985E+03  5.9826185E+06
  8.0899990E+03  5.8989655E+06
  8.1099995E+03  5.9420775E+06
  8.1299976E+03  5.9288395E+06
  8.1499976E+03  5.8833285E+06
  8.1699980E+03  5.8551230E+06
  8.1899985E+03  5.6934495E+06
  8.2099990E+03  5.6942485E+06
  8.2300000E+03  5.6749475E+06
  8.2500000E+03  5.6585360E+06
  8.2700000E+03  5.7061140E+06
  8.2899980E+03  5.6555940E+06
  8.3099990E+03  5.5503895E+06
  8.3299980E+03  5.4591620E+06
  8.3500000E+03  5.5108460E+06
  8.3699990E+03  5.4673350E+06
  8.3899990E+03  5.4107945E+06
  8.4099971E+03  5.4404880E+06
  8.4300000E+03  5.4093980E+06
  8.4499990E+03  5.3648290E+06
  8.4699980E+03  5.2791350E+06
  8.4899980E+03  5.4246790E+06
  8.5099990E+03  5.0077555E+06
  8.5299990E+03  5.4412305E+06
  8.5499990E+03  4.8399010E+06
  8.5699990E+03  5.4413370E+06
  8.5900000E+03  5.2409050E+06
  8.6099980E+03  5.1408675E+06
  8.6299990E+03  5.3355885E+06
  8.6499990E+03  5.3049020E+06
  8.6699990E+03  4.6427005E+06
  8.6899990E+03  5.1189860E+06
  8.7099971E+03  5.2092255E+06
  8.7299990E+03  5.1809335E+06
  8.7499980E+03  4.8532830E+06
  8.7699980E+03  5.1494560E+06
  8.7899980E+03  5.1250740E+06
  8.8099990E+03  5.0513510E+06
  8.8299980E+03  5.0260790E+06
  8.8499980E+03  4.9788570E+06
  8.8699980E+03  4.6964220E+06
  8.8899990E+03  4.9965985E+06
  8.9099971E+03  4.9964980E+06
  8.9299980E+03  4.9098910E+06
  8.9499980E+03  4.9190130E+06
  8.9699990E+03  4.9055285E+06
  8.9899990E+03  4.8851250E+06
  9.0099980E+03  4.5390770E+06
  9.0299990E+03  4.7638605E+06
  9.0499990E+03  4.8638025E+06
  9.0699980E+03  4.7214775E+06
  9.0899990E+03  4.5995050E+06
  9.1099980E+03  4.6773835E+06
  9.1299980E+03  4.7432365E+06
  9.1499980E+03  4.7301730E+06
  9.1699980E+03  4.6970180E+06
  9.1899990E+03  4.6971145E+06
  9.2099990E+03  4.5745855E+06
  9.2299980E+03  4.2886155E+06
  9.2499980E+03  4.4871150E+06
  9.2699971E+03  4.5247675E+06
  9.2899990E+03  4.5738380E+06
  9.3099980E+03  4.5646395E+06
  9.3299990E+03  4.5264800E+06
  9.3499980E+03  4.5058445E+06
  9.3699990E+03  4.4862000E+06
  9.3900000E+03  4.4658270E+06
  9.4099980E+03  4.2822145E+06
  9.4299971E+03  4.3949790E+06
  9.4499990E+03  4.3485510E+06
  9.4700000E+03  4.3919535E+06
  9.4899980E+03  4.3901955E+06
  9.5100000E+03  4.3438380E+06
  9.5300000E+03  4.2999070E+06
  9.5500000E+03  4.0135010E+06
  9.5699990E+03  4.2422365E+06
  9.5899980E+03  4.2741275E+06
  9.6099980E+03  4.2094430E+06
  9.6299990E+03  4.1497270E+06
  9.6499990E+03  4.1612680E+06
  9.6699980E+03  4.1154682E+06
  9.6899980E+03  4.1273855E+06
  9.7100000E+03  4.1467598E+06
  9.7299990E+03  4.1289352E+06
  9.7499980E+03  4.0573245E+06
  9.7699961E+03  4.0778318E+06
  9.7899980E+03  4.0509660E+06
  9.8099980E+03  4.0509068E+06
  9.8299990E+03  4.0344388E+06
  9.8499980E+03  3.9951635E+06
  9.8700000E+03  3.9685455E+06
  9.8899980E+03  3.9455798E+06
  9.9099990E+03  3.9273678E+06
  9.9300000E+03  3.9344862E+06
  9.9499980E+03  3.9202090E+06
  9.9699980E+03  3.9109398E+06
  9.9899990E+03  3.8907655E+06
  1.0024998E+04  3.8171642E+06
  1.0074998E+04  3.7140490E+06
  1.0124997E+04  3.7432388E+06
  1.0174997E+04  3.6981712E+06
  1.0224998E+04  3.6739822E+06
  1.0274997E+04  3.6550848E+06
  1.0325000E+04  3.5770080E+06
  1.0374999E+04  3.5457640E+06
  1.0425000E+04  3.5184192E+06
  1.0474998E+04  3.4382175E+06
  1.0524997E+04  3.4209325E+06
  1.0574999E+04  3.3893320E+06
  1.0625000E+04  3.3431572E+06
  1.0674997E+04  3.2511842E+06
  1.0724998E+04  3.2510065E+06
  1.0774999E+04  3.2117215E+06
  1.0824997E+04  3.1642142E+06
  1.0874997E+04  3.1363000E+06
  1.0924999E+04  3.0199408E+06
  1.0974996E+04  3.0542292E+06
  1.1025000E+04  3.0735120E+06
  1.1074998E+04  3.0466222E+06
  1.1124999E+04  2.9980820E+06
  1.1174998E+04  2.9600010E+06
  1.1224999E+04  2.9458585E+06
  1.1274997E+04  2.8622395E+06
  1.1325000E+04  2.8370498E+06
  1.1375000E+04  2.8289925E+06
  1.1425000E+04  2.7708058E+06
  1.1474997E+04  2.7948648E+06
  1.1525000E+04  2.7659008E+06
  1.1574998E+04  2.7227685E+06
  1.1625000E+04  2.6575805E+06
  1.1674998E+04  2.6254978E+06
  1.1724997E+04  2.6508910E+06
  1.1775001E+04  2.5701685E+06
  1.1824999E+04  2.5614930E+06
  1.1875000E+04  2.5123705E+06
  1.1925000E+04  2.5491522E+06
  1.1975001E+04  2.4700595E+06
  1.2024998E+04  2.4780910E+06
  1.2074996E+04  2.4413852E+06
  1.2125000E+04  2.4252875E+06
  1.2175000E+04  2.4157780E+06
  1.2225001E+04  2.3866038E+06
  1.2275001E+04  2.3589998E+06
  1.2324996E+04  2.3354362E+06
  1.2374996E+04  2.3138228E+06
  1.2424998E+04  2.2935778E+06
  1.2475000E+04  2.2718635E+06
  1.2524997E+04  2.2399775E+06
  1.2574997E+04  2.2095258E+06
  1.2624999E+04  2.1957452E+06
  1.2674997E+04  2.1746345E+06
  1.2724999E+04  2.1647672E+06
  1.2774999E+04  2.1412990E+06
  1.2825000E+04  2.0006306E+06
  1.2875001E+04  2.0922106E+06
  1.2924997E+04  2.0706434E+06
  1.2975001E+04  2.0576904E+06
  1.3024998E+04  2.0319088E+06
  1.3074999E+04  2.0214882E+06
  1.3125000E+04  1.9906539E+06
  1.3174998E+04  1.9648740E+06
  1.3224998E+04  1.9604699E+06
  1.3274997E+04  1.9294184E+06
  1.3324997E+04  1.9192098E+06
  1.3374999E+04  1.8976634E+06
  1.3424999E+04  1.8866479E+06
  1.3474999E+04  1.8675895E+06
  1.3525001E+04  1.8461860E+06
  1.3574999E+04  1.8154188E+06
  1.3624997E+04  1.8084309E+06
  1.3674997E+04  1.7891669E+06
  1.3724995E+04  1.7557364E+06
  1.3774998E+04  1.7516890E+06
  1.3824998E+04  1.7388050E+06
  1.3874996E+04  1.7301706E+06
  1.3925000E+04  1.7070425E+06
  1.3974996E+04  1.6949854E+06
  1.4024997E+04  1.6719468E+06
  1.4075001E+04  1.6661356E+06
  1.4124996E+04  1.6401055E+06
  1.4175000E+04  1.6351359E+06
  1.4225000E+04  1.6043360E+06
  1.4274994E+04  1.5852978E+06
  1.4325001E+04  1.5848604E+06
  1.4374998E+04  1.5792151E+06
  1.4424999E+04  1.5147130E+06
  1.4475000E+04  1.5436971E+06
  1.4524997E+04  1.5037854E+06
  1.4569999E+04  1.5125941E+06
  1.4620000E+04  1.5063016E+06
  1.4674998E+04  1.5126834E+06
  1.4725000E+04  1.4752705E+06
  1.4775002E+04  1.4513754E+06
  1.4824998E+04  1.4382771E+06
  1.4874996E+04  1.4110025E+06
  1.4924997E+04  1.4141470E+06
  1.4974999E+04  1.3875666E+06
  1.5024999E+04  1.3670491E+06
  1.5075000E+04  1.3451480E+06
  1.5124999E+04  1.3493285E+06
  1.5175000E+04  1.3418090E+06
  1.5225002E+04  1.3339851E+06
  1.5274998E+04  1.3097828E+06
  1.5324995E+04  1.2992294E+06
  1.5374997E+04  1.3069048E+06
  1.5425001E+04  1.2630725E+06
  1.5474996E+04  1.2841382E+06
  1.5524994E+04  1.2754115E+06
  1.5575001E+04  1.2175068E+06
  1.5624998E+04  1.2730720E+06
  1.5674997E+04  1.2275669E+06
  1.5724994E+04  1.1904301E+06
  1.5774996E+04  1.2146570E+06
  1.5825001E+04  1.2141534E+06
  1.5874995E+04  1.1208762E+06
  1.5925002E+04  1.1842462E+06
  1.5975001E+04  1.1910461E+06
  1.6049998E+04  1.1642782E+06
  1.6150001E+04  1.1125230E+06
  1.6249997E+04  1.1332990E+06
  1.6350000E+04  1.0993110E+06
  1.6449996E+04  1.0472557E+06
  1.6549998E+04  1.0668230E+06
  1.6649994E+04  1.0482718E+06
  1.6749998E+04  1.0161068E+06
  1.6849998E+04  9.6611975E+05
  1.6950000E+04  9.8888612E+05
  1.7049996E+04  9.5832225E+05
  1.7150000E+04  9.4715288E+05
  1.7249992E+04  9.1816275E+05
  1.7349994E+04  8.6380600E+05
  1.7449992E+04  8.7934650E+05
  1.7550000E+04  8.6770200E+05
  1.7649998E+04  8.4986788E+05
  1.7749994E+04  8.3461550E+05
  1.7849994E+04  8.1923644E+05
  1.7949998E+04  8.0743262E+05
  1.8050002E+04  7.8719006E+05
  1.8150002E+04  7.4625531E+05
  1.8249994E+04  7.5335912E+05
  1.8349992E+04  7.4498038E+05
  1.8449992E+04  7.2790675E+05
  1.8549998E+04  7.1522931E+05
  1.8650002E+04  6.9930456E+05
  1.8750002E+04  6.5719906E+05
  1.8850000E+04  6.7371881E+05
  1.8950004E+04  6.5215975E+05
  1.9049996E+04  6.5390625E+05
  1.9149998E+04  6.4031450E+05
  1.9249992E+04  6.2871831E+05
  1.9350000E+04  6.1400575E+05
  1.9449992E+04  5.8061156E+05
  1.9550002E+04  5.9403550E+05
  1.9649992E+04  5.8339031E+05
  1.9749992E+04  5.7170262E+05
  1.9849992E+04  5.6344238E+05
  1.9950002E+04  5.5374656E+05
  2.0050002E+04  5.4546275E+05
  2.0149996E+04  5.3739956E+05
  2.0249994E+04  5.2473694E+05
  2.0349994E+04  5.1356106E+05
  2.0449996E+04  5.0967678E+05
  2.0550000E+04  4.9994662E+05
  2.0649992E+04  4.8918853E+05
  2.0749998E+04  4.8154456E+05
  2.0849992E+04  4.7382572E+05
  2.0950004E+04  4.6434275E+05
  2.1050002E+04  4.5784991E+05
  2.1149992E+04  4.4905056E+05
  2.1250000E+04  4.4153009E+05
  2.1350002E+04  4.3481659E+05
  2.1449996E+04  4.2876597E+05
  2.1550006E+04  4.2150203E+05
  2.1649994E+04  3.9824744E+05
  2.1750002E+04  4.0582238E+05
  2.1849998E+04  3.9960709E+05
  2.1950002E+04  3.9485600E+05
  2.2050000E+04  3.8605250E+05
  2.2149996E+04  3.8040931E+05
  2.2249998E+04  3.7518638E+05
  2.2350004E+04  3.6916650E+05
  2.2449990E+04  3.6326184E+05
  2.2549994E+04  3.5526841E+05
  2.2650000E+04  3.5074288E+05
  2.2750000E+04  3.4593381E+05
  2.2850000E+04  3.4042325E+05
  2.2950004E+04  3.3608250E+05
  2.3050000E+04  3.3181847E+05
  2.3149996E+04  3.2521131E+05
  2.3250000E+04  3.1955531E+05
  2.3349996E+04  3.1420538E+05
  2.3449994E+04  3.0990091E+05
  2.3550002E+04  3.0355872E+05
  2.3649988E+04  2.9977828E+05
  2.3750000E+04  2.9457391E+05
  2.3849990E+04  2.8896316E+05
  2.3950002E+04  2.8572731E+05
  2.4050006E+04  2.8094612E+05
  2.4149992E+04  2.7596969E+05
  2.4249990E+04  2.7369200E+05
  2.4349990E+04  2.6758550E+05
  2.4450002E+04  2.6390103E+05
  2.4549990E+04  2.6053059E+05
  2.4649992E+04  2.5716236E+05
  2.4749992E+04  2.5281911E+05
  2.4850006E+04  2.5016589E+05
  2.4950000E+04  2.4277244E+05
  2.5050006E+04  2.4486034E+05
  2.5149994E+04  2.4045147E+05
  2.5249998E+04  2.3283070E+05
  2.5350004E+04  2.3363539E+05
  2.5449988E+04  2.3036661E+05
  2.5549998E+04  2.2638520E+05
  2.5649990E+04  2.1809014E+05
  2.5749990E+04  2.2085966E+05
  2.5849994E+04  2.1629011E+05
  2.5949990E+04  2.1476067E+05
  2.6049996E+04  2.1139391E+05
  2.6149998E+04  2.0355477E+05
  2.6249988E+04  1.9801034E+05
  2.6350008E+04  2.0268469E+05
  2.6449996E+04  1.9955045E+05
  2.6549994E+04  1.9697588E+05
  2.6649994E+04  1.9309747E+05
  2.6749988E+04  1.8689186E+05
  2.6849986E+04  1.8952614E+05
  2.6949986E+04  1.8715230E+05
  2.7050002E+04  1.8449400E+05
  2.7149998E+04  1.8200798E+05
  2.7249994E+04  1.7953312E+05
  2.7350006E+04  1.7732603E+05
  2.7450004E+04  1.7507647E+05
  2.7549996E+04  1.6787650E+05
  2.7649982E+04  1.6904955E+05
  2.7750004E+04  1.6784289E+05
  2.7850000E+04  1.6568291E+05
  2.7949992E+04  1.6374242E+05
  2.8049994E+04  1.6150444E+05
  2.8150002E+04  1.5944612E+05
  2.8250006E+04  1.5728072E+05
  2.8350000E+04  1.5541852E+05
  2.8450000E+04  1.5295945E+05
  2.8550002E+04  1.5127047E+05
  2.8650002E+04  1.4890825E+05
  2.8749982E+04  1.4294736E+05
  2.8849998E+04  1.4527119E+05
  2.8949986E+04  1.4358619E+05
  2.9049994E+04  1.4183588E+05
  2.9149986E+04  1.3972505E+05
  2.9249984E+04  1.3797433E+05
  2.9349980E+04  1.3649344E+05
  2.9450000E+04  1.3452105E+05
  2.9550004E+04  1.3305122E+05
  2.9649982E+04  1.3144836E+05
  2.9749992E+04  1.2974882E+05
  2.9849994E+04  1.2816637E+05
  2.9949984E+04  1.2640064E+05
  3.0049996E+04  1.2480552E+05
  3.0149994E+04  1.2334494E+05
  3.0249994E+04  1.2181442E+05
  3.0349996E+04  1.1728298E+05
  3.0449996E+04  1.1802539E+05
  3.0549996E+04  1.1731453E+05
  3.0649996E+04  1.1578832E+05
  3.0749994E+04  1.1461413E+05
  3.0849996E+04  1.1287871E+05
  3.0949994E+04  1.1162348E+05
  3.1049996E+04  1.1037809E+05
  3.1149996E+04  1.0843590E+05
  3.1249996E+04  1.0764271E+05
  3.1349996E+04  1.0642045E+05
  3.1449996E+04  1.0514677E+05
  3.1549998E+04  1.0383031E+05
  3.1649996E+04  1.0278788E+05
  3.1749998E+04  1.0149112E+05
  3.1849996E+04  1.0041288E+05
  3.1949994E+04  9.9290789E+04
  3.2099996E+04  9.7450953E+04
  3.2299992E+04  9.5290977E+04
  3.2499994E+04  9.3033922E+04
  3.2699996E+04  9.0856484E+04
  3.2899996E+04  8.7207477E+04
  3.3099996E+04  8.6689773E+04
  3.3299992E+04  8.4771680E+04
  3.3499996E+04  8.3007172E+04
  3.3699996E+04  8.0896992E+04
  3.3899996E+04  7.9024094E+04
  3.4099996E+04  7.7202398E+04
  3.4299996E+04  7.5696297E+04
  3.4499992E+04  7.4204008E+04
  3.4699996E+04  7.2521953E+04
  3.4899996E+04  7.1006484E+04
  3.5099996E+04  6.9526867E+04
  3.5299996E+04  6.7982406E+04
  3.5499996E+04  6.6539992E+04
  3.5699992E+04  6.5013211E+04
  3.5899992E+04  6.3864074E+04
  3.6099996E+04  6.2369199E+04
  3.6299992E+04  6.1323602E+04
  3.6499992E+04  5.9635395E+04
  3.6699992E+04  5.8668328E+04
  3.6899992E+04  5.6885848E+04
  3.7099996E+04  5.6027824E+04
  3.7299996E+04  5.4773312E+04
  3.7499992E+04  5.2840422E+04
  3.7699996E+04  5.2853797E+04
  3.7899996E+04  5.1804371E+04
  3.8099992E+04  5.0576781E+04
  3.8299996E+04  4.9795672E+04
  3.8499996E+04  4.8974664E+04
  3.8699996E+04  4.7891230E+04
  3.8899992E+04  4.6961871E+04
  3.9099996E+04  4.5728613E+04
  3.9299992E+04  4.5269254E+04
  3.9499992E+04  4.4309762E+04
  3.9699992E+04  4.3513066E+04
  3.9900000E+04  4.2455559E+04
  4.0099996E+04  4.1634840E+04
  4.0299992E+04  4.0791172E+04
  4.0499996E+04  3.9707125E+04
  4.0699992E+04  3.9522539E+04
  4.0899992E+04  3.8774367E+04
  4.1099996E+04  3.8150352E+04
  4.1299996E+04  3.7465910E+04
  4.1499992E+04  3.6700996E+04
  4.1699992E+04  3.5658676E+04
  4.1899996E+04  3.5368414E+04
  4.2099996E+04  3.4637820E+04
  4.2299992E+04  3.4191043E+04
  4.2499996E+04  3.3502906E+04
  4.2699992E+04  3.2956324E+04
  4.2899992E+04  3.2191229E+04
  4.3099996E+04  3.1455096E+04
  4.3299996E+04  3.0936121E+04
  4.3499992E+04  3.0160551E+04
  4.3699996E+04  2.9281451E+04
  4.3899996E+04  2.9101270E+04
  4.4099992E+04  2.8355570E+04
  4.4299992E+04  2.7971498E+04
  4.4499996E+04  2.7503750E+04
  4.4699996E+04  2.6866004E+04
  4.4899996E+04  2.6535631E+04
  4.5099992E+04  2.6067432E+04
  4.5299992E+04  2.5499969E+04
  4.5499996E+04  2.5170738E+04
  4.5699992E+04  2.4786760E+04
  4.5899996E+04  2.4233256E+04
  4.6099996E+04  2.3956082E+04
  4.6299992E+04  2.3549229E+04
  4.6499988E+04  2.3042186E+04
  4.6699992E+04  2.2603400E+04
  4.6899992E+04  2.2477828E+04
  4.7099992E+04  2.2141293E+04
  4.7299992E+04  2.1839945E+04
  4.7499996E+04  2.1456047E+04
  4.7699992E+04  2.1119203E+04
  4.7899992E+04  2.0818420E+04
  4.8099996E+04  2.0432340E+04
  4.8299992E+04  2.0176277E+04
  4.8499992E+04  1.9838848E+04
  4.8700000E+04  1.9536447E+04
  4.8899992E+04  1.9230449E+04
  4.9099988E+04  1.8938156E+04
  4.9299988E+04  1.8629807E+04
  4.9499996E+04  1.8348871E+04
  4.9699992E+04  1.8052027E+04
  4.9899988E+04  1.7801707E+04
  5.0099996E+04  1.7542783E+04
  5.0299996E+04  1.7279965E+04
  5.0499996E+04  1.6964619E+04
  5.0699996E+04  1.6738709E+04
  5.0899992E+04  1.6510002E+04
  5.1099992E+04  1.6225200E+04
  5.1299996E+04  1.5831237E+04
  5.1499988E+04  1.5756814E+04
  5.1699996E+04  1.5567481E+04
  5.1899992E+04  1.5300880E+04
  5.2099992E+04  1.5064272E+04
  5.2299996E+04  1.4843223E+04
  5.2499996E+04  1.4652438E+04
  5.2699996E+04  1.4455979E+04
  5.2899992E+04  1.4206869E+04
  5.3099988E+04  1.4031911E+04
  5.3299988E+04  1.3816736E+04
  5.3499992E+04  1.3633335E+04
  5.3699992E+04  1.3430072E+04
  5.3899992E+04  1.3250193E+04
  5.4099992E+04  1.3067451E+04
  5.4299984E+04  1.2848710E+04
  5.4499988E+04  1.2702576E+04
  5.4699996E+04  1.2507488E+04
  5.4899992E+04  1.2338406E+04
  5.5099992E+04  1.2184597E+04
  5.5299988E+04  1.2027266E+04
  5.5499988E+04  1.1835555E+04
  5.5699992E+04  1.1699347E+04
  5.5899992E+04  1.1502571E+04
  5.6099988E+04  1.1366838E+04
  5.6299996E+04  1.1208014E+04
  5.6499988E+04  1.1079007E+04
  5.6699988E+04  1.0929385E+04
  5.6899992E+04  1.0766463E+04
  5.7099996E+04  1.0638020E+04
  5.7299988E+04  1.0495619E+04
  5.7499988E+04  1.0353339E+04
  5.7699988E+04  1.0214700E+04
  5.7899996E+04  1.0077501E+04
  5.8099988E+04  9.9457451E+03
  5.8299996E+04  9.8198721E+03
  5.8499992E+04  9.6968125E+03
  5.8699988E+04  9.5571572E+03
  5.8899988E+04  9.4148262E+03
  5.9099992E+04  9.2164961E+03
  5.9299988E+04  9.1939639E+03
  5.9499996E+04  9.0472334E+03
  5.9699988E+04  8.9614561E+03
  5.9899992E+04  8.8451191E+03
  6.0099992E+04  8.7282529E+03
  6.0299992E+04  8.6224775E+03
  6.0499988E+04  8.5123535E+03
  6.0699992E+04  8.3985791E+03
  6.0899992E+04  8.2893652E+03
  6.1099988E+04  8.1726216E+03
  6.1299992E+04  8.0855913E+03
  6.1499988E+04  7.9873706E+03
  6.1699988E+04  7.8865889E+03
  6.1899996E+04  7.7889033E+03
  6.2099996E+04  7.6931919E+03
  6.2299988E+04  7.5797207E+03
  6.2499992E+04  7.4976279E+03
  6.2699988E+04  7.4032998E+03
  6.2899996E+04  7.3179189E+03
  6.3099984E+04  7.2151187E+03
  6.3299996E+04  7.1398843E+03
  6.3499984E+04  7.0502300E+03
  6.3699984E+04  6.9662900E+03
  6.3900000E+04  6.8779995E+03
  6.4199992E+04  6.7571094E+03
  6.4599984E+04  6.5909985E+03
  6.4999992E+04  6.4317480E+03
  6.5399992E+04  6.2843462E+03
  6.5799992E+04  6.1368223E+03
  6.6199984E+04  5.9907637E+03
  6.6599984E+04  5.8533638E+03
  6.6999992E+04  5.7160371E+03
  6.7399992E+04  5.5825454E+03
  6.7799992E+04  5.4567144E+03
  6.8199992E+04  5.3318223E+03
  6.8599992E+04  5.2107451E+03
  6.8999984E+04  5.0919512E+03
  6.9399984E+04  4.9766362E+03
  6.9800000E+04  4.8682598E+03
  7.0199992E+04  4.7569810E+03
  7.0599984E+04  4.6541025E+03
  7.0999977E+04  4.5539805E+03
  7.1399977E+04  4.4541777E+03
  7.1799984E+04  4.3567471E+03
  7.2199984E+04  4.2599688E+03
  7.2600000E+04  4.1696260E+03
  7.2999984E+04  4.0833381E+03
  7.3400000E+04  3.9946890E+03
  7.3799984E+04  3.9117319E+03
  7.4199992E+04  3.8271086E+03
  7.4599992E+04  3.7385876E+03
  7.5000000E+04  3.6523342E+03
  7.5399992E+04  3.5927463E+03
  7.5799992E+04  3.5208325E+03
  7.6199984E+04  3.4487354E+03
  7.6599992E+04  3.3787812E+03
  7.6999992E+04  3.3090117E+03
  7.7399992E+04  3.2435183E+03
  7.7799984E+04  3.1786963E+03
  7.8199984E+04  3.1151499E+03
  7.8599984E+04  3.0532783E+03
  7.8999984E+04  2.9928586E+03
  7.9399984E+04  2.9337378E+03
  7.9800000E+04  2.8764761E+03
  8.0199992E+04  2.8192722E+03
  8.0599984E+04  2.7644512E+03
  8.0999992E+04  2.7122368E+03
  8.1399977E+04  2.6584700E+03
  8.1799984E+04  2.6080417E+03
  8.2199984E+04  2.5594150E+03
  8.2599992E+04  2.5105012E+03
  8.2999984E+04  2.4633940E+03
  8.3400000E+04  2.4156094E+03
  8.3799992E+04  2.3705552E+03
  8.4199992E+04  2.3274678E+03
  8.4599977E+04  2.2847725E+03
  8.4999977E+04  2.2429316E+03
  8.5399984E+04  2.2014619E+03
  8.5799984E+04  2.1614341E+03
  8.6199992E+04  2.1217993E+03
  8.6599992E+04  2.0839585E+03
  8.6999984E+04  2.0465234E+03
  8.7399992E+04  2.0096846E+03
  8.7799992E+04  1.9738701E+03
  8.8199984E+04  1.9378469E+03
  8.8599977E+04  1.9039762E+03
  8.8999992E+04  1.8700627E+03
  8.9399977E+04  1.8377642E+03
  8.9799977E+04  1.8047974E+03
  9.0199984E+04  1.7740082E+03
  9.0599984E+04  1.7440583E+03
  9.0999992E+04  1.7127911E+03
  9.1400000E+04  1.6837620E+03
  9.1799969E+04  1.6556211E+03
  9.2199969E+04  1.6276815E+03
  9.2599984E+04  1.6000294E+03
  9.3000000E+04  1.5732273E+03
  9.3399984E+04  1.5465667E+03
  9.3799984E+04  1.5208158E+03
  9.4199977E+04  1.4954885E+03
  9.4599984E+04  1.4706600E+03
  9.4999969E+04  1.4462799E+03
  9.5399984E+04  1.4221725E+03
  9.5799984E+04  1.3994021E+03
  9.6199992E+04  1.3761460E+03
  9.6599984E+04  1.3542362E+03
  9.7000000E+04  1.3323591E+03
  9.7399977E+04  1.3099225E+03
  9.7799984E+04  1.2894612E+03
  9.8199977E+04  1.2689377E+03
  9.8599977E+04  1.2489365E+03
  9.8999992E+04  1.2292928E+03
  9.9399984E+04  1.2095819E+03
  9.9799977E+04  1.1904872E+03
  1.0019999E+05  1.1718452E+03
  1.9999991E+05  7.5454033E+01
  3.9999994E+05  4.7192888E+00
  5.9999981E+05  9.2612547E-01
  7.9999994E+05  2.9107341E-01
