  9.2499988E+02  4.5395104E-06
  9.3499982E+02  6.3545504E-06
  9.4500000E+02  8.8738598E-06
  9.5500000E+02  1.3266670E-05
  9.6499988E+02  1.8668257E-05
  9.7499982E+02  2.4989520E-05
  9.8499976E+02  3.4542307E-05
  9.9499988E+02  4.5701516E-05
  1.0049999E+03  6.6359338E-05
  1.0149997E+03  8.9226050E-05
  1.0249998E+03  1.0425715E-04
  1.0349998E+03  1.5755814E-04
  1.0449998E+03  2.1021714E-04
  1.0549999E+03  2.7688078E-04
  1.0649999E+03  3.5227853E-04
  1.0750000E+03  4.6510325E-04
  1.0849996E+03  6.0560217E-04
  1.0949999E+03  7.6369336E-04
  1.1049999E+03  1.7479625E-02
  1.1149999E+03  4.2175557E-02
  1.1249999E+03  6.3694492E-02
  1.1349996E+03  8.5305825E-02
  1.1449999E+03  1.1604363E-01
  1.1549999E+03  1.2614390E-01
  1.1650000E+03  1.8148749E-01
  1.1749995E+03  2.1696018E-01
  1.1849996E+03  2.1140632E-01
  1.1949998E+03  1.0616673E-01
  1.2049996E+03  1.0106758E-01
  1.2149998E+03  1.3445487E-02
  1.2249996E+03  1.3279837E-01
  1.2349996E+03  4.0856558E-01
  1.2449998E+03  1.2754035E+00
  1.2549996E+03  2.3531699E+00
  1.2650000E+03  2.4670186E+00
  1.2749998E+03  4.2555637E+00
  1.2849995E+03  6.3997145E+00
  1.2949998E+03  8.3904438E+00
  1.3049995E+03  6.6023583E+00
  1.3149998E+03  1.1831236E+01
  1.3249998E+03  1.3888243E+01
  1.3349996E+03  1.6754692E+01
  1.3449995E+03  2.0398502E+01
  1.3549996E+03  2.2380028E+01
  1.3649999E+03  2.4855719E+01
  1.3749999E+03  2.6858767E+01
  1.3849996E+03  2.9842491E+01
  1.3949999E+03  3.4697327E+01
  1.4050001E+03  4.0693893E+01
  1.4149998E+03  4.3850048E+01
  1.4249998E+03  4.8433346E+01
  1.4350000E+03  5.3133858E+01
  1.4419998E+03  7.0508690E+01
  1.4469999E+03  6.6646820E+01
  1.4549994E+03  7.9166451E+01
  1.4650000E+03  9.0002716E+01
  1.4749995E+03  9.9383987E+01
  1.4849996E+03  1.1155460E+02
  1.4949998E+03  1.4679617E+02
  1.5049996E+03  1.7399393E+02
  1.5119995E+03  1.4492770E+02
  1.5169994E+03  1.7257817E+02
  1.5250001E+03  3.2273697E+02
  1.5349994E+03  4.2925266E+02
  1.5449994E+03  4.4719846E+02
  1.5549998E+03  5.6654279E+02
  1.5649999E+03  5.1185770E+02
  1.5750001E+03  8.6511322E+02
  1.5850000E+03  1.0469750E+03
  1.5949996E+03  1.2929492E+03
  1.6049999E+03  1.2925505E+03
  1.6150000E+03  1.3556163E+03
  1.6249996E+03  1.3959939E+03
  1.6350000E+03  1.6866296E+03
  1.6449996E+03  2.2355969E+03
  1.6549999E+03  1.2524508E+03
  1.6649993E+03  2.4072559E+03
  1.6720000E+03  1.3520476E+03
  1.6770001E+03  4.4721758E+03
  1.6849998E+03  5.7854932E+03
  1.6950000E+03  6.5534980E+03
  1.7049995E+03  6.3611260E+03
  1.7150000E+03  8.6198789E+03
  1.7249993E+03  1.0839411E+04
  1.7349994E+03  1.4270991E+04
  1.7449993E+03  1.4623814E+04
  1.7550001E+03  2.1730465E+04
  1.7649998E+03  1.9580242E+04
  1.7749995E+03  2.3015629E+04
  1.7849995E+03  2.4445727E+04
  1.7949999E+03  4.0784367E+04
  1.8050001E+03  4.4563535E+04
  1.8150001E+03  5.0059516E+04
  1.8249994E+03  5.0478441E+04
  1.8349993E+03  5.6756836E+04
  1.8449993E+03  5.0569770E+04
  1.8549998E+03  7.3954555E+04
  1.8650002E+03  9.4604969E+04
  1.8750001E+03  9.1353562E+04
  1.8850000E+03  1.0211755E+05
  1.8950002E+03  1.3139923E+05
  1.9049996E+03  1.2165625E+05
  1.9149999E+03  1.2627540E+05
  1.9249993E+03  1.0334273E+05
  1.9350001E+03  5.1247293E+04
  1.9449993E+03  1.6149731E+05
  1.9550002E+03  1.7314619E+05
  1.9670002E+03  2.1450595E+05
  1.9759990E+03  1.9121416E+05
  1.9839996E+03  2.5274700E+05
  1.9950001E+03  2.5986841E+05
  2.0050002E+03  2.3928014E+05
  2.0149996E+03  2.2153650E+05
  2.0249994E+03  1.9350112E+05
  2.0349995E+03  2.8012838E+05
  2.0449998E+03  3.2237425E+05
  2.0550000E+03  2.7213291E+05
  2.0649993E+03  2.5093319E+05
  2.0739993E+03  3.4331397E+05
  2.0780002E+03  6.7366531E+05
  2.0849993E+03  8.1015556E+05
  2.0950005E+03  7.3569350E+05
  2.1050002E+03  6.8779944E+05
  2.1149990E+03  7.5064119E+05
  2.1250000E+03  6.3981519E+05
  2.1350002E+03  5.4802100E+05
  2.1449998E+03  7.4410325E+05
  2.1550005E+03  8.1430319E+05
  2.1649995E+03  6.2815050E+05
  2.1750002E+03  7.0382406E+05
  2.1849998E+03  8.3052556E+05
  2.1950000E+03  9.3799619E+05
  2.2050000E+03  8.2234612E+05
  2.2149998E+03  5.5321781E+05
  2.2249998E+03  5.9414344E+05
  2.2350005E+03  9.6226581E+05
  2.2449990E+03  8.7261169E+05
  2.2549993E+03  5.3288419E+05
  2.2650000E+03  4.9257334E+05
  2.2750000E+03  7.3408575E+05
  2.2850000E+03  9.0351419E+05
  2.2950002E+03  8.3722000E+05
  2.3050000E+03  9.6994300E+05
  2.3149995E+03  7.4499925E+05
  2.3250000E+03  3.6031866E+05
  2.3349995E+03  2.7605000E+05
  2.3449993E+03  1.7659591E+05
  2.3550000E+03  4.4569912E+05
  2.3649988E+03  1.8051223E+05
  2.3750000E+03  2.7776303E+05
  2.3849990E+03  1.2859290E+05
  2.3950000E+03  1.8527222E+05
  2.4050005E+03  1.7646575E+05
  2.4149993E+03  3.3093369E+05
  2.4249990E+03  8.5210838E+05
  2.4349990E+03  9.0332512E+05
  2.4450000E+03  1.0816692E+06
  2.4549990E+03  1.1528855E+06
  2.4649990E+03  9.6318888E+05
  2.4749993E+03  8.6273869E+05
  2.4850005E+03  6.6888238E+05
  2.4950000E+03  7.7313169E+05
  2.5050005E+03  1.2674984E+06
  2.5129988E+03  4.8497378E+05
  2.5179990E+03  4.1874681E+05
  2.5249998E+03  4.4758594E+05
  2.5350007E+03  6.6180950E+05
  2.5449988E+03  7.5730262E+05
  2.5550000E+03  1.1854809E+06
  2.5649990E+03  7.4187400E+05
  2.5749990E+03  9.3799456E+05
  2.5849993E+03  6.6441962E+05
  2.5949990E+03  5.1097691E+05
  2.6049995E+03  3.7541603E+05
  2.6149998E+03  3.4856306E+05
  2.6249990E+03  5.2385228E+05
  2.6350007E+03  1.1835525E+06
  2.6449995E+03  2.2463900E+06
  2.6549998E+03  2.7528300E+06
  2.6649995E+03  1.7868531E+06
  2.6749988E+03  2.1312138E+06
  2.6849988E+03  2.2669140E+06
  2.6949988E+03  1.8925818E+06
  2.7050000E+03  2.3102815E+06
  2.7150000E+03  1.5384200E+06
  2.7249995E+03  1.4694655E+06
  2.7350007E+03  1.5962314E+06
  2.7450002E+03  5.6787238E+05
  2.7549998E+03  8.3650350E+05
  2.7649983E+03  1.2263065E+06
  2.7750005E+03  1.4262341E+06
  2.7850000E+03  7.9395294E+05
  2.7949993E+03  2.4793808E+05
  2.8049995E+03  3.2608762E+05
  2.8150002E+03  1.1744758E+06
  2.8250007E+03  2.1490972E+06
  2.8350000E+03  2.3036928E+06
  2.8450002E+03  2.3337450E+06
  2.8550005E+03  1.6839922E+06
  2.8650000E+03  2.8785228E+06
  2.8749983E+03  3.1073032E+06
  2.8850000E+03  2.9468840E+06
  2.8949988E+03  3.0243762E+06
  2.9099988E+03  3.9080950E+06
  2.9299983E+03  3.6151032E+06
  2.9499990E+03  3.5573750E+06
  2.9700005E+03  3.9876225E+06
  2.9899980E+03  4.1093410E+06
  3.0099995E+03  4.4421585E+06
  3.0299995E+03  4.3455480E+06
  3.0499995E+03  4.5232270E+06
  3.0699995E+03  4.4788750E+06
  3.0899995E+03  4.9142880E+06
  3.1099995E+03  4.7309275E+06
  3.1299998E+03  4.6741220E+06
  3.1499995E+03  4.8446605E+06
  3.1699995E+03  4.9573010E+06
  3.1899995E+03  4.4118360E+06
  3.2099998E+03  4.9493270E+06
  3.2299993E+03  4.2097170E+06
  3.2499993E+03  5.0797010E+06
  3.2699995E+03  5.5568035E+06
  3.2899995E+03  5.3968680E+06
  3.3099998E+03  5.6629795E+06
  3.3299993E+03  5.5802135E+06
  3.3499995E+03  5.5883055E+06
  3.3699995E+03  5.1937685E+06
  3.3899993E+03  5.5293275E+06
  3.4099993E+03  5.6444690E+06
  3.4299995E+03  5.7584780E+06
  3.4499993E+03  5.9913315E+06
  3.4699998E+03  5.8539440E+06
  3.4899993E+03  5.9345815E+06
  3.5099995E+03  6.2646660E+06
  3.5299995E+03  6.0529930E+06
  3.5499995E+03  6.7867260E+06
  3.5699995E+03  5.9538775E+06
  3.5899995E+03  5.9195865E+06
  3.6099995E+03  6.1094355E+06
  3.6299993E+03  6.2421470E+06
  3.6399993E+03  6.2872260E+06
  3.6499995E+03  6.6911310E+06
  3.6699993E+03  6.4240065E+06
  3.6899995E+03  7.2562655E+06
  3.7099995E+03  9.0285010E+06
  3.7299998E+03  8.6839050E+06
  3.7499993E+03  9.7282210E+06
  3.7699993E+03  1.0342807E+07
  3.7899995E+03  1.1244739E+07
  3.8099993E+03  1.2444878E+07
  3.8299998E+03  1.0239330E+07
  3.8499995E+03  1.2328939E+07
  3.8699995E+03  1.3060102E+07
  3.8899995E+03  1.0970051E+07
  3.9099995E+03  1.1901958E+07
  3.9299993E+03  5.3033250E+06
  3.9499993E+03  9.3255490E+06
  3.9699998E+03  5.8932885E+06
  3.9899995E+03  1.2768853E+07
  4.0099995E+03  1.3956142E+07
  4.0299993E+03  1.4117664E+07
  4.0499993E+03  1.3914492E+07
  4.0699993E+03  1.3776031E+07
  4.0899995E+03  1.4406442E+07
  4.1099995E+03  1.3236653E+07
  4.1299995E+03  1.4426685E+07
  4.1499990E+03  1.5146545E+07
  4.1699990E+03  1.4683774E+07
  4.1899995E+03  1.4801432E+07
  4.2099995E+03  1.4679839E+07
  4.2299995E+03  1.4319643E+07
  4.2499995E+03  1.4737070E+07
  4.2699990E+03  1.4361106E+07
  4.2899995E+03  1.3927832E+07
  4.3100000E+03  1.2822765E+07
  4.3299995E+03  1.4148112E+07
  4.3499995E+03  1.3101293E+07
  4.3699995E+03  1.5294492E+07
  4.3899995E+03  1.4641141E+07
  4.4099995E+03  1.4617703E+07
  4.4299995E+03  1.4528246E+07
  4.4499995E+03  1.4571073E+07
  4.4699995E+03  1.4949484E+07
  4.4899995E+03  1.4923116E+07
  4.5099990E+03  1.5982928E+07
  4.5299995E+03  1.4719116E+07
  4.5499990E+03  1.4834214E+07
  4.5699995E+03  1.5731230E+07
  4.5899990E+03  1.4810506E+07
  4.6099990E+03  1.5375399E+07
  4.6299990E+03  1.4996817E+07
  4.6499990E+03  1.5264468E+07
  4.6699990E+03  1.5448223E+07
  4.6899990E+03  1.5077309E+07
  4.7099995E+03  1.4545527E+07
  4.7299990E+03  1.5229362E+07
  4.7499995E+03  1.5414290E+07
  4.7699995E+03  1.5223541E+07
  4.7899990E+03  1.5217366E+07
  4.8099995E+03  1.5036365E+07
  4.8299995E+03  1.5112828E+07
  4.8499990E+03  1.3940528E+07
  4.8700000E+03  1.2190463E+07
  4.8899990E+03  1.4467425E+07
  4.9099990E+03  1.4449661E+07
  4.9299990E+03  1.4145261E+07
  4.9499995E+03  1.4689553E+07
  4.9699995E+03  1.4762060E+07
  4.9899990E+03  1.3776275E+07
  5.0099995E+03  1.3234235E+07
  5.0299995E+03  1.3910039E+07
  5.0499995E+03  1.3925053E+07
  5.0699995E+03  1.4328663E+07
  5.0899995E+03  1.3969809E+07
  5.1099990E+03  1.4045781E+07
  5.1299995E+03  1.3586036E+07
  5.1499985E+03  1.3344645E+07
  5.1700000E+03  1.3224112E+07
  5.1899990E+03  1.3094282E+07
  5.2099990E+03  1.3216561E+07
  5.2299995E+03  1.3329016E+07
  5.2499995E+03  1.3461245E+07
  5.2699995E+03  1.2433878E+07
  5.2899990E+03  1.3344604E+07
  5.3099995E+03  1.3356902E+07
  5.3299990E+03  1.2768048E+07
  5.3499995E+03  1.3325342E+07
  5.3699995E+03  1.3296814E+07
  5.3899995E+03  1.3101065E+07
  5.4099990E+03  1.2793540E+07
  5.4299990E+03  1.2961146E+07
  5.4499990E+03  1.3253041E+07
  5.4699995E+03  1.2972474E+07
  5.4899995E+03  1.3003122E+07
  5.5099995E+03  1.2850576E+07
  5.5299985E+03  1.2885917E+07
  5.5499990E+03  1.2925300E+07
  5.5699990E+03  1.2708788E+07
  5.5899995E+03  1.2584252E+07
  5.6099990E+03  1.2729307E+07
  5.6299995E+03  1.2715093E+07
  5.6499990E+03  1.2595734E+07
  5.6699990E+03  1.2328912E+07
  5.6899995E+03  1.2503041E+07
  5.7099995E+03  1.2324324E+07
  5.7299990E+03  1.2757079E+07
  5.7499990E+03  1.2449714E+07
  5.7699990E+03  1.2492555E+07
  5.7899995E+03  1.2273793E+07
  5.8099985E+03  1.2332294E+07
  5.8300000E+03  1.2388588E+07
  5.8499990E+03  1.2196147E+07
  5.8699985E+03  1.2194089E+07
  5.8899985E+03  1.1833419E+07
  5.9099995E+03  1.2037131E+07
  5.9299985E+03  1.1964648E+07
  5.9499995E+03  1.1947128E+07
  5.9699990E+03  1.1924296E+07
  5.9899990E+03  1.1777603E+07
  6.0099990E+03  1.1599218E+07
  6.0299995E+03  1.1628082E+07
  6.0499990E+03  1.1683075E+07
  6.0699990E+03  1.1661427E+07
  6.0899995E+03  1.1422432E+07
  6.1099985E+03  1.1287231E+07
  6.1299995E+03  1.1017193E+07
  6.1499985E+03  1.0979523E+07
  6.1699985E+03  1.0888665E+07
  6.1900000E+03  1.1167455E+07
  6.2099995E+03  1.1141556E+07
  6.2299985E+03  1.0890571E+07
  6.2499990E+03  1.0470890E+07
  6.2699985E+03  1.0956176E+07
  6.2900000E+03  1.0919935E+07
  6.3099985E+03  1.0619960E+07
  6.3299995E+03  1.0681762E+07
  6.3499985E+03  1.0651957E+07
  6.3699985E+03  1.0575888E+07
  6.3899995E+03  1.0583598E+07
  6.4099990E+03  1.0351700E+07
  6.4299985E+03  1.0394928E+07
  6.4499985E+03  1.0298868E+07
  6.4699990E+03  1.0304590E+07
  6.4899990E+03  1.0084653E+07
  6.5099985E+03  1.0215686E+07
  6.5299990E+03  1.0199145E+07
  6.5499985E+03  9.7611230E+06
  6.5699985E+03  8.3387705E+06
  6.5899995E+03  9.8962910E+06
  6.6099985E+03  9.9796300E+06
  6.6299990E+03  9.9829310E+06
  6.6499985E+03  9.9127530E+06
  6.6699995E+03  9.8042790E+06
  6.6899990E+03  9.8593820E+06
  6.7099995E+03  9.7212050E+06
  6.7299990E+03  9.7383730E+06
  6.7499995E+03  9.5980640E+06
  6.7699985E+03  9.6277470E+06
  6.7899995E+03  9.5367910E+06
  6.8099995E+03  9.4962920E+06
  6.8300000E+03  9.4439870E+06
  6.8499985E+03  9.3158610E+06
  6.8699985E+03  9.3566870E+06
  6.8899985E+03  9.3326020E+06
  6.9099990E+03  9.2534070E+06
  6.9299995E+03  9.2094860E+06
  6.9499990E+03  9.1588990E+06
  6.9699985E+03  9.1079640E+06
  6.9899985E+03  9.0775070E+06
  7.0099985E+03  8.8479210E+06
  7.0299985E+03  8.9180930E+06
  7.0499990E+03  8.9122840E+06
  7.0699980E+03  8.8438460E+06
  7.0899990E+03  8.7910210E+06
  7.1099990E+03  8.6238860E+06
  7.1299995E+03  8.6237410E+06
  7.1499990E+03  8.6043050E+06
  7.1699995E+03  8.5417130E+06
  7.1899985E+03  8.3915070E+06
  7.2099985E+03  8.4377800E+06
  7.2299980E+03  8.3724260E+06
  7.2499990E+03  8.3857835E+06
  7.2699995E+03  8.3646545E+06
  7.2899990E+03  8.1905130E+06
  7.3099980E+03  8.1993395E+06
  7.3299980E+03  8.1911180E+06
  7.3499980E+03  8.1737980E+06
  7.3699985E+03  8.1704155E+06
  7.3899995E+03  8.0020795E+06
  7.4099985E+03  7.8711205E+06
  7.4299995E+03  7.8888540E+06
  7.4500000E+03  7.8852435E+06
  7.4700000E+03  7.8606300E+06
  7.4899990E+03  7.8093080E+06
  7.5099985E+03  7.8031720E+06
  7.5299995E+03  7.7770560E+06
  7.5499980E+03  7.8006790E+06
  7.5699985E+03  7.7069205E+06
  7.5899990E+03  7.6755115E+06
  7.6099980E+03  7.6306685E+06
  7.6299995E+03  7.6127165E+06
  7.6499995E+03  7.5459265E+06
  7.6699980E+03  7.4022450E+06
  7.6899990E+03  7.4669940E+06
  7.7099995E+03  7.3598580E+06
  7.7299985E+03  7.3728930E+06
  7.7499990E+03  7.2972535E+06
  7.7700000E+03  7.2098130E+06
  7.7900000E+03  7.3087965E+06
  7.8099995E+03  7.2553550E+06
  7.8299980E+03  7.1636510E+06
  7.8499980E+03  7.0947930E+06
  7.8699995E+03  7.1287255E+06
  7.8900000E+03  7.0756850E+06
  7.9099995E+03  7.0062315E+06
  7.9300000E+03  6.9289985E+06
  7.9499985E+03  6.9055080E+06
  7.9699990E+03  6.9675665E+06
  7.9900000E+03  6.9103020E+06
  8.0099980E+03  6.8453075E+06
  8.0299985E+03  6.8036545E+06
  8.0500000E+03  6.7687240E+06
  8.0699985E+03  6.7600925E+06
  8.0899990E+03  6.6766295E+06
  8.1099995E+03  6.7141915E+06
  8.1299976E+03  6.6937410E+06
  8.1499976E+03  6.6439130E+06
  8.1699980E+03  6.6097310E+06
  8.1899985E+03  6.4303345E+06
  8.2099990E+03  6.4331375E+06
  8.2300000E+03  6.4046870E+06
  8.2500000E+03  6.3797605E+06
  8.2700000E+03  6.4255070E+06
  8.2899980E+03  6.3643940E+06
  8.3099990E+03  6.2497800E+06
  8.3299980E+03  6.1318520E+06
  8.3500000E+03  6.1905845E+06
  8.3699990E+03  6.1217805E+06
  8.3899990E+03  6.0722920E+06
  8.4099971E+03  6.0967130E+06
  8.4300000E+03  6.1006820E+06
  8.4499990E+03  6.0243535E+06
  8.4699980E+03  5.9045650E+06
  8.4899980E+03  6.1407215E+06
  8.5099990E+03  5.6114535E+06
  8.5299990E+03  6.1692130E+06
  8.5499990E+03  5.3941595E+06
  8.5699990E+03  6.1753635E+06
  8.5900000E+03  5.9066760E+06
  8.6099980E+03  5.7659430E+06
  8.6299990E+03  6.0609615E+06
  8.6499990E+03  6.0057775E+06
  8.6699990E+03  5.1676890E+06
  8.6899990E+03  5.8024485E+06
  8.7099971E+03  5.9213355E+06
  8.7299990E+03  5.8744600E+06
  8.7499980E+03  5.3934660E+06
  8.7699980E+03  5.8219760E+06
  8.7899980E+03  5.8213550E+06
  8.8099990E+03  5.7478715E+06
  8.8299980E+03  5.6875575E+06
  8.8499980E+03  5.6075275E+06
  8.8699980E+03  5.2159585E+06
  8.8899990E+03  5.6515610E+06
  8.9099971E+03  5.6542180E+06
  8.9299980E+03  5.5693935E+06
  8.9499980E+03  5.5816845E+06
  8.9699990E+03  5.5568210E+06
  8.9899990E+03  5.5237340E+06
  9.0099980E+03  5.0537320E+06
  9.0299990E+03  5.3473890E+06
  9.0499990E+03  5.4898320E+06
  9.0699980E+03  5.3273475E+06
  9.0899990E+03  5.1999755E+06
  9.1099980E+03  5.2933780E+06
  9.1299980E+03  5.3583425E+06
  9.1499980E+03  5.3479940E+06
  9.1699980E+03  5.3054260E+06
  9.1899990E+03  5.2894950E+06
  9.2099990E+03  5.1510720E+06
  9.2299980E+03  4.7241505E+06
  9.2499980E+03  5.0388130E+06
  9.2699971E+03  5.0846090E+06
  9.2899990E+03  5.1578990E+06
  9.3099980E+03  5.1444560E+06
  9.3299990E+03  5.1016495E+06
  9.3499980E+03  5.0785560E+06
  9.3699990E+03  5.0607600E+06
  9.3900000E+03  5.0259780E+06
  9.4099980E+03  4.8208410E+06
  9.4299971E+03  4.9419150E+06
  9.4499990E+03  4.8982370E+06
  9.4700000E+03  4.9384800E+06
  9.4899980E+03  4.9331660E+06
  9.5100000E+03  4.8774455E+06
  9.5300000E+03  4.8113655E+06
  9.5500000E+03  4.4058375E+06
  9.5699990E+03  4.7539545E+06
  9.5899980E+03  4.7939540E+06
  9.6099980E+03  4.7238450E+06
  9.6299990E+03  4.6530570E+06
  9.6499990E+03  4.6746500E+06
  9.6699980E+03  4.6142400E+06
  9.6899980E+03  4.6216925E+06
  9.7100000E+03  4.6538165E+06
  9.7299990E+03  4.6287365E+06
  9.7499980E+03  4.5483405E+06
  9.7699961E+03  4.5735495E+06
  9.7899980E+03  4.5458395E+06
  9.8099980E+03  4.5359350E+06
  9.8299990E+03  4.5163260E+06
  9.8499980E+03  4.4646115E+06
  9.8700000E+03  4.4384130E+06
  9.8899980E+03  4.4108530E+06
  9.9099990E+03  4.3896145E+06
  9.9300000E+03  4.3941085E+06
  9.9499980E+03  4.3764630E+06
  9.9699980E+03  4.3680185E+06
  9.9899990E+03  4.3448835E+06
  1.0024998E+04  4.2396275E+06
  1.0074998E+04  4.1093188E+06
  1.0124997E+04  4.1687905E+06
  1.0174997E+04  4.1239172E+06
  1.0224998E+04  4.0937732E+06
  1.0274997E+04  4.0672315E+06
  1.0325000E+04  3.9805785E+06
  1.0374999E+04  3.9458048E+06
  1.0425000E+04  3.9080455E+06
  1.0474998E+04  3.8138325E+06
  1.0524997E+04  3.7916270E+06
  1.0574999E+04  3.7561928E+06
  1.0625000E+04  3.7049045E+06
  1.0674997E+04  3.6005255E+06
  1.0724998E+04  3.5984738E+06
  1.0774999E+04  3.5550950E+06
  1.0824997E+04  3.5046480E+06
  1.0874997E+04  3.4702660E+06
  1.0924999E+04  3.2974822E+06
  1.0974996E+04  3.3650915E+06
  1.1025000E+04  3.3916645E+06
  1.1074998E+04  3.3592672E+06
  1.1124999E+04  3.3032658E+06
  1.1174998E+04  3.2626108E+06
  1.1224999E+04  3.2428782E+06
  1.1274997E+04  3.1457252E+06
  1.1325000E+04  3.1156582E+06
  1.1375000E+04  3.1095828E+06
  1.1425000E+04  3.0431732E+06
  1.1474997E+04  3.0670672E+06
  1.1525000E+04  3.0345550E+06
  1.1574998E+04  2.9870262E+06
  1.1625000E+04  2.9117642E+06
  1.1674998E+04  2.8719532E+06
  1.1724997E+04  2.9004010E+06
  1.1775001E+04  2.8081630E+06
  1.1824999E+04  2.8000925E+06
  1.1875000E+04  2.7445030E+06
  1.1925000E+04  2.7827332E+06
  1.1975001E+04  2.6988565E+06
  1.2024998E+04  2.7030355E+06
  1.2074996E+04  2.6618355E+06
  1.2125000E+04  2.6417195E+06
  1.2175000E+04  2.6284532E+06
  1.2225001E+04  2.5948965E+06
  1.2275001E+04  2.5647988E+06
  1.2324996E+04  2.5368408E+06
  1.2374996E+04  2.5124465E+06
  1.2424998E+04  2.4908015E+06
  1.2475000E+04  2.4638540E+06
  1.2524997E+04  2.4283735E+06
  1.2574997E+04  2.3924240E+06
  1.2624999E+04  2.3772922E+06
  1.2674997E+04  2.3555258E+06
  1.2724999E+04  2.3419362E+06
  1.2774999E+04  2.3109435E+06
  1.2825000E+04  2.1408742E+06
  1.2875001E+04  2.2584120E+06
  1.2924997E+04  2.2364412E+06
  1.2975001E+04  2.2196390E+06
  1.3024998E+04  2.1931940E+06
  1.3074999E+04  2.1789198E+06
  1.3125000E+04  2.1458165E+06
  1.3174998E+04  2.1159745E+06
  1.3224998E+04  2.1095258E+06
  1.3274997E+04  2.0785294E+06
  1.3324997E+04  2.0640844E+06
  1.3374999E+04  2.0403195E+06
  1.3424999E+04  2.0251085E+06
  1.3474999E+04  2.0039660E+06
  1.3525001E+04  1.9786729E+06
  1.3574999E+04  1.9472994E+06
  1.3624997E+04  1.9393454E+06
  1.3674997E+04  1.9164261E+06
  1.3724995E+04  1.8768505E+06
  1.3774998E+04  1.8732359E+06
  1.3824998E+04  1.8580156E+06
  1.3874996E+04  1.8492871E+06
  1.3925000E+04  1.8207196E+06
  1.3974996E+04  1.8079472E+06
  1.4024997E+04  1.7849854E+06
  1.4075001E+04  1.7760336E+06
  1.4124996E+04  1.7481696E+06
  1.4175000E+04  1.7400575E+06
  1.4225000E+04  1.7091542E+06
  1.4274994E+04  1.6886806E+06
  1.4325001E+04  1.6849525E+06
  1.4374998E+04  1.6767709E+06
  1.4424999E+04  1.6092761E+06
  1.4475000E+04  1.6375902E+06
  1.4524997E+04  1.5957296E+06
  1.4569999E+04  1.6034389E+06
  1.4620000E+04  1.5999631E+06
  1.4674998E+04  1.6093702E+06
  1.4725000E+04  1.5679832E+06
  1.4775002E+04  1.5383015E+06
  1.4824998E+04  1.5220125E+06
  1.4874996E+04  1.4919455E+06
  1.4924997E+04  1.4920792E+06
  1.4974999E+04  1.4642234E+06
  1.5024999E+04  1.4404764E+06
  1.5075000E+04  1.4184704E+06
  1.5124999E+04  1.4206518E+06
  1.5175000E+04  1.4116651E+06
  1.5225002E+04  1.4066662E+06
  1.5274998E+04  1.3758210E+06
  1.5324995E+04  1.3656715E+06
  1.5374997E+04  1.3758638E+06
  1.5425001E+04  1.3241750E+06
  1.5474996E+04  1.3512018E+06
  1.5524994E+04  1.3439196E+06
  1.5575001E+04  1.2766614E+06
  1.5624998E+04  1.3404282E+06
  1.5674997E+04  1.2915962E+06
  1.5724994E+04  1.2452772E+06
  1.5774996E+04  1.2815256E+06
  1.5825001E+04  1.2790205E+06
  1.5874995E+04  1.1738399E+06
  1.5925002E+04  1.2463849E+06
  1.5975001E+04  1.2531801E+06
  1.6049998E+04  1.2230545E+06
  1.6150001E+04  1.1649260E+06
  1.6249997E+04  1.1905089E+06
  1.6350000E+04  1.1523848E+06
  1.6449996E+04  1.0945071E+06
  1.6549998E+04  1.1190481E+06
  1.6649994E+04  1.0991239E+06
  1.6749998E+04  1.0641918E+06
  1.6849998E+04  1.0094426E+06
  1.6950000E+04  1.0356331E+06
  1.7049996E+04  1.0047946E+06
  1.7150000E+04  9.9236769E+05
  1.7249992E+04  9.6229769E+05
  1.7349994E+04  9.0107612E+05
  1.7449992E+04  9.2054562E+05
  1.7550000E+04  9.0878762E+05
  1.7649998E+04  8.8971512E+05
  1.7749994E+04  8.7448156E+05
  1.7849994E+04  8.5758106E+05
  1.7949998E+04  8.4574862E+05
  1.8050002E+04  8.2415775E+05
  1.8150002E+04  7.7795644E+05
  1.8249994E+04  7.8871781E+05
  1.8349992E+04  7.8039119E+05
  1.8449992E+04  7.6320031E+05
  1.8549998E+04  7.4891712E+05
  1.8650002E+04  7.3335781E+05
  1.8750002E+04  6.8567138E+05
  1.8850000E+04  7.0548419E+05
  1.8950004E+04  6.8455588E+05
  1.9049996E+04  6.8504962E+05
  1.9149998E+04  6.7093825E+05
  1.9249992E+04  6.5859769E+05
  1.9350000E+04  6.4367762E+05
  1.9449992E+04  6.0545812E+05
  1.9550002E+04  6.2214744E+05
  1.9649992E+04  6.1130462E+05
  1.9749992E+04  5.9897756E+05
  1.9849992E+04  5.9020412E+05
  1.9950002E+04  5.7996631E+05
  2.0050002E+04  5.7092488E+05
  2.0149996E+04  5.6212712E+05
  2.0249994E+04  5.4959756E+05
  2.0349994E+04  5.3816888E+05
  2.0449996E+04  5.3311662E+05
  2.0550000E+04  5.2311425E+05
  2.0649992E+04  5.1199100E+05
  2.0749998E+04  5.0397906E+05
  2.0849992E+04  4.9583747E+05
  2.0950004E+04  4.8613628E+05
  2.1050002E+04  4.7887581E+05
  2.1149992E+04  4.6958328E+05
  2.1250000E+04  4.6179494E+05
  2.1350002E+04  4.5452838E+05
  2.1449996E+04  4.4844997E+05
  2.1550006E+04  4.4071175E+05
  2.1649994E+04  4.1441078E+05
  2.1750002E+04  4.2440962E+05
  2.1849998E+04  4.1804828E+05
  2.1950002E+04  4.1292622E+05
  2.2050000E+04  4.0389725E+05
  2.2149996E+04  3.9770934E+05
  2.2249998E+04  3.9255197E+05
  2.2350004E+04  3.8623372E+05
  2.2449990E+04  3.8001291E+05
  2.2549994E+04  3.7155272E+05
  2.2650000E+04  3.6697181E+05
  2.2750000E+04  3.6179472E+05
  2.2850000E+04  3.5638375E+05
  2.2950004E+04  3.5268381E+05
  2.3050000E+04  3.4761666E+05
  2.3149996E+04  3.4066244E+05
  2.3250000E+04  3.3515256E+05
  2.3349996E+04  3.2900600E+05
  2.3449994E+04  3.2413706E+05
  2.3550002E+04  3.1828559E+05
  2.3649988E+04  3.1357266E+05
  2.3750000E+04  3.0813209E+05
  2.3849990E+04  3.0292453E+05
  2.3950002E+04  2.9891553E+05
  2.4050006E+04  2.9377738E+05
  2.4149992E+04  2.8894688E+05
  2.4249990E+04  2.8667769E+05
  2.4349990E+04  2.7991828E+05
  2.4450002E+04  2.7608900E+05
  2.4549990E+04  2.7313209E+05
  2.4649992E+04  2.6886200E+05
  2.4749992E+04  2.6454741E+05
  2.4850006E+04  2.6237338E+05
  2.4950000E+04  2.5332694E+05
  2.5050006E+04  2.5663961E+05
  2.5149994E+04  2.5219678E+05
  2.5249998E+04  2.4268683E+05
  2.5350004E+04  2.4473881E+05
  2.5449988E+04  2.4153420E+05
  2.5549998E+04  2.3715972E+05
  2.5649990E+04  2.2725192E+05
  2.5749990E+04  2.3118334E+05
  2.5849994E+04  2.2688359E+05
  2.5949990E+04  2.2508806E+05
  2.6049996E+04  2.2122580E+05
  2.6149998E+04  2.1191225E+05
  2.6249988E+04  2.0605827E+05
  2.6350008E+04  2.1215833E+05
  2.6449996E+04  2.0916259E+05
  2.6549994E+04  2.0635541E+05
  2.6649994E+04  2.0232720E+05
  2.6749988E+04  1.9434689E+05
  2.6849986E+04  1.9829488E+05
  2.6949986E+04  1.9599612E+05
  2.7050002E+04  1.9313869E+05
  2.7149998E+04  1.9060955E+05
  2.7249994E+04  1.8801081E+05
  2.7350006E+04  1.8563608E+05
  2.7450004E+04  1.8322106E+05
  2.7549996E+04  1.7460703E+05
  2.7649982E+04  1.7670227E+05
  2.7750004E+04  1.7571452E+05
  2.7850000E+04  1.7343980E+05
  2.7949992E+04  1.7134748E+05
  2.8049994E+04  1.6902184E+05
  2.8150002E+04  1.6682464E+05
  2.8250006E+04  1.6459292E+05
  2.8350000E+04  1.6259486E+05
  2.8450000E+04  1.6002959E+05
  2.8550002E+04  1.5825878E+05
  2.8650002E+04  1.5563677E+05
  2.8749982E+04  1.4851247E+05
  2.8849998E+04  1.5194292E+05
  2.8949986E+04  1.5015348E+05
  2.9049994E+04  1.4835806E+05
  2.9149986E+04  1.4608727E+05
  2.9249984E+04  1.4435475E+05
  2.9349980E+04  1.4274302E+05
  2.9450000E+04  1.4073694E+05
  2.9550004E+04  1.3913883E+05
  2.9649982E+04  1.3744783E+05
  2.9749992E+04  1.3567823E+05
  2.9849994E+04  1.3400539E+05
  2.9949984E+04  1.3218392E+05
  3.0049996E+04  1.3050866E+05
  3.0149994E+04  1.2893984E+05
  3.0249994E+04  1.2734769E+05
  3.0349996E+04  1.2197823E+05
  3.0449996E+04  1.2306771E+05
  3.0549996E+04  1.2266701E+05
  3.0649996E+04  1.2108187E+05
  3.0749994E+04  1.1981353E+05
  3.0849996E+04  1.1800488E+05
  3.0949994E+04  1.1668117E+05
  3.1049996E+04  1.1535247E+05
  3.1149996E+04  1.1336674E+05
  3.1249996E+04  1.1250348E+05
  3.1349996E+04  1.1120809E+05
  3.1449996E+04  1.0987735E+05
  3.1549998E+04  1.0856500E+05
  3.1649996E+04  1.0746638E+05
  3.1749998E+04  1.0605051E+05
  3.1849996E+04  1.0497340E+05
  3.1949994E+04  1.0377112E+05
  3.2099996E+04  1.0188220E+05
  3.2299992E+04  9.9602531E+04
  3.2499994E+04  9.7249766E+04
  3.2699996E+04  9.4978648E+04
  3.2899996E+04  9.0740188E+04
  3.3099996E+04  9.0613180E+04
  3.3299992E+04  8.8665086E+04
  3.3499996E+04  8.6743453E+04
  3.3699996E+04  8.4466320E+04
  3.3899996E+04  8.2541594E+04
  3.4099996E+04  8.0659328E+04
  3.4299996E+04  7.9048977E+04
  3.4499992E+04  7.7486289E+04
  3.4699996E+04  7.5732086E+04
  3.4899996E+04  7.4124258E+04
  3.5099996E+04  7.2572516E+04
  3.5299996E+04  7.0987594E+04
  3.5499996E+04  6.9451609E+04
  3.5699992E+04  6.7853883E+04
  3.5899992E+04  6.6737492E+04
  3.6099996E+04  6.5048977E+04
  3.6299992E+04  6.4079723E+04
  3.6499992E+04  6.2205867E+04
  3.6699992E+04  6.1333922E+04
  3.6899992E+04  5.9334480E+04
  3.7099996E+04  5.8597938E+04
  3.7299996E+04  5.7137227E+04
  3.7499992E+04  5.4972895E+04
  3.7699996E+04  5.5239379E+04
  3.7899996E+04  5.4159598E+04
  3.8099992E+04  5.2733461E+04
  3.8299996E+04  5.1952996E+04
  3.8499996E+04  5.1168090E+04
  3.8699996E+04  5.0034367E+04
  3.8899992E+04  4.9058145E+04
  3.9099996E+04  4.7566922E+04
  3.9299992E+04  4.7284035E+04
  3.9499992E+04  4.6306609E+04
  3.9699992E+04  4.5463551E+04
  3.9900000E+04  4.4367605E+04
  4.0099996E+04  4.3434148E+04
  4.0299992E+04  4.2465957E+04
  4.0499996E+04  4.1314887E+04
  4.0699992E+04  4.1280559E+04
  4.0899992E+04  4.0483707E+04
  4.1099996E+04  3.9838641E+04
  4.1299996E+04  3.9113586E+04
  4.1499992E+04  3.8324082E+04
  4.1699992E+04  3.7047406E+04
  4.1899996E+04  3.6924180E+04
  4.2099996E+04  3.6176715E+04
  4.2299992E+04  3.5692262E+04
  4.2499996E+04  3.4990027E+04
  4.2699992E+04  3.4408883E+04
  4.2899992E+04  3.3744902E+04
  4.3099996E+04  3.3081598E+04
  4.3299996E+04  3.2473285E+04
  4.3499992E+04  3.1828947E+04
  4.3699996E+04  3.0739307E+04
  4.3899996E+04  3.0663162E+04
  4.4099992E+04  3.0044738E+04
  4.4299992E+04  2.9574422E+04
  4.4499996E+04  2.9061857E+04
  4.4699996E+04  2.8544068E+04
  4.4899996E+04  2.8090395E+04
  4.5099992E+04  2.7597324E+04
  4.5299992E+04  2.7106336E+04
  4.5499996E+04  2.6686586E+04
  4.5699992E+04  2.6233449E+04
  4.5899996E+04  2.5754988E+04
  4.6099996E+04  2.5395506E+04
  4.6299992E+04  2.4967453E+04
  4.6499988E+04  2.4237418E+04
  4.6699992E+04  2.3757322E+04
  4.6899992E+04  2.3789775E+04
  4.7099992E+04  2.3416652E+04
  4.7299992E+04  2.3064127E+04
  4.7499996E+04  2.2668268E+04
  4.7699992E+04  2.2313004E+04
  4.7899992E+04  2.1974361E+04
  4.8099996E+04  2.1599854E+04
  4.8299992E+04  2.1276010E+04
  4.8499992E+04  2.0926326E+04
  4.8700000E+04  2.0602303E+04
  4.8899992E+04  2.0276578E+04
  4.9099988E+04  1.9955463E+04
  4.9299988E+04  1.9638879E+04
  4.9499996E+04  1.9334428E+04
  4.9699992E+04  1.9028145E+04
  4.9899988E+04  1.8750344E+04
  5.0099996E+04  1.8459848E+04
  5.0299996E+04  1.8180818E+04
  5.0499996E+04  1.7879031E+04
  5.0699996E+04  1.7622471E+04
  5.0899992E+04  1.7362113E+04
  5.1099992E+04  1.7074982E+04
  5.1299996E+04  1.6549865E+04
  5.1499988E+04  1.6580662E+04
  5.1699996E+04  1.6349731E+04
  5.1899992E+04  1.6096692E+04
  5.2099992E+04  1.5847048E+04
  5.2299996E+04  1.5614517E+04
  5.2499996E+04  1.5401463E+04
  5.2699996E+04  1.5180338E+04
  5.2899992E+04  1.4945954E+04
  5.3099988E+04  1.4740054E+04
  5.3299988E+04  1.4519574E+04
  5.3499992E+04  1.4316449E+04
  5.3699992E+04  1.4100269E+04
  5.3899992E+04  1.3907645E+04
  5.4099992E+04  1.3716190E+04
  5.4299984E+04  1.3500347E+04
  5.4499988E+04  1.3325338E+04
  5.4699996E+04  1.3117269E+04
  5.4899992E+04  1.2948128E+04
  5.5099992E+04  1.2777365E+04
  5.5299988E+04  1.2597646E+04
  5.5499988E+04  1.2416510E+04
  5.5699992E+04  1.2251000E+04
  5.5899992E+04  1.2052696E+04
  5.6099988E+04  1.1910653E+04
  5.6299996E+04  1.1743812E+04
  5.6499988E+04  1.1595557E+04
  5.6699988E+04  1.1435971E+04
  5.6899992E+04  1.1274265E+04
  5.7099996E+04  1.1129098E+04
  5.7299988E+04  1.0978227E+04
  5.7499988E+04  1.0829404E+04
  5.7699988E+04  1.0681361E+04
  5.7899996E+04  1.0533751E+04
  5.8099988E+04  1.0397965E+04
  5.8299996E+04  1.0263564E+04
  5.8499992E+04  1.0133293E+04
  5.8699988E+04  9.9895752E+03
  5.8899988E+04  9.8382324E+03
  5.9099992E+04  9.5786885E+03
  5.9299988E+04  9.6032148E+03
  5.9499996E+04  9.4506494E+03
  5.9699988E+04  9.3586865E+03
  5.9899992E+04  9.2365498E+03
  6.0099992E+04  9.1121807E+03
  6.0299992E+04  9.0025166E+03
  6.0499988E+04  8.8873105E+03
  6.0699992E+04  8.7689229E+03
  6.0899992E+04  8.6528115E+03
  6.1099988E+04  8.5316738E+03
  6.1299992E+04  8.4386963E+03
  6.1499988E+04  8.3345957E+03
  6.1699988E+04  8.2290918E+03
  6.1899996E+04  8.1245752E+03
  6.2099996E+04  8.0246548E+03
  6.2299988E+04  7.9087671E+03
  6.2499992E+04  7.8214858E+03
  6.2699988E+04  7.7219326E+03
  6.2899996E+04  7.6322432E+03
  6.3099984E+04  7.5264131E+03
  6.3299996E+04  7.4444194E+03
  6.3499984E+04  7.3512607E+03
  6.3699984E+04  7.2629268E+03
  6.3900000E+04  7.1713984E+03
  6.4199992E+04  7.0447568E+03
  6.4599984E+04  6.8718452E+03
  6.4999992E+04  6.7054927E+03
  6.5399992E+04  6.5502603E+03
  6.5799992E+04  6.3960327E+03
  6.6199984E+04  6.2435840E+03
  6.6599984E+04  6.0998442E+03
  6.6999992E+04  5.9569824E+03
  6.7399992E+04  5.8176528E+03
  6.7799992E+04  5.6863516E+03
  6.8199992E+04  5.5557773E+03
  6.8599992E+04  5.4297739E+03
  6.8999984E+04  5.3048867E+03
  6.9399984E+04  5.1851694E+03
  6.9800000E+04  5.0713940E+03
  7.0199992E+04  4.9566606E+03
  7.0599984E+04  4.8485024E+03
  7.0999977E+04  4.7441787E+03
  7.1399977E+04  4.6398115E+03
  7.1799984E+04  4.5381265E+03
  7.2199984E+04  4.4367417E+03
  7.2600000E+04  4.3434561E+03
  7.2999984E+04  4.2531470E+03
  7.3400000E+04  4.1611841E+03
  7.3799984E+04  4.0744209E+03
  7.4199992E+04  3.9866113E+03
  7.4599992E+04  3.8891411E+03
  7.5000000E+04  3.7969998E+03
  7.5399992E+04  3.7425078E+03
  7.5799992E+04  3.6669194E+03
  7.6199984E+04  3.5923191E+03
  7.6599992E+04  3.5192644E+03
  7.6999992E+04  3.4470217E+03
  7.7399992E+04  3.3784077E+03
  7.7799984E+04  3.3107090E+03
  7.8199984E+04  3.2445220E+03
  7.8599984E+04  3.1799949E+03
  7.8999984E+04  3.1170881E+03
  7.9399984E+04  3.0555237E+03
  7.9800000E+04  2.9958015E+03
  8.0199992E+04  2.9363562E+03
  8.0599984E+04  2.8793320E+03
  8.0999992E+04  2.8246655E+03
  8.1399977E+04  2.7690002E+03
  8.1799984E+04  2.7163674E+03
  8.2199984E+04  2.6656296E+03
  8.2599992E+04  2.6147510E+03
  8.2999984E+04  2.5654932E+03
  8.3400000E+04  2.5158647E+03
  8.3799992E+04  2.4686218E+03
  8.4199992E+04  2.4237549E+03
  8.4599977E+04  2.3794143E+03
  8.4999977E+04  2.3357981E+03
  8.5399984E+04  2.2926343E+03
  8.5799984E+04  2.2508372E+03
  8.6199992E+04  2.2096648E+03
  8.6599992E+04  2.1702102E+03
  8.6999984E+04  2.1312373E+03
  8.7399992E+04  2.0928354E+03
  8.7799992E+04  2.0555815E+03
  8.8199984E+04  2.0181404E+03
  8.8599977E+04  1.9828264E+03
  8.8999992E+04  1.9476354E+03
  8.9399977E+04  1.9138901E+03
  8.9799977E+04  1.8797324E+03
  9.0199984E+04  1.8475389E+03
  9.0599984E+04  1.8162074E+03
  9.0999992E+04  1.7838523E+03
  9.1400000E+04  1.7535260E+03
  9.1799969E+04  1.7241079E+03
  9.2199969E+04  1.6949548E+03
  9.2599984E+04  1.6661957E+03
  9.3000000E+04  1.6382594E+03
  9.3399984E+04  1.6105245E+03
  9.3799984E+04  1.5836730E+03
  9.4199977E+04  1.5573035E+03
  9.4599984E+04  1.5314482E+03
  9.4999969E+04  1.5060980E+03
  9.5399984E+04  1.4809105E+03
  9.5799984E+04  1.4572402E+03
  9.6199992E+04  1.4330969E+03
  9.6599984E+04  1.4101917E+03
  9.7000000E+04  1.3873735E+03
  9.7399977E+04  1.3642478E+03
  9.7799984E+04  1.3427915E+03
  9.8199977E+04  1.3213267E+03
  9.8599977E+04  1.3004750E+03
  9.8999992E+04  1.2800314E+03
  9.9399984E+04  1.2595316E+03
  9.9799977E+04  1.2396589E+03
  1.0019999E+05  1.2202126E+03
  1.9999991E+05  7.8508408E+01
  3.9999994E+05  4.9062424E+00
  5.9999981E+05  9.6255338E-01
  7.9999994E+05  3.0248135E-01
