  9.2499988E+02  3.9140174E-05
  9.3499982E+02  5.4220098E-05
  9.4500000E+02  7.5513242E-05
  9.5500000E+02  1.1143887E-04
  9.6499988E+02  1.5615880E-04
  9.7499982E+02  2.0540653E-04
  9.8499976E+02  2.8096614E-04
  9.9499988E+02  3.6959630E-04
  1.0049999E+03  5.3345581E-04
  1.0149997E+03  7.0711650E-04
  1.0249998E+03  8.2627608E-04
  1.0349998E+03  1.2485150E-03
  1.0449998E+03  1.6504814E-03
  1.0549999E+03  2.1388009E-03
  1.0649999E+03  2.7239972E-03
  1.0750000E+03  3.5820811E-03
  1.0849996E+03  4.6501821E-03
  1.0949999E+03  5.8189752E-03
  1.1049999E+03  7.1071818E-02
  1.1149999E+03  1.5159625E-01
  1.1249999E+03  2.3189346E-01
  1.1349996E+03  3.3204058E-01
  1.1449999E+03  4.4178367E-01
  1.1549999E+03  4.9333039E-01
  1.1650000E+03  6.7956138E-01
  1.1749995E+03  8.5105914E-01
  1.1849996E+03  8.7329620E-01
  1.1949998E+03  5.5168808E-01
  1.2049996E+03  5.6213236E-01
  1.2149998E+03  8.8232979E-02
  1.2249996E+03  7.2792202E-01
  1.2349996E+03  1.8596761E+00
  1.2449998E+03  3.6802588E+00
  1.2549996E+03  5.0723033E+00
  1.2650000E+03  5.1463909E+00
  1.2749998E+03  7.0138125E+00
  1.2849995E+03  8.7170725E+00
  1.2949998E+03  1.0568814E+01
  1.3049995E+03  1.0309909E+01
  1.3149998E+03  1.3859317E+01
  1.3249998E+03  1.5080269E+01
  1.3349996E+03  1.6876659E+01
  1.3449995E+03  1.9725847E+01
  1.3549996E+03  2.2043518E+01
  1.3649999E+03  2.3832619E+01
  1.3749999E+03  2.5384214E+01
  1.3849996E+03  2.7450377E+01
  1.3949999E+03  3.0868097E+01
  1.4050001E+03  3.6352173E+01
  1.4149998E+03  4.0045506E+01
  1.4249998E+03  4.4800747E+01
  1.4350000E+03  5.0918346E+01
  1.4419998E+03  6.5401306E+01
  1.4469999E+03  5.9602669E+01
  1.4549994E+03  7.0033844E+01
  1.4650000E+03  8.3825714E+01
  1.4749995E+03  9.2942398E+01
  1.4849996E+03  1.0109599E+02
  1.4949998E+03  1.3062296E+02
  1.5049996E+03  1.5487639E+02
  1.5119995E+03  1.2375551E+02
  1.5169994E+03  1.5134558E+02
  1.5250001E+03  3.0107858E+02
  1.5349994E+03  4.3740695E+02
  1.5449994E+03  3.9487930E+02
  1.5549998E+03  5.6447064E+02
  1.5649999E+03  5.3156171E+02
  1.5750001E+03  8.6869733E+02
  1.5850000E+03  1.0358781E+03
  1.5949996E+03  1.2070005E+03
  1.6049999E+03  1.2711108E+03
  1.6150000E+03  1.3852266E+03
  1.6249996E+03  1.4786132E+03
  1.6350000E+03  1.7580804E+03
  1.6449996E+03  2.3278999E+03
  1.6549999E+03  1.4631799E+03
  1.6649993E+03  2.6049841E+03
  1.6720000E+03  1.8018766E+03
  1.6770001E+03  6.3270874E+03
  1.6849998E+03  6.9234321E+03
  1.6950000E+03  7.9336162E+03
  1.7049995E+03  8.9335684E+03
  1.7150000E+03  1.2609790E+04
  1.7249993E+03  1.4681284E+04
  1.7349994E+03  2.0069246E+04
  1.7449993E+03  2.3687609E+04
  1.7550001E+03  3.6457176E+04
  1.7649998E+03  2.8750582E+04
  1.7749995E+03  3.6405535E+04
  1.7849995E+03  4.4857172E+04
  1.7949999E+03  7.0953188E+04
  1.8050001E+03  5.7587195E+04
  1.8150001E+03  5.0810875E+04
  1.8249994E+03  6.2407219E+04
  1.8349993E+03  6.1859793E+04
  1.8449993E+03  4.1904078E+04
  1.8549998E+03  7.4949742E+04
  1.8650002E+03  9.9680453E+04
  1.8750001E+03  9.9734508E+04
  1.8850000E+03  1.0556339E+05
  1.8950002E+03  1.4020114E+05
  1.9049996E+03  1.3017915E+05
  1.9149999E+03  1.4129447E+05
  1.9249993E+03  1.1175044E+05
  1.9350001E+03  5.5754938E+04
  1.9449993E+03  1.6986245E+05
  1.9550002E+03  1.7707908E+05
  1.9670002E+03  2.2979302E+05
  1.9759990E+03  1.9072208E+05
  1.9839996E+03  2.6469144E+05
  1.9950001E+03  2.8282244E+05
  2.0050002E+03  2.5730138E+05
  2.0149996E+03  2.7117719E+05
  2.0249994E+03  2.0967062E+05
  2.0349995E+03  3.1614394E+05
  2.0449998E+03  3.6633516E+05
  2.0550000E+03  3.4165372E+05
  2.0649993E+03  3.2263597E+05
  2.0739993E+03  3.7382762E+05
  2.0780002E+03  9.2541188E+05
  2.0849993E+03  1.2246014E+06
  2.0950005E+03  1.1113082E+06
  2.1050002E+03  1.0259558E+06
  2.1149990E+03  1.1613045E+06
  2.1250000E+03  9.8696225E+05
  2.1350002E+03  9.0475906E+05
  2.1449998E+03  1.2301689E+06
  2.1550005E+03  1.2590142E+06
  2.1649995E+03  1.0493689E+06
  2.1750002E+03  1.0926201E+06
  2.1849998E+03  1.3926789E+06
  2.1950000E+03  1.3799398E+06
  2.2050000E+03  1.3164668E+06
  2.2149998E+03  9.4271094E+05
  2.2249998E+03  1.1110321E+06
  2.2350005E+03  1.5454779E+06
  2.2449990E+03  1.4537052E+06
  2.2549993E+03  1.0328441E+06
  2.2650000E+03  9.7667238E+05
  2.2750000E+03  1.1441838E+06
  2.2850000E+03  1.5549940E+06
  2.2950002E+03  1.2724601E+06
  2.3050000E+03  1.6025790E+06
  2.3149995E+03  1.2899354E+06
  2.3250000E+03  9.4503406E+05
  2.3349995E+03  7.4694006E+05
  2.3449993E+03  4.3066188E+05
  2.3550000E+03  1.0806741E+06
  2.3649988E+03  4.9710919E+05
  2.3750000E+03  7.3608419E+05
  2.3849990E+03  3.3988106E+05
  2.3950000E+03  4.7862488E+05
  2.4050005E+03  4.7017150E+05
  2.4149993E+03  6.6119562E+05
  2.4249990E+03  1.3431549E+06
  2.4349990E+03  1.3733185E+06
  2.4450000E+03  1.6663025E+06
  2.4549990E+03  1.7877724E+06
  2.4649990E+03  1.5164876E+06
  2.4749993E+03  1.3305168E+06
  2.4850005E+03  7.9772944E+05
  2.4950000E+03  1.0049199E+06
  2.5050005E+03  1.7057676E+06
  2.5129988E+03  5.3800144E+05
  2.5179990E+03  3.8663694E+05
  2.5249998E+03  4.7035906E+05
  2.5350007E+03  8.8763019E+05
  2.5449988E+03  9.9135688E+05
  2.5550000E+03  1.8305646E+06
  2.5649990E+03  1.3014862E+06
  2.5749990E+03  1.6622998E+06
  2.5849993E+03  1.4196649E+06
  2.5949990E+03  1.2134415E+06
  2.6049995E+03  9.9395900E+05
  2.6149998E+03  8.7106331E+05
  2.6249990E+03  1.3172988E+06
  2.6350007E+03  2.3854448E+06
  2.6449995E+03  3.4404512E+06
  2.6549998E+03  4.4027750E+06
  2.6649995E+03  2.8509232E+06
  2.6749988E+03  3.3436048E+06
  2.6849988E+03  3.6952580E+06
  2.6949988E+03  2.8631738E+06
  2.7050000E+03  3.4584972E+06
  2.7150000E+03  2.5280872E+06
  2.7249995E+03  2.2597520E+06
  2.7350007E+03  2.7374760E+06
  2.7450002E+03  1.2595388E+06
  2.7549998E+03  1.7960530E+06
  2.7649983E+03  2.4084610E+06
  2.7750005E+03  2.6697920E+06
  2.7850000E+03  1.4536052E+06
  2.7949993E+03  5.1976666E+05
  2.8049995E+03  6.6646319E+05
  2.8150002E+03  2.3049755E+06
  2.8250007E+03  3.7211965E+06
  2.8350000E+03  3.7277102E+06
  2.8450002E+03  3.1035922E+06
  2.8550005E+03  1.7621024E+06
  2.8650000E+03  4.1490900E+06
  2.8749983E+03  4.8194540E+06
  2.8850000E+03  4.2126150E+06
  2.8949988E+03  4.6299270E+06
  2.9099988E+03  5.9436675E+06
  2.9299983E+03  5.4261660E+06
  2.9499990E+03  5.3662575E+06
  2.9700005E+03  5.8549935E+06
  2.9899980E+03  5.9889005E+06
  3.0099995E+03  6.3349515E+06
  3.0299995E+03  6.3020705E+06
  3.0499995E+03  6.5396260E+06
  3.0699995E+03  6.4323120E+06
  3.0899995E+03  6.4830720E+06
  3.1099995E+03  6.6141850E+06
  3.1299998E+03  6.4787835E+06
  3.1499995E+03  6.2600915E+06
  3.1699995E+03  6.7125820E+06
  3.1899995E+03  5.9867250E+06
  3.2099998E+03  6.6889210E+06
  3.2299993E+03  5.7220085E+06
  3.2499993E+03  7.0528015E+06
  3.2699995E+03  7.8497075E+06
  3.2899995E+03  7.5641770E+06
  3.3099998E+03  7.6456580E+06
  3.3299993E+03  7.6692680E+06
  3.3499995E+03  7.6266425E+06
  3.3699995E+03  6.5442070E+06
  3.3899993E+03  7.1969435E+06
  3.4099993E+03  7.2624510E+06
  3.4299995E+03  7.3416350E+06
  3.4499993E+03  7.8024360E+06
  3.4699998E+03  7.8407195E+06
  3.4899993E+03  8.1624845E+06
  3.5099995E+03  8.4204670E+06
  3.5299995E+03  8.0036400E+06
  3.5499995E+03  8.9904770E+06
  3.5699995E+03  7.7165120E+06
  3.5899995E+03  7.5813730E+06
  3.6099995E+03  7.9708275E+06
  3.6299993E+03  7.9870210E+06
  3.6399993E+03  8.1226115E+06
  3.6499995E+03  8.8937010E+06
  3.6699993E+03  8.6910230E+06
  3.6899995E+03  8.2282490E+06
  3.7099995E+03  9.1147190E+06
  3.7299998E+03  8.1826910E+06
  3.7499993E+03  9.0014100E+06
  3.7699993E+03  9.9592590E+06
  3.7899995E+03  1.0532141E+07
  3.8099993E+03  1.1159435E+07
  3.8299998E+03  8.0948460E+06
  3.8499995E+03  1.0722374E+07
  3.8699995E+03  1.0777099E+07
  3.8899995E+03  1.0078764E+07
  3.9099995E+03  1.1370671E+07
  3.9299993E+03  6.1568035E+06
  3.9499993E+03  9.7799710E+06
  3.9699998E+03  6.8302875E+06
  3.9899995E+03  1.2480389E+07
  4.0099995E+03  1.3188153E+07
  4.0299993E+03  1.3379781E+07
  4.0499993E+03  1.3088792E+07
  4.0699993E+03  1.2886103E+07
  4.0899995E+03  1.3515962E+07
  4.1099995E+03  1.2607058E+07
  4.1299995E+03  1.3662259E+07
  4.1499990E+03  1.4048665E+07
  4.1699990E+03  1.3901447E+07
  4.1899995E+03  1.3653385E+07
  4.2099995E+03  1.3597938E+07
  4.2299995E+03  1.3149413E+07
  4.2499995E+03  1.3369255E+07
  4.2699990E+03  1.2868258E+07
  4.2899995E+03  1.2106608E+07
  4.3100000E+03  1.0596370E+07
  4.3299995E+03  1.3009205E+07
  4.3499995E+03  1.2213139E+07
  4.3699995E+03  1.4014774E+07
  4.3899995E+03  1.3209830E+07
  4.4099995E+03  1.3645269E+07
  4.4299995E+03  1.3870951E+07
  4.4499995E+03  1.3759296E+07
  4.4699995E+03  1.4190206E+07
  4.4899995E+03  1.4139941E+07
  4.5099990E+03  1.5180938E+07
  4.5299995E+03  1.4014701E+07
  4.5499990E+03  1.4258629E+07
  4.5699995E+03  1.5013836E+07
  4.5899990E+03  1.4215760E+07
  4.6099990E+03  1.4534082E+07
  4.6299990E+03  1.4251678E+07
  4.6499990E+03  1.4421707E+07
  4.6699990E+03  1.4676753E+07
  4.6899990E+03  1.4381598E+07
  4.7099995E+03  1.3874904E+07
  4.7299990E+03  1.4479531E+07
  4.7499995E+03  1.4598125E+07
  4.7699995E+03  1.4535573E+07
  4.7899990E+03  1.4455495E+07
  4.8099995E+03  1.4302638E+07
  4.8299995E+03  1.4411810E+07
  4.8499990E+03  1.3315750E+07
  4.8700000E+03  1.1694546E+07
  4.8899990E+03  1.3705204E+07
  4.9099990E+03  1.3705823E+07
  4.9299990E+03  1.3504478E+07
  4.9499995E+03  1.3916330E+07
  4.9699995E+03  1.4010757E+07
  4.9899990E+03  1.3166847E+07
  5.0099995E+03  1.2735478E+07
  5.0299995E+03  1.3320540E+07
  5.0499995E+03  1.3311999E+07
  5.0699995E+03  1.3719263E+07
  5.0899995E+03  1.3324038E+07
  5.1099990E+03  1.3463773E+07
  5.1299995E+03  1.3140973E+07
  5.1499985E+03  1.2796359E+07
  5.1700000E+03  1.2331219E+07
  5.1899990E+03  1.2275811E+07
  5.2099990E+03  1.2726494E+07
  5.2299995E+03  1.2834976E+07
  5.2499995E+03  1.3050513E+07
  5.2699995E+03  1.1960196E+07
  5.2899990E+03  1.2901827E+07
  5.3099995E+03  1.3094756E+07
  5.3299990E+03  1.2246887E+07
  5.3499995E+03  1.2843213E+07
  5.3699995E+03  1.2770063E+07
  5.3899995E+03  1.2641886E+07
  5.4099990E+03  1.2300936E+07
  5.4299990E+03  1.2557004E+07
  5.4499990E+03  1.2739357E+07
  5.4699995E+03  1.2511393E+07
  5.4899995E+03  1.2549396E+07
  5.5099995E+03  1.2463421E+07
  5.5299985E+03  1.2448584E+07
  5.5499990E+03  1.2502122E+07
  5.5699990E+03  1.2226715E+07
  5.5899995E+03  1.2094772E+07
  5.6099990E+03  1.2260067E+07
  5.6299995E+03  1.2276520E+07
  5.6499990E+03  1.2219265E+07
  5.6699990E+03  1.1966814E+07
  5.6899995E+03  1.2089958E+07
  5.7099995E+03  1.1910663E+07
  5.7299990E+03  1.2365808E+07
  5.7499990E+03  1.2042926E+07
  5.7699990E+03  1.2091979E+07
  5.7899995E+03  1.1890589E+07
  5.8099985E+03  1.1981857E+07
  5.8300000E+03  1.2046092E+07
  5.8499990E+03  1.1825166E+07
  5.8699985E+03  1.1819072E+07
  5.8899985E+03  1.1393616E+07
  5.9099995E+03  1.1675800E+07
  5.9299985E+03  1.1619678E+07
  5.9499995E+03  1.1609795E+07
  5.9699990E+03  1.1574421E+07
  5.9899990E+03  1.1462609E+07
  6.0099990E+03  1.1301963E+07
  6.0299995E+03  1.1291351E+07
  6.0499990E+03  1.1414440E+07
  6.0699990E+03  1.1335255E+07
  6.0899995E+03  1.1129888E+07
  6.1099985E+03  1.1024856E+07
  6.1299995E+03  1.0704393E+07
  6.1499985E+03  1.0739474E+07
  6.1699985E+03  1.0564075E+07
  6.1900000E+03  1.0881338E+07
  6.2099995E+03  1.0853370E+07
  6.2299985E+03  1.0640146E+07
  6.2499990E+03  1.0316581E+07
  6.2699985E+03  1.0684979E+07
  6.2900000E+03  1.0658078E+07
  6.3099985E+03  1.0392875E+07
  6.3299995E+03  1.0426023E+07
  6.3499985E+03  1.0398761E+07
  6.3699985E+03  1.0333565E+07
  6.3899995E+03  1.0357552E+07
  6.4099990E+03  1.0111475E+07
  6.4299985E+03  1.0161661E+07
  6.4499985E+03  1.0078819E+07
  6.4699990E+03  1.0025602E+07
  6.4899990E+03  9.8789350E+06
  6.5099985E+03  9.9810060E+06
  6.5299990E+03  9.9040550E+06
  6.5499985E+03  9.3431420E+06
  6.5699985E+03  7.9420060E+06
  6.5899995E+03  9.5918030E+06
  6.6099985E+03  9.7821750E+06
  6.6299990E+03  9.7369580E+06
  6.6499985E+03  9.6946650E+06
  6.6699995E+03  9.5883440E+06
  6.6899990E+03  9.6615710E+06
  6.7099995E+03  9.5086740E+06
  6.7299990E+03  9.5387470E+06
  6.7499995E+03  9.4343470E+06
  6.7699985E+03  9.4238990E+06
  6.7899995E+03  9.3537530E+06
  6.8099995E+03  9.2932060E+06
  6.8300000E+03  9.2784300E+06
  6.8499985E+03  9.1231700E+06
  6.8699985E+03  9.1659130E+06
  6.8899985E+03  9.1461090E+06
  6.9099990E+03  9.0664140E+06
  6.9299995E+03  9.0329840E+06
  6.9499990E+03  8.9873100E+06
  6.9699985E+03  8.9420130E+06
  6.9899985E+03  8.9086490E+06
  7.0099985E+03  8.6869250E+06
  7.0299985E+03  8.7572480E+06
  7.0499990E+03  8.7523510E+06
  7.0699980E+03  8.6825560E+06
  7.0899990E+03  8.6246440E+06
  7.1099990E+03  8.5583060E+06
  7.1299995E+03  8.4910900E+06
  7.1499990E+03  8.4451290E+06
  7.1699995E+03  8.3907530E+06
  7.1899985E+03  8.2377420E+06
  7.2099985E+03  8.3073330E+06
  7.2299980E+03  8.2643200E+06
  7.2499990E+03  8.2725390E+06
  7.2699995E+03  8.2370635E+06
  7.2899990E+03  8.0544065E+06
  7.3099980E+03  8.1041615E+06
  7.3299980E+03  8.0775270E+06
  7.3499980E+03  8.0698910E+06
  7.3699985E+03  8.0476505E+06
  7.3899995E+03  7.8744600E+06
  7.4099985E+03  7.7229190E+06
  7.4299995E+03  7.8096930E+06
  7.4500000E+03  7.8031130E+06
  7.4700000E+03  7.8052690E+06
  7.4899990E+03  7.7347670E+06
  7.5099985E+03  7.7129965E+06
  7.5299995E+03  7.6940030E+06
  7.5499980E+03  7.6929505E+06
  7.5699985E+03  7.6135665E+06
  7.5899990E+03  7.5748025E+06
  7.6099980E+03  7.5239825E+06
  7.6299995E+03  7.5143550E+06
  7.6499995E+03  7.4699650E+06
  7.6699980E+03  7.3081080E+06
  7.6899990E+03  7.3860870E+06
  7.7099995E+03  7.2888760E+06
  7.7299985E+03  7.2984960E+06
  7.7499990E+03  7.2037960E+06
  7.7700000E+03  7.1836050E+06
  7.7900000E+03  7.2293330E+06
  7.8099995E+03  7.1738270E+06
  7.8299980E+03  7.0948290E+06
  7.8499980E+03  7.0428280E+06
  7.8699995E+03  7.0782405E+06
  7.8900000E+03  7.0411905E+06
  7.9099995E+03  6.9640830E+06
  7.9300000E+03  6.8529155E+06
  7.9499985E+03  6.8464965E+06
  7.9699990E+03  6.8975820E+06
  7.9900000E+03  6.8707635E+06
  8.0099980E+03  6.7813045E+06
  8.0299985E+03  6.7545775E+06
  8.0500000E+03  6.7012870E+06
  8.0699985E+03  6.7167070E+06
  8.0899990E+03  6.6179165E+06
  8.1099995E+03  6.6517585E+06
  8.1299976E+03  6.6378835E+06
  8.1499976E+03  6.5894640E+06
  8.1699980E+03  6.5544195E+06
  8.1899985E+03  6.3831565E+06
  8.2099990E+03  6.3867470E+06
  8.2300000E+03  6.3540730E+06
  8.2500000E+03  6.3542985E+06
  8.2700000E+03  6.3941090E+06
  8.2899980E+03  6.3517860E+06
  8.3099990E+03  6.2519625E+06
  8.3299980E+03  6.1736580E+06
  8.3500000E+03  6.2057130E+06
  8.3699990E+03  6.1976045E+06
  8.3899990E+03  6.1022630E+06
  8.4099971E+03  6.1297375E+06
  8.4300000E+03  6.0365365E+06
  8.4499990E+03  6.0074690E+06
  8.4699980E+03  5.9544525E+06
  8.4899980E+03  5.9739935E+06
  8.5099990E+03  5.6993675E+06
  8.5299990E+03  5.9584815E+06
  8.5499990E+03  5.5281505E+06
  8.5699990E+03  5.9547965E+06
  8.5900000E+03  5.7734195E+06
  8.6099980E+03  5.7227465E+06
  8.6299990E+03  5.8495210E+06
  8.6499990E+03  5.7998445E+06
  8.6699990E+03  5.2654195E+06
  8.6899990E+03  5.6388165E+06
  8.7099971E+03  5.7043250E+06
  8.7299990E+03  5.6643755E+06
  8.7499980E+03  5.3752600E+06
  8.7699980E+03  5.6172325E+06
  8.7899980E+03  5.6048640E+06
  8.8099990E+03  5.5182865E+06
  8.8299980E+03  5.5223090E+06
  8.8499980E+03  5.4463915E+06
  8.8699980E+03  5.1699905E+06
  8.8899990E+03  5.4728050E+06
  8.9099971E+03  5.4715185E+06
  8.9299980E+03  5.3827865E+06
  8.9499980E+03  5.3907375E+06
  8.9699990E+03  5.3765570E+06
  8.9899990E+03  5.3484660E+06
  9.0099980E+03  4.9562770E+06
  9.0299990E+03  5.1921510E+06
  9.0499990E+03  5.3076810E+06
  9.0699980E+03  5.1849245E+06
  9.0899990E+03  5.0581785E+06
  9.1099980E+03  5.1317755E+06
  9.1299980E+03  5.1920245E+06
  9.1499980E+03  5.1702520E+06
  9.1699980E+03  5.1387635E+06
  9.1899990E+03  5.1347085E+06
  9.2099990E+03  4.9938485E+06
  9.2299980E+03  4.6542805E+06
  9.2499980E+03  4.9054015E+06
  9.2699971E+03  4.9592260E+06
  9.2899990E+03  4.9963870E+06
  9.3099980E+03  4.9862455E+06
  9.3299990E+03  4.9449820E+06
  9.3499980E+03  4.9229885E+06
  9.3699990E+03  4.9002780E+06
  9.3900000E+03  4.8802790E+06
  9.4099980E+03  4.6872485E+06
  9.4299971E+03  4.8071935E+06
  9.4499990E+03  4.7569135E+06
  9.4700000E+03  4.7918710E+06
  9.4899980E+03  4.7834100E+06
  9.5100000E+03  4.7304015E+06
  9.5300000E+03  4.6665980E+06
  9.5500000E+03  4.3153745E+06
  9.5699990E+03  4.6157415E+06
  9.5899980E+03  4.6546780E+06
  9.6099980E+03  4.5973865E+06
  9.6299990E+03  4.5413410E+06
  9.6499990E+03  4.5460010E+06
  9.6699980E+03  4.5054610E+06
  9.6899980E+03  4.5245970E+06
  9.7100000E+03  4.5191610E+06
  9.7299990E+03  4.5021950E+06
  9.7499980E+03  4.4389615E+06
  9.7699961E+03  4.4413315E+06
  9.7899980E+03  4.4192715E+06
  9.8099980E+03  4.4102745E+06
  9.8299990E+03  4.3903960E+06
  9.8499980E+03  4.3640435E+06
  9.8700000E+03  4.3270375E+06
  9.8899980E+03  4.3006975E+06
  9.9099990E+03  4.2829715E+06
  9.9300000E+03  4.2898050E+06
  9.9499980E+03  4.2737200E+06
  9.9699980E+03  4.2562125E+06
  9.9899990E+03  4.2323920E+06
  1.0024998E+04  4.1387912E+06
  1.0074998E+04  4.0169035E+06
  1.0124997E+04  4.0824310E+06
  1.0174997E+04  4.0245770E+06
  1.0224998E+04  3.9975635E+06
  1.0274997E+04  3.9701718E+06
  1.0325000E+04  3.8950585E+06
  1.0374999E+04  3.8569065E+06
  1.0425000E+04  3.8258912E+06
  1.0474998E+04  3.7482542E+06
  1.0524997E+04  3.7293918E+06
  1.0574999E+04  3.6861218E+06
  1.0625000E+04  3.6341570E+06
  1.0674997E+04  3.5330842E+06
  1.0724998E+04  3.5346070E+06
  1.0774999E+04  3.4921445E+06
  1.0824997E+04  3.4348835E+06
  1.0874997E+04  3.4030525E+06
  1.0924999E+04  3.2476112E+06
  1.0974996E+04  3.3009735E+06
  1.1025000E+04  3.3299865E+06
  1.1074998E+04  3.3055165E+06
  1.1124999E+04  3.2566938E+06
  1.1174998E+04  3.2152478E+06
  1.1224999E+04  3.1962355E+06
  1.1274997E+04  3.1154980E+06
  1.1325000E+04  3.0912780E+06
  1.1375000E+04  3.0734790E+06
  1.1425000E+04  3.0166205E+06
  1.1474997E+04  3.0310178E+06
  1.1525000E+04  2.9979665E+06
  1.1574998E+04  2.9530028E+06
  1.1625000E+04  2.8911350E+06
  1.1674998E+04  2.8606212E+06
  1.1724997E+04  2.8746415E+06
  1.1775001E+04  2.7926752E+06
  1.1824999E+04  2.7771915E+06
  1.1875000E+04  2.7335495E+06
  1.1925000E+04  2.7610095E+06
  1.1975001E+04  2.6728478E+06
  1.2024998E+04  2.6811508E+06
  1.2074996E+04  2.6424568E+06
  1.2125000E+04  2.6286505E+06
  1.2175000E+04  2.6193038E+06
  1.2225001E+04  2.5898548E+06
  1.2275001E+04  2.5545475E+06
  1.2324996E+04  2.5331210E+06
  1.2374996E+04  2.5080188E+06
  1.2424998E+04  2.4827485E+06
  1.2475000E+04  2.4624015E+06
  1.2524997E+04  2.4307748E+06
  1.2574997E+04  2.4000475E+06
  1.2624999E+04  2.3801285E+06
  1.2674997E+04  2.3541190E+06
  1.2724999E+04  2.3410058E+06
  1.2774999E+04  2.3057730E+06
  1.2825000E+04  2.1244975E+06
  1.2875001E+04  2.2559800E+06
  1.2924997E+04  2.2414250E+06
  1.2975001E+04  2.2292615E+06
  1.3024998E+04  2.1983012E+06
  1.3074999E+04  2.1875140E+06
  1.3125000E+04  2.1517868E+06
  1.3174998E+04  2.1261535E+06
  1.3224998E+04  2.1230955E+06
  1.3274997E+04  2.0896671E+06
  1.3324997E+04  2.0773666E+06
  1.3374999E+04  2.0540085E+06
  1.3424999E+04  2.0433355E+06
  1.3474999E+04  2.0220999E+06
  1.3525001E+04  2.0006475E+06
  1.3574999E+04  1.9678451E+06
  1.3624997E+04  1.9592535E+06
  1.3674997E+04  1.9384251E+06
  1.3724995E+04  1.9099489E+06
  1.3774998E+04  1.8998801E+06
  1.3824998E+04  1.8857290E+06
  1.3874996E+04  1.8746094E+06
  1.3925000E+04  1.8524662E+06
  1.3974996E+04  1.8370362E+06
  1.4024997E+04  1.8119141E+06
  1.4075001E+04  1.8043875E+06
  1.4124996E+04  1.7758512E+06
  1.4175000E+04  1.7729440E+06
  1.4225000E+04  1.7376768E+06
  1.4274994E+04  1.7153031E+06
  1.4325001E+04  1.7187695E+06
  1.4374998E+04  1.7114649E+06
  1.4424999E+04  1.6462649E+06
  1.4475000E+04  1.6751510E+06
  1.4524997E+04  1.6332824E+06
  1.4569999E+04  1.6397130E+06
  1.4620000E+04  1.6293446E+06
  1.4674998E+04  1.6280709E+06
  1.4725000E+04  1.5965822E+06
  1.4775002E+04  1.5780110E+06
  1.4824998E+04  1.5688428E+06
  1.4874996E+04  1.5347495E+06
  1.4924997E+04  1.5487190E+06
  1.4974999E+04  1.5202166E+06
  1.5024999E+04  1.4889551E+06
  1.5075000E+04  1.4718996E+06
  1.5124999E+04  1.4783724E+06
  1.5175000E+04  1.4671574E+06
  1.5225002E+04  1.4424866E+06
  1.5274998E+04  1.4376288E+06
  1.5324995E+04  1.4183662E+06
  1.5374997E+04  1.4097455E+06
  1.5425001E+04  1.3903758E+06
  1.5474996E+04  1.3840965E+06
  1.5524994E+04  1.3655051E+06
  1.5575001E+04  1.3421522E+06
  1.5624998E+04  1.3579732E+06
  1.5674997E+04  1.3180298E+06
  1.5724994E+04  1.3081536E+06
  1.5774996E+04  1.2915021E+06
  1.5825001E+04  1.2937178E+06
  1.5874995E+04  1.2306752E+06
  1.5925002E+04  1.2635276E+06
  1.5975001E+04  1.2711902E+06
  1.6049998E+04  1.2427099E+06
  1.6150001E+04  1.1997504E+06
  1.6249997E+04  1.2115381E+06
  1.6350000E+04  1.1712550E+06
  1.6449996E+04  1.1258316E+06
  1.6549998E+04  1.1432694E+06
  1.6649994E+04  1.1225660E+06
  1.6749998E+04  1.0795262E+06
  1.6849998E+04  1.0310842E+06
  1.6950000E+04  1.0582658E+06
  1.7049996E+04  1.0279531E+06
  1.7150000E+04  1.0127592E+06
  1.7249992E+04  9.8165569E+05
  1.7349994E+04  9.1569375E+05
  1.7449992E+04  9.3850988E+05
  1.7550000E+04  9.2981356E+05
  1.7649998E+04  9.1125331E+05
  1.7749994E+04  8.9421125E+05
  1.7849994E+04  8.7848550E+05
  1.7949998E+04  8.6319381E+05
  1.8050002E+04  8.4154875E+05
  1.8150002E+04  7.8761994E+05
  1.8249994E+04  8.0026662E+05
  1.8349992E+04  7.9511494E+05
  1.8449992E+04  7.7656956E+05
  1.8549998E+04  7.6462794E+05
  1.8650002E+04  7.4438394E+05
  1.8750002E+04  6.8883256E+05
  1.8850000E+04  7.1775125E+05
  1.8950004E+04  6.9704012E+05
  1.9049996E+04  6.9806750E+05
  1.9149998E+04  6.8365619E+05
  1.9249992E+04  6.7121431E+05
  1.9350000E+04  6.5351806E+05
  1.9449992E+04  6.0865475E+05
  1.9550002E+04  6.3234925E+05
  1.9649992E+04  6.2248594E+05
  1.9749992E+04  6.1022956E+05
  1.9849992E+04  6.0170625E+05
  1.9950002E+04  5.9111675E+05
  2.0050002E+04  5.8241425E+05
  2.0149996E+04  5.7381825E+05
  2.0249994E+04  5.6007100E+05
  2.0349994E+04  5.4775731E+05
  2.0449996E+04  5.4379156E+05
  2.0550000E+04  5.3355175E+05
  2.0649992E+04  5.2161200E+05
  2.0749998E+04  5.1394506E+05
  2.0849992E+04  5.0554353E+05
  2.0950004E+04  4.9476272E+05
  2.1050002E+04  4.8856822E+05
  2.1149992E+04  4.7936959E+05
  2.1250000E+04  4.7113056E+05
  2.1350002E+04  4.6419009E+05
  2.1449996E+04  4.5708838E+05
  2.1550006E+04  4.4816684E+05
  2.1649994E+04  4.1648441E+05
  2.1750002E+04  4.3050188E+05
  2.1849998E+04  4.2539475E+05
  2.1950002E+04  4.2084709E+05
  2.2050000E+04  4.1119631E+05
  2.2149996E+04  4.0591788E+05
  2.2249998E+04  3.9983456E+05
  2.2350004E+04  3.9340606E+05
  2.2449990E+04  3.8694209E+05
  2.2549994E+04  3.7945034E+05
  2.2650000E+04  3.7398475E+05
  2.2750000E+04  3.6861516E+05
  2.2850000E+04  3.6192522E+05
  2.2950004E+04  3.5736881E+05
  2.3050000E+04  3.5289216E+05
  2.3149996E+04  3.4637750E+05
  2.3250000E+04  3.4091616E+05
  2.3349996E+04  3.3489309E+05
  2.3449994E+04  3.3060434E+05
  2.3550002E+04  3.2414784E+05
  2.3649988E+04  3.1996466E+05
  2.3750000E+04  3.1410975E+05
  2.3849990E+04  3.0817659E+05
  2.3950002E+04  3.0466894E+05
  2.4050006E+04  2.9956125E+05
  2.4149992E+04  2.9448912E+05
  2.4249990E+04  2.9031650E+05
  2.4349990E+04  2.8525550E+05
  2.4450002E+04  2.8143306E+05
  2.4549990E+04  2.7590741E+05
  2.4649992E+04  2.7338188E+05
  2.4749992E+04  2.6858184E+05
  2.4850006E+04  2.6367291E+05
  2.4950000E+04  2.6006273E+05
  2.5050006E+04  2.5860881E+05
  2.5149994E+04  2.5390020E+05
  2.5249998E+04  2.4922805E+05
  2.5350004E+04  2.4636856E+05
  2.5449988E+04  2.4301739E+05
  2.5549998E+04  2.3863708E+05
  2.5649990E+04  2.3337311E+05
  2.5749990E+04  2.3289922E+05
  2.5849994E+04  2.2802247E+05
  2.5949990E+04  2.2630208E+05
  2.6049996E+04  2.2245272E+05
  2.6149998E+04  2.1690912E+05
  2.6249988E+04  2.0533112E+05
  2.6350008E+04  2.1264122E+05
  2.6449996E+04  2.0995419E+05
  2.6549994E+04  2.0746705E+05
  2.6649994E+04  2.0302739E+05
  2.6749988E+04  1.9889045E+05
  2.6849986E+04  1.9925642E+05
  2.6949986E+04  1.9702316E+05
  2.7050002E+04  1.9428688E+05
  2.7149998E+04  1.9151930E+05
  2.7249994E+04  1.8889867E+05
  2.7350006E+04  1.8653255E+05
  2.7450004E+04  1.8394605E+05
  2.7549996E+04  1.7773405E+05
  2.7649982E+04  1.7726897E+05
  2.7750004E+04  1.7633094E+05
  2.7850000E+04  1.7412953E+05
  2.7949992E+04  1.7207086E+05
  2.8049994E+04  1.6967781E+05
  2.8150002E+04  1.6752350E+05
  2.8250006E+04  1.6519716E+05
  2.8350000E+04  1.6319953E+05
  2.8450000E+04  1.6059277E+05
  2.8550002E+04  1.5873484E+05
  2.8650002E+04  1.5573772E+05
  2.8749982E+04  1.5032192E+05
  2.8849998E+04  1.5224167E+05
  2.8949986E+04  1.5063894E+05
  2.9049994E+04  1.4872858E+05
  2.9149986E+04  1.4666364E+05
  2.9249984E+04  1.4465858E+05
  2.9349980E+04  1.4308414E+05
  2.9450000E+04  1.4101492E+05
  2.9550004E+04  1.3943652E+05
  2.9649982E+04  1.3772209E+05
  2.9749992E+04  1.3592938E+05
  2.9849994E+04  1.3424636E+05
  2.9949984E+04  1.3237711E+05
  3.0049996E+04  1.3073397E+05
  3.0149994E+04  1.2921338E+05
  3.0249994E+04  1.2743005E+05
  3.0349996E+04  1.2253445E+05
  3.0449996E+04  1.2291331E+05
  3.0549996E+04  1.2279213E+05
  3.0649996E+04  1.2119416E+05
  3.0749994E+04  1.1998088E+05
  3.0849996E+04  1.1822260E+05
  3.0949994E+04  1.1687388E+05
  3.1049996E+04  1.1558302E+05
  3.1149996E+04  1.1348321E+05
  3.1249996E+04  1.1267322E+05
  3.1349996E+04  1.1142274E+05
  3.1449996E+04  1.1005636E+05
  3.1549998E+04  1.0851202E+05
  3.1649996E+04  1.0745133E+05
  3.1749998E+04  1.0611777E+05
  3.1849996E+04  1.0493627E+05
  3.1949994E+04  1.0378958E+05
  3.2099996E+04  1.0179812E+05
  3.2299992E+04  9.9544758E+04
  3.2499994E+04  9.7171297E+04
  3.2699996E+04  9.4876461E+04
  3.2899996E+04  9.0670578E+04
  3.3099996E+04  9.0289961E+04
  3.3299992E+04  8.8406891E+04
  3.3499996E+04  8.6602453E+04
  3.3699996E+04  8.4496172E+04
  3.3899996E+04  8.2551430E+04
  3.4099996E+04  8.0633406E+04
  3.4299996E+04  7.9113023E+04
  3.4499992E+04  7.7498945E+04
  3.4699996E+04  7.5728961E+04
  3.4899996E+04  7.4114977E+04
  3.5099996E+04  7.2532758E+04
  3.5299996E+04  7.0884797E+04
  3.5499996E+04  6.9430695E+04
  3.5699992E+04  6.7839102E+04
  3.5899992E+04  6.6439336E+04
  3.6099996E+04  6.5109688E+04
  3.6299992E+04  6.3776656E+04
  3.6499992E+04  6.2248285E+04
  3.6699992E+04  6.0981492E+04
  3.6899992E+04  5.9370449E+04
  3.7099996E+04  5.8233910E+04
  3.7299996E+04  5.6787914E+04
  3.7499992E+04  5.4935391E+04
  3.7699996E+04  5.4934551E+04
  3.7899996E+04  5.3823883E+04
  3.8099992E+04  5.2730863E+04
  3.8299996E+04  5.1788633E+04
  3.8499996E+04  5.0865633E+04
  3.8699996E+04  4.9755160E+04
  3.8899992E+04  4.8776812E+04
  3.9099996E+04  4.7734488E+04
  3.9299992E+04  4.6988895E+04
  3.9499992E+04  4.5978227E+04
  3.9699992E+04  4.5157594E+04
  3.9900000E+04  4.4086004E+04
  4.0099996E+04  4.3242031E+04
  4.0299992E+04  4.2498438E+04
  4.0499996E+04  4.1002520E+04
  4.0699992E+04  4.0980352E+04
  4.0899992E+04  4.0231477E+04
  4.1099996E+04  3.9544250E+04
  4.1299996E+04  3.8837504E+04
  4.1499992E+04  3.8044090E+04
  4.1699992E+04  3.7142734E+04
  4.1899996E+04  3.6651652E+04
  4.2099996E+04  3.5889766E+04
  4.2299992E+04  3.5426969E+04
  4.2499996E+04  3.4716801E+04
  4.2699992E+04  3.4144406E+04
  4.2899992E+04  3.3405098E+04
  4.3099996E+04  3.2684100E+04
  4.3299996E+04  3.2109590E+04
  4.3499992E+04  3.1359090E+04
  4.3699996E+04  3.0510471E+04
  4.3899996E+04  3.0209645E+04
  4.4099992E+04  2.9521719E+04
  4.4299992E+04  2.9092586E+04
  4.4499996E+04  2.8605270E+04
  4.4699996E+04  2.7985973E+04
  4.4899996E+04  2.7600793E+04
  4.5099992E+04  2.7108355E+04
  4.5299992E+04  2.6562926E+04
  4.5499996E+04  2.6189797E+04
  4.5699992E+04  2.5775270E+04
  4.5899996E+04  2.5248936E+04
  4.6099996E+04  2.4925742E+04
  4.6299992E+04  2.4498225E+04
  4.6499988E+04  2.3725176E+04
  4.6699992E+04  2.3489570E+04
  4.6899992E+04  2.3373584E+04
  4.7099992E+04  2.3017570E+04
  4.7299992E+04  2.2691988E+04
  4.7499996E+04  2.2305938E+04
  4.7699992E+04  2.1952049E+04
  4.7899992E+04  2.1626266E+04
  4.8099996E+04  2.1241621E+04
  4.8299992E+04  2.0951418E+04
  4.8499992E+04  2.0596400E+04
  4.8700000E+04  2.0281432E+04
  4.8899992E+04  1.9964631E+04
  4.9099988E+04  1.9656988E+04
  4.9299988E+04  1.9338172E+04
  4.9499996E+04  1.9037684E+04
  4.9699992E+04  1.8735309E+04
  4.9899988E+04  1.8470441E+04
  5.0099996E+04  1.8192684E+04
  5.0299996E+04  1.7918750E+04
  5.0499996E+04  1.7599832E+04
  5.0699996E+04  1.7355729E+04
  5.0899992E+04  1.7112006E+04
  5.1099992E+04  1.6812400E+04
  5.1299996E+04  1.6388102E+04
  5.1499988E+04  1.6329249E+04
  5.1699996E+04  1.6125628E+04
  5.1899992E+04  1.5860326E+04
  5.2099992E+04  1.5613883E+04
  5.2299996E+04  1.5387259E+04
  5.2499996E+04  1.5181403E+04
  5.2699996E+04  1.4971439E+04
  5.2899992E+04  1.4725173E+04
  5.3099988E+04  1.4534292E+04
  5.3299988E+04  1.4314027E+04
  5.3499992E+04  1.4119019E+04
  5.3699992E+04  1.3908225E+04
  5.3899992E+04  1.3720913E+04
  5.4099992E+04  1.3530836E+04
  5.4299984E+04  1.3309966E+04
  5.4499988E+04  1.3149038E+04
  5.4699996E+04  1.2946032E+04
  5.4899992E+04  1.2774385E+04
  5.5099992E+04  1.2611087E+04
  5.5299988E+04  1.2439960E+04
  5.5499988E+04  1.2255065E+04
  5.5699992E+04  1.2102978E+04
  5.5899992E+04  1.1902959E+04
  5.6099988E+04  1.1761861E+04
  5.6299996E+04  1.1596432E+04
  5.6499988E+04  1.1455945E+04
  5.6699988E+04  1.1301327E+04
  5.6899992E+04  1.1134979E+04
  5.7099996E+04  1.0997143E+04
  5.7299988E+04  1.0849599E+04
  5.7499988E+04  1.0701899E+04
  5.7699988E+04  1.0557454E+04
  5.7899996E+04  1.0415867E+04
  5.8099988E+04  1.0278660E+04
  5.8299996E+04  1.0146518E+04
  5.8499992E+04  1.0015614E+04
  5.8699988E+04  9.8728057E+03
  5.8899988E+04  9.7217119E+03
  5.9099992E+04  9.4976855E+03
  5.9299988E+04  9.4961885E+03
  5.9499996E+04  9.3532812E+03
  5.9699988E+04  9.2537236E+03
  5.9899992E+04  9.1341777E+03
  6.0099992E+04  9.0113223E+03
  6.0299992E+04  8.9032588E+03
  6.0499988E+04  8.7891191E+03
  6.0699992E+04  8.6723994E+03
  6.0899992E+04  8.5580400E+03
  6.1099988E+04  8.4386309E+03
  6.1299992E+04  8.3472617E+03
  6.1499988E+04  8.2462461E+03
  6.1699988E+04  8.1417090E+03
  6.1899996E+04  8.0407061E+03
  6.2099996E+04  7.9403486E+03
  6.2299988E+04  7.8238364E+03
  6.2499992E+04  7.7375796E+03
  6.2699988E+04  7.6416279E+03
  6.2899996E+04  7.5526387E+03
  6.3099984E+04  7.4485430E+03
  6.3299996E+04  7.3694844E+03
  6.3499984E+04  7.2772637E+03
  6.3699984E+04  7.1876309E+03
  6.3900000E+04  7.0990635E+03
  6.4199992E+04  6.9730962E+03
  6.4599984E+04  6.8019712E+03
  6.4999992E+04  6.6378140E+03
  6.5399992E+04  6.4854331E+03
  6.5799992E+04  6.3332100E+03
  6.6199984E+04  6.1828071E+03
  6.6599984E+04  6.0412388E+03
  6.6999992E+04  5.8994102E+03
  6.7399992E+04  5.7613438E+03
  6.7799992E+04  5.6320156E+03
  6.8199992E+04  5.5028867E+03
  6.8599992E+04  5.3786191E+03
  6.8999984E+04  5.2566978E+03
  6.9399984E+04  5.1375337E+03
  6.9800000E+04  5.0254629E+03
  7.0199992E+04  4.9105630E+03
  7.0599984E+04  4.8050415E+03
  7.0999977E+04  4.7005337E+03
  7.1399977E+04  4.5978369E+03
  7.1799984E+04  4.4978604E+03
  7.2199984E+04  4.3993779E+03
  7.2600000E+04  4.3053589E+03
  7.2999984E+04  4.2153960E+03
  7.3400000E+04  4.1239829E+03
  7.3799984E+04  4.0385217E+03
  7.4199992E+04  3.9515771E+03
  7.4599992E+04  3.8437854E+03
  7.5000000E+04  3.7661917E+03
  7.5399992E+04  3.7097058E+03
  7.5799992E+04  3.6356426E+03
  7.6199984E+04  3.5609158E+03
  7.6599992E+04  3.4888948E+03
  7.6999992E+04  3.4170308E+03
  7.7399992E+04  3.3492917E+03
  7.7799984E+04  3.2822024E+03
  7.8199984E+04  3.2166763E+03
  7.8599984E+04  3.1528586E+03
  7.8999984E+04  3.0905278E+03
  7.9399984E+04  3.0295291E+03
  7.9800000E+04  2.9704810E+03
  8.0199992E+04  2.9116975E+03
  8.0599984E+04  2.8550337E+03
  8.0999992E+04  2.8010081E+03
  8.1399977E+04  2.7457454E+03
  8.1799984E+04  2.6939028E+03
  8.2199984E+04  2.6435505E+03
  8.2599992E+04  2.5931057E+03
  8.2999984E+04  2.5445483E+03
  8.3400000E+04  2.4954995E+03
  8.3799992E+04  2.4495234E+03
  8.4199992E+04  2.4046250E+03
  8.4599977E+04  2.3603066E+03
  8.4999977E+04  2.3169744E+03
  8.5399984E+04  2.2743481E+03
  8.5799984E+04  2.2330796E+03
  8.6199992E+04  2.1922234E+03
  8.6599992E+04  2.1529800E+03
  8.6999984E+04  2.1143147E+03
  8.7399992E+04  2.0763137E+03
  8.7799992E+04  2.0393562E+03
  8.8199984E+04  2.0024016E+03
  8.8599977E+04  1.9672772E+03
  8.8999992E+04  1.9323683E+03
  8.9399977E+04  1.8990420E+03
  8.9799977E+04  1.8650631E+03
  9.0199984E+04  1.8333237E+03
  9.0599984E+04  1.8022546E+03
  9.0999992E+04  1.7702042E+03
  9.1400000E+04  1.7400874E+03
  9.1799969E+04  1.7109200E+03
  9.2199969E+04  1.6820585E+03
  9.2599984E+04  1.6534984E+03
  9.3000000E+04  1.6257583E+03
  9.3399984E+04  1.5982599E+03
  9.3799984E+04  1.5716838E+03
  9.4199977E+04  1.5455009E+03
  9.4599984E+04  1.5198716E+03
  9.4999969E+04  1.4947439E+03
  9.5399984E+04  1.4698999E+03
  9.5799984E+04  1.4461980E+03
  9.6199992E+04  1.4223093E+03
  9.6599984E+04  1.3995334E+03
  9.7000000E+04  1.3769232E+03
  9.7399977E+04  1.3538831E+03
  9.7799984E+04  1.3326295E+03
  9.8199977E+04  1.3114818E+03
  9.8599977E+04  1.2907872E+03
  9.8999992E+04  1.2704219E+03
  9.9399984E+04  1.2500754E+03
  9.9799977E+04  1.2304677E+03
  1.0019999E+05  1.2112070E+03
  1.9999991E+05  7.8139214E+01
  3.9999994E+05  4.8930569E+00
  5.9999981E+05  9.6087903E-01
  7.9999994E+05  3.0211049E-01
