  9.2499988E+02  7.6885472E-06
  9.3499982E+02  1.0719049E-05
  9.4500000E+02  1.4929262E-05
  9.5500000E+02  2.2224160E-05
  9.6499988E+02  3.1184027E-05
  9.7499982E+02  4.1512474E-05
  9.8499976E+02  5.7156969E-05
  9.9499988E+02  7.5405609E-05
  1.0049999E+03  1.0919022E-04
  1.0149997E+03  1.4612229E-04
  1.0249998E+03  1.7056220E-04
  1.0349998E+03  2.5688441E-04
  1.0449998E+03  3.4153947E-04
  1.0549999E+03  4.4817710E-04
  1.0649999E+03  5.6890689E-04
  1.0750000E+03  7.4908132E-04
  1.0849996E+03  9.7317487E-04
  1.0949999E+03  1.2235873E-03
  1.1049999E+03  2.5391476E-02
  1.1149999E+03  6.0584560E-02
  1.1249999E+03  9.2011429E-02
  1.1349996E+03  1.2476525E-01
  1.1449999E+03  1.6907838E-01
  1.1549999E+03  1.8420886E-01
  1.1650000E+03  2.6322523E-01
  1.1749995E+03  3.1756791E-01
  1.1849996E+03  3.1150633E-01
  1.1949998E+03  1.6119573E-01
  1.2049996E+03  1.5424003E-01
  1.2149998E+03  2.1000186E-02
  1.2249996E+03  2.0114948E-01
  1.2349996E+03  6.0510480E-01
  1.2449998E+03  1.7929778E+00
  1.2549996E+03  3.1202583E+00
  1.2650000E+03  3.1998971E+00
  1.2749998E+03  5.2061887E+00
  1.2849995E+03  7.3924117E+00
  1.2949998E+03  9.4247026E+00
  1.3049995E+03  7.8250098E+00
  1.3149998E+03  1.2915755E+01
  1.3249998E+03  1.4775558E+01
  1.3349996E+03  1.7462614E+01
  1.3449995E+03  2.0833542E+01
  1.3549996E+03  2.2925835E+01
  1.3649999E+03  2.5167099E+01
  1.3749999E+03  2.7038103E+01
  1.3849996E+03  2.9773748E+01
  1.3949999E+03  3.4219158E+01
  1.4050001E+03  4.0134720E+01
  1.4149998E+03  4.3477501E+01
  1.4249998E+03  4.8014053E+01
  1.4350000E+03  5.3135693E+01
  1.4419998E+03  7.0148155E+01
  1.4469999E+03  6.5306358E+01
  1.4549994E+03  7.7477661E+01
  1.4650000E+03  8.9483139E+01
  1.4749995E+03  9.8758881E+01
  1.4849996E+03  1.0996582E+02
  1.4949998E+03  1.4377560E+02
  1.5049996E+03  1.7065077E+02
  1.5119995E+03  1.3994116E+02
  1.5169994E+03  1.6819087E+02
  1.5250001E+03  3.2393570E+02
  1.5349994E+03  4.4274725E+02
  1.5449994E+03  4.3949661E+02
  1.5549998E+03  5.7875769E+02
  1.5649999E+03  5.3110022E+02
  1.5750001E+03  8.8610168E+02
  1.5850000E+03  1.0685992E+03
  1.5949996E+03  1.2947559E+03
  1.6049999E+03  1.3141510E+03
  1.6150000E+03  1.3959440E+03
  1.6249996E+03  1.4563569E+03
  1.6350000E+03  1.7518796E+03
  1.6449996E+03  2.3178762E+03
  1.6549999E+03  1.3196816E+03
  1.6649993E+03  2.5352695E+03
  1.6720000E+03  1.5028440E+03
  1.6770001E+03  5.1576372E+03
  1.6849998E+03  6.3936055E+03
  1.6950000E+03  7.3595391E+03
  1.7049995E+03  7.3967119E+03
  1.7150000E+03  1.0338935E+04
  1.7249993E+03  1.2806243E+04
  1.7349994E+03  1.7140707E+04
  1.7449993E+03  1.7963041E+04
  1.7550001E+03  2.7040156E+04
  1.7649998E+03  2.3567398E+04
  1.7749995E+03  2.7964799E+04
  1.7849995E+03  3.0605936E+04
  1.7949999E+03  5.1240914E+04
  1.8050001E+03  5.1193891E+04
  1.8150001E+03  5.4356086E+04
  1.8249994E+03  5.8473188E+04
  1.8349993E+03  6.2962961E+04
  1.8449993E+03  5.3387500E+04
  1.8549998E+03  8.0384477E+04
  1.8650002E+03  1.0283558E+05
  1.8750001E+03  1.0046855E+05
  1.8850000E+03  1.1047873E+05
  1.8950002E+03  1.4377856E+05
  1.9049996E+03  1.3315853E+05
  1.9149999E+03  1.3831531E+05
  1.9249993E+03  1.1159795E+05
  1.9350001E+03  5.4317117E+04
  1.9449993E+03  1.7339777E+05
  1.9550002E+03  1.8437319E+05
  1.9670002E+03  2.2992934E+05
  1.9759990E+03  2.0152842E+05
  1.9839996E+03  2.7305638E+05
  1.9950001E+03  2.8135528E+05
  2.0050002E+03  2.6042203E+05
  2.0149996E+03  2.4727539E+05
  2.0249994E+03  2.1252783E+05
  2.0349995E+03  3.0516369E+05
  2.0449998E+03  3.5028222E+05
  2.0550000E+03  3.0533659E+05
  2.0649993E+03  2.8257041E+05
  2.0739993E+03  3.6597147E+05
  2.0780002E+03  7.6951300E+05
  2.0849993E+03  9.5326700E+05
  2.0950005E+03  8.6444631E+05
  2.1050002E+03  8.0186444E+05
  2.1149990E+03  8.7933706E+05
  2.1250000E+03  7.5005794E+05
  2.1350002E+03  6.5563006E+05
  2.1449998E+03  8.8340600E+05
  2.1550005E+03  9.5578006E+05
  2.1649995E+03  7.6296262E+05
  2.1750002E+03  8.3913538E+05
  2.1849998E+03  9.9741975E+05
  2.1950000E+03  1.0799154E+06
  2.2050000E+03  9.7537862E+05
  2.2149998E+03  6.7242931E+05
  2.2249998E+03  7.3376819E+05
  2.2350005E+03  1.1253209E+06
  2.2449990E+03  1.0330964E+06
  2.2549993E+03  6.6486244E+05
  2.2650000E+03  6.3228150E+05
  2.2750000E+03  8.8032056E+05
  2.2850000E+03  1.0911149E+06
  2.2950002E+03  9.7798456E+05
  2.3050000E+03  1.1578476E+06
  2.3149995E+03  9.0267350E+05
  2.3250000E+03  4.9515325E+05
  2.3349995E+03  3.7911534E+05
  2.3449993E+03  2.3095102E+05
  2.3550000E+03  5.9615381E+05
  2.3649988E+03  2.4141491E+05
  2.3750000E+03  3.7341859E+05
  2.3849990E+03  1.6645681E+05
  2.3950000E+03  2.4102664E+05
  2.4050005E+03  2.2844867E+05
  2.4149993E+03  4.1639303E+05
  2.4249990E+03  9.8997288E+05
  2.4349990E+03  1.0478114E+06
  2.4450000E+03  1.2473478E+06
  2.4549990E+03  1.3304689E+06
  2.4649990E+03  1.1191840E+06
  2.4749993E+03  1.0012394E+06
  2.4850005E+03  7.3885762E+05
  2.4950000E+03  8.6227638E+05
  2.5050005E+03  1.4225135E+06
  2.5129988E+03  5.1120428E+05
  2.5179990E+03  4.1780797E+05
  2.5249998E+03  4.7013453E+05
  2.5350007E+03  7.3831419E+05
  2.5449988E+03  8.5612425E+05
  2.5550000E+03  1.3787521E+06
  2.5649990E+03  9.0340750E+05
  2.5749990E+03  1.1267411E+06
  2.5849993E+03  8.4071481E+05
  2.5949990E+03  6.6104312E+05
  2.6049995E+03  4.9130572E+05
  2.6149998E+03  4.4994925E+05
  2.6249990E+03  6.9030525E+05
  2.6350007E+03  1.4761716E+06
  2.6449995E+03  2.5792880E+06
  2.6549998E+03  3.1690575E+06
  2.6649995E+03  2.0600316E+06
  2.6749988E+03  2.4445252E+06
  2.6849988E+03  2.6106610E+06
  2.6949988E+03  2.1521398E+06
  2.7050000E+03  2.6180205E+06
  2.7150000E+03  1.8128221E+06
  2.7249995E+03  1.7058359E+06
  2.7350007E+03  1.9204739E+06
  2.7450002E+03  7.1836506E+05
  2.7549998E+03  1.0578272E+06
  2.7649983E+03  1.5173362E+06
  2.7750005E+03  1.7774969E+06
  2.7850000E+03  9.7551388E+05
  2.7949993E+03  3.0305903E+05
  2.8049995E+03  3.9777588E+05
  2.8150002E+03  1.4765096E+06
  2.8250007E+03  2.6187962E+06
  2.8350000E+03  2.7353508E+06
  2.8450002E+03  2.6822242E+06
  2.8550005E+03  1.8452506E+06
  2.8650000E+03  3.2817282E+06
  2.8749983E+03  3.5540165E+06
  2.8850000E+03  3.3160932E+06
  2.8949988E+03  3.4189988E+06
  2.9099988E+03  4.4044980E+06
  2.9299983E+03  4.0642925E+06
  2.9499990E+03  4.0003640E+06
  2.9700005E+03  4.4643845E+06
  2.9899980E+03  4.5894395E+06
  3.0099995E+03  4.9403060E+06
  3.0299995E+03  4.8367300E+06
  3.0499995E+03  5.0278330E+06
  3.0699995E+03  4.9773270E+06
  3.0899995E+03  5.3652740E+06
  3.1099995E+03  5.2236515E+06
  3.1299998E+03  5.1544165E+06
  3.1499995E+03  5.2436995E+06
  3.1699995E+03  5.4330485E+06
  3.1899995E+03  4.8486885E+06
  3.2099998E+03  5.4268195E+06
  3.2299993E+03  4.6275105E+06
  3.2499993E+03  5.5929495E+06
  3.2699995E+03  6.1335525E+06
  3.2899995E+03  5.9474835E+06
  3.3099998E+03  6.1932070E+06
  3.3299993E+03  6.1316095E+06
  3.3499995E+03  6.1277665E+06
  3.3699995E+03  5.6147230E+06
  3.3899993E+03  6.0099100E+06
  3.4099993E+03  6.1100360E+06
  3.4299995E+03  6.2128675E+06
  3.4499993E+03  6.5037710E+06
  3.4699998E+03  6.3892785E+06
  3.4899993E+03  6.5194715E+06
  3.5099995E+03  6.8300665E+06
  3.5299995E+03  6.5666545E+06
  3.5499995E+03  7.3738345E+06
  3.5699995E+03  6.4351070E+06
  3.5899995E+03  6.3750075E+06
  3.6099995E+03  6.6138825E+06
  3.6299993E+03  6.7207510E+06
  3.6399993E+03  6.7873725E+06
  3.6499995E+03  7.3107015E+06
  3.6699993E+03  6.9109745E+06
  3.6899995E+03  7.3436960E+06
  3.7099995E+03  9.0304160E+06
  3.7299998E+03  8.6394960E+06
  3.7499993E+03  9.5993610E+06
  3.7699993E+03  1.0256396E+07
  3.7899995E+03  1.1036232E+07
  3.8099993E+03  1.2103339E+07
  3.8299998E+03  9.8443340E+06
  3.8499995E+03  1.1951253E+07
  3.8699995E+03  1.2497400E+07
  3.8899995E+03  1.0778848E+07
  3.9099995E+03  1.1854645E+07
  3.9299993E+03  5.7094530E+06
  3.9499993E+03  9.6462040E+06
  3.9699998E+03  6.3266505E+06
  3.9899995E+03  1.2736196E+07
  4.0099995E+03  1.3731462E+07
  4.0299993E+03  1.3888946E+07
  4.0499993E+03  1.3693081E+07
  4.0699993E+03  1.3562474E+07
  4.0899995E+03  1.4107138E+07
  4.1099995E+03  1.3023665E+07
  4.1299995E+03  1.4189251E+07
  4.1499990E+03  1.4844240E+07
  4.1699990E+03  1.4439174E+07
  4.1899995E+03  1.4508519E+07
  4.2099995E+03  1.4399268E+07
  4.2299995E+03  1.4034138E+07
  4.2499995E+03  1.4384583E+07
  4.2699990E+03  1.4004270E+07
  4.2899995E+03  1.3447399E+07
  4.3100000E+03  1.2256128E+07
  4.3299995E+03  1.3830029E+07
  4.3499995E+03  1.2861187E+07
  4.3699995E+03  1.4937032E+07
  4.3899995E+03  1.4275202E+07
  4.4099995E+03  1.4365297E+07
  4.4299995E+03  1.4318042E+07
  4.4499995E+03  1.4322800E+07
  4.4699995E+03  1.4702676E+07
  4.4899995E+03  1.4668225E+07
  4.5099990E+03  1.5717698E+07
  4.5299995E+03  1.4483576E+07
  4.5499990E+03  1.4636408E+07
  4.5699995E+03  1.5488972E+07
  4.5899990E+03  1.4602365E+07
  4.6099990E+03  1.5101873E+07
  4.6299990E+03  1.4746210E+07
  4.6499990E+03  1.4983953E+07
  4.6699990E+03  1.5194115E+07
  4.6899990E+03  1.4843863E+07
  4.7099995E+03  1.4325098E+07
  4.7299990E+03  1.4980821E+07
  4.7499995E+03  1.5147132E+07
  4.7699995E+03  1.4985442E+07
  4.7899990E+03  1.4967460E+07
  4.8099995E+03  1.4788045E+07
  4.8299995E+03  1.4879316E+07
  4.8499990E+03  1.3730720E+07
  4.8700000E+03  1.2046389E+07
  4.8899990E+03  1.4220389E+07
  4.9099990E+03  1.4202913E+07
  4.9299990E+03  1.3953987E+07
  4.9499995E+03  1.4450621E+07
  4.9699995E+03  1.4518336E+07
  4.9899990E+03  1.3578073E+07
  5.0099995E+03  1.3068984E+07
  5.0299995E+03  1.3719743E+07
  5.0499995E+03  1.3728284E+07
  5.0699995E+03  1.4132418E+07
  5.0899995E+03  1.3764198E+07
  5.1099990E+03  1.3854182E+07
  5.1299995E+03  1.3439733E+07
  5.1499985E+03  1.3172347E+07
  5.1700000E+03  1.3032002E+07
  5.1899990E+03  1.2912880E+07
  5.2099990E+03  1.3059729E+07
  5.2299995E+03  1.3184812E+07
  5.2499995E+03  1.3324699E+07
  5.2699995E+03  1.2299180E+07
  5.2899990E+03  1.3203922E+07
  5.3099995E+03  1.3261636E+07
  5.3299990E+03  1.2621248E+07
  5.3499995E+03  1.3176609E+07
  5.3699995E+03  1.3136124E+07
  5.3899995E+03  1.2962053E+07
  5.4099990E+03  1.2649375E+07
  5.4299990E+03  1.2833375E+07
  5.4499990E+03  1.3099570E+07
  5.4699995E+03  1.2832715E+07
  5.4899995E+03  1.2864380E+07
  5.5099995E+03  1.2732693E+07
  5.5299985E+03  1.2756565E+07
  5.5499990E+03  1.2793211E+07
  5.5699990E+03  1.2564288E+07
  5.5899995E+03  1.2438372E+07
  5.6099990E+03  1.2585661E+07
  5.6299995E+03  1.2578411E+07
  5.6499990E+03  1.2470637E+07
  5.6699990E+03  1.2219930E+07
  5.6899995E+03  1.2372715E+07
  5.7099995E+03  1.2200688E+07
  5.7299990E+03  1.2638896E+07
  5.7499990E+03  1.2327791E+07
  5.7699990E+03  1.2371478E+07
  5.7899995E+03  1.2159170E+07
  5.8099985E+03  1.2226270E+07
  5.8300000E+03  1.2287724E+07
  5.8499990E+03  1.2082761E+07
  5.8699985E+03  1.2082568E+07
  5.8899985E+03  1.1720482E+07
  5.9099995E+03  1.1930349E+07
  5.9299985E+03  1.1863942E+07
  5.9499995E+03  1.1847099E+07
  5.9699990E+03  1.1821765E+07
  5.9899990E+03  1.1685205E+07
  6.0099990E+03  1.1513692E+07
  6.0299995E+03  1.1530688E+07
  6.0499990E+03  1.1604853E+07
  6.0699990E+03  1.1566338E+07
  6.0899995E+03  1.1335075E+07
  6.1099985E+03  1.1214574E+07
  6.1299995E+03  1.0931975E+07
  6.1499985E+03  1.0912787E+07
  6.1699985E+03  1.0802571E+07
  6.1900000E+03  1.1085848E+07
  6.2099995E+03  1.1060474E+07
  6.2299985E+03  1.0828451E+07
  6.2499990E+03  1.0425562E+07
  6.2699985E+03  1.0882388E+07
  6.2900000E+03  1.0847567E+07
  6.3099985E+03  1.0560349E+07
  6.3299995E+03  1.0611246E+07
  6.3499985E+03  1.0580950E+07
  6.3699985E+03  1.0507184E+07
  6.3899995E+03  1.0526393E+07
  6.4099990E+03  1.0291186E+07
  6.4299985E+03  1.0328409E+07
  6.4499985E+03  1.0244535E+07
  6.4699990E+03  1.0232593E+07
  6.4899990E+03  1.0034565E+07
  6.5099985E+03  1.0159682E+07
  6.5299990E+03  1.0126697E+07
  6.5499985E+03  9.6777030E+06
  6.5699985E+03  8.2938220E+06
  6.5899995E+03  9.8294940E+06
  6.6099985E+03  9.9330690E+06
  6.6299990E+03  9.9186530E+06
  6.6499985E+03  9.8590830E+06
  6.6699995E+03  9.7483900E+06
  6.6899990E+03  9.8088770E+06
  6.7099995E+03  9.6668170E+06
  6.7299990E+03  9.6876340E+06
  6.7499995E+03  9.5550660E+06
  6.7699985E+03  9.5751410E+06
  6.7899995E+03  9.4893980E+06
  6.8099995E+03  9.4434890E+06
  6.8300000E+03  9.4028000E+06
  6.8499985E+03  9.2660820E+06
  6.8699985E+03  9.3087940E+06
  6.8899985E+03  9.2857810E+06
  6.9099990E+03  9.2060670E+06
  6.9299995E+03  9.1663410E+06
  6.9499990E+03  9.1167810E+06
  6.9699985E+03  9.0668640E+06
  6.9899985E+03  9.0366430E+06
  7.0099985E+03  8.8103560E+06
  7.0299985E+03  8.8792150E+06
  7.0499990E+03  8.8736270E+06
  7.0699980E+03  8.8054080E+06
  7.0899990E+03  8.7505510E+06
  7.1099990E+03  8.6112160E+06
  7.1299995E+03  8.5933580E+06
  7.1499990E+03  8.5681950E+06
  7.1699995E+03  8.5058040E+06
  7.1899985E+03  8.3587140E+06
  7.2099985E+03  8.4073420E+06
  7.2299980E+03  8.3472015E+06
  7.2499990E+03  8.3621310E+06
  7.2699995E+03  8.3361425E+06
  7.2899990E+03  8.1614480E+06
  7.3099980E+03  8.1810090E+06
  7.3299980E+03  8.1672770E+06
  7.3499980E+03  8.1535740E+06
  7.3699985E+03  8.1440600E+06
  7.3899995E+03  7.9737965E+06
  7.4099985E+03  7.8423035E+06
  7.4299995E+03  7.8752055E+06
  7.4500000E+03  7.8730250E+06
  7.4700000E+03  7.8518530E+06
  7.4899990E+03  7.7958765E+06
  7.5099985E+03  7.7871410E+06
  7.5299995E+03  7.7611090E+06
  7.5499980E+03  7.7782070E+06
  7.5699985E+03  7.6891700E+06
  7.5899990E+03  7.6558930E+06
  7.6099980E+03  7.6092015E+06
  7.6299995E+03  7.5939505E+06
  7.6499995E+03  7.5349835E+06
  7.6699980E+03  7.3868755E+06
  7.6899990E+03  7.4517040E+06
  7.7099995E+03  7.3459145E+06
  7.7299985E+03  7.3583920E+06
  7.7499990E+03  7.2790630E+06
  7.7700000E+03  7.2085650E+06
  7.7900000E+03  7.2951395E+06
  7.8099995E+03  7.2417670E+06
  7.8299980E+03  7.1556630E+06
  7.8499980E+03  7.0886795E+06
  7.8699995E+03  7.1238590E+06
  7.8900000E+03  7.0750795E+06
  7.9099995E+03  7.0038225E+06
  7.9300000E+03  6.9170175E+06
  7.9499985E+03  6.9013350E+06
  7.9699990E+03  6.9574835E+06
  7.9900000E+03  6.9085320E+06
  8.0099980E+03  6.8359115E+06
  8.0299985E+03  6.7995640E+06
  8.0500000E+03  6.7588410E+06
  8.0699985E+03  6.7577785E+06
  8.0899990E+03  6.6697220E+06
  8.1099995E+03  6.7061730E+06
  8.1299976E+03  6.6869010E+06
  8.1499976E+03  6.6376745E+06
  8.1699980E+03  6.6029575E+06
  8.1899985E+03  6.4275265E+06
  8.2099990E+03  6.4303425E+06
  8.2300000E+03  6.4019065E+06
  8.2500000E+03  6.3819745E+06
  8.2700000E+03  6.4310150E+06
  8.2899980E+03  6.3770020E+06
  8.3099990E+03  6.2716020E+06
  8.3299980E+03  6.1622560E+06
  8.3500000E+03  6.2040925E+06
  8.3699990E+03  6.1604985E+06
  8.3899990E+03  6.0846020E+06
  8.4099971E+03  6.1052350E+06
  8.4300000E+03  6.0699340E+06
  8.4499990E+03  6.0116900E+06
  8.4699980E+03  5.9071905E+06
  8.4899980E+03  6.0816610E+06
  8.5099990E+03  5.6187360E+06
  8.5299990E+03  6.0987965E+06
  8.5499990E+03  5.4080740E+06
  8.5699990E+03  6.1020125E+06
  8.5900000E+03  5.8515360E+06
  8.6099980E+03  5.7308780E+06
  8.6299990E+03  5.9926730E+06
  8.6499990E+03  5.9373005E+06
  8.6699990E+03  5.1651835E+06
  8.6899990E+03  5.7505655E+06
  8.7099971E+03  5.8523090E+06
  8.7299990E+03  5.8111875E+06
  8.7499980E+03  5.3609900E+06
  8.7699980E+03  5.7553605E+06
  8.7899980E+03  5.7521170E+06
  8.8099990E+03  5.6784625E+06
  8.8299980E+03  5.6358575E+06
  8.8499980E+03  5.5555785E+06
  8.8699980E+03  5.1810040E+06
  8.8899990E+03  5.5938830E+06
  8.9099971E+03  5.5953755E+06
  8.9299980E+03  5.5089240E+06
  8.9499980E+03  5.5214855E+06
  8.9699990E+03  5.4992305E+06
  8.9899990E+03  5.4668650E+06
  9.0099980E+03  5.0119650E+06
  9.0299990E+03  5.2965665E+06
  9.0499990E+03  5.4314145E+06
  9.0699980E+03  5.2810945E+06
  9.0899990E+03  5.1534700E+06
  9.1099980E+03  5.2425370E+06
  9.1299980E+03  5.3063680E+06
  9.1499980E+03  5.2921955E+06
  9.1699980E+03  5.2525595E+06
  9.1899990E+03  5.2413195E+06
  9.2099990E+03  5.1017730E+06
  9.2299980E+03  4.6962905E+06
  9.2499980E+03  4.9987460E+06
  9.2699971E+03  5.0460300E+06
  9.2899990E+03  5.1076995E+06
  9.3099980E+03  5.0953410E+06
  9.3299990E+03  5.0531775E+06
  9.3499980E+03  5.0294290E+06
  9.3699990E+03  5.0114135E+06
  9.3900000E+03  4.9811145E+06
  9.4099980E+03  4.7812740E+06
  9.4299971E+03  4.9016685E+06
  9.4499990E+03  4.8560500E+06
  9.4700000E+03  4.8943710E+06
  9.4899980E+03  4.8875700E+06
  9.5100000E+03  4.8328740E+06
  9.5300000E+03  4.7665665E+06
  9.5500000E+03  4.3781615E+06
  9.5699990E+03  4.7111740E+06
  9.5899980E+03  4.7509420E+06
  9.6099980E+03  4.6846840E+06
  9.6299990E+03  4.6185270E+06
  9.6499990E+03  4.6350040E+06
  9.6699980E+03  4.5820090E+06
  9.6899980E+03  4.5912000E+06
  9.7100000E+03  4.6138595E+06
  9.7299990E+03  4.5909330E+06
  9.7499980E+03  4.5154475E+06
  9.7699961E+03  4.5340815E+06
  9.7899980E+03  4.5081050E+06
  9.8099980E+03  4.4987460E+06
  9.8299990E+03  4.4792875E+06
  9.8499980E+03  4.4351015E+06
  9.8700000E+03  4.4059285E+06
  9.8899980E+03  4.3785000E+06
  9.9099990E+03  4.3577745E+06
  9.9300000E+03  4.3623970E+06
  9.9499980E+03  4.3467820E+06
  9.9699980E+03  4.3346660E+06
  9.9899990E+03  4.3120415E+06
  1.0024998E+04  4.2107635E+06
  1.0074998E+04  4.0829670E+06
  1.0124997E+04  4.1434340E+06
  1.0174997E+04  4.0958982E+06
  1.0224998E+04  4.0667478E+06
  1.0274997E+04  4.0397552E+06
  1.0325000E+04  3.9565480E+06
  1.0374999E+04  3.9206052E+06
  1.0425000E+04  3.8844732E+06
  1.0474998E+04  3.7959790E+06
  1.0524997E+04  3.7739428E+06
  1.0574999E+04  3.7373272E+06
  1.0625000E+04  3.6852155E+06
  1.0674997E+04  3.5826735E+06
  1.0724998E+04  3.5811152E+06
  1.0774999E+04  3.5378970E+06
  1.0824997E+04  3.4869660E+06
  1.0874997E+04  3.4514715E+06
  1.0924999E+04  3.2839098E+06
  1.0974996E+04  3.3475762E+06
  1.1025000E+04  3.3755475E+06
  1.1074998E+04  3.3448318E+06
  1.1124999E+04  3.2916988E+06
  1.1174998E+04  3.2496388E+06
  1.1224999E+04  3.2303208E+06
  1.1274997E+04  3.1380205E+06
  1.1325000E+04  3.1091962E+06
  1.1375000E+04  3.1002658E+06
  1.1425000E+04  3.0365352E+06
  1.1474997E+04  3.0579118E+06
  1.1525000E+04  3.0251950E+06
  1.1574998E+04  2.9785908E+06
  1.1625000E+04  2.9073040E+06
  1.1674998E+04  2.8689130E+06
  1.1724997E+04  2.8940980E+06
  1.1775001E+04  2.8049022E+06
  1.1824999E+04  2.7949735E+06
  1.1875000E+04  2.7426328E+06
  1.1925000E+04  2.7776998E+06
  1.1975001E+04  2.6943905E+06
  1.2024998E+04  2.6988670E+06
  1.2074996E+04  2.6584765E+06
  1.2125000E+04  2.6396692E+06
  1.2175000E+04  2.6271828E+06
  1.2225001E+04  2.5948965E+06
  1.2275001E+04  2.5637988E+06
  1.2324996E+04  2.5370890E+06
  1.2374996E+04  2.5126928E+06
  1.2424998E+04  2.4903135E+06
  1.2475000E+04  2.4648222E+06
  1.2524997E+04  2.4302945E+06
  1.2574997E+04  2.3959972E+06
  1.2624999E+04  2.3796558E+06
  1.2674997E+04  2.3571675E+06
  1.2724999E+04  2.3435650E+06
  1.2774999E+04  2.3111745E+06
  1.2825000E+04  2.1378510E+06
  1.2875001E+04  2.2598665E+06
  1.2924997E+04  2.2405905E+06
  1.2975001E+04  2.2244505E+06
  1.3024998E+04  2.1968802E+06
  1.3074999E+04  2.1838118E+06
  1.3125000E+04  2.1503655E+06
  1.3174998E+04  2.1217695E+06
  1.3224998E+04  2.1157505E+06
  1.3274997E+04  2.0841090E+06
  1.3324997E+04  2.0703861E+06
  1.3374999E+04  2.0467008E+06
  1.3424999E+04  2.0325706E+06
  1.3474999E+04  2.0115392E+06
  1.3525001E+04  1.9873432E+06
  1.3574999E+04  1.9557018E+06
  1.3624997E+04  1.9474222E+06
  1.3674997E+04  1.9251291E+06
  1.3724995E+04  1.8882500E+06
  1.3774998E+04  1.8829842E+06
  1.3824998E+04  1.8680485E+06
  1.3874996E+04  1.8588955E+06
  1.3925000E+04  1.8319884E+06
  1.3974996E+04  1.8184795E+06
  1.4024997E+04  1.7948300E+06
  1.4075001E+04  1.7862646E+06
  1.4124996E+04  1.7586304E+06
  1.4175000E+04  1.7517195E+06
  1.4225000E+04  1.7196546E+06
  1.4274994E+04  1.6989412E+06
  1.4325001E+04  1.6967755E+06
  1.4374998E+04  1.6888764E+06
  1.4424999E+04  1.6218774E+06
  1.4475000E+04  1.6504640E+06
  1.4524997E+04  1.6086579E+06
  1.4569999E+04  1.6160212E+06
  1.4620000E+04  1.6102740E+06
  1.4674998E+04  1.6177148E+06
  1.4725000E+04  1.5803195E+06
  1.4775002E+04  1.5536261E+06
  1.4824998E+04  1.5391368E+06
  1.4874996E+04  1.5098571E+06
  1.4924997E+04  1.5124250E+06
  1.4974999E+04  1.4820815E+06
  1.5024999E+04  1.4597845E+06
  1.5075000E+04  1.4354456E+06
  1.5124999E+04  1.4374328E+06
  1.5175000E+04  1.4269124E+06
  1.5225002E+04  1.4150525E+06
  1.5274998E+04  1.3933880E+06
  1.5324995E+04  1.3798358E+06
  1.5374997E+04  1.3838480E+06
  1.5425001E+04  1.3409588E+06
  1.5474996E+04  1.3584699E+06
  1.5524994E+04  1.3487494E+06
  1.5575001E+04  1.2906074E+06
  1.5624998E+04  1.3467086E+06
  1.5674997E+04  1.2967175E+06
  1.5724994E+04  1.2578618E+06
  1.5774996E+04  1.2872631E+06
  1.5825001E+04  1.2847520E+06
  1.5874995E+04  1.1831082E+06
  1.5925002E+04  1.2510791E+06
  1.5975001E+04  1.2603990E+06
  1.6049998E+04  1.2295332E+06
  1.6150001E+04  1.1716136E+06
  1.6249997E+04  1.1986552E+06
  1.6350000E+04  1.1587406E+06
  1.6449996E+04  1.1008832E+06
  1.6549998E+04  1.1277682E+06
  1.6649994E+04  1.1076175E+06
  1.6749998E+04  1.0695762E+06
  1.6849998E+04  1.0141132E+06
  1.6950000E+04  1.0436843E+06
  1.7049996E+04  1.0127646E+06
  1.7150000E+04  9.9978388E+05
  1.7249992E+04  9.6915975E+05
  1.7349994E+04  9.0417981E+05
  1.7449992E+04  9.2688019E+05
  1.7550000E+04  9.1591856E+05
  1.7649998E+04  8.9691075E+05
  1.7749994E+04  8.8107006E+05
  1.7849994E+04  8.6448619E+05
  1.7949998E+04  8.5180531E+05
  1.8050002E+04  8.3021681E+05
  1.8150002E+04  7.8052962E+05
  1.8249994E+04  7.9290300E+05
  1.8349992E+04  7.8567206E+05
  1.8449992E+04  7.6809206E+05
  1.8549998E+04  7.5430369E+05
  1.8650002E+04  7.3739781E+05
  1.8750002E+04  6.8741806E+05
  1.8850000E+04  7.0964031E+05
  1.8950004E+04  6.8878369E+05
  1.9049996E+04  6.8926438E+05
  1.9149998E+04  6.7505769E+05
  1.9249992E+04  6.6270494E+05
  1.9350000E+04  6.4705844E+05
  1.9449992E+04  6.0657350E+05
  1.9550002E+04  6.2554794E+05
  1.9649992E+04  6.1491469E+05
  1.9749992E+04  6.0259950E+05
  1.9849992E+04  5.9381831E+05
  1.9950002E+04  5.8343069E+05
  2.0050002E+04  5.7441106E+05
  2.0149996E+04  5.6562519E+05
  2.0249994E+04  5.5277631E+05
  2.0349994E+04  5.4108906E+05
  2.0449996E+04  5.3630550E+05
  2.0550000E+04  5.2619200E+05
  2.0649992E+04  5.1488884E+05
  2.0749998E+04  5.0686647E+05
  2.0849992E+04  4.9867134E+05
  2.0950004E+04  4.8877144E+05
  2.1050002E+04  4.8164750E+05
  2.1149992E+04  4.7239622E+05
  2.1250000E+04  4.6445625E+05
  2.1350002E+04  4.5726406E+05
  2.1449996E+04  4.5089000E+05
  2.1550006E+04  4.4291828E+05
  2.1649994E+04  4.1511806E+05
  2.1750002E+04  4.2628112E+05
  2.1849998E+04  4.2022616E+05
  2.1950002E+04  4.1511566E+05
  2.2050000E+04  4.0603584E+05
  2.2149996E+04  3.9994384E+05
  2.2249998E+04  3.9455334E+05
  2.2350004E+04  3.8819462E+05
  2.2449990E+04  3.8191153E+05
  2.2549994E+04  3.7364938E+05
  2.2650000E+04  3.6882966E+05
  2.2750000E+04  3.6361447E+05
  2.2850000E+04  3.5789175E+05
  2.2950004E+04  3.5389975E+05
  2.3050000E+04  3.4927588E+05
  2.3149996E+04  3.4226516E+05
  2.3250000E+04  3.3686003E+05
  2.3349996E+04  3.3078872E+05
  2.3449994E+04  3.2609641E+05
  2.3550002E+04  3.2012647E+05
  2.3649988E+04  3.1554612E+05
  2.3750000E+04  3.0979512E+05
  2.3849990E+04  3.0446109E+05
  2.3950002E+04  3.0051150E+05
  2.4050006E+04  2.9544481E+05
  2.4149992E+04  2.9056819E+05
  2.4249990E+04  2.8748491E+05
  2.4349990E+04  2.8151944E+05
  2.4450002E+04  2.7765822E+05
  2.4549990E+04  2.7383216E+05
  2.4649992E+04  2.7007722E+05
  2.4749992E+04  2.6563594E+05
  2.4850006E+04  2.6272116E+05
  2.4950000E+04  2.5514858E+05
  2.5050006E+04  2.5724598E+05
  2.5149994E+04  2.5270900E+05
  2.5249998E+04  2.4431770E+05
  2.5350004E+04  2.4517264E+05
  2.5449988E+04  2.4205767E+05
  2.5549998E+04  2.3760981E+05
  2.5649990E+04  2.2867198E+05
  2.5749990E+04  2.3174584E+05
  2.5849994E+04  2.2736847E+05
  2.5949990E+04  2.2554684E+05
  2.6049996E+04  2.2154223E+05
  2.6149998E+04  2.1294250E+05
  2.6249988E+04  2.0603639E+05
  2.6350008E+04  2.1247303E+05
  2.6449996E+04  2.0954494E+05
  2.6549994E+04  2.0680434E+05
  2.6649994E+04  2.0266138E+05
  2.6749988E+04  1.9510503E+05
  2.6849986E+04  1.9865023E+05
  2.6949986E+04  1.9640591E+05
  2.7050002E+04  1.9359178E+05
  2.7149998E+04  1.9097244E+05
  2.7249994E+04  1.8836595E+05
  2.7350006E+04  1.8602388E+05
  2.7450004E+04  1.8354608E+05
  2.7549996E+04  1.7508353E+05
  2.7649982E+04  1.7689938E+05
  2.7750004E+04  1.7604230E+05
  2.7850000E+04  1.7377009E+05
  2.7949992E+04  1.7168505E+05
  2.8049994E+04  1.6935222E+05
  2.8150002E+04  1.6716219E+05
  2.8250006E+04  1.6490920E+05
  2.8350000E+04  1.6291828E+05
  2.8450000E+04  1.6034608E+05
  2.8550002E+04  1.5854997E+05
  2.8650002E+04  1.5579739E+05
  2.8749982E+04  1.4868567E+05
  2.8849998E+04  1.5217830E+05
  2.8949986E+04  1.5045466E+05
  2.9049994E+04  1.4862591E+05
  2.9149986E+04  1.4639762E+05
  2.9249984E+04  1.4460134E+05
  2.9349980E+04  1.4299230E+05
  2.9450000E+04  1.4097150E+05
  2.9550004E+04  1.3938042E+05
  2.9649982E+04  1.3768781E+05
  2.9749992E+04  1.3589956E+05
  2.9849994E+04  1.3423370E+05
  2.9949984E+04  1.3239811E+05
  3.0049996E+04  1.3071727E+05
  3.0149994E+04  1.2916365E+05
  3.0249994E+04  1.2753295E+05
  3.0349996E+04  1.2202730E+05
  3.0449996E+04  1.2312460E+05
  3.0549996E+04  1.2285270E+05
  3.0649996E+04  1.2126232E+05
  3.0749994E+04  1.2000080E+05
  3.0849996E+04  1.1821072E+05
  3.0949994E+04  1.1687783E+05
  3.1049996E+04  1.1555567E+05
  3.1149996E+04  1.1356474E+05
  3.1249996E+04  1.1269637E+05
  3.1349996E+04  1.1141124E+05
  3.1449996E+04  1.1006780E+05
  3.1549998E+04  1.0870882E+05
  3.1649996E+04  1.0760552E+05
  3.1749998E+04  1.0622616E+05
  3.1849996E+04  1.0510710E+05
  3.1949994E+04  1.0391507E+05
  3.2099996E+04  1.0201018E+05
  3.2299992E+04  9.9728914E+04
  3.2499994E+04  9.7367461E+04
  3.2699996E+04  9.5080812E+04
  3.2899996E+04  9.0775000E+04
  3.3099996E+04  9.0647570E+04
  3.3299992E+04  8.8729633E+04
  3.3499996E+04  8.6864297E+04
  3.3699996E+04  8.4671984E+04
  3.3899996E+04  8.2692391E+04
  3.4099996E+04  8.0788922E+04
  3.4299996E+04  7.9183469E+04
  3.4499992E+04  7.7606555E+04
  3.4699996E+04  7.5835336E+04
  3.4899996E+04  7.4226328E+04
  3.5099996E+04  7.2670375E+04
  3.5299996E+04  7.1063180E+04
  3.5499996E+04  6.9550266E+04
  3.5699992E+04  6.7966211E+04
  3.5899992E+04  6.6734562E+04
  3.6099996E+04  6.5176176E+04
  3.6299992E+04  6.4085434E+04
  3.6499992E+04  6.2327457E+04
  3.6699992E+04  6.1331129E+04
  3.6899992E+04  5.9453449E+04
  3.7099996E+04  5.8581516E+04
  3.7299996E+04  5.7123684E+04
  3.7499992E+04  5.5034520E+04
  3.7699996E+04  5.5234078E+04
  3.7899996E+04  5.4151730E+04
  3.8099992E+04  5.2821695E+04
  3.8299996E+04  5.1981246E+04
  3.8499996E+04  5.1165543E+04
  3.8699996E+04  5.0034367E+04
  3.8899992E+04  4.9055656E+04
  3.9099996E+04  4.7682738E+04
  3.9299992E+04  4.7279160E+04
  3.9499992E+04  4.6289711E+04
  3.9699992E+04  4.5451602E+04
  3.9900000E+04  4.4362875E+04
  4.0099996E+04  4.3436488E+04
  4.0299992E+04  4.2530910E+04
  4.0499996E+04  4.1294219E+04
  4.0699992E+04  4.1264641E+04
  4.0899992E+04  4.0481453E+04
  4.1099996E+04  3.9823027E+04
  4.1299996E+04  3.9102547E+04
  4.1499992E+04  3.8308770E+04
  4.1699992E+04  3.7095070E+04
  4.1899996E+04  3.6911305E+04
  4.2099996E+04  3.6161836E+04
  4.2299992E+04  3.5677523E+04
  4.2499996E+04  3.4971258E+04
  4.2699992E+04  3.4392352E+04
  4.2899992E+04  3.3710105E+04
  4.3099996E+04  3.3030895E+04
  4.3299996E+04  3.2429082E+04
  4.3499992E+04  3.1757273E+04
  4.3699996E+04  3.0697879E+04
  4.3899996E+04  3.0588877E+04
  4.4099992E+04  2.9955629E+04
  4.4299992E+04  2.9493793E+04
  4.4499996E+04  2.8985760E+04
  4.4699996E+04  2.8436598E+04
  4.4899996E+04  2.7998830E+04
  4.5099992E+04  2.7506570E+04
  4.5299992E+04  2.7003531E+04
  4.5499996E+04  2.6593777E+04
  4.5699992E+04  2.6150473E+04
  4.5899996E+04  2.5658428E+04
  4.6099996E+04  2.5310418E+04
  4.6299992E+04  2.4883098E+04
  4.6499988E+04  2.4132877E+04
  4.6699992E+04  2.3696863E+04
  4.6899992E+04  2.3716129E+04
  4.7099992E+04  2.3348723E+04
  4.7299992E+04  2.3000137E+04
  4.7499996E+04  2.2608160E+04
  4.7699992E+04  2.2253396E+04
  4.7899992E+04  2.1916895E+04
  4.8099996E+04  2.1539607E+04
  4.8299992E+04  2.1222717E+04
  4.8499992E+04  2.0871869E+04
  4.8700000E+04  2.0548293E+04
  4.8899992E+04  2.0223010E+04
  4.9099988E+04  1.9908584E+04
  4.9299988E+04  1.9587727E+04
  4.9499996E+04  1.9285225E+04
  4.9699992E+04  1.8979338E+04
  4.9899988E+04  1.8704955E+04
  5.0099996E+04  1.8416320E+04
  5.0299996E+04  1.8139127E+04
  5.0499996E+04  1.7830283E+04
  5.0699996E+04  1.7578502E+04
  5.0899992E+04  1.7319943E+04
  5.1099992E+04  1.7031699E+04
  5.1299996E+04  1.6512645E+04
  5.1499988E+04  1.6538049E+04
  5.1699996E+04  1.6314496E+04
  5.1899992E+04  1.6057531E+04
  5.2099992E+04  1.5806799E+04
  5.2299996E+04  1.5575952E+04
  5.2499996E+04  1.5364558E+04
  5.2699996E+04  1.5146425E+04
  5.2899992E+04  1.4908261E+04
  5.3099988E+04  1.4706651E+04
  5.3299988E+04  1.4485096E+04
  5.3499992E+04  1.4284861E+04
  5.3699992E+04  1.4068915E+04
  5.3899992E+04  1.3877819E+04
  5.4099992E+04  1.3686586E+04
  5.4299984E+04  1.3469680E+04
  5.4499988E+04  1.3298704E+04
  5.4699996E+04  1.3090829E+04
  5.4899992E+04  1.2920628E+04
  5.5099992E+04  1.2751307E+04
  5.5299988E+04  1.2574239E+04
  5.5499988E+04  1.2392047E+04
  5.5699992E+04  1.2229142E+04
  5.5899992E+04  1.2030149E+04
  5.6099988E+04  1.1887789E+04
  5.6299996E+04  1.1720753E+04
  5.6499988E+04  1.1574905E+04
  5.6699988E+04  1.1416168E+04
  5.6899992E+04  1.1252737E+04
  5.7099996E+04  1.1109339E+04
  5.7299988E+04  1.0959293E+04
  5.7499988E+04  1.0810262E+04
  5.7699988E+04  1.0662917E+04
  5.7899996E+04  1.0516107E+04
  5.8099988E+04  1.0379886E+04
  5.8299996E+04  1.0246386E+04
  5.8499992E+04  1.0115130E+04
  5.8699988E+04  9.9710967E+03
  5.8899988E+04  9.8194453E+03
  5.9099992E+04  9.5577637E+03
  5.9299988E+04  9.5867158E+03
  5.9499996E+04  9.4367100E+03
  5.9699988E+04  9.3425146E+03
  5.9899992E+04  9.2211152E+03
  6.0099992E+04  9.0967451E+03
  6.0299992E+04  8.9872871E+03
  6.0499988E+04  8.8723867E+03
  6.0699992E+04  8.7533818E+03
  6.0899992E+04  8.6382861E+03
  6.1099988E+04  8.5171406E+03
  6.1299992E+04  8.4246602E+03
  6.1499988E+04  8.3211484E+03
  6.1699988E+04  8.2156328E+03
  6.1899996E+04  8.1119902E+03
  6.2099996E+04  8.0117603E+03
  6.2299988E+04  7.8949834E+03
  6.2499992E+04  7.8084663E+03
  6.2699988E+04  7.7095713E+03
  6.2899996E+04  7.6199600E+03
  6.3099984E+04  7.5143965E+03
  6.3299996E+04  7.4325732E+03
  6.3499984E+04  7.3399556E+03
  6.3699984E+04  7.2514141E+03
  6.3900000E+04  7.1601421E+03
  6.4199992E+04  7.0333311E+03
  6.4599984E+04  6.8605610E+03
  6.4999992E+04  6.6947031E+03
  6.5399992E+04  6.5401309E+03
  6.5799992E+04  6.3864614E+03
  6.6199984E+04  6.2341274E+03
  6.6599984E+04  6.0908403E+03
  6.6999992E+04  5.9479180E+03
  6.7399992E+04  5.8087803E+03
  6.7799992E+04  5.6777466E+03
  6.8199992E+04  5.5474341E+03
  6.8599992E+04  5.4216084E+03
  6.8999984E+04  5.2975283E+03
  6.9399984E+04  5.1776606E+03
  6.9800000E+04  5.0642803E+03
  7.0199992E+04  4.9492451E+03
  7.0599984E+04  4.8416245E+03
  7.0999977E+04  4.7370791E+03
  7.1399977E+04  4.6330869E+03
  7.1799984E+04  4.5316953E+03
  7.2199984E+04  4.4310322E+03
  7.2600000E+04  4.3371655E+03
  7.2999984E+04  4.2469966E+03
  7.3400000E+04  4.1550308E+03
  7.3799984E+04  4.0684722E+03
  7.4199992E+04  3.9807949E+03
  7.4599992E+04  3.8788516E+03
  7.5000000E+04  3.7901016E+03
  7.5399992E+04  3.7369409E+03
  7.5799992E+04  3.6618047E+03
  7.6199984E+04  3.5869990E+03
  7.6599992E+04  3.5140632E+03
  7.6999992E+04  3.4418115E+03
  7.7399992E+04  3.3733767E+03
  7.7799984E+04  3.3057917E+03
  7.8199984E+04  3.2397163E+03
  7.8599984E+04  3.1752993E+03
  7.8999984E+04  3.1124399E+03
  7.9399984E+04  3.0509822E+03
  7.9800000E+04  2.9913643E+03
  8.0199992E+04  2.9320217E+03
  8.0599984E+04  2.8750410E+03
  8.0999992E+04  2.8205312E+03
  8.1399977E+04  2.7648496E+03
  8.1799984E+04  2.7123704E+03
  8.2199984E+04  2.6616714E+03
  8.2599992E+04  2.6108303E+03
  8.2999984E+04  2.5618291E+03
  8.3400000E+04  2.5122356E+03
  8.3799992E+04  2.4652957E+03
  8.4199992E+04  2.4203538E+03
  8.4599977E+04  2.3759404E+03
  8.4999977E+04  2.3324087E+03
  8.5399984E+04  2.2893281E+03
  8.5799984E+04  2.2476133E+03
  8.6199992E+04  2.2064705E+03
  8.6599992E+04  2.1670454E+03
  8.6999984E+04  2.1281018E+03
  8.7399992E+04  2.0898271E+03
  8.7799992E+04  2.0525513E+03
  8.8199984E+04  2.0152349E+03
  8.8599977E+04  1.9799470E+03
  8.8999992E+04  1.9447819E+03
  8.9399977E+04  1.9111561E+03
  8.9799977E+04  1.8769762E+03
  9.0199984E+04  1.8448535E+03
  9.0599984E+04  1.8135913E+03
  9.0999992E+04  1.7812593E+03
  9.1400000E+04  1.7510005E+03
  9.1799969E+04  1.7216492E+03
  9.2199969E+04  1.6925618E+03
  9.2599984E+04  1.6638232E+03
  9.3000000E+04  1.6359072E+03
  9.3399984E+04  1.6082358E+03
  9.3799984E+04  1.5814463E+03
  9.4199977E+04  1.5550957E+03
  9.4599984E+04  1.5293014E+03
  9.4999969E+04  1.5039692E+03
  9.5399984E+04  1.4788409E+03
  9.5799984E+04  1.4551879E+03
  9.6199992E+04  1.4311023E+03
  9.6599984E+04  1.4082134E+03
  9.7000000E+04  1.3854116E+03
  9.7399977E+04  1.3622622E+03
  9.7799984E+04  1.3409010E+03
  9.8199977E+04  1.3195297E+03
  9.8599977E+04  1.2986924E+03
  9.8999992E+04  1.2782633E+03
  9.9399984E+04  1.2577776E+03
  9.9799977E+04  1.2379569E+03
  1.0019999E+05  1.2185615E+03
  1.9999991E+05  7.8424583E+01
  3.9999994E+05  4.9027104E+00
  5.9999981E+05  9.6207207E-01
  7.9999994E+05  3.0235773E-01
