  9.2499988E+02  1.0027430E-04
  9.3499982E+02  1.3740757E-04
  9.4500000E+02  1.8812499E-04
  9.5500000E+02  2.7458207E-04
  9.6499988E+02  3.7829671E-04
  9.7499982E+02  4.9303746E-04
  9.8499976E+02  6.6646893E-04
  9.9499988E+02  8.6281117E-04
  1.0049999E+03  1.2292386E-03
  1.0149997E+03  1.6148452E-03
  1.0249998E+03  1.8519226E-03
  1.0349998E+03  2.7510868E-03
  1.0449998E+03  3.5988926E-03
  1.0549999E+03  4.6357778E-03
  1.0649999E+03  5.7976823E-03
  1.0750000E+03  7.5263469E-03
  1.0849996E+03  9.6312622E-03
  1.0949999E+03  1.1919159E-02
  1.1049999E+03  1.8812819E-01
  1.1149999E+03  4.2036167E-01
  1.1249999E+03  6.3182509E-01
  1.1349996E+03  8.6645216E-01
  1.1449999E+03  1.1471031E+00
  1.1549999E+03  1.2507925E+00
  1.1650000E+03  1.7422054E+00
  1.1749995E+03  2.1258605E+00
  1.1849996E+03  2.1180067E+00
  1.1949998E+03  1.1962124E+00
  1.2049996E+03  1.1781273E+00
  1.2149998E+03  1.6840672E-01
  1.2249996E+03  1.5048995E+00
  1.2349996E+03  4.1404901E+00
  1.2449998E+03  1.1047339E+01
  1.2549996E+03  1.7708811E+01
  1.2650000E+03  1.7869230E+01
  1.2749998E+03  2.7033245E+01
  1.2849995E+03  3.6782959E+01
  1.2949998E+03  4.5160126E+01
  1.3049995E+03  4.0628197E+01
  1.3149998E+03  6.1112583E+01
  1.3249998E+03  6.9736267E+01
  1.3349996E+03  7.9981224E+01
  1.3449995E+03  9.5356567E+01
  1.3549996E+03  1.0399419E+02
  1.3649999E+03  1.1523041E+02
  1.3749999E+03  1.2283815E+02
  1.3849996E+03  1.3245195E+02
  1.3949999E+03  1.5093716E+02
  1.4050001E+03  1.7528548E+02
  1.4149998E+03  1.8924855E+02
  1.4249998E+03  2.0864221E+02
  1.4350000E+03  2.2958261E+02
  1.4419998E+03  2.9189444E+02
  1.4469999E+03  2.7624213E+02
  1.4549994E+03  3.2195462E+02
  1.4650000E+03  3.6358121E+02
  1.4749995E+03  3.9958618E+02
  1.4849996E+03  4.4121976E+02
  1.4949998E+03  5.6008722E+02
  1.5049996E+03  6.5342950E+02
  1.5119995E+03  5.6140594E+02
  1.5169994E+03  6.4873151E+02
  1.5250001E+03  1.1817975E+03
  1.5349994E+03  1.5965505E+03
  1.5449994E+03  1.6082416E+03
  1.5549998E+03  2.0522239E+03
  1.5649999E+03  1.9216390E+03
  1.5750001E+03  3.0263169E+03
  1.5850000E+03  3.5586985E+03
  1.5949996E+03  4.2121436E+03
  1.6049999E+03  4.2804712E+03
  1.6150000E+03  4.5466943E+03
  1.6249996E+03  4.6441348E+03
  1.6350000E+03  5.6961802E+03
  1.6449996E+03  7.2675693E+03
  1.6549999E+03  4.5288706E+03
  1.6649993E+03  8.0192036E+03
  1.6720000E+03  5.2242427E+03
  1.6770001E+03  2.6452615E+04
  1.6849998E+03  2.8460402E+04
  1.6950000E+03  2.8917578E+04
  1.7049995E+03  3.3218852E+04
  1.7150000E+03  6.0541656E+04
  1.7249993E+03  7.2820227E+04
  1.7349994E+03  1.0090316E+05
  1.7449993E+03  9.8609289E+04
  1.7550001E+03  1.5132800E+05
  1.7649998E+03  1.1457906E+05
  1.7749995E+03  1.4828386E+05
  1.7849995E+03  1.6022447E+05
  1.7949999E+03  2.6698500E+05
  1.8050001E+03  2.2542517E+05
  1.8150001E+03  2.3369800E+05
  1.8249994E+03  2.5012431E+05
  1.8349993E+03  2.4101712E+05
  1.8449993E+03  1.8705931E+05
  1.8549998E+03  2.9395041E+05
  1.8650002E+03  3.9382181E+05
  1.8750001E+03  3.6788959E+05
  1.8850000E+03  3.9215709E+05
  1.8950002E+03  4.9956891E+05
  1.9049996E+03  4.6467934E+05
  1.9149999E+03  4.8856209E+05
  1.9249993E+03  3.8228166E+05
  1.9350001E+03  1.6007170E+05
  1.9449993E+03  5.6575350E+05
  1.9550002E+03  6.0254200E+05
  1.9670002E+03  7.4290331E+05
  1.9759990E+03  6.4404769E+05
  1.9839996E+03  8.1844169E+05
  1.9950001E+03  8.4239050E+05
  2.0050002E+03  7.5754712E+05
  2.0149996E+03  7.5541019E+05
  2.0249994E+03  6.2789106E+05
  2.0349995E+03  8.9078319E+05
  2.0449998E+03  1.0141645E+06
  2.0550000E+03  9.2831175E+05
  2.0649993E+03  8.5423112E+05
  2.0739993E+03  1.0530022E+06
  2.0780002E+03  1.9102380E+06
  2.0849993E+03  2.2542165E+06
  2.0950005E+03  2.0555812E+06
  2.1050002E+03  1.8493054E+06
  2.1149990E+03  2.0336512E+06
  2.1250000E+03  1.7977230E+06
  2.1350002E+03  1.5693401E+06
  2.1449998E+03  2.0636278E+06
  2.1550005E+03  2.1511945E+06
  2.1649995E+03  1.8336628E+06
  2.1750002E+03  1.9249069E+06
  2.1849998E+03  2.2681830E+06
  2.1950000E+03  2.3765802E+06
  2.2050000E+03  2.2169950E+06
  2.2149998E+03  1.6493025E+06
  2.2249998E+03  1.7788689E+06
  2.2350005E+03  2.4593250E+06
  2.2449990E+03  2.2979128E+06
  2.2549993E+03  1.6576924E+06
  2.2650000E+03  1.6475655E+06
  2.2750000E+03  1.9961161E+06
  2.2850000E+03  2.4502825E+06
  2.2950002E+03  2.0977350E+06
  2.3050000E+03  2.4956582E+06
  2.3149995E+03  2.0939131E+06
  2.3250000E+03  1.3546185E+06
  2.3349995E+03  1.1635269E+06
  2.3449993E+03  7.0811006E+05
  2.3550000E+03  1.6733499E+06
  2.3649988E+03  7.7270019E+05
  2.3750000E+03  1.1595946E+06
  2.3849990E+03  5.1780238E+05
  2.3950000E+03  7.4709194E+05
  2.4050005E+03  7.2343594E+05
  2.4149993E+03  1.0727956E+06
  2.4249990E+03  2.1028195E+06
  2.4349990E+03  2.1459452E+06
  2.4450000E+03  2.5321295E+06
  2.4549990E+03  2.6708762E+06
  2.4649990E+03  2.3657802E+06
  2.4749993E+03  2.0914710E+06
  2.4850005E+03  1.5925915E+06
  2.4950000E+03  1.7421032E+06
  2.5050005E+03  2.7993390E+06
  2.5129988E+03  1.0439084E+06
  2.5179990E+03  7.8337506E+05
  2.5249998E+03  9.3940631E+05
  2.5350007E+03  1.4420986E+06
  2.5449988E+03  1.6315160E+06
  2.5550000E+03  2.5722548E+06
  2.5649990E+03  1.9172142E+06
  2.5749990E+03  2.3576850E+06
  2.5849993E+03  2.0162612E+06
  2.5949990E+03  1.7265666E+06
  2.6049995E+03  1.4177684E+06
  2.6149998E+03  1.2522465E+06
  2.6249990E+03  1.8881428E+06
  2.6350007E+03  3.1348708E+06
  2.6449995E+03  4.6400580E+06
  2.6549998E+03  5.5625255E+06
  2.6649995E+03  3.7934692E+06
  2.6749988E+03  4.4437490E+06
  2.6849988E+03  4.6957725E+06
  2.6949988E+03  3.8460595E+06
  2.7050000E+03  4.5674280E+06
  2.7150000E+03  3.4696610E+06
  2.7249995E+03  3.3432820E+06
  2.7350007E+03  3.8288600E+06
  2.7450002E+03  1.7536149E+06
  2.7549998E+03  2.4323775E+06
  2.7649983E+03  3.1742742E+06
  2.7750005E+03  3.6984338E+06
  2.7850000E+03  2.1575060E+06
  2.7949993E+03  7.0085075E+05
  2.8049995E+03  9.1822431E+05
  2.8150002E+03  3.2627072E+06
  2.8250007E+03  5.0788855E+06
  2.8350000E+03  5.0524970E+06
  2.8450002E+03  4.7512700E+06
  2.8550005E+03  3.2403735E+06
  2.8650000E+03  5.6760835E+06
  2.8749983E+03  6.0404970E+06
  2.8850000E+03  5.5904160E+06
  2.8949988E+03  5.7289730E+06
  2.9099988E+03  7.2502965E+06
  2.9299983E+03  6.6685015E+06
  2.9499990E+03  6.5805485E+06
  2.9700005E+03  7.2033200E+06
  2.9899980E+03  7.3807760E+06
  3.0099995E+03  7.8493525E+06
  3.0299995E+03  7.6902655E+06
  3.0499995E+03  7.9424780E+06
  3.0699995E+03  7.9740360E+06
  3.0899995E+03  8.3110840E+06
  3.1099995E+03  8.1792150E+06
  3.1299998E+03  8.0854050E+06
  3.1499995E+03  8.0965825E+06
  3.1699995E+03  8.4157520E+06
  3.1899995E+03  7.5627245E+06
  3.2099998E+03  8.3195635E+06
  3.2299993E+03  7.2584935E+06
  3.2499993E+03  8.5001700E+06
  3.2699995E+03  9.2653330E+06
  3.2899995E+03  9.0326010E+06
  3.3099998E+03  9.3429360E+06
  3.3299993E+03  9.2561890E+06
  3.3499995E+03  9.2292480E+06
  3.3699995E+03  8.4801350E+06
  3.3899993E+03  8.9743800E+06
  3.4099993E+03  9.0129440E+06
  3.4299995E+03  9.0948280E+06
  3.4499993E+03  9.4609800E+06
  3.4699998E+03  9.3691260E+06
  3.4899993E+03  9.6001210E+06
  3.5099995E+03  9.9133210E+06
  3.5299995E+03  9.5349510E+06
  3.5499995E+03  1.0584697E+07
  3.5699995E+03  9.3470150E+06
  3.5899995E+03  9.1829450E+06
  3.6099995E+03  9.5197230E+06
  3.6299993E+03  9.5760760E+06
  3.6399993E+03  9.7217140E+06
  3.6499995E+03  1.0541457E+07
  3.6699993E+03  9.9916560E+06
  3.6899995E+03  9.6628460E+06
  3.7099995E+03  1.1245528E+07
  3.7299998E+03  1.0785697E+07
  3.7499993E+03  1.2008043E+07
  3.7699993E+03  1.2938581E+07
  3.7899995E+03  1.3944064E+07
  3.8099993E+03  1.5221565E+07
  3.8299998E+03  1.2176812E+07
  3.8499995E+03  1.5406598E+07
  3.8699995E+03  1.6003655E+07
  3.8899995E+03  1.3523662E+07
  3.9099995E+03  1.5547040E+07
  3.9299993E+03  8.6152810E+06
  3.9499993E+03  1.3388062E+07
  3.9699998E+03  9.2191550E+06
  3.9899995E+03  1.6487650E+07
  4.0099995E+03  1.7475574E+07
  4.0299993E+03  1.7656996E+07
  4.0499993E+03  1.7377152E+07
  4.0699993E+03  1.7198602E+07
  4.0899995E+03  1.7310746E+07
  4.1099995E+03  1.5682996E+07
  4.1299995E+03  1.7753626E+07
  4.1499990E+03  1.8406716E+07
  4.1699990E+03  1.8089102E+07
  4.1899995E+03  1.8038280E+07
  4.2099995E+03  1.7943396E+07
  4.2299995E+03  1.7467770E+07
  4.2499995E+03  1.7774086E+07
  4.2699990E+03  1.7292466E+07
  4.2899995E+03  1.6686376E+07
  4.3100000E+03  1.5249332E+07
  4.3299995E+03  1.6637308E+07
  4.3499995E+03  1.5351835E+07
  4.3699995E+03  1.8183380E+07
  4.3899995E+03  1.7498292E+07
  4.4099995E+03  1.7629538E+07
  4.4299995E+03  1.7594918E+07
  4.4499995E+03  1.7553356E+07
  4.4699995E+03  1.7928896E+07
  4.4899995E+03  1.7823722E+07
  4.5099990E+03  1.8947696E+07
  4.5299995E+03  1.7624716E+07
  4.5499990E+03  1.7795124E+07
  4.5699995E+03  1.8696946E+07
  4.5899990E+03  1.7723432E+07
  4.6099990E+03  1.8161178E+07
  4.6299990E+03  1.7758578E+07
  4.6499990E+03  1.7965062E+07
  4.6699990E+03  1.8207098E+07
  4.6899990E+03  1.7810648E+07
  4.7099995E+03  1.7151942E+07
  4.7299990E+03  1.7909766E+07
  4.7499995E+03  1.8028086E+07
  4.7699995E+03  1.7865634E+07
  4.7899990E+03  1.7782438E+07
  4.8099995E+03  1.7595782E+07
  4.8299995E+03  1.7613464E+07
  4.8499990E+03  1.6079928E+07
  4.8700000E+03  1.3957780E+07
  4.8899990E+03  1.6778988E+07
  4.9099990E+03  1.6828534E+07
  4.9299990E+03  1.6577567E+07
  4.9499995E+03  1.7038898E+07
  4.9699995E+03  1.7146068E+07
  4.9899990E+03  1.6160123E+07
  5.0099995E+03  1.5614097E+07
  5.0299995E+03  1.6313598E+07
  5.0499995E+03  1.6245206E+07
  5.0699995E+03  1.6672756E+07
  5.0899995E+03  1.6262800E+07
  5.1099990E+03  1.6385349E+07
  5.1299995E+03  1.5978687E+07
  5.1499985E+03  1.5609093E+07
  5.1700000E+03  1.5319416E+07
  5.1899990E+03  1.5200180E+07
  5.2099990E+03  1.5439007E+07
  5.2299995E+03  1.5563555E+07
  5.2499995E+03  1.5763675E+07
  5.2699995E+03  1.4590269E+07
  5.2899990E+03  1.5554456E+07
  5.3099995E+03  1.5655291E+07
  5.3299990E+03  1.4845797E+07
  5.3499995E+03  1.5436547E+07
  5.3699995E+03  1.5341374E+07
  5.3899995E+03  1.5186239E+07
  5.4099990E+03  1.4812869E+07
  5.4299990E+03  1.5045100E+07
  5.4499990E+03  1.5251967E+07
  5.4699995E+03  1.4981991E+07
  5.4899995E+03  1.5026775E+07
  5.5099995E+03  1.4905478E+07
  5.5299985E+03  1.4863153E+07
  5.5499990E+03  1.4902988E+07
  5.5699990E+03  1.4604300E+07
  5.5899995E+03  1.4479486E+07
  5.6099990E+03  1.4597883E+07
  5.6299995E+03  1.4612017E+07
  5.6499990E+03  1.4512295E+07
  5.6699990E+03  1.4237836E+07
  5.6899995E+03  1.4356678E+07
  5.7099995E+03  1.4170779E+07
  5.7299990E+03  1.4596402E+07
  5.7499990E+03  1.4258032E+07
  5.7699990E+03  1.4289492E+07
  5.7899995E+03  1.4087555E+07
  5.8099985E+03  1.4133590E+07
  5.8300000E+03  1.4172004E+07
  5.8499990E+03  1.3939870E+07
  5.8699985E+03  1.3917203E+07
  5.8899985E+03  1.3514443E+07
  5.9099995E+03  1.3745625E+07
  5.9299985E+03  1.3664853E+07
  5.9499995E+03  1.3640178E+07
  5.9699990E+03  1.3580654E+07
  5.9899990E+03  1.3446018E+07
  6.0099990E+03  1.3262805E+07
  6.0299995E+03  1.3245424E+07
  6.0499990E+03  1.3331942E+07
  6.0699990E+03  1.3266727E+07
  6.0899995E+03  1.3041583E+07
  6.1099985E+03  1.2911946E+07
  6.1299995E+03  1.2588212E+07
  6.1499985E+03  1.2560264E+07
  6.1699985E+03  1.2427508E+07
  6.1900000E+03  1.2721933E+07
  6.2099995E+03  1.2672360E+07
  6.2299985E+03  1.2452331E+07
  6.2499990E+03  1.2050639E+07
  6.2699985E+03  1.2472198E+07
  6.2900000E+03  1.2424425E+07
  6.3099985E+03  1.2131014E+07
  6.3299995E+03  1.2150376E+07
  6.3499985E+03  1.2100122E+07
  6.3699985E+03  1.2020545E+07
  6.3899995E+03  1.2036755E+07
  6.4099990E+03  1.1772882E+07
  6.4299985E+03  1.1805459E+07
  6.4499985E+03  1.1701571E+07
  6.4699990E+03  1.1667136E+07
  6.4899990E+03  1.1466542E+07
  6.5099985E+03  1.1563316E+07
  6.5299990E+03  1.1468737E+07
  6.5499985E+03  1.0787640E+07
  6.5699985E+03  9.0882240E+06
  6.5899995E+03  1.1089953E+07
  6.6099985E+03  1.1292830E+07
  6.6299990E+03  1.1263366E+07
  6.6499985E+03  1.1204239E+07
  6.6699995E+03  1.1087184E+07
  6.6899990E+03  1.1141363E+07
  6.7099995E+03  1.0995553E+07
  6.7299990E+03  1.0997674E+07
  6.7499995E+03  1.0867277E+07
  6.7699985E+03  1.0866458E+07
  6.7899995E+03  1.0782923E+07
  6.8099995E+03  1.0713994E+07
  6.8300000E+03  1.0669912E+07
  6.8499985E+03  1.0520990E+07
  6.8699985E+03  1.0550819E+07
  6.8899985E+03  1.0516636E+07
  6.9099990E+03  1.0429019E+07
  6.9299995E+03  1.0381460E+07
  6.9499990E+03  1.0325696E+07
  6.9699985E+03  1.0262648E+07
  6.9899985E+03  1.0225593E+07
  7.0099985E+03  9.9925320E+06
  7.0299985E+03  1.0049339E+07
  7.0499990E+03  1.0034089E+07
  7.0699980E+03  9.9623280E+06
  7.0899990E+03  9.8964560E+06
  7.1099990E+03  9.7529200E+06
  7.1299995E+03  9.7212540E+06
  7.1499990E+03  9.6794740E+06
  7.1699995E+03  9.6072280E+06
  7.1899985E+03  9.4634930E+06
  7.2099985E+03  9.5052770E+06
  7.2299980E+03  9.4405100E+06
  7.2499990E+03  9.4408150E+06
  7.2699995E+03  9.4067610E+06
  7.2899990E+03  9.2226570E+06
  7.3099980E+03  9.2441730E+06
  7.3299980E+03  9.2134300E+06
  7.3499980E+03  9.2024080E+06
  7.3699985E+03  9.1733380E+06
  7.3899995E+03  8.9954410E+06
  7.4099985E+03  8.8399160E+06
  7.4299995E+03  8.8899750E+06
  7.4500000E+03  8.8803170E+06
  7.4700000E+03  8.8551090E+06
  7.4899990E+03  8.7857230E+06
  7.5099985E+03  8.7663790E+06
  7.5299995E+03  8.7384740E+06
  7.5499980E+03  8.7398270E+06
  7.5699985E+03  8.6483440E+06
  7.5899990E+03  8.6021710E+06
  7.6099980E+03  8.5472600E+06
  7.6299995E+03  8.5258030E+06
  7.6499995E+03  8.4658320E+06
  7.6699980E+03  8.3019895E+06
  7.6899990E+03  8.3620645E+06
  7.7099995E+03  8.2566280E+06
  7.7299985E+03  8.2681820E+06
  7.7499990E+03  8.1697385E+06
  7.7700000E+03  8.0884200E+06
  7.7900000E+03  8.1766900E+06
  7.8099995E+03  8.1132495E+06
  7.8299980E+03  8.0202410E+06
  7.8499980E+03  7.9513035E+06
  7.8699995E+03  7.9790635E+06
  7.8900000E+03  7.9313990E+06
  7.9099995E+03  7.8564205E+06
  7.9300000E+03  7.7455495E+06
  7.9499985E+03  7.7322615E+06
  7.9699990E+03  7.7806860E+06
  7.9900000E+03  7.7293875E+06
  8.0099980E+03  7.6473905E+06
  8.0299985E+03  7.6105105E+06
  8.0500000E+03  7.5576235E+06
  8.0699985E+03  7.5583925E+06
  8.0899990E+03  7.4617765E+06
  8.1099995E+03  7.4903165E+06
  8.1299976E+03  7.4671920E+06
  8.1499976E+03  7.4124380E+06
  8.1699980E+03  7.3716750E+06
  8.1899985E+03  7.1857545E+06
  8.2099990E+03  7.1882340E+06
  8.2300000E+03  7.1494435E+06
  8.2500000E+03  7.1330880E+06
  8.2700000E+03  7.1790515E+06
  8.2899980E+03  7.1263665E+06
  8.3099990E+03  7.0239110E+06
  8.3299980E+03  6.9174720E+06
  8.3500000E+03  6.9519115E+06
  8.3699990E+03  6.9241085E+06
  8.3899990E+03  6.8188855E+06
  8.4099971E+03  6.8301720E+06
  8.4300000E+03  6.7548560E+06
  8.4499990E+03  6.6907355E+06
  8.4699980E+03  6.6087650E+06
  8.4899980E+03  6.7015345E+06
  8.5099990E+03  6.3100890E+06
  8.5299990E+03  6.7025150E+06
  8.5499990E+03  6.0728745E+06
  8.5699990E+03  6.7083155E+06
  8.5900000E+03  6.4402120E+06
  8.6099980E+03  6.3422325E+06
  8.6299990E+03  6.6006910E+06
  8.6499990E+03  6.5168320E+06
  8.6699990E+03  5.7500625E+06
  8.6899990E+03  6.3462250E+06
  8.7099971E+03  6.4506995E+06
  8.7299990E+03  6.3865720E+06
  8.7499980E+03  5.8761765E+06
  8.7699980E+03  6.3059160E+06
  8.7899980E+03  6.3338140E+06
  8.8099990E+03  6.2555790E+06
  8.8299980E+03  6.2142285E+06
  8.8499980E+03  6.0846815E+06
  8.8699980E+03  5.6516995E+06
  8.8899990E+03  6.1492195E+06
  8.9099971E+03  6.1553390E+06
  8.9299980E+03  6.0715795E+06
  8.9499980E+03  6.0882130E+06
  8.9699990E+03  6.0564110E+06
  8.9899990E+03  6.0075855E+06
  9.0099980E+03  5.4472640E+06
  9.0299990E+03  5.7784510E+06
  9.0499990E+03  5.9613090E+06
  9.0699980E+03  5.8168975E+06
  9.0899990E+03  5.6819020E+06
  9.1099980E+03  5.7777305E+06
  9.1299980E+03  5.8405760E+06
  9.1499980E+03  5.8209200E+06
  9.1699980E+03  5.7776365E+06
  9.1899990E+03  5.7529610E+06
  9.2099990E+03  5.5867680E+06
  9.2299980E+03  5.0633265E+06
  9.2499980E+03  5.4725100E+06
  9.2699971E+03  5.5405490E+06
  9.2899990E+03  5.6096950E+06
  9.3099980E+03  5.5951825E+06
  9.3299990E+03  5.5504460E+06
  9.3499980E+03  5.5245725E+06
  9.3699990E+03  5.5048745E+06
  9.3900000E+03  5.4690565E+06
  9.4099980E+03  5.2552320E+06
  9.4299971E+03  5.3846325E+06
  9.4499990E+03  5.3373950E+06
  9.4700000E+03  5.3669630E+06
  9.4899980E+03  5.3531525E+06
  9.5100000E+03  5.2881690E+06
  9.5300000E+03  5.1896715E+06
  9.5500000E+03  4.6929240E+06
  9.5699990E+03  5.1406220E+06
  9.5899980E+03  5.1958050E+06
  9.6099980E+03  5.1338160E+06
  9.6299990E+03  5.0666080E+06
  9.6499990E+03  5.0848705E+06
  9.6699980E+03  5.0288085E+06
  9.6899980E+03  5.0389650E+06
  9.7100000E+03  5.0529890E+06
  9.7299990E+03  5.0282600E+06
  9.7499980E+03  4.9537555E+06
  9.7699961E+03  4.9642825E+06
  9.7899980E+03  4.9385145E+06
  9.8099980E+03  4.9223135E+06
  9.8299990E+03  4.8991845E+06
  9.8499980E+03  4.8587305E+06
  9.8700000E+03  4.8228155E+06
  9.8899980E+03  4.7906210E+06
  9.9099990E+03  4.7686180E+06
  9.9300000E+03  4.7719690E+06
  9.9499980E+03  4.7547090E+06
  9.9699980E+03  4.7371680E+06
  9.9899990E+03  4.7084040E+06
  1.0024998E+04  4.5739990E+06
  1.0074998E+04  4.4199670E+06
  1.0124997E+04  4.5274590E+06
  1.0174997E+04  4.4739755E+06
  1.0224998E+04  4.4414970E+06
  1.0274997E+04  4.4058700E+06
  1.0325000E+04  4.3212460E+06
  1.0374999E+04  4.2803965E+06
  1.0425000E+04  4.2373555E+06
  1.0474998E+04  4.1448132E+06
  1.0524997E+04  4.1194708E+06
  1.0574999E+04  4.0765640E+06
  1.0625000E+04  4.0182632E+06
  1.0674997E+04  3.9030212E+06
  1.0724998E+04  3.9020858E+06
  1.0774999E+04  3.8562205E+06
  1.0824997E+04  3.7981758E+06
  1.0874997E+04  3.7544112E+06
  1.0924999E+04  3.5253740E+06
  1.0974996E+04  3.6228135E+06
  1.1025000E+04  3.6659605E+06
  1.1074998E+04  3.6347782E+06
  1.1124999E+04  3.5790452E+06
  1.1174998E+04  3.5329112E+06
  1.1224999E+04  3.5086830E+06
  1.1274997E+04  3.4124375E+06
  1.1325000E+04  3.3814898E+06
  1.1375000E+04  3.3678410E+06
  1.1425000E+04  3.3014852E+06
  1.1474997E+04  3.3168385E+06
  1.1525000E+04  3.2801782E+06
  1.1574998E+04  3.2305320E+06
  1.1625000E+04  3.1573615E+06
  1.1674998E+04  3.1146225E+06
  1.1724997E+04  3.1360722E+06
  1.1775001E+04  3.0407498E+06
  1.1824999E+04  3.0282920E+06
  1.1875000E+04  2.9753265E+06
  1.1925000E+04  3.0063268E+06
  1.1975001E+04  2.9174345E+06
  1.2024998E+04  2.9200598E+06
  1.2074996E+04  2.8768080E+06
  1.2125000E+04  2.8567165E+06
  1.2175000E+04  2.8421965E+06
  1.2225001E+04  2.8076508E+06
  1.2275001E+04  2.7713228E+06
  1.2324996E+04  2.7431808E+06
  1.2374996E+04  2.7161388E+06
  1.2424998E+04  2.6899290E+06
  1.2475000E+04  2.6625988E+06
  1.2524997E+04  2.6264952E+06
  1.2574997E+04  2.5889735E+06
  1.2624999E+04  2.5689790E+06
  1.2674997E+04  2.5433582E+06
  1.2724999E+04  2.5245730E+06
  1.2774999E+04  2.4792265E+06
  1.2825000E+04  2.2609160E+06
  1.2875001E+04  2.4263180E+06
  1.2924997E+04  2.4129955E+06
  1.2975001E+04  2.3957752E+06
  1.3024998E+04  2.3652048E+06
  1.3074999E+04  2.3502348E+06
  1.3125000E+04  2.3135540E+06
  1.3174998E+04  2.2834400E+06
  1.3224998E+04  2.2767608E+06
  1.3274997E+04  2.2438230E+06
  1.3324997E+04  2.2272278E+06
  1.3374999E+04  2.2013400E+06
  1.3424999E+04  2.1856002E+06
  1.3474999E+04  2.1623562E+06
  1.3525001E+04  2.1365120E+06
  1.3574999E+04  2.1034260E+06
  1.3624997E+04  2.0930902E+06
  1.3674997E+04  2.0687466E+06
  1.3724995E+04  2.0319030E+06
  1.3774998E+04  2.0235316E+06
  1.3824998E+04  2.0065559E+06
  1.3874996E+04  1.9958391E+06
  1.3925000E+04  1.9673480E+06
  1.3974996E+04  1.9515605E+06
  1.4024997E+04  1.9265616E+06
  1.4075001E+04  1.9157496E+06
  1.4124996E+04  1.8859356E+06
  1.4175000E+04  1.8785031E+06
  1.4225000E+04  1.8440219E+06
  1.4274994E+04  1.8214038E+06
  1.4325001E+04  1.8192839E+06
  1.4374998E+04  1.8092395E+06
  1.4424999E+04  1.7403214E+06
  1.4475000E+04  1.7686666E+06
  1.4524997E+04  1.7248338E+06
  1.4569999E+04  1.7306286E+06
  1.4620000E+04  1.7226182E+06
  1.4674998E+04  1.7279588E+06
  1.4725000E+04  1.6927352E+06
  1.4775002E+04  1.6670771E+06
  1.4824998E+04  1.6538809E+06
  1.4874996E+04  1.6205280E+06
  1.4924997E+04  1.6271585E+06
  1.4974999E+04  1.5957646E+06
  1.5024999E+04  1.5687572E+06
  1.5075000E+04  1.5449401E+06
  1.5124999E+04  1.5451175E+06
  1.5175000E+04  1.5316475E+06
  1.5225002E+04  1.5094466E+06
  1.5274998E+04  1.4977412E+06
  1.5324995E+04  1.4781835E+06
  1.5374997E+04  1.4726165E+06
  1.5425001E+04  1.4413446E+06
  1.5474996E+04  1.4439710E+06
  1.5524994E+04  1.4282146E+06
  1.5575001E+04  1.3890069E+06
  1.5624998E+04  1.4227988E+06
  1.5674997E+04  1.3745922E+06
  1.5724994E+04  1.3489844E+06
  1.5774996E+04  1.3609140E+06
  1.5825001E+04  1.3572612E+06
  1.5874995E+04  1.2677632E+06
  1.5925002E+04  1.3210019E+06
  1.5975001E+04  1.3334572E+06
  1.6049998E+04  1.2985612E+06
  1.6150001E+04  1.2413782E+06
  1.6249997E+04  1.2680204E+06
  1.6350000E+04  1.2214254E+06
  1.6449996E+04  1.1629475E+06
  1.6549998E+04  1.1939814E+06
  1.6649994E+04  1.1723444E+06
  1.6749998E+04  1.1254761E+06
  1.6849998E+04  1.0668702E+06
  1.6950000E+04  1.1038195E+06
  1.7049996E+04  1.0735961E+06
  1.7150000E+04  1.0580124E+06
  1.7249992E+04  1.0247907E+06
  1.7349994E+04  9.4673119E+05
  1.7449992E+04  9.7837275E+05
  1.7550000E+04  9.6993288E+05
  1.7649998E+04  9.4991550E+05
  1.7749994E+04  9.3316850E+05
  1.7849994E+04  9.1558862E+05
  1.7949998E+04  9.0104238E+05
  1.8050002E+04  8.7761450E+05
  1.8150002E+04  8.1534125E+05
  1.8249994E+04  8.3440375E+05
  1.8349992E+04  8.3006700E+05
  1.8449992E+04  8.1199606E+05
  1.8549998E+04  7.9770262E+05
  1.8650002E+04  7.7815556E+05
  1.8750002E+04  7.1637256E+05
  1.8850000E+04  7.4861538E+05
  1.8950004E+04  7.2916331E+05
  1.9049996E+04  7.2883712E+05
  1.9149998E+04  7.1381756E+05
  1.9249992E+04  7.0067694E+05
  1.9350000E+04  6.8270706E+05
  1.9449992E+04  6.3150962E+05
  1.9550002E+04  6.5978100E+05
  1.9649992E+04  6.5014656E+05
  1.9749992E+04  6.3733062E+05
  1.9849992E+04  6.2807612E+05
  1.9950002E+04  6.1698625E+05
  2.0050002E+04  6.0735162E+05
  2.0149996E+04  5.9797969E+05
  2.0249994E+04  5.8460088E+05
  2.0349994E+04  5.7216488E+05
  2.0449996E+04  5.6690700E+05
  2.0550000E+04  5.5632688E+05
  2.0649992E+04  5.4431731E+05
  2.0749998E+04  5.3607325E+05
  2.0849992E+04  5.2724331E+05
  2.0950004E+04  5.1670216E+05
  2.1050002E+04  5.0922850E+05
  2.1149992E+04  4.9952341E+05
  2.1250000E+04  4.9104503E+05
  2.1350002E+04  4.8346381E+05
  2.1449996E+04  4.7651041E+05
  2.1550006E+04  4.6701150E+05
  2.1649994E+04  4.3156262E+05
  2.1750002E+04  4.4892191E+05
  2.1849998E+04  4.4389909E+05
  2.1950002E+04  4.3868281E+05
  2.2050000E+04  4.2914181E+05
  2.2149996E+04  4.2282631E+05
  2.2249998E+04  4.1700228E+05
  2.2350004E+04  4.1026966E+05
  2.2449990E+04  4.0355116E+05
  2.2549994E+04  3.9521603E+05
  2.2650000E+04  3.8986850E+05
  2.2750000E+04  3.8418488E+05
  2.2850000E+04  3.7783516E+05
  2.2950004E+04  3.7371266E+05
  2.3050000E+04  3.6883925E+05
  2.3149996E+04  3.6184266E+05
  2.3250000E+04  3.5610219E+05
  2.3349996E+04  3.4963150E+05
  2.3449994E+04  3.4468978E+05
  2.3550002E+04  3.3860981E+05
  2.3649988E+04  3.3365125E+05
  2.3750000E+04  3.2750097E+05
  2.3849990E+04  3.2189291E+05
  2.3950002E+04  3.1753534E+05
  2.4050006E+04  3.1219709E+05
  2.4149992E+04  3.0713041E+05
  2.4249990E+04  3.0284731E+05
  2.4349990E+04  2.9739134E+05
  2.4450002E+04  2.9330597E+05
  2.4549990E+04  2.8829009E+05
  2.4649992E+04  2.8477769E+05
  2.4749992E+04  2.8007028E+05
  2.4850006E+04  2.7592306E+05
  2.4950000E+04  2.7017547E+05
  2.5050006E+04  2.7050209E+05
  2.5149994E+04  2.6549069E+05
  2.5249998E+04  2.5847556E+05
  2.5350004E+04  2.5734889E+05
  2.5449988E+04  2.5429550E+05
  2.5549998E+04  2.4937692E+05
  2.5649990E+04  2.4176186E+05
  2.5749990E+04  2.4314903E+05
  2.5849994E+04  2.3893167E+05
  2.5949990E+04  2.3678614E+05
  2.6049996E+04  2.3207919E+05
  2.6149998E+04  2.2427495E+05
  2.6249988E+04  2.1313845E+05
  2.6350008E+04  2.2233189E+05
  2.6449996E+04  2.1986789E+05
  2.6549994E+04  2.1710850E+05
  2.6649994E+04  2.1233666E+05
  2.6749988E+04  2.0508719E+05
  2.6849986E+04  2.0799380E+05
  2.6949986E+04  2.0605372E+05
  2.7050002E+04  2.0313234E+05
  2.7149998E+04  2.0029977E+05
  2.7249994E+04  1.9754886E+05
  2.7350006E+04  1.9501884E+05
  2.7450004E+04  1.9215564E+05
  2.7549996E+04  1.8338255E+05
  2.7649982E+04  1.8476398E+05
  2.7750004E+04  1.8437867E+05
  2.7850000E+04  1.8207586E+05
  2.7949992E+04  1.7986398E+05
  2.8049994E+04  1.7740589E+05
  2.8150002E+04  1.7509694E+05
  2.8250006E+04  1.7271708E+05
  2.8350000E+04  1.7059148E+05
  2.8450000E+04  1.6790492E+05
  2.8550002E+04  1.6593578E+05
  2.8650002E+04  1.6251212E+05
  2.8749982E+04  1.5486609E+05
  2.8849998E+04  1.5903564E+05
  2.8949986E+04  1.5745798E+05
  2.9049994E+04  1.5550967E+05
  2.9149986E+04  1.5322094E+05
  2.9249984E+04  1.5129881E+05
  2.9349980E+04  1.4958300E+05
  2.9450000E+04  1.4748709E+05
  2.9550004E+04  1.4577866E+05
  2.9649982E+04  1.4397869E+05
  2.9749992E+04  1.4210989E+05
  2.9849994E+04  1.4034330E+05
  2.9949984E+04  1.3842919E+05
  3.0049996E+04  1.3668323E+05
  3.0149994E+04  1.3504452E+05
  3.0249994E+04  1.3318152E+05
  3.0349996E+04  1.2677571E+05
  3.0449996E+04  1.2790689E+05
  3.0549996E+04  1.2834242E+05
  3.0649996E+04  1.2673633E+05
  3.0749994E+04  1.2540740E+05
  3.0849996E+04  1.2357045E+05
  3.0949994E+04  1.2215577E+05
  3.1049996E+04  1.2076060E+05
  3.1149996E+04  1.1869360E+05
  3.1249996E+04  1.1775001E+05
  3.1349996E+04  1.1641353E+05
  3.1449996E+04  1.1498500E+05
  3.1549998E+04  1.1350407E+05
  3.1649996E+04  1.1235924E+05
  3.1749998E+04  1.1092380E+05
  3.1849996E+04  1.0973073E+05
  3.1949994E+04  1.0848027E+05
  3.2099996E+04  1.0647067E+05
  3.2299992E+04  1.0407657E+05
  3.2499994E+04  1.0160113E+05
  3.2699996E+04  9.9199445E+04
  3.2899996E+04  9.4109312E+04
  3.3099996E+04  9.4364664E+04
  3.3299992E+04  9.2531312E+04
  3.3499996E+04  9.0600578E+04
  3.3699996E+04  8.8340828E+04
  3.3899996E+04  8.6354133E+04
  3.4099996E+04  8.4372195E+04
  3.4299996E+04  8.2680250E+04
  3.4499992E+04  8.0996445E+04
  3.4699996E+04  7.9114289E+04
  3.4899996E+04  7.7421414E+04
  3.5099996E+04  7.5758812E+04
  3.5299996E+04  7.4074406E+04
  3.5499996E+04  7.2506734E+04
  3.5699992E+04  7.0866008E+04
  3.5899992E+04  6.9473523E+04
  3.6099996E+04  6.7960023E+04
  3.6299992E+04  6.6684305E+04
  3.6499992E+04  6.4996902E+04
  3.6699992E+04  6.3828898E+04
  3.6899992E+04  6.2007234E+04
  3.7099996E+04  6.0960027E+04
  3.7299996E+04  5.9224930E+04
  3.7499992E+04  5.7161641E+04
  3.7699996E+04  5.7463266E+04
  3.7899996E+04  5.6336469E+04
  3.8099992E+04  5.5035469E+04
  3.8299996E+04  5.4084641E+04
  3.8499996E+04  5.3211559E+04
  3.8699996E+04  5.2049230E+04
  3.8899992E+04  5.1005031E+04
  3.9099996E+04  4.9698477E+04
  3.9299992E+04  4.9150035E+04
  3.9499992E+04  4.8134441E+04
  3.9699992E+04  4.7258672E+04
  3.9900000E+04  4.6147137E+04
  4.0099996E+04  4.5139742E+04
  4.0299992E+04  4.4259055E+04
  4.0499996E+04  4.2688375E+04
  4.0699992E+04  4.2872562E+04
  4.0899992E+04  4.2080449E+04
  4.1099996E+04  4.1375270E+04
  4.1299996E+04  4.0626539E+04
  4.1499992E+04  3.9789672E+04
  4.1699992E+04  3.8581301E+04
  4.1899996E+04  3.8331875E+04
  4.2099996E+04  3.7564691E+04
  4.2299992E+04  3.7054512E+04
  4.2499996E+04  3.6326977E+04
  4.2699992E+04  3.5716801E+04
  4.2899992E+04  3.5046797E+04
  4.3099996E+04  3.4377520E+04
  4.3299996E+04  3.3737172E+04
  4.3499992E+04  3.3083230E+04
  4.3699996E+04  3.1966355E+04
  4.3899996E+04  3.1834094E+04
  4.4099992E+04  3.1261250E+04
  4.4299992E+04  3.0768455E+04
  4.4499996E+04  3.0241375E+04
  4.4699996E+04  2.9705516E+04
  4.4899996E+04  2.9222830E+04
  4.5099992E+04  2.8714184E+04
  4.5299992E+04  2.8213357E+04
  4.5499996E+04  2.7756598E+04
  4.5699992E+04  2.7286900E+04
  4.5899996E+04  2.6802855E+04
  4.6099996E+04  2.6404162E+04
  4.6299992E+04  2.5955113E+04
  4.6499988E+04  2.4909951E+04
  4.6699992E+04  2.4605490E+04
  4.6899992E+04  2.4699234E+04
  4.7099992E+04  2.4323496E+04
  4.7299992E+04  2.3949848E+04
  4.7499996E+04  2.3544879E+04
  4.7699992E+04  2.3169031E+04
  4.7899992E+04  2.2813404E+04
  4.8099996E+04  2.2428678E+04
  4.8299992E+04  2.2085062E+04
  4.8499992E+04  2.1722312E+04
  4.8700000E+04  2.1380645E+04
  4.8899992E+04  2.1043842E+04
  4.9099988E+04  2.0708676E+04
  4.9299988E+04  2.0382891E+04
  4.9499996E+04  2.0060143E+04
  4.9699992E+04  1.9746502E+04
  4.9899988E+04  1.9453879E+04
  5.0099996E+04  1.9150270E+04
  5.0299996E+04  1.8858318E+04
  5.0499996E+04  1.8554131E+04
  5.0699996E+04  1.8280529E+04
  5.0899992E+04  1.8004832E+04
  5.1099992E+04  1.7699695E+04
  5.1299996E+04  1.7093844E+04
  5.1499988E+04  1.7191445E+04
  5.1699996E+04  1.6952980E+04
  5.1899992E+04  1.6693904E+04
  5.2099992E+04  1.6434131E+04
  5.2299996E+04  1.6191606E+04
  5.2499996E+04  1.5967332E+04
  5.2699996E+04  1.5737849E+04
  5.2899992E+04  1.5496568E+04
  5.3099988E+04  1.5278509E+04
  5.3299988E+04  1.5051345E+04
  5.3499992E+04  1.4837672E+04
  5.3699992E+04  1.4611081E+04
  5.3899992E+04  1.4410783E+04
  5.4099992E+04  1.4211754E+04
  5.4299984E+04  1.3989711E+04
  5.4499988E+04  1.3804777E+04
  5.4699996E+04  1.3588172E+04
  5.4899992E+04  1.3414355E+04
  5.5099992E+04  1.3232769E+04
  5.5299988E+04  1.3044834E+04
  5.5499988E+04  1.2861703E+04
  5.5699992E+04  1.2686932E+04
  5.5899992E+04  1.2485393E+04
  5.6099988E+04  1.2335481E+04
  5.6299996E+04  1.2161229E+04
  5.6499988E+04  1.2004479E+04
  5.6699988E+04  1.1839084E+04
  5.6899992E+04  1.1672221E+04
  5.7099996E+04  1.1519880E+04
  5.7299988E+04  1.1363991E+04
  5.7499988E+04  1.1209300E+04
  5.7699988E+04  1.1055686E+04
  5.7899996E+04  1.0904369E+04
  5.8099988E+04  1.0761797E+04
  5.8299996E+04  1.0621578E+04
  5.8499992E+04  1.0483468E+04
  5.8699988E+04  1.0336385E+04
  5.8899988E+04  1.0172049E+04
  5.9099992E+04  9.8606338E+03
  5.9299988E+04  9.9337197E+03
  5.9499996E+04  9.7845771E+03
  5.9699988E+04  9.6806562E+03
  5.9899992E+04  9.5549043E+03
  6.0099992E+04  9.4250811E+03
  6.0299992E+04  9.3113770E+03
  6.0499988E+04  9.1921748E+03
  6.0699992E+04  9.0702480E+03
  6.0899992E+04  8.9497236E+03
  6.1099988E+04  8.8256357E+03
  6.1299992E+04  8.7278350E+03
  6.1499988E+04  8.6198662E+03
  6.1699988E+04  8.5103379E+03
  6.1899996E+04  8.4031230E+03
  6.2099996E+04  8.2990664E+03
  6.2299988E+04  8.1793804E+03
  6.2499992E+04  8.0875742E+03
  6.2699988E+04  7.9865186E+03
  6.2899996E+04  7.8928628E+03
  6.3099984E+04  7.7846274E+03
  6.3299996E+04  7.6989355E+03
  6.3499984E+04  7.6029609E+03
  6.3699984E+04  7.5098931E+03
  6.3900000E+04  7.4170972E+03
  6.4199992E+04  7.2848740E+03
  6.4599984E+04  7.1063799E+03
  6.4999992E+04  6.9340293E+03
  6.5399992E+04  6.7741597E+03
  6.5799992E+04  6.6142603E+03
  6.6199984E+04  6.4567749E+03
  6.6599984E+04  6.3082734E+03
  6.6999992E+04  6.1599937E+03
  6.7399992E+04  6.0162720E+03
  6.7799992E+04  5.8800112E+03
  6.8199992E+04  5.7455513E+03
  6.8599992E+04  5.6147798E+03
  6.8999984E+04  5.4869634E+03
  6.9399984E+04  5.3628057E+03
  6.9800000E+04  5.2450674E+03
  7.0199992E+04  5.1259902E+03
  7.0599984E+04  5.0147852E+03
  7.0999977E+04  4.9059771E+03
  7.1399977E+04  4.7984722E+03
  7.1799984E+04  4.6938550E+03
  7.2199984E+04  4.5901714E+03
  7.2600000E+04  4.4926973E+03
  7.2999984E+04  4.3987788E+03
  7.3400000E+04  4.3035542E+03
  7.3799984E+04  4.2139380E+03
  7.4199992E+04  4.1232593E+03
  7.4599992E+04  4.0007024E+03
  7.5000000E+04  3.9160142E+03
  7.5399992E+04  3.8706660E+03
  7.5799992E+04  3.7928765E+03
  7.6199984E+04  3.7152061E+03
  7.6599992E+04  3.6397791E+03
  7.6999992E+04  3.5649534E+03
  7.7399992E+04  3.4939917E+03
  7.7799984E+04  3.4239871E+03
  7.8199984E+04  3.3555349E+03
  7.8599984E+04  3.2889053E+03
  7.8999984E+04  3.2237520E+03
  7.9399984E+04  3.1601592E+03
  7.9800000E+04  3.0983850E+03
  8.0199992E+04  3.0370986E+03
  8.0599984E+04  2.9780334E+03
  8.0999992E+04  2.9214756E+03
  8.1399977E+04  2.8639514E+03
  8.1799984E+04  2.8097170E+03
  8.2199984E+04  2.7570137E+03
  8.2599992E+04  2.7044233E+03
  8.2999984E+04  2.6537019E+03
  8.3400000E+04  2.6025796E+03
  8.3799992E+04  2.5541890E+03
  8.4199992E+04  2.5074480E+03
  8.4599977E+04  2.4613706E+03
  8.4999977E+04  2.4161504E+03
  8.5399984E+04  2.3716157E+03
  8.5799984E+04  2.3284700E+03
  8.6199992E+04  2.2858689E+03
  8.6599992E+04  2.2449587E+03
  8.6999984E+04  2.2046528E+03
  8.7399992E+04  2.1649888E+03
  8.7799992E+04  2.1263943E+03
  8.8199984E+04  2.0878767E+03
  8.8599977E+04  2.0512627E+03
  8.8999992E+04  2.0148395E+03
  8.9399977E+04  1.9799756E+03
  8.9799977E+04  1.9447167E+03
  9.0199984E+04  1.9113926E+03
  9.0599984E+04  1.8789015E+03
  9.0999992E+04  1.8456328E+03
  9.1400000E+04  1.8141805E+03
  9.1799969E+04  1.7836986E+03
  9.2199969E+04  1.7534980E+03
  9.2599984E+04  1.7237068E+03
  9.3000000E+04  1.6947540E+03
  9.3399984E+04  1.6661046E+03
  9.3799984E+04  1.6383518E+03
  9.4199977E+04  1.6110520E+03
  9.4599984E+04  1.5843220E+03
  9.4999969E+04  1.5581104E+03
  9.5399984E+04  1.5321562E+03
  9.5799984E+04  1.5074843E+03
  9.6199992E+04  1.4825984E+03
  9.6599984E+04  1.4587994E+03
  9.7000000E+04  1.4352209E+03
  9.7399977E+04  1.4113059E+03
  9.7799984E+04  1.3891110E+03
  9.8199977E+04  1.3669961E+03
  9.8599977E+04  1.3453483E+03
  9.8999992E+04  1.3241584E+03
  9.9399984E+04  1.3029991E+03
  9.9799977E+04  1.2824763E+03
  1.0019999E+05  1.2623884E+03
  1.9999991E+05  8.1366867E+01
  3.9999994E+05  5.0915484E+00
  5.9999981E+05  9.9945241E-01
  7.9999994E+05  3.1416598E-01
