  9.2499988E+02  1.6482692E-05
  9.3499982E+02  2.2770975E-05
  9.4500000E+02  3.1393680E-05
  9.5500000E+02  4.6408764E-05
  9.6499988E+02  6.4417531E-05
  9.7499982E+02  8.5303676E-05
  9.8499976E+02  1.1655054E-04
  9.9499988E+02  1.5210500E-04
  1.0049999E+03  2.1846624E-04
  1.0149997E+03  2.9073798E-04
  1.0249998E+03  3.3481696E-04
  1.0349998E+03  5.0143170E-04
  1.0449998E+03  6.6247629E-04
  1.0549999E+03  8.6345419E-04
  1.0649999E+03  1.0859651E-03
  1.0750000E+03  1.4196294E-03
  1.0849996E+03  1.8294153E-03
  1.0949999E+03  2.2812455E-03
  1.1049999E+03  4.8783004E-02
  1.1149999E+03  1.1549642E-01
  1.1249999E+03  1.7204180E-01
  1.1349996E+03  2.2766452E-01
  1.1449999E+03  3.0589226E-01
  1.1549999E+03  3.3072251E-01
  1.1650000E+03  4.7176811E-01
  1.1749995E+03  5.6028718E-01
  1.1849996E+03  5.4660493E-01
  1.1949998E+03  2.7776989E-01
  1.2049996E+03  2.6526546E-01
  1.2149998E+03  3.4870580E-02
  1.2249996E+03  3.4391463E-01
  1.2349996E+03  1.0342951E+00
  1.2449998E+03  3.3540864E+00
  1.2549996E+03  6.3467174E+00
  1.2650000E+03  6.7009029E+00
  1.2749998E+03  1.1921975E+01
  1.2849995E+03  1.8668003E+01
  1.2949998E+03  2.4695086E+01
  1.3049995E+03  1.8925095E+01
  1.3149998E+03  3.5548611E+01
  1.3249998E+03  4.3024563E+01
  1.3349996E+03  5.1877773E+01
  1.3449995E+03  6.5316193E+01
  1.3549996E+03  7.0714493E+01
  1.3649999E+03  8.0119408E+01
  1.3749999E+03  8.7076279E+01
  1.3849996E+03  9.6067482E+01
  1.3949999E+03  1.1310947E+02
  1.4050001E+03  1.3172890E+02
  1.4149998E+03  1.4024677E+02
  1.4249998E+03  1.5554477E+02
  1.4350000E+03  1.6787943E+02
  1.4419998E+03  2.1708640E+02
  1.4469999E+03  2.1515689E+02
  1.4549994E+03  2.5087971E+02
  1.4650000E+03  2.7362061E+02
  1.4749995E+03  3.0259875E+02
  1.4849996E+03  3.4182700E+02
  1.4949998E+03  4.4086554E+02
  1.5049996E+03  5.1484631E+02
  1.5119995E+03  4.5674796E+02
  1.5169994E+03  5.1837299E+02
  1.5250001E+03  9.1888422E+02
  1.5349994E+03  1.1787939E+03
  1.5449994E+03  1.3513175E+03
  1.5549998E+03  1.5770278E+03
  1.5649999E+03  1.4194564E+03
  1.5750001E+03  2.3444199E+03
  1.5850000E+03  2.7805566E+03
  1.5949996E+03  3.4804531E+03
  1.6049999E+03  3.3874939E+03
  1.6150000E+03  3.4544360E+03
  1.6249996E+03  3.4300286E+03
  1.6350000E+03  4.2274258E+03
  1.6449996E+03  5.4258262E+03
  1.6549999E+03  3.1680227E+03
  1.6649993E+03  5.7955420E+03
  1.6720000E+03  3.1978557E+03
  1.6770001E+03  1.1894367E+04
  1.6849998E+03  1.5318912E+04
  1.6950000E+03  1.6265073E+04
  1.7049995E+03  1.5575912E+04
  1.7150000E+03  2.6261699E+04
  1.7249993E+03  3.4542039E+04
  1.7349994E+03  4.9178160E+04
  1.7449993E+03  4.2834664E+04
  1.7550001E+03  6.8761766E+04
  1.7649998E+03  5.7058543E+04
  1.7749995E+03  7.3948227E+04
  1.7849995E+03  6.9477891E+04
  1.7949999E+03  1.3047584E+05
  1.8050001E+03  1.4654083E+05
  1.8150001E+03  1.7668873E+05
  1.8249994E+03  1.6438550E+05
  1.8349993E+03  1.6719709E+05
  1.8449993E+03  1.5476498E+05
  1.8549998E+03  2.2629005E+05
  1.8650002E+03  2.9750009E+05
  1.8750001E+03  2.6729891E+05
  1.8850000E+03  2.9726412E+05
  1.8950002E+03  3.7802066E+05
  1.9049996E+03  3.4810984E+05
  1.9149999E+03  3.4782234E+05
  1.9249993E+03  2.7261538E+05
  1.9350001E+03  1.1244964E+05
  1.9449993E+03  4.2528853E+05
  1.9550002E+03  4.5597003E+05
  1.9670002E+03  5.5828019E+05
  1.9759990E+03  4.9262391E+05
  1.9839996E+03  6.3085300E+05
  1.9950001E+03  6.4328169E+05
  2.0050002E+03  5.7171206E+05
  2.0149996E+03  5.1264412E+05
  2.0249994E+03  4.5407816E+05
  2.0349995E+03  6.4919038E+05
  2.0449998E+03  7.4448031E+05
  2.0550000E+03  6.1477681E+05
  2.0649993E+03  5.5988412E+05
  2.0739993E+03  7.7806388E+05
  2.0780002E+03  1.4102345E+06
  2.0849993E+03  1.6150075E+06
  2.0950005E+03  1.4555934E+06
  2.1050002E+03  1.3233615E+06
  2.1149990E+03  1.4260909E+06
  2.1250000E+03  1.2493456E+06
  2.1350002E+03  1.0315426E+06
  2.1449998E+03  1.3878702E+06
  2.1550005E+03  1.5105739E+06
  2.1649995E+03  1.1564276E+06
  2.1750002E+03  1.2833508E+06
  2.1849998E+03  1.4836619E+06
  2.1950000E+03  1.6767582E+06
  2.2050000E+03  1.4593486E+06
  2.2149998E+03  9.8264012E+05
  2.2249998E+03  1.0184206E+06
  2.2350005E+03  1.6427679E+06
  2.2449990E+03  1.4854731E+06
  2.2549993E+03  9.0978606E+05
  2.2650000E+03  8.6086694E+05
  2.2750000E+03  1.2444881E+06
  2.2850000E+03  1.5099698E+06
  2.2950002E+03  1.3831834E+06
  2.3050000E+03  1.5723016E+06
  2.3149995E+03  1.2161946E+06
  2.3250000E+03  5.2733038E+05
  2.3349995E+03  4.5316669E+05
  2.3449993E+03  2.9462338E+05
  2.3550000E+03  7.3709188E+05
  2.3649988E+03  2.9596600E+05
  2.3750000E+03  4.5905575E+05
  2.3849990E+03  2.1046027E+05
  2.3950000E+03  3.0263297E+05
  2.4050005E+03  2.8667788E+05
  2.4149993E+03  5.3159194E+05
  2.4249990E+03  1.3219499E+06
  2.4349990E+03  1.3628981E+06
  2.4450000E+03  1.6154456E+06
  2.4549990E+03  1.7124512E+06
  2.4649990E+03  1.4352041E+06
  2.4749993E+03  1.2915865E+06
  2.4850005E+03  1.0806196E+06
  2.4950000E+03  1.1810305E+06
  2.5050005E+03  1.9007674E+06
  2.5129988E+03  7.7808419E+05
  2.5179990E+03  6.8907781E+05
  2.5249998E+03  7.1699306E+05
  2.5350007E+03  9.7515625E+05
  2.5449988E+03  1.0855835E+06
  2.5550000E+03  1.6729584E+06
  2.5649990E+03  1.0794280E+06
  2.5749990E+03  1.3541802E+06
  2.5849993E+03  1.0000967E+06
  2.5949990E+03  7.7975788E+05
  2.6049995E+03  5.8641581E+05
  2.6149998E+03  5.4205800E+05
  2.6249990E+03  8.1189869E+05
  2.6350007E+03  1.6813250E+06
  2.6449995E+03  3.0679192E+06
  2.6549998E+03  3.6649175E+06
  2.6649995E+03  2.4048732E+06
  2.6749988E+03  2.8691888E+06
  2.6849988E+03  2.9796488E+06
  2.6949988E+03  2.5422022E+06
  2.7050000E+03  3.0541168E+06
  2.7150000E+03  2.1159472E+06
  2.7249995E+03  2.0563585E+06
  2.7350007E+03  2.2115262E+06
  2.7450002E+03  8.2775975E+05
  2.7549998E+03  1.1856381E+06
  2.7649983E+03  1.6902984E+06
  2.7750005E+03  1.9997511E+06
  2.7850000E+03  1.1686836E+06
  2.7949993E+03  3.7148028E+05
  2.8049995E+03  4.8848741E+05
  2.8150002E+03  1.6892599E+06
  2.8250007E+03  2.9287975E+06
  2.8350000E+03  3.0583568E+06
  2.8450002E+03  3.0915370E+06
  2.8550005E+03  2.3666480E+06
  2.8650000E+03  3.7132518E+06
  2.8749983E+03  3.8940762E+06
  2.8850000E+03  3.7586282E+06
  2.8949988E+03  3.7754132E+06
  2.9099988E+03  4.8363485E+06
  2.9299983E+03  4.4581010E+06
  2.9499990E+03  4.3827030E+06
  2.9700005E+03  4.8756730E+06
  2.9899980E+03  5.0251645E+06
  3.0099995E+03  5.4080985E+06
  3.0299995E+03  5.2708740E+06
  3.0499995E+03  5.4372685E+06
  3.0699995E+03  5.4434015E+06
  3.0899995E+03  5.9302890E+06
  3.1099995E+03  5.6809305E+06
  3.1299998E+03  5.6001020E+06
  3.1499995E+03  5.8610525E+06
  3.1699995E+03  5.9162945E+06
  3.1899995E+03  5.2744340E+06
  3.2099998E+03  5.8428895E+06
  3.2299993E+03  5.0651655E+06
  3.2499993E+03  5.9346405E+06
  3.2699995E+03  6.4108295E+06
  3.2899995E+03  6.2652535E+06
  3.3099998E+03  6.5810775E+06
  3.3299993E+03  6.4587780E+06
  3.3499995E+03  6.4574185E+06
  3.3699995E+03  6.1060025E+06
  3.3899993E+03  6.4039495E+06
  3.4099993E+03  6.5046500E+06
  3.4299995E+03  6.6131395E+06
  3.4499993E+03  6.8016115E+06
  3.4699998E+03  6.6552245E+06
  3.4899993E+03  6.7028880E+06
  3.5099995E+03  7.0520680E+06
  3.5299995E+03  6.8656615E+06
  3.5499995E+03  7.5902640E+06
  3.5699995E+03  6.7638090E+06
  3.5899995E+03  6.7292880E+06
  3.6099995E+03  6.9125030E+06
  3.6299993E+03  7.0449655E+06
  3.6399993E+03  7.0779635E+06
  3.6499995E+03  7.5001635E+06
  3.6699993E+03  7.1308240E+06
  3.6899995E+03  8.3375390E+06
  3.7099995E+03  1.0936239E+07
  3.7299998E+03  1.0862869E+07
  3.7499993E+03  1.2872553E+07
  3.7699993E+03  1.3795798E+07
  3.7899995E+03  1.5625240E+07
  3.8099993E+03  1.7707844E+07
  3.8299998E+03  1.4287139E+07
  3.8499995E+03  1.7990674E+07
  3.8699995E+03  1.9359486E+07
  3.8899995E+03  1.4691050E+07
  3.9099995E+03  1.7319802E+07
  3.9299993E+03  7.7147250E+06
  3.9499993E+03  1.3551286E+07
  3.9699998E+03  8.1119670E+06
  3.9899995E+03  1.8225296E+07
  4.0099995E+03  1.9921980E+07
  4.0299993E+03  2.0070366E+07
  4.0499993E+03  1.9731606E+07
  4.0699993E+03  1.9489490E+07
  4.0899995E+03  1.9646622E+07
  4.1099995E+03  1.7140898E+07
  4.1299995E+03  2.0069652E+07
  4.1499990E+03  2.1141682E+07
  4.1699990E+03  2.0461656E+07
  4.1899995E+03  2.0625998E+07
  4.2099995E+03  2.0425178E+07
  4.2299995E+03  1.9899400E+07
  4.2499995E+03  2.0408556E+07
  4.2699990E+03  1.9750448E+07
  4.2899995E+03  1.9422610E+07
  4.3100000E+03  1.7986796E+07
  4.3299995E+03  1.8510436E+07
  4.3499995E+03  1.6617667E+07
  4.3699995E+03  2.0666474E+07
  4.3899995E+03  1.9911702E+07
  4.4099995E+03  1.9745068E+07
  4.4299995E+03  1.9467362E+07
  4.4499995E+03  1.9580038E+07
  4.4699995E+03  2.0006680E+07
  4.4899995E+03  1.9866218E+07
  4.5099990E+03  2.1229568E+07
  4.5299995E+03  1.9544468E+07
  4.5499990E+03  1.9624154E+07
  4.5699995E+03  2.0784004E+07
  4.5899990E+03  1.9499978E+07
  4.6099990E+03  2.0217494E+07
  4.6299990E+03  1.9633730E+07
  4.6499990E+03  1.9966988E+07
  4.6699990E+03  2.0157366E+07
  4.6899990E+03  1.9564482E+07
  4.7099995E+03  1.8811096E+07
  4.7299990E+03  1.9716572E+07
  4.7499995E+03  1.9918222E+07
  4.7699995E+03  1.9587624E+07
  4.7899990E+03  1.9562324E+07
  4.8099995E+03  1.9269712E+07
  4.8299995E+03  1.9259026E+07
  4.8499990E+03  1.7066504E+07
  4.8700000E+03  1.4395242E+07
  4.8899990E+03  1.8267826E+07
  4.9099990E+03  1.8336522E+07
  4.9299990E+03  1.7922994E+07
  4.9499995E+03  1.8607178E+07
  4.9699995E+03  1.8692600E+07
  4.9899990E+03  1.7411358E+07
  5.0099995E+03  1.6657238E+07
  5.0299995E+03  1.7485452E+07
  5.0499995E+03  1.7440292E+07
  5.0699995E+03  1.7959560E+07
  5.0899995E+03  1.7510430E+07
  5.1099990E+03  1.7582834E+07
  5.1299995E+03  1.6970732E+07
  5.1499985E+03  1.6631802E+07
  5.1700000E+03  1.6468125E+07
  5.1899990E+03  1.6277116E+07
  5.2099990E+03  1.6400821E+07
  5.2299995E+03  1.6491858E+07
  5.2499995E+03  1.6637082E+07
  5.2699995E+03  1.5321411E+07
  5.2899990E+03  1.6421435E+07
  5.3099995E+03  1.6359424E+07
  5.3299990E+03  1.5654723E+07
  5.3499995E+03  1.6298666E+07
  5.3699995E+03  1.6257180E+07
  5.3899995E+03  1.5985036E+07
  5.4099990E+03  1.5587750E+07
  5.4299990E+03  1.5792563E+07
  5.4499990E+03  1.6122060E+07
  5.4699995E+03  1.5755078E+07
  5.4899995E+03  1.5770489E+07
  5.5099995E+03  1.5553218E+07
  5.5299985E+03  1.5570278E+07
  5.5499990E+03  1.5586679E+07
  5.5699990E+03  1.5320732E+07
  5.5899995E+03  1.5171511E+07
  5.6099990E+03  1.5316106E+07
  5.6299995E+03  1.5276417E+07
  5.6499990E+03  1.5108271E+07
  5.6699990E+03  1.4771022E+07
  5.6899995E+03  1.4957104E+07
  5.7099995E+03  1.4755448E+07
  5.7299990E+03  1.5221750E+07
  5.7499990E+03  1.4836877E+07
  5.7699990E+03  1.4869987E+07
  5.7899995E+03  1.4603365E+07
  5.8099985E+03  1.4636928E+07
  5.8300000E+03  1.4677434E+07
  5.8499990E+03  1.4452858E+07
  5.8699985E+03  1.4427794E+07
  5.8899985E+03  1.3998770E+07
  5.9099995E+03  1.4209422E+07
  5.9299985E+03  1.4106243E+07
  5.9499995E+03  1.4061580E+07
  5.9699990E+03  1.4019319E+07
  5.9899990E+03  1.3826110E+07
  6.0099990E+03  1.3586135E+07
  6.0299995E+03  1.3632922E+07
  6.0499990E+03  1.3655129E+07
  6.0699990E+03  1.3639934E+07
  6.0899995E+03  1.3353427E+07
  6.1099985E+03  1.3173314E+07
  6.1299995E+03  1.2861914E+07
  6.1499985E+03  1.2763459E+07
  6.1699985E+03  1.2683818E+07
  6.1900000E+03  1.2992320E+07
  6.2099995E+03  1.2940031E+07
  6.2299985E+03  1.2646458E+07
  6.2499990E+03  1.2142258E+07
  6.2699985E+03  1.2701230E+07
  6.2900000E+03  1.2642483E+07
  6.3099985E+03  1.2285241E+07
  6.3299995E+03  1.2336537E+07
  6.3499985E+03  1.2273901E+07
  6.3699985E+03  1.2183951E+07
  6.3899995E+03  1.2179764E+07
  6.4099990E+03  1.1903996E+07
  6.4299985E+03  1.1958540E+07
  6.4499985E+03  1.1805711E+07
  6.4699990E+03  1.1832730E+07
  6.4899990E+03  1.1547935E+07
  6.5099985E+03  1.1672657E+07
  6.5299990E+03  1.1603913E+07
  6.5499985E+03  1.0836814E+07
  6.5699985E+03  8.9869810E+06
  6.5899995E+03  1.1174966E+07
  6.6099985E+03  1.1352325E+07
  6.6299990E+03  1.1360213E+07
  6.6499985E+03  1.1280911E+07
  6.6699995E+03  1.1153235E+07
  6.6899990E+03  1.1200286E+07
  6.7099995E+03  1.1050779E+07
  6.7299990E+03  1.1046748E+07
  6.7499995E+03  1.0874718E+07
  6.7699985E+03  1.0919886E+07
  6.7899995E+03  1.0809072E+07
  6.8099995E+03  1.0753799E+07
  6.8300000E+03  1.0676372E+07
  6.8499985E+03  1.0538654E+07
  6.8699985E+03  1.0573967E+07
  6.8899985E+03  1.0534888E+07
  6.9099990E+03  1.0441643E+07
  6.9299995E+03  1.0380675E+07
  6.9499990E+03  1.0321017E+07
  6.9699985E+03  1.0247139E+07
  6.9899985E+03  1.0213257E+07
  7.0099985E+03  9.9495990E+06
  7.0299985E+03  1.0018084E+07
  7.0499990E+03  1.0003769E+07
  7.0699980E+03  9.9321810E+06
  7.0899990E+03  9.8649810E+06
  7.1099990E+03  9.6299560E+06
  7.1299995E+03  9.6515950E+06
  7.1499990E+03  9.6315740E+06
  7.1699995E+03  9.5522670E+06
  7.1899985E+03  9.3964480E+06
  7.2099985E+03  9.4349790E+06
  7.2299980E+03  9.3511420E+06
  7.2499990E+03  9.3440560E+06
  7.2699995E+03  9.3290670E+06
  7.2899990E+03  9.1347540E+06
  7.3099980E+03  9.1341910E+06
  7.3299980E+03  9.1208740E+06
  7.3499980E+03  9.0957120E+06
  7.3699985E+03  9.0845590E+06
  7.3899995E+03  8.9002440E+06
  7.4099985E+03  8.7541520E+06
  7.4299995E+03  8.7514420E+06
  7.4500000E+03  8.7418480E+06
  7.4700000E+03  8.6984760E+06
  7.4899990E+03  8.6500720E+06
  7.5099985E+03  8.6428050E+06
  7.5299995E+03  8.6089110E+06
  7.5499980E+03  8.6334200E+06
  7.5699985E+03  8.5260640E+06
  7.5899990E+03  8.4883820E+06
  7.6099980E+03  8.4353690E+06
  7.6299995E+03  8.4086740E+06
  7.6499995E+03  8.3254965E+06
  7.6699980E+03  8.1687880E+06
  7.6899990E+03  8.2263705E+06
  7.7099995E+03  8.1203700E+06
  7.7299985E+03  8.1275840E+06
  7.7499990E+03  8.0430365E+06
  7.7700000E+03  7.9211845E+06
  7.7900000E+03  8.0432155E+06
  7.8099995E+03  7.9761340E+06
  7.8299980E+03  7.8666205E+06
  7.8499980E+03  7.7850150E+06
  7.8699995E+03  7.8166590E+06
  7.8900000E+03  7.7522685E+06
  7.9099995E+03  7.6733760E+06
  7.9300000E+03  7.5969765E+06
  7.9499985E+03  7.5617845E+06
  7.9699990E+03  7.6324145E+06
  7.9900000E+03  7.5470410E+06
  8.0099980E+03  7.4929625E+06
  8.0299985E+03  7.4358185E+06
  8.0500000E+03  7.4041455E+06
  8.0699985E+03  7.3819555E+06
  8.0899990E+03  7.2983005E+06
  8.1099995E+03  7.3333725E+06
  8.1299976E+03  7.3070305E+06
  8.1499976E+03  7.2513595E+06
  8.1699980E+03  7.2108205E+06
  8.1899985E+03  7.0082735E+06
  8.2099990E+03  7.0088215E+06
  8.2300000E+03  6.9781340E+06
  8.2500000E+03  6.9498760E+06
  8.2700000E+03  6.9967235E+06
  8.2899980E+03  6.9120275E+06
  8.3099990E+03  6.7795065E+06
  8.3299980E+03  6.6389485E+06
  8.3500000E+03  6.6952540E+06
  8.3699990E+03  6.5901635E+06
  8.3899990E+03  6.5496840E+06
  8.4099971E+03  6.5638470E+06
  8.4300000E+03  6.6117220E+06
  8.4499990E+03  6.5197870E+06
  8.4699980E+03  6.3299205E+06
  8.4899980E+03  6.7240095E+06
  8.5099990E+03  6.0281375E+06
  8.5299990E+03  6.7900175E+06
  8.5499990E+03  5.7610880E+06
  8.5699990E+03  6.8334745E+06
  8.5900000E+03  6.4146830E+06
  8.6099980E+03  6.2304310E+06
  8.6299990E+03  6.7342330E+06
  8.6499990E+03  6.6114905E+06
  8.6699990E+03  5.5099965E+06
  8.6899990E+03  6.4110795E+06
  8.7099971E+03  6.5981865E+06
  8.7299990E+03  6.4997700E+06
  8.7499980E+03  5.7305265E+06
  8.7699980E+03  6.3989820E+06
  8.7899980E+03  6.4883795E+06
  8.8099990E+03  6.4157545E+06
  8.8299980E+03  6.3079655E+06
  8.8499980E+03  6.1197945E+06
  8.8699980E+03  5.5453980E+06
  8.8899990E+03  6.2464625E+06
  8.9099971E+03  6.2886865E+06
  8.9299980E+03  6.2019685E+06
  8.9499980E+03  6.2208415E+06
  8.9699990E+03  6.1772110E+06
  8.9899990E+03  6.1087370E+06
  9.0099980E+03  5.4017845E+06
  9.0299990E+03  5.7950835E+06
  9.0499990E+03  6.0786030E+06
  9.0699980E+03  5.9057400E+06
  9.0899990E+03  5.7749130E+06
  9.1099980E+03  5.8830445E+06
  9.1299980E+03  5.9535635E+06
  9.1499980E+03  5.9469145E+06
  9.1699980E+03  5.8865050E+06
  9.1899990E+03  5.8448515E+06
  9.2099990E+03  5.6498345E+06
  9.2299980E+03  4.9788635E+06
  9.2499980E+03  5.5002490E+06
  9.2699971E+03  5.5975410E+06
  9.2899990E+03  5.7122770E+06
  9.3099980E+03  5.7021055E+06
  9.3299990E+03  5.6538815E+06
  9.3499980E+03  5.6310130E+06
  9.3699990E+03  5.6138645E+06
  9.3900000E+03  5.5587835E+06
  9.4099980E+03  5.3267085E+06
  9.4299971E+03  5.4638560E+06
  9.4499990E+03  5.4179705E+06
  9.4700000E+03  5.4585410E+06
  9.4899980E+03  5.4468545E+06
  9.5100000E+03  5.3714800E+06
  9.5300000E+03  5.2328110E+06
  9.5500000E+03  4.6288970E+06
  9.5699990E+03  5.1871045E+06
  9.5899980E+03  5.2748645E+06
  9.6099980E+03  5.2068355E+06
  9.6299990E+03  5.1210440E+06
  9.6499990E+03  5.1568815E+06
  9.6699980E+03  5.0811840E+06
  9.6899980E+03  5.0802910E+06
  9.7100000E+03  5.1333030E+06
  9.7299990E+03  5.1014795E+06
  9.7499980E+03  5.0076535E+06
  9.7699961E+03  5.0420345E+06
  9.7899980E+03  5.0108395E+06
  9.8099980E+03  4.9947350E+06
  9.8299990E+03  4.9701415E+06
  9.8499980E+03  4.9033845E+06
  9.8700000E+03  4.8785030E+06
  9.8899980E+03  4.8464690E+06
  9.9099990E+03  4.8200215E+06
  9.9300000E+03  4.8277505E+06
  9.9499980E+03  4.8030360E+06
  9.9699980E+03  4.7951555E+06
  9.9899990E+03  4.7642720E+06
  1.0024998E+04  4.5904935E+06
  1.0074998E+04  4.4236785E+06
  1.0124997E+04  4.5601660E+06
  1.0174997E+04  4.5180060E+06
  1.0224998E+04  4.4854580E+06
  1.0274997E+04  4.4533295E+06
  1.0325000E+04  4.3555250E+06
  1.0374999E+04  4.3157455E+06
  1.0425000E+04  4.2685530E+06
  1.0474998E+04  4.1578605E+06
  1.0524997E+04  4.1300135E+06
  1.0574999E+04  4.0940815E+06
  1.0625000E+04  4.0396208E+06
  1.0674997E+04  3.9198818E+06
  1.0724998E+04  3.9161695E+06
  1.0774999E+04  3.8688752E+06
  1.0824997E+04  3.8139288E+06
  1.0874997E+04  3.7687458E+06
  1.0924999E+04  3.4947568E+06
  1.0974996E+04  3.6243778E+06
  1.1025000E+04  3.6811478E+06
  1.1074998E+04  3.6461428E+06
  1.1124999E+04  3.5823935E+06
  1.1174998E+04  3.5392465E+06
  1.1224999E+04  3.5149622E+06
  1.1274997E+04  3.3985092E+06
  1.1325000E+04  3.3665090E+06
  1.1375000E+04  3.3637648E+06
  1.1425000E+04  3.2876312E+06
  1.1474997E+04  3.3165525E+06
  1.1525000E+04  3.2801782E+06
  1.1574998E+04  3.2263142E+06
  1.1625000E+04  3.1414718E+06
  1.1674998E+04  3.0933405E+06
  1.1724997E+04  3.1283992E+06
  1.1775001E+04  3.0241752E+06
  1.1824999E+04  3.0150905E+06
  1.1875000E+04  2.9542210E+06
  1.1925000E+04  2.9973198E+06
  1.1975001E+04  2.9053495E+06
  1.2024998E+04  2.9083358E+06
  1.2074996E+04  2.8615635E+06
  1.2125000E+04  2.8380098E+06
  1.2175000E+04  2.8223725E+06
  1.2225001E+04  2.7831990E+06
  1.2275001E+04  2.7525710E+06
  1.2324996E+04  2.7198688E+06
  1.2374996E+04  2.6937522E+06
  1.2424998E+04  2.6711388E+06
  1.2475000E+04  2.6386332E+06
  1.2524997E+04  2.5998390E+06
  1.2574997E+04  2.5582402E+06
  1.2624999E+04  2.5439250E+06
  1.2674997E+04  2.5206120E+06
  1.2724999E+04  2.5031685E+06
  1.2774999E+04  2.4575275E+06
  1.2825000E+04  2.2276132E+06
  1.2875001E+04  2.4035912E+06
  1.2924997E+04  2.3870618E+06
  1.2975001E+04  2.3689220E+06
  1.3024998E+04  2.3409998E+06
  1.3074999E+04  2.3251125E+06
  1.3125000E+04  2.2892792E+06
  1.3174998E+04  2.2552250E+06
  1.3224998E+04  2.2483282E+06
  1.3274997E+04  2.2164595E+06
  1.3324997E+04  2.1992202E+06
  1.3374999E+04  2.1733308E+06
  1.3424999E+04  2.1550822E+06
  1.3474999E+04  2.1318568E+06
  1.3525001E+04  2.1029422E+06
  1.3574999E+04  2.0692854E+06
  1.3624997E+04  2.0618381E+06
  1.3674997E+04  2.0353051E+06
  1.3724995E+04  1.9907251E+06
  1.3774998E+04  1.9883898E+06
  1.3824998E+04  1.9716679E+06
  1.3874996E+04  1.9629631E+06
  1.3925000E+04  1.9288595E+06
  1.3974996E+04  1.9158934E+06
  1.4024997E+04  1.8924316E+06
  1.4075001E+04  1.8818618E+06
  1.4124996E+04  1.8515318E+06
  1.4175000E+04  1.8414730E+06
  1.4225000E+04  1.8096534E+06
  1.4274994E+04  1.7875158E+06
  1.4325001E+04  1.7818502E+06
  1.4374998E+04  1.7726674E+06
  1.4424999E+04  1.6989329E+06
  1.4475000E+04  1.7290020E+06
  1.4524997E+04  1.6832810E+06
  1.4569999E+04  1.6930948E+06
  1.4620000E+04  1.6982071E+06
  1.4674998E+04  1.7188446E+06
  1.4725000E+04  1.6691574E+06
  1.4775002E+04  1.6304394E+06
  1.4824998E+04  1.6078562E+06
  1.4874996E+04  1.5722244E+06
  1.4924997E+04  1.5702146E+06
  1.4974999E+04  1.5384779E+06
  1.5024999E+04  1.5101658E+06
  1.5075000E+04  1.4860402E+06
  1.5124999E+04  1.4868865E+06
  1.5175000E+04  1.4770388E+06
  1.5225002E+04  1.4772342E+06
  1.5274998E+04  1.4359496E+06
  1.5324995E+04  1.4264991E+06
  1.5374997E+04  1.4450139E+06
  1.5425001E+04  1.3770598E+06
  1.5474996E+04  1.4196028E+06
  1.5524994E+04  1.4135842E+06
  1.5575001E+04  1.3246652E+06
  1.5624998E+04  1.4171201E+06
  1.5674997E+04  1.3532951E+06
  1.5724994E+04  1.2918670E+06
  1.5774996E+04  1.3557365E+06
  1.5825001E+04  1.3517855E+06
  1.5874995E+04  1.2115259E+06
  1.5925002E+04  1.3109152E+06
  1.5975001E+04  1.3272570E+06
  1.6049998E+04  1.2889091E+06
  1.6150001E+04  1.2148879E+06
  1.6249997E+04  1.2594461E+06
  1.6350000E+04  1.2115745E+06
  1.6449996E+04  1.1393359E+06
  1.6549998E+04  1.1819738E+06
  1.6649994E+04  1.1608612E+06
  1.6749998E+04  1.1159692E+06
  1.6849998E+04  1.0491960E+06
  1.6950000E+04  1.0915196E+06
  1.7049996E+04  1.0584595E+06
  1.7150000E+04  1.0457544E+06
  1.7249992E+04  1.0112184E+06
  1.7349994E+04  9.3053669E+05
  1.7449992E+04  9.6413238E+05
  1.7550000E+04  9.5442331E+05
  1.7649998E+04  9.3396456E+05
  1.7749994E+04  9.1804231E+05
  1.7849994E+04  8.9921269E+05
  1.7949998E+04  8.8721012E+05
  1.8050002E+04  8.6235100E+05
  1.8150002E+04  8.0215538E+05
  1.8249994E+04  8.2234600E+05
  1.8349992E+04  8.1698794E+05
  1.8449992E+04  7.9904725E+05
  1.8549998E+04  7.8273644E+05
  1.8650002E+04  7.6564550E+05
  1.8750002E+04  7.0506725E+05
  1.8850000E+04  7.3521369E+05
  1.8950004E+04  7.1478031E+05
  1.9049996E+04  7.1520675E+05
  1.9149998E+04  7.0017512E+05
  1.9249992E+04  6.8680981E+05
  1.9350000E+04  6.7005950E+05
  1.9449992E+04  6.2108294E+05
  1.9550002E+04  6.4718394E+05
  1.9649992E+04  6.3669188E+05
  1.9749992E+04  6.2356762E+05
  1.9849992E+04  6.1426019E+05
  1.9950002E+04  6.0344094E+05
  2.0050002E+04  5.9367862E+05
  2.0149996E+04  5.8426594E+05
  2.0249994E+04  5.7117831E+05
  2.0349994E+04  5.5921056E+05
  2.0449996E+04  5.5354762E+05
  2.0550000E+04  5.4299012E+05
  2.0649992E+04  5.3136556E+05
  2.0749998E+04  5.2271238E+05
  2.0849992E+04  5.1408822E+05
  2.0950004E+04  5.0409300E+05
  2.1050002E+04  4.9621166E+05
  2.1149992E+04  4.8625038E+05
  2.1250000E+04  4.7811353E+05
  2.1350002E+04  4.7019869E+05
  2.1449996E+04  4.6397450E+05
  2.1550006E+04  4.5527312E+05
  2.1649994E+04  4.2278578E+05
  2.1750002E+04  4.3777275E+05
  2.1849998E+04  4.3214947E+05
  2.1950002E+04  4.2668025E+05
  2.2050000E+04  4.1721691E+05
  2.2149996E+04  4.1060953E+05
  2.2249998E+04  4.0536688E+05
  2.2350004E+04  3.9870041E+05
  2.2449990E+04  3.9214459E+05
  2.2549994E+04  3.8325097E+05
  2.2650000E+04  3.7850094E+05
  2.2750000E+04  3.7303347E+05
  2.2850000E+04  3.6781297E+05
  2.2950004E+04  3.6508656E+05
  2.3050000E+04  3.5940853E+05
  2.3149996E+04  3.5182544E+05
  2.3250000E+04  3.4587828E+05
  2.3349996E+04  3.3906653E+05
  2.3449994E+04  3.3359819E+05
  2.3550002E+04  3.2760541E+05
  2.3649988E+04  3.2238272E+05
  2.3750000E+04  3.1672788E+05
  2.3849990E+04  3.1136231E+05
  2.3950002E+04  3.0692828E+05
  2.4050006E+04  3.0141753E+05
  2.4149992E+04  2.9637531E+05
  2.4249990E+04  2.9464719E+05
  2.4349990E+04  2.8704091E+05
  2.4450002E+04  2.8292662E+05
  2.4549990E+04  2.8075172E+05
  2.4649992E+04  2.7557053E+05
  2.4749992E+04  2.7130022E+05
  2.4850006E+04  2.6998706E+05
  2.4950000E+04  2.5836819E+05
  2.5050006E+04  2.6443838E+05
  2.5149994E+04  2.5945125E+05
  2.5249998E+04  2.4718947E+05
  2.5350004E+04  2.5144544E+05
  2.5449988E+04  2.4868264E+05
  2.5549998E+04  2.4355975E+05
  2.5649990E+04  2.3116858E+05
  2.5749990E+04  2.3744459E+05
  2.5849994E+04  2.3345167E+05
  2.5949990E+04  2.3150494E+05
  2.6049996E+04  2.2671078E+05
  2.6149998E+04  2.1535553E+05
  2.6249988E+04  2.0942070E+05
  2.6350008E+04  2.1745942E+05
  2.6449996E+04  2.1499450E+05
  2.6549994E+04  2.1203123E+05
  2.6649994E+04  2.0765286E+05
  2.6749988E+04  1.9730048E+05
  2.6849986E+04  2.0320184E+05
  2.6949986E+04  2.0120906E+05
  2.7050002E+04  1.9824622E+05
  2.7149998E+04  1.9564888E+05
  2.7249994E+04  1.9294725E+05
  2.7350006E+04  1.9043070E+05
  2.7450004E+04  1.8779086E+05
  2.7549996E+04  1.7747595E+05
  2.7649982E+04  1.8044733E+05
  2.7750004E+04  1.8014688E+05
  2.7850000E+04  1.7782584E+05
  2.7949992E+04  1.7562984E+05
  2.8049994E+04  1.7322584E+05
  2.8150002E+04  1.7093225E+05
  2.8250006E+04  1.6863375E+05
  2.8350000E+04  1.6655567E+05
  2.8450000E+04  1.6389744E+05
  2.8550002E+04  1.6207186E+05
  2.8650002E+04  1.5895052E+05
  2.8749982E+04  1.5066833E+05
  2.8849998E+04  1.5541008E+05
  2.8949986E+04  1.5366864E+05
  2.9049994E+04  1.5185352E+05
  2.9149986E+04  1.4949670E+05
  2.9249984E+04  1.4774092E+05
  2.9349980E+04  1.4605806E+05
  2.9450000E+04  1.4402948E+05
  2.9550004E+04  1.4234441E+05
  2.9649982E+04  1.4058900E+05
  2.9749992E+04  1.3876425E+05
  2.9849994E+04  1.3703692E+05
  2.9949984E+04  1.3515745E+05
  3.0049996E+04  1.3343325E+05
  3.0149994E+04  1.3177875E+05
  3.0249994E+04  1.3012256E+05
  3.0349996E+04  1.2398638E+05
  3.0449996E+04  1.2517648E+05
  3.0549996E+04  1.2532305E+05
  3.0649996E+04  1.2373265E+05
  3.0749994E+04  1.2239931E+05
  3.0849996E+04  1.2054225E+05
  3.0949994E+04  1.1919430E+05
  3.1049996E+04  1.1780255E+05
  3.1149996E+04  1.1581664E+05
  3.1249996E+04  1.1487599E+05
  3.1349996E+04  1.1353098E+05
  3.1449996E+04  1.1218168E+05
  3.1549998E+04  1.1086991E+05
  3.1649996E+04  1.0971912E+05
  3.1749998E+04  1.0824423E+05
  3.1849996E+04  1.0714966E+05
  3.1949994E+04  1.0589320E+05
  3.2099996E+04  1.0396988E+05
  3.2299992E+04  1.0162108E+05
  3.2499994E+04  9.9218586E+04
  3.2699996E+04  9.6881172E+04
  3.2899996E+04  9.2177633E+04
  3.3099996E+04  9.2377164E+04
  3.3299992E+04  9.0492883E+04
  3.3499996E+04  8.8431992E+04
  3.3699996E+04  8.6138188E+04
  3.3899996E+04  8.4157742E+04
  3.4099996E+04  8.2224172E+04
  3.4299996E+04  8.0534789E+04
  3.4499992E+04  7.8929602E+04
  3.4699996E+04  7.7133781E+04
  3.4899996E+04  7.5475906E+04
  3.5099996E+04  7.3896578E+04
  3.5299996E+04  7.2266461E+04
  3.5499996E+04  7.0677250E+04
  3.5699992E+04  6.9042172E+04
  3.5899992E+04  6.7988578E+04
  3.6099996E+04  6.6141703E+04
  3.6299992E+04  6.5291949E+04
  3.6499992E+04  6.3257805E+04
  3.6699992E+04  6.2531070E+04
  3.6899992E+04  6.0330539E+04
  3.7099996E+04  5.9752977E+04
  3.7299996E+04  5.8136398E+04
  3.7499992E+04  5.5878398E+04
  3.7699996E+04  5.6289031E+04
  3.7899996E+04  5.5206066E+04
  3.8099992E+04  5.3628828E+04
  3.8299996E+04  5.2846750E+04
  3.8499996E+04  5.2128828E+04
  3.8699996E+04  5.0982691E+04
  3.8899992E+04  4.9966855E+04
  3.9099996E+04  4.8291406E+04
  3.9299992E+04  4.8162156E+04
  3.9499992E+04  4.7185508E+04
  3.9699992E+04  4.6316891E+04
  3.9900000E+04  4.5226605E+04
  4.0099996E+04  4.4190891E+04
  4.0299992E+04  4.3168816E+04
  4.0499996E+04  4.2001633E+04
  4.0699992E+04  4.2053816E+04
  4.0899992E+04  4.1235910E+04
  4.1099996E+04  4.0576848E+04
  4.1299996E+04  3.9835828E+04
  4.1499992E+04  3.9032812E+04
  4.1699992E+04  3.7632371E+04
  4.1899996E+04  3.7604422E+04
  4.2099996E+04  3.6861141E+04
  4.2299992E+04  3.6344961E+04
  4.2499996E+04  3.5642855E+04
  4.2699992E+04  3.5039082E+04
  4.2899992E+04  3.4404039E+04
  4.3099996E+04  3.3771133E+04
  4.3299996E+04  3.3146418E+04
  4.3499992E+04  3.2541699E+04
  4.3699996E+04  3.1374531E+04
  4.3899996E+04  3.1349299E+04
  4.4099992E+04  3.0790531E+04
  4.4299992E+04  3.0294295E+04
  4.4499996E+04  2.9771475E+04
  4.4699996E+04  2.9298256E+04
  4.4899996E+04  2.8807979E+04
  4.5099992E+04  2.8319672E+04
  4.5299992E+04  2.7833338E+04
  4.5499996E+04  2.7376271E+04
  4.5699992E+04  2.6904486E+04
  4.5899996E+04  2.6443432E+04
  4.6099996E+04  2.6038992E+04
  4.6299992E+04  2.5603635E+04
  4.6499988E+04  2.4753143E+04
  4.6699992E+04  2.4273824E+04
  4.6899992E+04  2.4358400E+04
  4.7099992E+04  2.3977061E+04
  4.7299992E+04  2.3602969E+04
  4.7499996E+04  2.3199246E+04
  4.7699992E+04  2.2834568E+04
  4.7899992E+04  2.2483369E+04
  4.8099996E+04  2.2112779E+04
  4.8299992E+04  2.1766932E+04
  4.8499992E+04  2.1416412E+04
  4.8700000E+04  2.1078838E+04
  4.8899992E+04  2.0747648E+04
  4.9099988E+04  2.0411766E+04
  4.9299988E+04  2.0099236E+04
  4.9499996E+04  1.9783385E+04
  4.9699992E+04  1.9476545E+04
  4.9899988E+04  1.9180029E+04
  5.0099996E+04  1.8884607E+04
  5.0299996E+04  1.8597740E+04
  5.0499996E+04  1.8305953E+04
  5.0699996E+04  1.8037238E+04
  5.0899992E+04  1.7761994E+04
  5.1099992E+04  1.7477512E+04
  5.1299996E+04  1.6910609E+04
  5.1499988E+04  1.6969861E+04
  5.1699996E+04  1.6724648E+04
  5.1899992E+04  1.6474320E+04
  5.2099992E+04  1.6221782E+04
  5.2299996E+04  1.5983634E+04
  5.2499996E+04  1.5758206E+04
  5.2699996E+04  1.5528952E+04
  5.2899992E+04  1.5298670E+04
  5.3099988E+04  1.5079429E+04
  5.3299988E+04  1.4859059E+04
  5.3499992E+04  1.4645505E+04
  5.3699992E+04  1.4426876E+04
  5.3899992E+04  1.4226646E+04
  5.4099992E+04  1.4028976E+04
  5.4299984E+04  1.3814664E+04
  5.4499988E+04  1.3629744E+04
  5.4699996E+04  1.3418193E+04
  5.4899992E+04  1.3246862E+04
  5.5099992E+04  1.3066491E+04
  5.5299988E+04  1.2879757E+04
  5.5499988E+04  1.2701483E+04
  5.5699992E+04  1.2523001E+04
  5.5899992E+04  1.2329867E+04
  5.6099988E+04  1.2181063E+04
  5.6299996E+04  1.2011473E+04
  5.6499988E+04  1.1854600E+04
  5.6699988E+04  1.1691081E+04
  5.6899992E+04  1.1530608E+04
  5.7099996E+04  1.1378566E+04
  5.7299988E+04  1.1224233E+04
  5.7499988E+04  1.1072564E+04
  5.7699988E+04  1.0921481E+04
  5.7899996E+04  1.0770977E+04
  5.8099988E+04  1.0632111E+04
  5.8299996E+04  1.0494334E+04
  5.8499992E+04  1.0362267E+04
  5.8699988E+04  1.0218193E+04
  5.8899988E+04  1.0065736E+04
  5.9099992E+04  9.7894463E+03
  5.9299988E+04  9.8221953E+03
  5.9499996E+04  9.6700752E+03
  5.9699988E+04  9.5721006E+03
  5.9899992E+04  9.4466514E+03
  6.0099992E+04  9.3211982E+03
  6.0299992E+04  9.2079746E+03
  6.0499988E+04  9.0902793E+03
  6.0699992E+04  8.9699434E+03
  6.0899992E+04  8.8520059E+03
  6.1099988E+04  8.7302715E+03
  6.1299992E+04  8.6334941E+03
  6.1499988E+04  8.5263359E+03
  6.1699988E+04  8.4189971E+03
  6.1899996E+04  8.3119775E+03
  6.2099996E+04  8.2098750E+03
  6.2299988E+04  8.0947407E+03
  6.2499992E+04  8.0036675E+03
  6.2699988E+04  7.9022837E+03
  6.2899996E+04  7.8097349E+03
  6.3099984E+04  7.7040122E+03
  6.3299996E+04  7.6174189E+03
  6.3499984E+04  7.5236396E+03
  6.3699984E+04  7.4331108E+03
  6.3900000E+04  7.3406104E+03
  6.4199992E+04  7.2101973E+03
  6.4599984E+04  7.0348818E+03
  6.4999992E+04  6.8655479E+03
  6.5399992E+04  6.7066904E+03
  6.5799992E+04  6.5485664E+03
  6.6199984E+04  6.3936772E+03
  6.6599984E+04  6.2466108E+03
  6.6999992E+04  6.1009946E+03
  6.7399992E+04  5.9595479E+03
  6.7799992E+04  5.8246914E+03
  6.8199992E+04  5.6919316E+03
  6.8599992E+04  5.5629043E+03
  6.8999984E+04  5.4353711E+03
  6.9399984E+04  5.3136055E+03
  6.9800000E+04  5.1968931E+03
  7.0199992E+04  5.0805044E+03
  7.0599984E+04  4.9694351E+03
  7.0999977E+04  4.8630049E+03
  7.1399977E+04  4.7563501E+03
  7.1799984E+04  4.6526392E+03
  7.2199984E+04  4.5491943E+03
  7.2600000E+04  4.4543862E+03
  7.2999984E+04  4.3615928E+03
  7.3400000E+04  4.2678916E+03
  7.3799984E+04  4.1790068E+03
  7.4199992E+04  4.0896624E+03
  7.4599992E+04  3.9891262E+03
  7.5000000E+04  3.8934438E+03
  7.5399992E+04  3.8405149E+03
  7.5799992E+04  3.7624526E+03
  7.6199984E+04  3.6863330E+03
  7.6599992E+04  3.6114641E+03
  7.6999992E+04  3.5378850E+03
  7.7399992E+04  3.4675168E+03
  7.7799984E+04  3.3982195E+03
  7.8199984E+04  3.3305847E+03
  7.8599984E+04  3.2645745E+03
  7.8999984E+04  3.2001494E+03
  7.9399984E+04  3.1372124E+03
  7.9800000E+04  3.0760225E+03
  8.0199992E+04  3.0154270E+03
  8.0599984E+04  2.9570989E+03
  8.0999992E+04  2.9009192E+03
  8.1399977E+04  2.8442788E+03
  8.1799984E+04  2.7902925E+03
  8.2199984E+04  2.7380569E+03
  8.2599992E+04  2.6861467E+03
  8.2999984E+04  2.6356555E+03
  8.3400000E+04  2.5848684E+03
  8.3799992E+04  2.5364316E+03
  8.4199992E+04  2.4903374E+03
  8.4599977E+04  2.4450530E+03
  8.4999977E+04  2.4003513E+03
  8.5399984E+04  2.3561189E+03
  8.5799984E+04  2.3132197E+03
  8.6199992E+04  2.2711150E+03
  8.6599992E+04  2.2306418E+03
  8.6999984E+04  2.1906667E+03
  8.7399992E+04  2.1513276E+03
  8.7799992E+04  2.1131016E+03
  8.8199984E+04  2.0748982E+03
  8.8599977E+04  2.0385930E+03
  8.8999992E+04  2.0026163E+03
  8.9399977E+04  1.9679089E+03
  8.9799977E+04  1.9330372E+03
  9.0199984E+04  1.8999092E+03
  9.0599984E+04  1.8676571E+03
  9.0999992E+04  1.8346234E+03
  9.1400000E+04  1.8034928E+03
  9.1799969E+04  1.7731932E+03
  9.2199969E+04  1.7432163E+03
  9.2599984E+04  1.7137334E+03
  9.3000000E+04  1.6849972E+03
  9.3399984E+04  1.6566038E+03
  9.3799984E+04  1.6289746E+03
  9.4199977E+04  1.6019663E+03
  9.4599984E+04  1.5754396E+03
  9.4999969E+04  1.5493860E+03
  9.5399984E+04  1.5235878E+03
  9.5799984E+04  1.4992334E+03
  9.6199992E+04  1.4744974E+03
  9.6599984E+04  1.4509269E+03
  9.7000000E+04  1.4274933E+03
  9.7399977E+04  1.4038798E+03
  9.7799984E+04  1.3817849E+03
  9.8199977E+04  1.3596906E+03
  9.8599977E+04  1.3382570E+03
  9.8999992E+04  1.3172395E+03
  9.9399984E+04  1.2962502E+03
  9.9799977E+04  1.2757814E+03
  1.0019999E+05  1.2558220E+03
  1.9999991E+05  8.0901611E+01
  3.9999994E+05  5.0531688E+00
  5.9999981E+05  9.9105954E-01
  7.9999994E+05  3.1136987E-01
