  9.2499988E+02  2.6366147E-04
  9.3499982E+02  3.5756305E-04
  9.4500000E+02  4.8370656E-04
  9.5500000E+02  7.0073723E-04
  9.6499988E+02  9.5317553E-04
  9.7499982E+02  1.2352685E-03
  9.8499976E+02  1.6553003E-03
  9.9499988E+02  2.1161973E-03
  1.0049999E+03  2.9864497E-03
  1.0149997E+03  3.8999827E-03
  1.0249998E+03  4.4105346E-03
  1.0349998E+03  6.4920955E-03
  1.0449998E+03  8.4290393E-03
  1.0549999E+03  1.0786577E-02
  1.0649999E+03  1.3338489E-02
  1.0750000E+03  1.7158650E-02
  1.0849996E+03  2.1754507E-02
  1.0949999E+03  2.6646005E-02
  1.1049999E+03  4.3929699E-01
  1.1149999E+03  9.8738927E-01
  1.1249999E+03  1.4432616E+00
  1.1349996E+03  1.9155645E+00
  1.1449999E+03  2.5135174E+00
  1.1549999E+03  2.7055650E+00
  1.1650000E+03  3.7778087E+00
  1.1749995E+03  4.5111127E+00
  1.1849996E+03  4.4610519E+00
  1.1949998E+03  2.4558194E+00
  1.2049996E+03  2.4166296E+00
  1.2149998E+03  3.3500150E-01
  1.2249996E+03  3.0572977E+00
  1.2349996E+03  8.3402605E+00
  1.2449998E+03  2.5695217E+01
  1.2549996E+03  4.5336433E+01
  1.2650000E+03  4.6319874E+01
  1.2749998E+03  7.6515793E+01
  1.2849995E+03  1.1244333E+02
  1.2949998E+03  1.4153679E+02
  1.3049995E+03  1.1701567E+02
  1.3149998E+03  1.9645963E+02
  1.3249998E+03  2.3346994E+02
  1.3349996E+03  2.7247351E+02
  1.3449995E+03  3.3778491E+02
  1.3549996E+03  3.6107211E+02
  1.3649999E+03  4.0954416E+02
  1.3749999E+03  4.4190726E+02
  1.3849996E+03  4.7620328E+02
  1.3949999E+03  5.5516113E+02
  1.4050001E+03  6.3770880E+02
  1.4149998E+03  6.7915356E+02
  1.4249998E+03  7.5191718E+02
  1.4350000E+03  8.0422516E+02
  1.4419998E+03  1.0031596E+03
  1.4469999E+03  1.0142853E+03
  1.4549994E+03  1.1561145E+03
  1.4650000E+03  1.2335045E+03
  1.4749995E+03  1.3618242E+03
  1.4849996E+03  1.5266473E+03
  1.4949998E+03  1.8860043E+03
  1.5049996E+03  2.1672314E+03
  1.5119995E+03  2.0196641E+03
  1.5169994E+03  2.2031465E+03
  1.5250001E+03  3.7319751E+03
  1.5349994E+03  4.7563633E+03
  1.5449994E+03  5.5100024E+03
  1.5549998E+03  6.3593701E+03
  1.5649999E+03  5.8750503E+03
  1.5750001E+03  9.0961123E+03
  1.5850000E+03  1.0526734E+04
  1.5949996E+03  1.2882402E+04
  1.6049999E+03  1.2476237E+04
  1.6150000E+03  1.2675077E+04
  1.6249996E+03  1.2347933E+04
  1.6350000E+03  1.5413327E+04
  1.6449996E+03  1.9145553E+04
  1.6549999E+03  1.2014636E+04
  1.6649993E+03  2.0915701E+04
  1.6720000E+03  1.2637527E+04
  1.6770001E+03  1.0481649E+05
  1.6849998E+03  1.1664134E+05
  1.6950000E+03  1.0371802E+05
  1.7049995E+03  1.1165827E+05
  1.7150000E+03  2.1177925E+05
  1.7249993E+03  2.6216400E+05
  1.7349994E+03  3.5286381E+05
  1.7449993E+03  3.0447719E+05
  1.7550001E+03  4.5868088E+05
  1.7649998E+03  3.3720925E+05
  1.7749995E+03  4.5960709E+05
  1.7849995E+03  4.3145088E+05
  1.7949999E+03  7.3527862E+05
  1.8050001E+03  6.4766819E+05
  1.8150001E+03  7.6434744E+05
  1.8249994E+03  7.0599912E+05
  1.8349993E+03  6.6157200E+05
  1.8449993E+03  5.7049662E+05
  1.8549998E+03  7.9722106E+05
  1.8650002E+03  1.0394902E+06
  1.8750001E+03  9.2370500E+05
  1.8850000E+03  9.9979019E+05
  1.8950002E+03  1.2184198E+06
  1.9049996E+03  1.1341365E+06
  1.9149999E+03  1.1728654E+06
  1.9249993E+03  9.6162106E+05
  1.9350001E+03  4.2333628E+05
  1.9449993E+03  1.3473878E+06
  1.9550002E+03  1.4379235E+06
  1.9670002E+03  1.7224740E+06
  1.9759990E+03  1.5754086E+06
  1.9839996E+03  1.8056366E+06
  1.9950001E+03  1.8115251E+06
  2.0050002E+03  1.6250956E+06
  2.0149996E+03  1.5499020E+06
  2.0249994E+03  1.3689870E+06
  2.0349995E+03  1.8287078E+06
  2.0449998E+03  2.0688668E+06
  2.0550000E+03  1.8729489E+06
  2.0649993E+03  1.7113779E+06
  2.0739993E+03  2.2193362E+06
  2.0780002E+03  3.2006842E+06
  2.0849993E+03  3.4002162E+06
  2.0950005E+03  3.1241438E+06
  2.1050002E+03  2.7766360E+06
  2.1149990E+03  3.0032720E+06
  2.1250000E+03  2.7830168E+06
  2.1350002E+03  2.3141732E+06
  2.1449998E+03  2.9756922E+06
  2.1550005E+03  3.1096515E+06
  2.1649995E+03  2.6710042E+06
  2.1750002E+03  2.8010732E+06
  2.1849998E+03  3.1648350E+06
  2.1950000E+03  3.4701010E+06
  2.2050000E+03  3.1833080E+06
  2.2149998E+03  2.4440458E+06
  2.2249998E+03  2.4855158E+06
  2.2350005E+03  3.4599035E+06
  2.2449990E+03  3.1955650E+06
  2.2549993E+03  2.3375128E+06
  2.2650000E+03  2.3645018E+06
  2.2750000E+03  2.9005302E+06
  2.2850000E+03  3.3896570E+06
  2.2950002E+03  2.9570568E+06
  2.3050000E+03  3.3949068E+06
  2.3149995E+03  2.9243925E+06
  2.3250000E+03  1.6335290E+06
  2.3349995E+03  1.5956604E+06
  2.3449993E+03  1.0466136E+06
  2.3550000E+03  2.3045415E+06
  2.3649988E+03  1.0850940E+06
  2.3750000E+03  1.6375384E+06
  2.3849990E+03  7.3754150E+05
  2.3950000E+03  1.0749586E+06
  2.4050005E+03  1.0315818E+06
  2.4149993E+03  1.5384619E+06
  2.4249990E+03  2.9596688E+06
  2.4349990E+03  2.9669878E+06
  2.4450000E+03  3.4386035E+06
  2.4549990E+03  3.5602308E+06
  2.4649990E+03  3.2585358E+06
  2.4749993E+03  2.8947995E+06
  2.4850005E+03  2.5423508E+06
  2.4950000E+03  2.5793245E+06
  2.5050005E+03  3.9546285E+06
  2.5129988E+03  1.8283160E+06
  2.5179990E+03  1.4745326E+06
  2.5249998E+03  1.6129685E+06
  2.5350007E+03  2.0994525E+06
  2.5449988E+03  2.3444975E+06
  2.5550000E+03  3.3257755E+06
  2.5649990E+03  2.5502350E+06
  2.5749990E+03  3.0939218E+06
  2.5849993E+03  2.6582422E+06
  2.5949990E+03  2.2813708E+06
  2.6049995E+03  1.8850469E+06
  2.6149998E+03  1.6764565E+06
  2.6249990E+03  2.4955088E+06
  2.6350007E+03  3.8739332E+06
  2.6449995E+03  5.8507585E+06
  2.6549998E+03  6.6998285E+06
  2.6649995E+03  4.7492230E+06
  2.6749988E+03  5.5602145E+06
  2.6849988E+03  5.6834850E+06
  2.6949988E+03  4.8530125E+06
  2.7050000E+03  5.6419655E+06
  2.7150000E+03  4.4175210E+06
  2.7249995E+03  4.3568505E+06
  2.7350007E+03  4.8643905E+06
  2.7450002E+03  2.2595402E+06
  2.7549998E+03  3.0665175E+06
  2.7649983E+03  3.9328440E+06
  2.7750005E+03  4.7144050E+06
  2.7850000E+03  2.9689452E+06
  2.7949993E+03  9.3358356E+05
  2.8049995E+03  1.2391741E+06
  2.8150002E+03  4.2663650E+06
  2.8250007E+03  6.3690240E+06
  2.8350000E+03  6.2323030E+06
  2.8450002E+03  6.0210060E+06
  2.8550005E+03  4.7374555E+06
  2.8650000E+03  6.9079595E+06
  2.8749983E+03  7.0477790E+06
  2.8850000E+03  6.8152295E+06
  2.8949988E+03  6.7120450E+06
  2.9099988E+03  8.4296860E+06
  2.9299983E+03  7.8063935E+06
  2.9499990E+03  7.6909430E+06
  2.9700005E+03  8.3910610E+06
  2.9899980E+03  8.6314840E+06
  3.0099995E+03  9.1654080E+06
  3.0299995E+03  8.9377130E+06
  3.0499995E+03  9.1772640E+06
  3.0699995E+03  9.3386840E+06
  3.0899995E+03  9.8494880E+06
  3.1099995E+03  9.5249550E+06
  3.1299998E+03  9.4228450E+06
  3.1499995E+03  9.7470320E+06
  3.1699995E+03  9.8711130E+06
  3.1899995E+03  8.9151160E+06
  3.2099998E+03  9.6781880E+06
  3.2299993E+03  8.6295950E+06
  3.2499993E+03  9.7599300E+06
  3.2699995E+03  1.0459699E+07
  3.2899995E+03  1.0305421E+07
  3.3099998E+03  1.0751031E+07
  3.3299993E+03  1.0576075E+07
  3.3499995E+03  1.0538120E+07
  3.3699995E+03  1.0059795E+07
  3.3899993E+03  1.0407606E+07
  3.4099993E+03  1.0441717E+07
  3.4299995E+03  1.0570391E+07
  3.4499993E+03  1.0804907E+07
  3.4699998E+03  1.0637534E+07
  3.4899993E+03  1.0756602E+07
  3.5099995E+03  1.1160321E+07
  3.5299995E+03  1.0845865E+07
  3.5499995E+03  1.1861450E+07
  3.5699995E+03  1.0681627E+07
  3.5899995E+03  1.0546574E+07
  3.6099995E+03  1.0832729E+07
  3.6299993E+03  1.0944700E+07
  3.6399993E+03  1.1030511E+07
  3.6499995E+03  1.1833761E+07
  3.6699993E+03  1.0972584E+07
  3.6899995E+03  1.1143371E+07
  3.7099995E+03  1.3648401E+07
  3.7299998E+03  1.3550627E+07
  3.7499993E+03  1.5435543E+07
  3.7699993E+03  1.6454660E+07
  3.7899995E+03  1.8170610E+07
  3.8099993E+03  2.0206836E+07
  3.8299998E+03  1.6757274E+07
  3.8499995E+03  2.1006574E+07
  3.8699995E+03  2.2329454E+07
  3.8899995E+03  1.7425162E+07
  3.9099995E+03  2.1025256E+07
  3.9299993E+03  1.1847718E+07
  3.9499993E+03  1.8242554E+07
  3.9699998E+03  1.2151815E+07
  3.9899995E+03  2.1845414E+07
  4.0099995E+03  2.3317478E+07
  4.0299993E+03  2.3430854E+07
  4.0499993E+03  2.3096654E+07
  4.0699993E+03  2.2824732E+07
  4.0899995E+03  2.2198024E+07
  4.1099995E+03  1.9456994E+07
  4.1299995E+03  2.3071916E+07
  4.1499990E+03  2.4066300E+07
  4.1699990E+03  2.3567354E+07
  4.1899995E+03  2.3634738E+07
  4.2099995E+03  2.3502110E+07
  4.2299995E+03  2.2962466E+07
  4.2499995E+03  2.3335030E+07
  4.2699990E+03  2.2689242E+07
  4.2899995E+03  2.2463850E+07
  4.3100000E+03  2.0921386E+07
  4.3299995E+03  2.0943570E+07
  4.3499995E+03  1.8966960E+07
  4.3699995E+03  2.3306006E+07
  4.3899995E+03  2.2730538E+07
  4.4099995E+03  2.2563576E+07
  4.4299995E+03  2.2352622E+07
  4.4499995E+03  2.2420400E+07
  4.4699995E+03  2.2716094E+07
  4.4899995E+03  2.2562760E+07
  4.5099990E+03  2.3781858E+07
  4.5299995E+03  2.2268870E+07
  4.5499990E+03  2.2308280E+07
  4.5699995E+03  2.3414024E+07
  4.5899990E+03  2.2203690E+07
  4.6099990E+03  2.2787888E+07
  4.6299990E+03  2.2199542E+07
  4.6499990E+03  2.2458506E+07
  4.6699990E+03  2.2665592E+07
  4.6899990E+03  2.2111306E+07
  4.7099995E+03  2.1275202E+07
  4.7299990E+03  2.2213768E+07
  4.7499995E+03  2.2339332E+07
  4.7699995E+03  2.2044768E+07
  4.7899990E+03  2.1954662E+07
  4.8099995E+03  2.1695930E+07
  4.8299995E+03  2.1579604E+07
  4.8499990E+03  1.9355174E+07
  4.8700000E+03  1.6537437E+07
  4.8899990E+03  2.0534962E+07
  4.9099990E+03  2.0683670E+07
  4.9299990E+03  2.0342590E+07
  4.9499995E+03  2.0882720E+07
  4.9699995E+03  2.1012398E+07
  4.9899990E+03  1.9838174E+07
  5.0099995E+03  1.9151772E+07
  5.0299995E+03  1.9963164E+07
  5.0499995E+03  1.9800922E+07
  5.0699995E+03  2.0278154E+07
  5.0899995E+03  1.9839920E+07
  5.1099990E+03  1.9921536E+07
  5.1299995E+03  1.9402894E+07
  5.1499985E+03  1.8986874E+07
  5.1700000E+03  1.8740172E+07
  5.1899990E+03  1.8589032E+07
  5.2099990E+03  1.8688084E+07
  5.2299995E+03  1.8789206E+07
  5.2499995E+03  1.9016734E+07
  5.2699995E+03  1.7681682E+07
  5.2899990E+03  1.8734276E+07
  5.3099995E+03  1.8705650E+07
  5.3299990E+03  1.7907782E+07
  5.3499995E+03  1.8529648E+07
  5.3699995E+03  1.8385348E+07
  5.3899995E+03  1.8186918E+07
  5.4099990E+03  1.7772096E+07
  5.4299990E+03  1.7976180E+07
  5.4499990E+03  1.8207236E+07
  5.4699995E+03  1.7899320E+07
  5.4899995E+03  1.7944136E+07
  5.5099995E+03  1.7758266E+07
  5.5299985E+03  1.7695344E+07
  5.5499990E+03  1.7718472E+07
  5.5699990E+03  1.7385030E+07
  5.5899995E+03  1.7256028E+07
  5.6099990E+03  1.7328328E+07
  5.6299995E+03  1.7336172E+07
  5.6499990E+03  1.7182972E+07
  5.6699990E+03  1.6873302E+07
  5.6899995E+03  1.6996920E+07
  5.7099995E+03  1.6796022E+07
  5.7299990E+03  1.7180406E+07
  5.7499990E+03  1.6819532E+07
  5.7699990E+03  1.6825344E+07
  5.7899995E+03  1.6609289E+07
  5.8099985E+03  1.6607863E+07
  5.8300000E+03  1.6609376E+07
  5.8499990E+03  1.6362806E+07
  5.8699985E+03  1.6318191E+07
  5.8899985E+03  1.5900240E+07
  5.9099995E+03  1.6101281E+07
  5.9299985E+03  1.5993930E+07
  5.9499995E+03  1.5942983E+07
  5.9699990E+03  1.5864884E+07
  5.9899990E+03  1.5688770E+07
  6.0099990E+03  1.5467710E+07
  6.0299995E+03  1.5456447E+07
  6.0499990E+03  1.5493378E+07
  6.0699990E+03  1.5443595E+07
  6.0899995E+03  1.5191988E+07
  6.1099985E+03  1.5038204E+07
  6.1299995E+03  1.4700618E+07
  6.1499985E+03  1.4592217E+07
  6.1699985E+03  1.4511624E+07
  6.1900000E+03  1.4777854E+07
  6.2099995E+03  1.4703338E+07
  6.2299985E+03  1.4458641E+07
  6.2499990E+03  1.3972759E+07
  6.2699985E+03  1.4455867E+07
  6.2900000E+03  1.4380265E+07
  6.3099985E+03  1.4055550E+07
  6.3299995E+03  1.4062768E+07
  6.3499985E+03  1.3981802E+07
  6.3699985E+03  1.3891356E+07
  6.3899995E+03  1.3886648E+07
  6.4099990E+03  1.3598412E+07
  6.4299985E+03  1.3623296E+07
  6.4499985E+03  1.3475554E+07
  6.4699990E+03  1.3471565E+07
  6.4899990E+03  1.3205306E+07
  6.5099985E+03  1.3298526E+07
  6.5299990E+03  1.3180963E+07
  6.5499985E+03  1.2330487E+07
  6.5699985E+03  1.0272581E+07
  6.5899995E+03  1.2713021E+07
  6.6099985E+03  1.2943168E+07
  6.6299990E+03  1.2923474E+07
  6.6499985E+03  1.2845858E+07
  6.6699995E+03  1.2717278E+07
  6.6899990E+03  1.2746574E+07
  6.7099995E+03  1.2607109E+07
  6.7299990E+03  1.2577206E+07
  6.7499995E+03  1.2414311E+07
  6.7699985E+03  1.2430668E+07
  6.7899995E+03  1.2327309E+07
  6.8099995E+03  1.2250134E+07
  6.8300000E+03  1.2171226E+07
  6.8499985E+03  1.2028805E+07
  6.8699985E+03  1.2041087E+07
  6.8899985E+03  1.1988742E+07
  6.9099990E+03  1.1894194E+07
  6.9299995E+03  1.1825638E+07
  6.9499990E+03  1.1759235E+07
  6.9699985E+03  1.1676341E+07
  6.9899985E+03  1.1630436E+07
  7.0099985E+03  1.1387837E+07
  7.0299985E+03  1.1424519E+07
  7.0499990E+03  1.1396930E+07
  7.0699980E+03  1.1321238E+07
  7.0899990E+03  1.1246961E+07
  7.1099990E+03  1.1008645E+07
  7.1299995E+03  1.1018855E+07
  7.1499990E+03  1.0984563E+07
  7.1699995E+03  1.0898452E+07
  7.1899985E+03  1.0757745E+07
  7.2099985E+03  1.0766993E+07
  7.2299980E+03  1.0686608E+07
  7.2499990E+03  1.0668581E+07
  7.2699995E+03  1.0638472E+07
  7.2899990E+03  1.0451872E+07
  7.3099980E+03  1.0444111E+07
  7.3299980E+03  1.0403322E+07
  7.3499980E+03  1.0385138E+07
  7.3699985E+03  1.0350349E+07
  7.3899995E+03  1.0167470E+07
  7.4099985E+03  9.9994520E+06
  7.4299995E+03  1.0016661E+07
  7.4500000E+03  9.9948540E+06
  7.4700000E+03  9.9393800E+06
  7.4899990E+03  9.8769710E+06
  7.5099985E+03  9.8598380E+06
  7.5299995E+03  9.8214800E+06
  7.5499980E+03  9.8237130E+06
  7.5699985E+03  9.7205940E+06
  7.5899990E+03  9.6655080E+06
  7.6099980E+03  9.6069660E+06
  7.6299995E+03  9.5709010E+06
  7.6499995E+03  9.4893800E+06
  7.6699980E+03  9.3253290E+06
  7.6899990E+03  9.3698950E+06
  7.7099995E+03  9.2592370E+06
  7.7299985E+03  9.2662400E+06
  7.7499990E+03  9.1651600E+06
  7.7700000E+03  9.0194420E+06
  7.7900000E+03  9.1501200E+06
  7.8099995E+03  9.0755240E+06
  7.8299980E+03  8.9628600E+06
  7.8499980E+03  8.8830100E+06
  7.8699995E+03  8.8963090E+06
  7.8900000E+03  8.8331080E+06
  7.9099995E+03  8.7559830E+06
  7.9300000E+03  8.6549570E+06
  7.9499985E+03  8.6227950E+06
  7.9699990E+03  8.6762440E+06
  7.9900000E+03  8.5903730E+06
  8.0099980E+03  8.5211090E+06
  8.0299985E+03  8.4717040E+06
  8.0500000E+03  8.4203550E+06
  8.0699985E+03  8.4035480E+06
  8.0899990E+03  8.3113930E+06
  8.1099995E+03  8.3317385E+06
  8.1299976E+03  8.2982100E+06
  8.1499976E+03  8.2382470E+06
  8.1699980E+03  8.1911895E+06
  8.1899985E+03  7.9849830E+06
  8.2099990E+03  7.9880445E+06
  8.2300000E+03  7.9409220E+06
  8.2500000E+03  7.9129840E+06
  8.2700000E+03  7.9628915E+06
  8.2899980E+03  7.8932735E+06
  8.3099990E+03  7.7811295E+06
  8.3299980E+03  7.6390260E+06
  8.3500000E+03  7.6667710E+06
  8.3699990E+03  7.6027525E+06
  8.3899990E+03  7.4916225E+06
  8.4099971E+03  7.4890595E+06
  8.4300000E+03  7.4572725E+06
  8.4499990E+03  7.3602845E+06
  8.4699980E+03  7.2100390E+06
  8.4899980E+03  7.4714120E+06
  8.5099990E+03  6.8765920E+06
  8.5299990E+03  7.5066095E+06
  8.5499990E+03  6.5640020E+06
  8.5699990E+03  7.5356980E+06
  8.5900000E+03  7.1335530E+06
  8.6099980E+03  6.9571450E+06
  8.6299990E+03  7.4312780E+06
  8.6499990E+03  7.2977640E+06
  8.6699990E+03  6.2126540E+06
  8.6899990E+03  7.1174910E+06
  8.7099971E+03  7.2824875E+06
  8.7299990E+03  7.1784670E+06
  8.7499980E+03  6.3682365E+06
  8.7699980E+03  7.0548475E+06
  8.7899980E+03  7.1500420E+06
  8.8099990E+03  7.0763565E+06
  8.8299980E+03  6.9766920E+06
  8.8499980E+03  6.7681865E+06
  8.8699980E+03  6.1401120E+06
  8.8899990E+03  6.8933225E+06
  8.9099971E+03  6.9226810E+06
  8.9299980E+03  6.8439900E+06
  8.9499980E+03  6.8637610E+06
  8.9699990E+03  6.8153940E+06
  8.9899990E+03  6.7375570E+06
  9.0099980E+03  5.9591340E+06
  9.0299990E+03  6.3998645E+06
  9.0499990E+03  6.6848530E+06
  9.0699980E+03  6.5171045E+06
  9.0899990E+03  6.3817675E+06
  9.1099980E+03  6.5017625E+06
  9.1299980E+03  6.5618910E+06
  9.1499980E+03  6.5453860E+06
  9.1699980E+03  6.4832640E+06
  9.1899990E+03  6.4350025E+06
  9.2099990E+03  6.2312065E+06
  9.2299980E+03  5.4785640E+06
  9.2499980E+03  6.0779255E+06
  9.2699971E+03  6.1757965E+06
  9.2899990E+03  6.2841155E+06
  9.3099980E+03  6.2719245E+06
  9.3299990E+03  6.2212600E+06
  9.3499980E+03  6.1925200E+06
  9.3699990E+03  6.1729770E+06
  9.3900000E+03  6.1185075E+06
  9.4099980E+03  5.8823540E+06
  9.4299971E+03  6.0196890E+06
  9.4499990E+03  5.9752500E+06
  9.4700000E+03  6.0000260E+06
  9.4899980E+03  5.9751840E+06
  9.5100000E+03  5.8988390E+06
  9.5300000E+03  5.7471750E+06
  9.5500000E+03  5.0684075E+06
  9.5699990E+03  5.7029355E+06
  9.5899980E+03  5.7877275E+06
  9.6099980E+03  5.7216445E+06
  9.6299990E+03  5.6426540E+06
  9.6499990E+03  5.6743085E+06
  9.6699980E+03  5.5988900E+06
  9.6899980E+03  5.6006780E+06
  9.7100000E+03  5.6347665E+06
  9.7299990E+03  5.6012810E+06
  9.7499980E+03  5.5153140E+06
  9.7699961E+03  5.5342000E+06
  9.7899980E+03  5.5049270E+06
  9.8099980E+03  5.4805465E+06
  9.8299990E+03  5.4528085E+06
  9.8499980E+03  5.3922475E+06
  9.8700000E+03  5.3599725E+06
  9.8899980E+03  5.3213715E+06
  9.9099990E+03  5.2953105E+06
  9.9300000E+03  5.2942495E+06
  9.9499980E+03  5.2718480E+06
  9.9699980E+03  5.2564030E+06
  9.9899990E+03  5.2202770E+06
  1.0024998E+04  5.0316995E+06
  1.0074998E+04  4.8404745E+06
  1.0124997E+04  5.0033570E+06
  1.0174997E+04  4.9561240E+06
  1.0224998E+04  4.9167795E+06
  1.0274997E+04  4.8711860E+06
  1.0325000E+04  4.7749985E+06
  1.0374999E+04  4.7297855E+06
  1.0425000E+04  4.6737775E+06
  1.0474998E+04  4.5630030E+06
  1.0524997E+04  4.5309760E+06
  1.0574999E+04  4.4848605E+06
  1.0625000E+04  4.4203900E+06
  1.0674997E+04  4.2921330E+06
  1.0724998E+04  4.2869230E+06
  1.0774999E+04  4.2361960E+06
  1.0824997E+04  4.1759358E+06
  1.0874997E+04  4.1197860E+06
  1.0924999E+04  3.8043988E+06
  1.0974996E+04  3.9559135E+06
  1.1025000E+04  4.0146420E+06
  1.1074998E+04  3.9769402E+06
  1.1124999E+04  3.9123550E+06
  1.1174998E+04  3.8632452E+06
  1.1224999E+04  3.8318948E+06
  1.1274997E+04  3.7164900E+06
  1.1325000E+04  3.6790442E+06
  1.1375000E+04  3.6706468E+06
  1.1425000E+04  3.5944308E+06
  1.1474997E+04  3.6100982E+06
  1.1525000E+04  3.5697642E+06
  1.1574998E+04  3.5145288E+06
  1.1625000E+04  3.4269332E+06
  1.1674998E+04  3.3747040E+06
  1.1724997E+04  3.4024355E+06
  1.1775001E+04  3.2926285E+06
  1.1824999E+04  3.2815478E+06
  1.1875000E+04  3.2195080E+06
  1.1925000E+04  3.2540282E+06
  1.1975001E+04  3.1614955E+06
  1.2024998E+04  3.1587090E+06
  1.2074996E+04  3.1093505E+06
  1.2125000E+04  3.0829882E+06
  1.2175000E+04  3.0640720E+06
  1.2225001E+04  3.0234298E+06
  1.2275001E+04  2.9858480E+06
  1.2324996E+04  2.9517528E+06
  1.2374996E+04  2.9215525E+06
  1.2424998E+04  2.8944252E+06
  1.2475000E+04  2.8596490E+06
  1.2524997E+04  2.8195740E+06
  1.2574997E+04  2.7748018E+06
  1.2624999E+04  2.7540472E+06
  1.2674997E+04  2.7286112E+06
  1.2724999E+04  2.7046505E+06
  1.2774999E+04  2.6498175E+06
  1.2825000E+04  2.3925935E+06
  1.2875001E+04  2.5931330E+06
  1.2924997E+04  2.5791992E+06
  1.2975001E+04  2.5575672E+06
  1.3024998E+04  2.5270892E+06
  1.3074999E+04  2.5071372E+06
  1.3125000E+04  2.4694822E+06
  1.3174998E+04  2.4338460E+06
  1.3224998E+04  2.4240935E+06
  1.3274997E+04  2.3913305E+06
  1.3324997E+04  2.3704475E+06
  1.3374999E+04  2.3418062E+06
  1.3424999E+04  2.3210505E+06
  1.3474999E+04  2.2953510E+06
  1.3525001E+04  2.2652298E+06
  1.3574999E+04  2.2309930E+06
  1.3624997E+04  2.2197230E+06
  1.3674997E+04  2.1918362E+06
  1.3724995E+04  2.1464975E+06
  1.3774998E+04  2.1400752E+06
  1.3824998E+04  2.1204842E+06
  1.3874996E+04  2.1091435E+06
  1.3925000E+04  2.0747888E+06
  1.3974996E+04  2.0590055E+06
  1.4024997E+04  2.0340076E+06
  1.4075001E+04  2.0197715E+06
  1.4124996E+04  1.9885046E+06
  1.4175000E+04  1.9765625E+06
  1.4225000E+04  1.9433294E+06
  1.4274994E+04  1.9195732E+06
  1.4325001E+04  1.9122529E+06
  1.4374998E+04  1.8993386E+06
  1.4424999E+04  1.8273528E+06
  1.4475000E+04  1.8543064E+06
  1.4524997E+04  1.8090638E+06
  1.4569999E+04  1.8138779E+06
  1.4620000E+04  1.8110095E+06
  1.4674998E+04  1.8233512E+06
  1.4725000E+04  1.7831890E+06
  1.4775002E+04  1.7490505E+06
  1.4824998E+04  1.7295596E+06
  1.4874996E+04  1.6942348E+06
  1.4924997E+04  1.6944531E+06
  1.4974999E+04  1.6605944E+06
  1.5024999E+04  1.6331230E+06
  1.5075000E+04  1.6051164E+06
  1.5124999E+04  1.6021960E+06
  1.5175000E+04  1.5865181E+06
  1.5225002E+04  1.5715311E+06
  1.5274998E+04  1.5482466E+06
  1.5324995E+04  1.5304292E+06
  1.5374997E+04  1.5320611E+06
  1.5425001E+04  1.4843965E+06
  1.5474996E+04  1.5017218E+06
  1.5524994E+04  1.4903142E+06
  1.5575001E+04  1.4270096E+06
  1.5624998E+04  1.4879330E+06
  1.5674997E+04  1.4298819E+06
  1.5724994E+04  1.3834925E+06
  1.5774996E+04  1.4274799E+06
  1.5825001E+04  1.4205640E+06
  1.5874995E+04  1.2994248E+06
  1.5925002E+04  1.3787435E+06
  1.5975001E+04  1.3941300E+06
  1.6049998E+04  1.3540176E+06
  1.6150001E+04  1.2831792E+06
  1.6249997E+04  1.3230048E+06
  1.6350000E+04  1.2722301E+06
  1.6449996E+04  1.2013166E+06
  1.6549998E+04  1.2435105E+06
  1.6649994E+04  1.2206418E+06
  1.6749998E+04  1.1718421E+06
  1.6849998E+04  1.1040100E+06
  1.6950000E+04  1.1482324E+06
  1.7049996E+04  1.1170490E+06
  1.7150000E+04  1.1013700E+06
  1.7249992E+04  1.0666594E+06
  1.7349994E+04  9.7932062E+05
  1.7449992E+04  1.0173448E+06
  1.7550000E+04  1.0082786E+06
  1.7649998E+04  9.8704200E+05
  1.7749994E+04  9.7024838E+05
  1.7849994E+04  9.5103650E+05
  1.7949998E+04  9.3683275E+05
  1.8050002E+04  9.1189950E+05
  1.8150002E+04  8.4385162E+05
  1.8249994E+04  8.6797531E+05
  1.8349992E+04  8.6336319E+05
  1.8449992E+04  8.4524212E+05
  1.8549998E+04  8.2888338E+05
  1.8650002E+04  8.1038919E+05
  1.8750002E+04  7.4344112E+05
  1.8850000E+04  7.7833438E+05
  1.8950004E+04  7.5954519E+05
  1.9049996E+04  7.5786275E+05
  1.9149998E+04  7.4245869E+05
  1.9249992E+04  7.2855350E+05
  1.9350000E+04  7.1063838E+05
  1.9449992E+04  6.5439425E+05
  1.9550002E+04  6.8627631E+05
  1.9649992E+04  6.7628519E+05
  1.9749992E+04  6.6265469E+05
  1.9849992E+04  6.5288750E+05
  1.9950002E+04  6.4138856E+05
  2.0050002E+04  6.3104244E+05
  2.0149996E+04  6.2090725E+05
  2.0249994E+04  6.0766075E+05
  2.0349994E+04  5.9523519E+05
  2.0449996E+04  5.8864438E+05
  2.0550000E+04  5.7780850E+05
  2.0649992E+04  5.6558250E+05
  2.0749998E+04  5.5672275E+05
  2.0849992E+04  5.4755656E+05
  2.0950004E+04  5.3701081E+05
  2.1050002E+04  5.2859644E+05
  2.1149992E+04  5.1832116E+05
  2.1250000E+04  5.0955784E+05
  2.1350002E+04  5.0139869E+05
  2.1449996E+04  4.9448309E+05
  2.1550006E+04  4.8462312E+05
  2.1649994E+04  4.4607828E+05
  2.1750002E+04  4.6612356E+05
  2.1849998E+04  4.6082531E+05
  2.1950002E+04  4.5508756E+05
  2.2050000E+04  4.4540581E+05
  2.2149996E+04  4.3836797E+05
  2.2249998E+04  4.3273941E+05
  2.2350004E+04  4.2570784E+05
  2.2449990E+04  4.1874003E+05
  2.2549994E+04  4.0977406E+05
  2.2650000E+04  4.0454062E+05
  2.2750000E+04  3.9858997E+05
  2.2850000E+04  3.9264119E+05
  2.2950004E+04  3.8906228E+05
  2.3050000E+04  3.8361638E+05
  2.3149996E+04  3.7598625E+05
  2.3250000E+04  3.7001288E+05
  2.3349996E+04  3.6311234E+05
  2.3449994E+04  3.5745306E+05
  2.3550002E+04  3.5125809E+05
  2.3649988E+04  3.4581559E+05
  2.3750000E+04  3.3948966E+05
  2.3849990E+04  3.3380775E+05
  2.3950002E+04  3.2885172E+05
  2.4050006E+04  3.2327628E+05
  2.4149992E+04  3.1796947E+05
  2.4249990E+04  3.1423138E+05
  2.4349990E+04  3.0804038E+05
  2.4450002E+04  3.0350884E+05
  2.4549990E+04  2.9953516E+05
  2.4649992E+04  2.9482809E+05
  2.4749992E+04  2.9019953E+05
  2.4850006E+04  2.8733141E+05
  2.4950000E+04  2.7816403E+05
  2.5050006E+04  2.8177103E+05
  2.5149994E+04  2.7625325E+05
  2.5249998E+04  2.6566088E+05
  2.5350004E+04  2.6766675E+05
  2.5449988E+04  2.6481747E+05
  2.5549998E+04  2.5934925E+05
  2.5649990E+04  2.4812358E+05
  2.5749990E+04  2.5278522E+05
  2.5849994E+04  2.4898394E+05
  2.5949990E+04  2.4658766E+05
  2.6049996E+04  2.4106167E+05
  2.6149998E+04  2.3004314E+05
  2.6249988E+04  2.2039364E+05
  2.6350008E+04  2.3129005E+05
  2.6449996E+04  2.2914080E+05
  2.6549994E+04  2.2600706E+05
  2.6649994E+04  2.2106778E+05
  2.6749988E+04  2.1003088E+05
  2.6849986E+04  2.1620866E+05
  2.6949986E+04  2.1443594E+05
  2.7050002E+04  2.1138061E+05
  2.7149998E+04  2.0853847E+05
  2.7249994E+04  2.0566630E+05
  2.7350006E+04  2.0296627E+05
  2.7450004E+04  1.9991027E+05
  2.7549996E+04  1.8822695E+05
  2.7649982E+04  1.9175638E+05
  2.7750004E+04  1.9195675E+05
  2.7850000E+04  1.8954617E+05
  2.7949992E+04  1.8717488E+05
  2.8049994E+04  1.8462645E+05
  2.8150002E+04  1.8220447E+05
  2.8250006E+04  1.7974133E+05
  2.8350000E+04  1.7750533E+05
  2.8450000E+04  1.7471906E+05
  2.8550002E+04  1.7268375E+05
  2.8650002E+04  1.6886428E+05
  2.8749982E+04  1.5900916E+05
  2.8849998E+04  1.6543127E+05
  2.8949986E+04  1.6379605E+05
  2.9049994E+04  1.6181756E+05
  2.9149986E+04  1.5933930E+05
  2.9249984E+04  1.5747231E+05
  2.9349980E+04  1.5564014E+05
  2.9450000E+04  1.5352053E+05
  2.9550004E+04  1.5168505E+05
  2.9649982E+04  1.4979816E+05
  2.9749992E+04  1.4785628E+05
  2.9849994E+04  1.4602588E+05
  2.9949984E+04  1.4406128E+05
  3.0049996E+04  1.4221114E+05
  3.0149994E+04  1.4045292E+05
  3.0249994E+04  1.3853777E+05
  3.0349996E+04  1.3081248E+05
  3.0449996E+04  1.3249008E+05
  3.0549996E+04  1.3347691E+05
  3.0649996E+04  1.3186545E+05
  3.0749994E+04  1.3042752E+05
  3.0849996E+04  1.2849078E+05
  3.0949994E+04  1.2702862E+05
  3.1049996E+04  1.2555523E+05
  3.1149996E+04  1.2346139E+05
  3.1249996E+04  1.2242559E+05
  3.1349996E+04  1.2101335E+05
  3.1449996E+04  1.1953657E+05
  3.1549998E+04  1.1811389E+05
  3.1649996E+04  1.1689106E+05
  3.1749998E+04  1.1532996E+05
  3.1849996E+04  1.1414641E+05
  3.1949994E+04  1.1282406E+05
  3.2099996E+04  1.1076666E+05
  3.2299992E+04  1.0825812E+05
  3.2499994E+04  1.0569572E+05
  3.2699996E+04  1.0318420E+05
  3.2899996E+04  9.7304422E+04
  3.3099996E+04  9.8153969E+04
  3.3299992E+04  9.6387352E+04
  3.3499996E+04  9.4333500E+04
  3.3699996E+04  9.1840492E+04
  3.3899996E+04  8.9733953E+04
  3.4099996E+04  8.7683328E+04
  3.4299996E+04  8.5876023E+04
  3.4499992E+04  8.4133117E+04
  3.4699996E+04  8.2199273E+04
  3.4899996E+04  8.0424742E+04
  3.5099996E+04  7.8700492E+04
  3.5299996E+04  7.6958648E+04
  3.5499996E+04  7.5298789E+04
  3.5699992E+04  7.3579562E+04
  3.5899992E+04  7.2224164E+04
  3.6099996E+04  7.0495258E+04
  3.6299992E+04  6.9340359E+04
  3.6499992E+04  6.7425977E+04
  3.6699992E+04  6.6463734E+04
  3.6899992E+04  6.4306465E+04
  3.7099996E+04  6.3475395E+04
  3.7299996E+04  6.1475113E+04
  3.7499992E+04  5.9098547E+04
  3.7699996E+04  5.9814383E+04
  3.7899996E+04  5.8678570E+04
  3.8099992E+04  5.7052004E+04
  3.8299996E+04  5.6134094E+04
  3.8499996E+04  5.5394820E+04
  3.8699996E+04  5.4177281E+04
  3.8899992E+04  5.3056484E+04
  3.9099996E+04  5.1317469E+04
  3.9299992E+04  5.1155059E+04
  3.9499992E+04  5.0131281E+04
  3.9699992E+04  4.9204375E+04
  3.9900000E+04  4.8054457E+04
  4.0099996E+04  4.6833625E+04
  4.0299992E+04  4.5773789E+04
  4.0499996E+04  4.4222641E+04
  4.0699992E+04  4.4619211E+04
  4.0899992E+04  4.3783031E+04
  4.1099996E+04  4.3065789E+04
  4.1299996E+04  4.2278637E+04
  4.1499992E+04  4.1406195E+04
  4.1699992E+04  3.9759887E+04
  4.1899996E+04  3.9872621E+04
  4.2099996E+04  3.9109961E+04
  4.2299992E+04  3.8555727E+04
  4.2499996E+04  3.7814094E+04
  4.2699992E+04  3.7173496E+04
  4.2899992E+04  3.6500176E+04
  4.3099996E+04  3.5839746E+04
  4.3299996E+04  3.5175875E+04
  4.3499992E+04  3.4538598E+04
  4.3699996E+04  3.3100684E+04
  4.3899996E+04  3.3200504E+04
  4.4099992E+04  3.2696654E+04
  4.4299992E+04  3.2167893E+04
  4.4499996E+04  3.1614949E+04
  4.4699996E+04  3.1119617E+04
  4.4899996E+04  3.0588855E+04
  4.5099992E+04  3.0071824E+04
  4.5299992E+04  2.9553529E+04
  4.5499996E+04  2.9055900E+04
  4.5699992E+04  2.8553209E+04
  4.5899996E+04  2.8061727E+04
  4.6099996E+04  2.7618453E+04
  4.6299992E+04  2.7144875E+04
  4.6499988E+04  2.5901332E+04
  4.6699992E+04  2.5470930E+04
  4.6899992E+04  2.5781680E+04
  4.7099992E+04  2.5406957E+04
  4.7299992E+04  2.5005643E+04
  4.7499996E+04  2.4580111E+04
  4.7699992E+04  2.4187324E+04
  4.7899992E+04  2.3813359E+04
  4.8099996E+04  2.3421959E+04
  4.8299992E+04  2.3050760E+04
  4.8499992E+04  2.2678461E+04
  4.8700000E+04  2.2321014E+04
  4.8899992E+04  2.1967080E+04
  4.9099988E+04  2.1608779E+04
  4.9299988E+04  2.1278811E+04
  4.9499996E+04  2.0939607E+04
  4.9699992E+04  2.0617383E+04
  4.9899988E+04  2.0298121E+04
  5.0099996E+04  1.9981783E+04
  5.0299996E+04  1.9674297E+04
  5.0499996E+04  1.9371043E+04
  5.0699996E+04  1.9079283E+04
  5.0899992E+04  1.8782781E+04
  5.1099992E+04  1.8464354E+04
  5.1299996E+04  1.7690791E+04
  5.1499988E+04  1.7932910E+04
  5.1699996E+04  1.7678852E+04
  5.1899992E+04  1.7415590E+04
  5.2099992E+04  1.7146123E+04
  5.2299996E+04  1.6892656E+04
  5.2499996E+04  1.6652115E+04
  5.2699996E+04  1.6406594E+04
  5.2899992E+04  1.6164303E+04
  5.3099988E+04  1.5927861E+04
  5.3299988E+04  1.5695834E+04
  5.3499992E+04  1.5466821E+04
  5.3699992E+04  1.5234247E+04
  5.3899992E+04  1.5021553E+04
  5.4099992E+04  1.4810293E+04
  5.4299984E+04  1.4586404E+04
  5.4499988E+04  1.4386951E+04
  5.4699996E+04  1.4162318E+04
  5.4899992E+04  1.3979326E+04
  5.5099992E+04  1.3787442E+04
  5.5299988E+04  1.3588112E+04
  5.5499988E+04  1.3401072E+04
  5.5699992E+04  1.3211506E+04
  5.5899992E+04  1.3007427E+04
  5.6099988E+04  1.2847814E+04
  5.6299996E+04  1.2667551E+04
  5.6499988E+04  1.2500143E+04
  5.6699988E+04  1.2326568E+04
  5.6899992E+04  1.2156283E+04
  5.7099996E+04  1.1993858E+04
  5.7299988E+04  1.1829960E+04
  5.7499988E+04  1.1669185E+04
  5.7699988E+04  1.1509219E+04
  5.7899996E+04  1.1350056E+04
  5.8099988E+04  1.1202856E+04
  5.8299996E+04  1.1055295E+04
  5.8499992E+04  1.0915105E+04
  5.8699988E+04  1.0762681E+04
  5.8899988E+04  1.0588720E+04
  5.9099992E+04  1.0196076E+04
  5.9299988E+04  1.0338256E+04
  5.9499996E+04  1.0185016E+04
  5.9699988E+04  1.0078203E+04
  5.9899992E+04  9.9464404E+03
  6.0099992E+04  9.8120352E+03
  6.0299992E+04  9.6924521E+03
  6.0499988E+04  9.5679570E+03
  6.0699992E+04  9.4410020E+03
  6.0899992E+04  9.3166230E+03
  6.1099988E+04  9.1877148E+03
  6.1299992E+04  9.0848486E+03
  6.1499988E+04  8.9711748E+03
  6.1699988E+04  8.8574932E+03
  6.1899996E+04  8.7444990E+03
  6.2099996E+04  8.6361943E+03
  6.2299988E+04  8.5144453E+03
  6.2499992E+04  8.4180869E+03
  6.2699988E+04  8.3108047E+03
  6.2899996E+04  8.2130908E+03
  6.3099984E+04  8.1015034E+03
  6.3299996E+04  8.0095811E+03
  6.3499984E+04  7.9105327E+03
  6.3699984E+04  7.8143291E+03
  6.3900000E+04  7.7171396E+03
  6.4199992E+04  7.5788276E+03
  6.4599984E+04  7.3936357E+03
  6.4999992E+04  7.2152637E+03
  6.5399992E+04  7.0468560E+03
  6.5799992E+04  6.8799976E+03
  6.6199984E+04  6.7165596E+03
  6.6599984E+04  6.5612095E+03
  6.6999992E+04  6.4075679E+03
  6.7399992E+04  6.2583457E+03
  6.7799992E+04  6.1160405E+03
  6.8199992E+04  5.9759863E+03
  6.8599992E+04  5.8398130E+03
  6.8999984E+04  5.7058345E+03
  6.9399984E+04  5.5775181E+03
  6.9800000E+04  5.4540010E+03
  7.0199992E+04  5.3311738E+03
  7.0599984E+04  5.2143237E+03
  7.0999977E+04  5.1018545E+03
  7.1399977E+04  4.9895742E+03
  7.1799984E+04  4.8805684E+03
  7.2199984E+04  4.7718594E+03
  7.2600000E+04  4.6716021E+03
  7.2999984E+04  4.5738193E+03
  7.3400000E+04  4.4750840E+03
  7.3799984E+04  4.3815381E+03
  7.4199992E+04  4.2872100E+03
  7.4599992E+04  4.1524746E+03
  7.5000000E+04  4.0575986E+03
  7.5399992E+04  4.0244695E+03
  7.5799992E+04  3.9429626E+03
  7.6199984E+04  3.8627471E+03
  7.6599992E+04  3.7841787E+03
  7.6999992E+04  3.7065862E+03
  7.7399992E+04  3.6325916E+03
  7.7799984E+04  3.5597339E+03
  7.8199984E+04  3.4886033E+03
  7.8599984E+04  3.4192202E+03
  7.8999984E+04  3.3515432E+03
  7.9399984E+04  3.2853511E+03
  7.9800000E+04  3.2210237E+03
  8.0199992E+04  3.1574629E+03
  8.0599984E+04  3.0961040E+03
  8.0999992E+04  3.0370623E+03
  8.1399977E+04  2.9775522E+03
  8.1799984E+04  2.9209146E+03
  8.2199984E+04  2.8660161E+03
  8.2599992E+04  2.8114893E+03
  8.2999984E+04  2.7584805E+03
  8.3400000E+04  2.7053264E+03
  8.3799992E+04  2.6546160E+03
  8.4199992E+04  2.6060732E+03
  8.4599977E+04  2.5584336E+03
  8.4999977E+04  2.5114678E+03
  8.5399984E+04  2.4651641E+03
  8.5799984E+04  2.4200737E+03
  8.6199992E+04  2.3759143E+03
  8.6599992E+04  2.3333704E+03
  8.6999984E+04  2.2914573E+03
  8.7399992E+04  2.2501619E+03
  8.7799992E+04  2.2100603E+03
  8.8199984E+04  2.1700591E+03
  8.8599977E+04  2.1319849E+03
  8.8999992E+04  2.0942192E+03
  8.9399977E+04  2.0578926E+03
  8.9799977E+04  2.0213336E+03
  9.0199984E+04  1.9866371E+03
  9.0599984E+04  1.9527028E+03
  9.0999992E+04  1.9182405E+03
  9.1400000E+04  1.8855232E+03
  9.1799969E+04  1.8537056E+03
  9.2199969E+04  1.8222783E+03
  9.2599984E+04  1.7913229E+03
  9.3000000E+04  1.7611801E+03
  9.3399984E+04  1.7314447E+03
  9.3799984E+04  1.7024934E+03
  9.4199977E+04  1.6741830E+03
  9.4599984E+04  1.6463730E+03
  9.4999969E+04  1.6190972E+03
  9.5399984E+04  1.5920947E+03
  9.5799984E+04  1.5665127E+03
  9.6199992E+04  1.5406484E+03
  9.6599984E+04  1.5159257E+03
  9.7000000E+04  1.4913564E+03
  9.7399977E+04  1.4667034E+03
  9.7799984E+04  1.4434655E+03
  9.8199977E+04  1.4203617E+03
  9.8599977E+04  1.3978944E+03
  9.8999992E+04  1.3758579E+03
  9.9399984E+04  1.3539020E+03
  9.9799977E+04  1.3325181E+03
  1.0019999E+05  1.3116187E+03
  1.9999991E+05  8.4420296E+01
  3.9999994E+05  5.2763834E+00
  5.9999981E+05  1.0351896E+00
  7.9999994E+05  3.2530901E-01
