  9.2499988E+02  1.7771017E-03
  9.3499982E+02  2.3866841E-03
  9.4500000E+02  3.1849288E-03
  9.5500000E+02  4.5607402E-03
  9.6499988E+02  6.1144666E-03
  9.7499982E+02  7.7940412E-03
  9.8499976E+02  1.0321261E-02
  9.9499988E+02  1.2989733E-02
  1.0049999E+03  1.8102882E-02
  1.0149997E+03  2.3346510E-02
  1.0249998E+03  2.6016776E-02
  1.0349998E+03  3.7879933E-02
  1.0449998E+03  4.8580907E-02
  1.0549999E+03  6.1365832E-02
  1.0649999E+03  7.4962988E-02
  1.0750000E+03  9.5335253E-02
  1.0849996E+03  1.1945315E-01
  1.0949999E+03  1.4434013E-01
  1.1049999E+03  1.9651427E+00
  1.1149999E+03  4.2236166E+00
  1.1249999E+03  6.0816073E+00
  1.1349996E+03  8.0407391E+00
  1.1449999E+03  1.0362693E+01
  1.1549999E+03  1.1108335E+01
  1.1650000E+03  1.5281665E+01
  1.1749995E+03  1.8183342E+01
  1.1849996E+03  1.8104712E+01
  1.1949998E+03  1.0468145E+01
  1.2049996E+03  1.0473886E+01
  1.2149998E+03  1.5423036E+00
  1.2249996E+03  1.3027031E+01
  1.2349996E+03  3.3273602E+01
  1.2449998E+03  9.8350082E+01
  1.2549996E+03  1.6751805E+02
  1.2650000E+03  1.6953897E+02
  1.2749998E+03  2.7012390E+02
  1.2849995E+03  3.8774738E+02
  1.2949998E+03  4.7788464E+02
  1.3049995E+03  4.0906927E+02
  1.3149998E+03  6.5373975E+02
  1.3249998E+03  7.7291852E+02
  1.3349996E+03  8.8774792E+02
  1.3449995E+03  1.0985508E+03
  1.3549996E+03  1.1627068E+03
  1.3649999E+03  1.3215000E+03
  1.3749999E+03  1.4249353E+03
  1.3849996E+03  1.5186184E+03
  1.3949999E+03  1.7668285E+03
  1.4050001E+03  2.0086443E+03
  1.4149998E+03  2.1399124E+03
  1.4249998E+03  2.3765845E+03
  1.4350000E+03  2.5106082E+03
  1.4419998E+03  3.0693213E+03
  1.4469999E+03  3.1710361E+03
  1.4549994E+03  3.5608623E+03
  1.4650000E+03  3.7223496E+03
  1.4749995E+03  4.1084165E+03
  1.4849996E+03  4.6026797E+03
  1.4949998E+03  5.5135586E+03
  1.5049996E+03  6.2656772E+03
  1.5119995E+03  6.0726699E+03
  1.5169994E+03  6.4467158E+03
  1.5250001E+03  1.0367659E+04
  1.5349994E+03  1.2832491E+04
  1.5449994E+03  1.5238364E+04
  1.5549998E+03  1.7262861E+04
  1.5649999E+03  1.6141583E+04
  1.5750001E+03  2.4440467E+04
  1.5850000E+03  2.8384408E+04
  1.5949996E+03  3.4702355E+04
  1.6049999E+03  3.3213906E+04
  1.6150000E+03  3.3419168E+04
  1.6249996E+03  3.1533947E+04
  1.6350000E+03  3.9396504E+04
  1.6449996E+03  4.9740570E+04
  1.6549999E+03  3.1733869E+04
  1.6649993E+03  5.4466980E+04
  1.6720000E+03  3.3439355E+04
  1.6770001E+03  4.3075416E+05
  1.6849998E+03  4.5195100E+05
  1.6950000E+03  3.5341522E+05
  1.7049995E+03  4.0299872E+05
  1.7150000E+03  7.1064006E+05
  1.7249993E+03  8.3574181E+05
  1.7349994E+03  1.0853361E+06
  1.7449993E+03  9.5117881E+05
  1.7550001E+03  1.3347002E+06
  1.7649998E+03  9.4222419E+05
  1.7749995E+03  1.2983359E+06
  1.7849995E+03  1.2366525E+06
  1.7949999E+03  1.9444512E+06
  1.8050001E+03  1.6505356E+06
  1.8150001E+03  1.9056079E+06
  1.8249994E+03  1.7321954E+06
  1.8349993E+03  1.5773186E+06
  1.8449993E+03  1.3230945E+06
  1.8549998E+03  1.7961751E+06
  1.8650002E+03  2.3235052E+06
  1.8750001E+03  2.0650725E+06
  1.8850000E+03  2.2046975E+06
  1.8950002E+03  2.6137170E+06
  1.9049996E+03  2.4281420E+06
  1.9149999E+03  2.5660860E+06
  1.9249993E+03  2.1788898E+06
  1.9350001E+03  1.0503415E+06
  1.9449993E+03  2.8634728E+06
  1.9550002E+03  3.0267562E+06
  1.9670002E+03  3.5783450E+06
  1.9759990E+03  3.3239115E+06
  1.9839996E+03  3.6084978E+06
  1.9950001E+03  3.5866078E+06
  2.0050002E+03  3.2172980E+06
  2.0149996E+03  3.1424855E+06
  2.0249994E+03  2.7849208E+06
  2.0349995E+03  3.5920070E+06
  2.0449998E+03  4.0374700E+06
  2.0550000E+03  3.7697165E+06
  2.0649993E+03  3.4658695E+06
  2.0739993E+03  4.3834955E+06
  2.0780002E+03  5.6986940E+06
  2.0849993E+03  5.8161420E+06
  2.0950005E+03  5.3846995E+06
  2.1050002E+03  4.7692030E+06
  2.1149990E+03  5.1056465E+06
  2.1250000E+03  4.8989375E+06
  2.1350002E+03  4.0348438E+06
  2.1449998E+03  5.0921330E+06
  2.1550005E+03  5.2222325E+06
  2.1649995E+03  4.6259520E+06
  2.1750002E+03  4.7486770E+06
  2.1849998E+03  5.3049475E+06
  2.1950000E+03  5.7797490E+06
  2.2050000E+03  5.3627230E+06
  2.2149998E+03  4.3237855E+06
  2.2249998E+03  4.3450485E+06
  2.2350005E+03  5.7458415E+06
  2.2449990E+03  5.3019720E+06
  2.2549993E+03  4.1707910E+06
  2.2650000E+03  4.2416220E+06
  2.2750000E+03  4.9297660E+06
  2.2850000E+03  5.6598430E+06
  2.2950002E+03  4.9085920E+06
  2.3050000E+03  5.5562360E+06
  2.3149995E+03  4.9804160E+06
  2.3250000E+03  3.0373505E+06
  2.3349995E+03  3.1767412E+06
  2.3449993E+03  2.1754380E+06
  2.3550000E+03  4.2862185E+06
  2.3649988E+03  2.3038212E+06
  2.3750000E+03  3.2867650E+06
  2.3849990E+03  1.6333074E+06
  2.3950000E+03  2.2971022E+06
  2.4050005E+03  2.2490540E+06
  2.4149993E+03  2.8629202E+06
  2.4249990E+03  4.8588310E+06
  2.4349990E+03  4.7895225E+06
  2.4450000E+03  5.5095555E+06
  2.4549990E+03  5.6313490E+06
  2.4649990E+03  5.3561610E+06
  2.4749993E+03  4.7368830E+06
  2.4850005E+03  4.3225400E+06
  2.4950000E+03  4.2409980E+06
  2.5050005E+03  6.2546410E+06
  2.5129988E+03  3.2361810E+06
  2.5179990E+03  2.5541092E+06
  2.5249998E+03  2.7670472E+06
  2.5350007E+03  3.4201988E+06
  2.5449988E+03  3.7535922E+06
  2.5550000E+03  5.1197520E+06
  2.5649990E+03  4.2098320E+06
  2.5749990E+03  5.0546250E+06
  2.5849993E+03  4.6431010E+06
  2.5949990E+03  4.1960230E+06
  2.6049995E+03  3.6492910E+06
  2.6149998E+03  3.2172212E+06
  2.6249990E+03  4.6363515E+06
  2.6350007E+03  6.1904150E+06
  2.6449995E+03  8.6536300E+06
  2.6549998E+03  9.7109030E+06
  2.6649995E+03  7.1514435E+06
  2.6749988E+03  8.2853045E+06
  2.6849988E+03  8.4144420E+06
  2.6949988E+03  7.2343135E+06
  2.7050000E+03  8.2394945E+06
  2.7150000E+03  6.7596240E+06
  2.7249995E+03  6.7694645E+06
  2.7350007E+03  7.5716985E+06
  2.7450002E+03  4.0455532E+06
  2.7549998E+03  5.1610775E+06
  2.7649983E+03  6.2256515E+06
  2.7750005E+03  7.3212335E+06
  2.7850000E+03  4.9504270E+06
  2.7949993E+03  1.6719049E+06
  2.8049995E+03  2.2144252E+06
  2.8150002E+03  6.8797925E+06
  2.8250007E+03  9.4614850E+06
  2.8350000E+03  9.1642420E+06
  2.8450002E+03  8.7699280E+06
  2.8550005E+03  7.1334525E+06
  2.8650000E+03  9.8949360E+06
  2.8749983E+03  9.9889490E+06
  2.8850000E+03  9.7174840E+06
  2.8949988E+03  9.4805620E+06
  2.9099988E+03  1.1721838E+07
  2.9299983E+03  1.0892265E+07
  2.9499990E+03  1.0745936E+07
  2.9700005E+03  1.1565630E+07
  2.9899980E+03  1.1877930E+07
  3.0099995E+03  1.2486528E+07
  3.0299995E+03  1.2208979E+07
  3.0499995E+03  1.2463681E+07
  3.0699995E+03  1.2749904E+07
  3.0899995E+03  1.3266407E+07
  3.1099995E+03  1.2849769E+07
  3.1299998E+03  1.2736454E+07
  3.1499995E+03  1.3133360E+07
  3.1699995E+03  1.3262832E+07
  3.1899995E+03  1.2051566E+07
  3.2099998E+03  1.2923018E+07
  3.2299993E+03  1.1728203E+07
  3.2499993E+03  1.2947138E+07
  3.2699995E+03  1.3778562E+07
  3.2899995E+03  1.3634523E+07
  3.3099998E+03  1.4176877E+07
  3.3299993E+03  1.3939152E+07
  3.3499995E+03  1.3857468E+07
  3.3699995E+03  1.3360425E+07
  3.3899993E+03  1.3663179E+07
  3.4099993E+03  1.3646579E+07
  3.4299995E+03  1.3778975E+07
  3.4499993E+03  1.3988108E+07
  3.4699998E+03  1.3806048E+07
  3.4899993E+03  1.3949219E+07
  3.5099995E+03  1.4375370E+07
  3.5299995E+03  1.4020655E+07
  3.5499995E+03  1.5132700E+07
  3.5699995E+03  1.3797199E+07
  3.5899995E+03  1.3580762E+07
  3.6099995E+03  1.3897564E+07
  3.6299993E+03  1.4013881E+07
  3.6399993E+03  1.4117541E+07
  3.6499995E+03  1.5116266E+07
  3.6699993E+03  1.4108647E+07
  3.6899995E+03  1.3609440E+07
  3.7099995E+03  1.6043064E+07
  3.7299998E+03  1.6022306E+07
  3.7499993E+03  1.8440032E+07
  3.7699993E+03  1.9630658E+07
  3.7899995E+03  2.1850052E+07
  3.8099993E+03  2.4347082E+07
  3.8299998E+03  2.0139908E+07
  3.8499995E+03  2.5675546E+07
  3.8699995E+03  2.7365338E+07
  3.8899995E+03  2.0636284E+07
  3.9099995E+03  2.6096136E+07
  3.9299993E+03  1.5829969E+07
  3.9499993E+03  2.3177934E+07
  3.9699998E+03  1.5543416E+07
  3.9899995E+03  2.6825500E+07
  4.0099995E+03  2.8732748E+07
  4.0299993E+03  2.8882046E+07
  4.0499993E+03  2.8459688E+07
  4.0699993E+03  2.7996456E+07
  4.0899995E+03  2.6360802E+07
  4.1099995E+03  2.2627940E+07
  4.1299995E+03  2.7992868E+07
  4.1499990E+03  2.9173992E+07
  4.1699990E+03  2.8745328E+07
  4.1899995E+03  2.8707604E+07
  4.2099995E+03  2.8614040E+07
  4.2299995E+03  2.7912472E+07
  4.2499995E+03  2.8274016E+07
  4.2699990E+03  2.7474626E+07
  4.2899995E+03  2.7374616E+07
  4.3100000E+03  2.5502758E+07
  4.3299995E+03  2.4482058E+07
  4.3499995E+03  2.1961912E+07
  4.3699995E+03  2.7756518E+07
  4.3899995E+03  2.7359534E+07
  4.4099995E+03  2.7115808E+07
  4.4299995E+03  2.6840810E+07
  4.4499995E+03  2.6953940E+07
  4.4699995E+03  2.7184650E+07
  4.4899995E+03  2.6965432E+07
  4.5099990E+03  2.8228918E+07
  4.5299995E+03  2.6630850E+07
  4.5499990E+03  2.6608344E+07
  4.5699995E+03  2.7768528E+07
  4.5899990E+03  2.6455958E+07
  4.6099990E+03  2.7022840E+07
  4.6299990E+03  2.6325928E+07
  4.6499990E+03  2.6579096E+07
  4.6699990E+03  2.6768232E+07
  4.6899990E+03  2.6101962E+07
  4.7099995E+03  2.5082594E+07
  4.7299990E+03  2.6174258E+07
  4.7499995E+03  2.6248172E+07
  4.7699995E+03  2.5927522E+07
  4.7899990E+03  2.5762368E+07
  4.8099995E+03  2.5428070E+07
  4.8299995E+03  2.5114568E+07
  4.8499990E+03  2.2148338E+07
  4.8700000E+03  1.8721568E+07
  4.8899990E+03  2.3862398E+07
  4.9099990E+03  2.4193458E+07
  4.9299990E+03  2.3830156E+07
  4.9499995E+03  2.4379062E+07
  4.9699995E+03  2.4521836E+07
  4.9899990E+03  2.3281712E+07
  5.0099995E+03  2.2540854E+07
  5.0299995E+03  2.3389376E+07
  5.0499995E+03  2.3130620E+07
  5.0699995E+03  2.3618274E+07
  5.0899995E+03  2.3150932E+07
  5.1099990E+03  2.3231212E+07
  5.1299995E+03  2.2689678E+07
  5.1499985E+03  2.2181416E+07
  5.1700000E+03  2.1833936E+07
  5.1899990E+03  2.1675782E+07
  5.2099990E+03  2.1791428E+07
  5.2299995E+03  2.1853710E+07
  5.2499995E+03  2.2145412E+07
  5.2699995E+03  2.0667288E+07
  5.2899990E+03  2.1757930E+07
  5.3099995E+03  2.1710576E+07
  5.3299990E+03  2.0796052E+07
  5.3499995E+03  2.1439794E+07
  5.3699995E+03  2.1235974E+07
  5.3899995E+03  2.1034582E+07
  5.4099990E+03  2.0562700E+07
  5.4299990E+03  2.0783320E+07
  5.4499990E+03  2.0967176E+07
  5.4699995E+03  2.0641632E+07
  5.4899995E+03  2.0687752E+07
  5.5099995E+03  2.0495652E+07
  5.5299985E+03  2.0363692E+07
  5.5499990E+03  2.0383520E+07
  5.5699990E+03  1.9995760E+07
  5.5899995E+03  1.9856546E+07
  5.6099990E+03  1.9891186E+07
  5.6299995E+03  1.9899870E+07
  5.6499990E+03  1.9740356E+07
  5.6699990E+03  1.9397440E+07
  5.6899995E+03  1.9494038E+07
  5.7099995E+03  1.9271054E+07
  5.7299990E+03  1.9622126E+07
  5.7499990E+03  1.9236322E+07
  5.7699990E+03  1.9222014E+07
  5.7899995E+03  1.9000666E+07
  5.8099985E+03  1.8969414E+07
  5.8300000E+03  1.8937016E+07
  5.8499990E+03  1.8674560E+07
  5.8699985E+03  1.8596726E+07
  5.8899985E+03  1.8144866E+07
  5.9099995E+03  1.8340446E+07
  5.9299985E+03  1.8220162E+07
  5.9499995E+03  1.8146822E+07
  5.9699990E+03  1.8038126E+07
  5.9899990E+03  1.7844374E+07
  6.0099990E+03  1.7602734E+07
  6.0299995E+03  1.7563864E+07
  6.0499990E+03  1.7588942E+07
  6.0699990E+03  1.7522304E+07
  6.0899995E+03  1.7263160E+07
  6.1099985E+03  1.7092814E+07
  6.1299995E+03  1.6726802E+07
  6.1499985E+03  1.6579350E+07
  6.1699985E+03  1.6501728E+07
  6.1900000E+03  1.6757083E+07
  6.2099995E+03  1.6659093E+07
  6.2299985E+03  1.6402830E+07
  6.2499990E+03  1.5903562E+07
  6.2699985E+03  1.6360954E+07
  6.2900000E+03  1.6267541E+07
  6.3099985E+03  1.5931830E+07
  6.3299995E+03  1.5908408E+07
  6.3499985E+03  1.5794345E+07
  6.3699985E+03  1.5697178E+07
  6.3899995E+03  1.5684873E+07
  6.4099990E+03  1.5371678E+07
  6.4299985E+03  1.5382816E+07
  6.4499985E+03  1.5199727E+07
  6.4699990E+03  1.5178797E+07
  6.4899990E+03  1.4900242E+07
  6.5099985E+03  1.4951953E+07
  6.5299990E+03  1.4747412E+07
  6.5499985E+03  1.3594973E+07
  6.5699985E+03  1.1188998E+07
  6.5899995E+03  1.4168664E+07
  6.6099985E+03  1.4515041E+07
  6.6299990E+03  1.4503019E+07
  6.6499985E+03  1.4423584E+07
  6.6699995E+03  1.4289790E+07
  6.6899990E+03  1.4304647E+07
  6.7099995E+03  1.4164276E+07
  6.7299990E+03  1.4110991E+07
  6.7499995E+03  1.3939847E+07
  6.7699985E+03  1.3943918E+07
  6.7899995E+03  1.3830840E+07
  6.8099995E+03  1.3735096E+07
  6.8300000E+03  1.3641852E+07
  6.8499985E+03  1.3491661E+07
  6.8699985E+03  1.3489050E+07
  6.8899985E+03  1.3421170E+07
  6.9099990E+03  1.3317552E+07
  6.9299995E+03  1.3236086E+07
  6.9499990E+03  1.3156898E+07
  6.9699985E+03  1.3059015E+07
  6.9899985E+03  1.3004439E+07
  7.0099985E+03  1.2756309E+07
  7.0299985E+03  1.2773018E+07
  7.0499990E+03  1.2734757E+07
  7.0699980E+03  1.2651508E+07
  7.0899990E+03  1.2565989E+07
  7.1099990E+03  1.2294924E+07
  7.1299995E+03  1.2311266E+07
  7.1499990E+03  1.2266072E+07
  7.1699995E+03  1.2165491E+07
  7.1899985E+03  1.2025762E+07
  7.2099985E+03  1.2018564E+07
  7.2299980E+03  1.1932706E+07
  7.2499990E+03  1.1893478E+07
  7.2699995E+03  1.1858065E+07
  7.2899990E+03  1.1663364E+07
  7.3099980E+03  1.1646869E+07
  7.3299980E+03  1.1589710E+07
  7.3499980E+03  1.1569260E+07
  7.3699985E+03  1.1516956E+07
  7.3899995E+03  1.1327080E+07
  7.4099985E+03  1.1139776E+07
  7.4299995E+03  1.1154950E+07
  7.4500000E+03  1.1125681E+07
  7.4700000E+03  1.1054708E+07
  7.4899990E+03  1.0985008E+07
  7.5099985E+03  1.0958641E+07
  7.5299995E+03  1.0915120E+07
  7.5499980E+03  1.0903634E+07
  7.5699985E+03  1.0796789E+07
  7.5899990E+03  1.0728844E+07
  7.6099980E+03  1.0661468E+07
  7.6299995E+03  1.0615352E+07
  7.6499995E+03  1.0529021E+07
  7.6699980E+03  1.0351872E+07
  7.6899990E+03  1.0385370E+07
  7.7099995E+03  1.0273254E+07
  7.7299985E+03  1.0277539E+07
  7.7499990E+03  1.0162463E+07
  7.7700000E+03  9.9835370E+06
  7.7900000E+03  1.0129137E+07
  7.8099995E+03  1.0043357E+07
  7.8299980E+03  9.9208400E+06
  7.8499980E+03  9.8361160E+06
  7.8699995E+03  9.8360590E+06
  7.8900000E+03  9.7668900E+06
  7.9099995E+03  9.6862540E+06
  7.9300000E+03  9.5727530E+06
  7.9499985E+03  9.5329980E+06
  7.9699990E+03  9.5824790E+06
  7.9900000E+03  9.4826340E+06
  8.0099980E+03  9.4112690E+06
  8.0299985E+03  9.3580190E+06
  8.0500000E+03  9.2976210E+06
  8.0699985E+03  9.2741580E+06
  8.0899990E+03  9.1777040E+06
  8.1099995E+03  9.1874790E+06
  8.1299976E+03  9.1474670E+06
  8.1499976E+03  9.0822080E+06
  8.1699980E+03  9.0282000E+06
  8.1899985E+03  8.8106090E+06
  8.2099990E+03  8.8107710E+06
  8.2300000E+03  8.7529800E+06
  8.2500000E+03  8.7238760E+06
  8.2700000E+03  8.7726200E+06
  8.2899980E+03  8.7018430E+06
  8.3099990E+03  8.5896290E+06
  8.3299980E+03  8.4409340E+06
  8.3500000E+03  8.4659220E+06
  8.3699990E+03  8.4093820E+06
  8.3899990E+03  8.2703275E+06
  8.4099971E+03  8.2528805E+06
  8.4300000E+03  8.1877855E+06
  8.4499990E+03  8.0720420E+06
  8.4699980E+03  7.9389200E+06
  8.4899980E+03  8.1398925E+06
  8.5099990E+03  7.5767885E+06
  8.5299990E+03  8.1678000E+06
  8.5499990E+03  7.2205570E+06
  8.5699990E+03  8.2081710E+06
  8.5900000E+03  7.7574585E+06
  8.6099980E+03  7.5842530E+06
  8.6299990E+03  8.1151735E+06
  8.6499990E+03  7.9321775E+06
  8.6699990E+03  6.7724750E+06
  8.6899990E+03  7.7760095E+06
  8.7099971E+03  7.9712565E+06
  8.7299990E+03  7.8215730E+06
  8.7499980E+03  6.8637405E+06
  8.7699980E+03  7.6568340E+06
  8.7899980E+03  7.8238940E+06
  8.8099990E+03  7.7563740E+06
  8.8299980E+03  7.6304400E+06
  8.8499980E+03  7.3309590E+06
  8.8699980E+03  6.5921325E+06
  8.8899990E+03  7.5106285E+06
  8.9099971E+03  7.5713860E+06
  8.9299980E+03  7.5016035E+06
  8.9499980E+03  7.5264330E+06
  8.9699990E+03  7.4605990E+06
  8.9899990E+03  7.3416720E+06
  9.0099980E+03  6.3921115E+06
  9.0299990E+03  6.8979185E+06
  9.0499990E+03  7.2855840E+06
  9.0699980E+03  7.1298435E+06
  9.0899990E+03  6.9922685E+06
  9.1099980E+03  7.1241125E+06
  9.1299980E+03  7.1824205E+06
  9.1499980E+03  7.1578060E+06
  9.1699980E+03  7.0898810E+06
  9.1899990E+03  7.0184615E+06
  9.2099990E+03  6.7601710E+06
  9.2299980E+03  5.8248155E+06
  9.2499980E+03  6.5833920E+06
  9.2699971E+03  6.7299395E+06
  9.2899990E+03  6.8629395E+06
  9.3099980E+03  6.8504365E+06
  9.3299990E+03  6.8011900E+06
  9.3499980E+03  6.7704030E+06
  9.3699990E+03  6.7492530E+06
  9.3900000E+03  6.6854945E+06
  9.4099980E+03  6.4324680E+06
  9.4299971E+03  6.5784870E+06
  9.4499990E+03  6.5325295E+06
  9.4700000E+03  6.5436115E+06
  9.4899980E+03  6.5102065E+06
  9.5100000E+03  6.4137010E+06
  9.5300000E+03  6.1976565E+06
  9.5500000E+03  5.3654065E+06
  9.5699990E+03  6.1644680E+06
  9.5899980E+03  6.2915785E+06
  9.6099980E+03  6.2327830E+06
  9.6299990E+03  6.1520775E+06
  9.6499990E+03  6.1917365E+06
  9.6699980E+03  6.1097485E+06
  9.6899980E+03  6.1090280E+06
  9.7100000E+03  6.1426225E+06
  9.7299990E+03  6.1050625E+06
  9.7499980E+03  6.0170305E+06
  9.7699961E+03  6.0318910E+06
  9.7899980E+03  6.0001930E+06
  9.8099980E+03  5.9702725E+06
  9.8299990E+03  5.9378140E+06
  9.8499980E+03  5.8737325E+06
  9.8700000E+03  5.8379620E+06
  9.8899980E+03  5.7928070E+06
  9.9099990E+03  5.7652285E+06
  9.9300000E+03  5.7596020E+06
  9.9499980E+03  5.7341900E+06
  9.9699980E+03  5.7100705E+06
  9.9899990E+03  5.6683555E+06
  1.0024998E+04  5.4151775E+06
  1.0074998E+04  5.1941755E+06
  1.0124997E+04  5.4303785E+06
  1.0174997E+04  5.3851460E+06
  1.0224998E+04  5.3416150E+06
  1.0274997E+04  5.2861875E+06
  1.0325000E+04  5.1863430E+06
  1.0374999E+04  5.1336755E+06
  1.0425000E+04  5.0682570E+06
  1.0474998E+04  4.9489185E+06
  1.0524997E+04  4.9118730E+06
  1.0574999E+04  4.8601425E+06
  1.0625000E+04  4.7888115E+06
  1.0674997E+04  4.6468635E+06
  1.0724998E+04  4.6409735E+06
  1.0774999E+04  4.5863195E+06
  1.0824997E+04  4.5189740E+06
  1.0874997E+04  4.4482095E+06
  1.0924999E+04  4.0408128E+06
  1.0974996E+04  4.2436620E+06
  1.1025000E+04  4.3292305E+06
  1.1074998E+04  4.2926870E+06
  1.1124999E+04  4.2252700E+06
  1.1174998E+04  4.1715565E+06
  1.1224999E+04  4.1341765E+06
  1.1274997E+04  4.0098735E+06
  1.1325000E+04  3.9683738E+06
  1.1375000E+04  3.9580212E+06
  1.1425000E+04  3.8778520E+06
  1.1474997E+04  3.8881940E+06
  1.1525000E+04  3.8434668E+06
  1.1574998E+04  3.7847472E+06
  1.1625000E+04  3.6912080E+06
  1.1674998E+04  3.6322980E+06
  1.1724997E+04  3.6592078E+06
  1.1775001E+04  3.5401602E+06
  1.1824999E+04  3.5275290E+06
  1.1875000E+04  3.4618195E+06
  1.1925000E+04  3.4945768E+06
  1.1975001E+04  3.3974120E+06
  1.2024998E+04  3.3908442E+06
  1.2074996E+04  3.3372420E+06
  1.2125000E+04  3.3077228E+06
  1.2175000E+04  3.2856938E+06
  1.2225001E+04  3.2417300E+06
  1.2275001E+04  3.1998728E+06
  1.2324996E+04  3.1628050E+06
  1.2374996E+04  3.1296728E+06
  1.2424998E+04  3.0996532E+06
  1.2475000E+04  3.0610568E+06
  1.2524997E+04  3.0186562E+06
  1.2574997E+04  2.9689690E+06
  1.2624999E+04  2.9457340E+06
  1.2674997E+04  2.9176160E+06
  1.2724999E+04  2.8858908E+06
  1.2774999E+04  2.8141760E+06
  1.2825000E+04  2.5045962E+06
  1.2875001E+04  2.7572208E+06
  1.2924997E+04  2.7510405E+06
  1.2975001E+04  2.7301010E+06
  1.3024998E+04  2.6974125E+06
  1.3074999E+04  2.6746178E+06
  1.3125000E+04  2.6345958E+06
  1.3174998E+04  2.5961890E+06
  1.3224998E+04  2.5843498E+06
  1.3274997E+04  2.5505960E+06
  1.3324997E+04  2.5261858E+06
  1.3374999E+04  2.4953295E+06
  1.3424999E+04  2.4721782E+06
  1.3474999E+04  2.4439068E+06
  1.3525001E+04  2.4112475E+06
  1.3574999E+04  2.3757328E+06
  1.3624997E+04  2.3623875E+06
  1.3674997E+04  2.3322505E+06
  1.3724995E+04  2.2844910E+06
  1.3774998E+04  2.2766715E+06
  1.3824998E+04  2.2551090E+06
  1.3874996E+04  2.2416252E+06
  1.3925000E+04  2.2049605E+06
  1.3974996E+04  2.1876690E+06
  1.4024997E+04  2.1613728E+06
  1.4075001E+04  2.1447118E+06
  1.4124996E+04  2.1118068E+06
  1.4175000E+04  2.0978712E+06
  1.4225000E+04  2.0636008E+06
  1.4274994E+04  2.0380790E+06
  1.4325001E+04  2.0286478E+06
  1.4374998E+04  2.0134668E+06
  1.4424999E+04  1.9394235E+06
  1.4475000E+04  1.9654248E+06
  1.4524997E+04  1.9187040E+06
  1.4569999E+04  1.9219545E+06
  1.4620000E+04  1.9190535E+06
  1.4674998E+04  1.9323358E+06
  1.4725000E+04  1.8928249E+06
  1.4775002E+04  1.8572550E+06
  1.4824998E+04  1.8370358E+06
  1.4874996E+04  1.7988272E+06
  1.4924997E+04  1.7981261E+06
  1.4974999E+04  1.7627868E+06
  1.5024999E+04  1.7332176E+06
  1.5075000E+04  1.7044986E+06
  1.5124999E+04  1.6985178E+06
  1.5175000E+04  1.6794902E+06
  1.5225002E+04  1.6590505E+06
  1.5274998E+04  1.6391661E+06
  1.5324995E+04  1.6172595E+06
  1.5374997E+04  1.6134510E+06
  1.5425001E+04  1.5701995E+06
  1.5474996E+04  1.5799234E+06
  1.5524994E+04  1.5646055E+06
  1.5575001E+04  1.5102669E+06
  1.5624998E+04  1.5602272E+06
  1.5674997E+04  1.5012710E+06
  1.5724994E+04  1.4601414E+06
  1.5774996E+04  1.4994201E+06
  1.5825001E+04  1.4900042E+06
  1.5874995E+04  1.3702672E+06
  1.5925002E+04  1.4443732E+06
  1.5975001E+04  1.4651362E+06
  1.6049998E+04  1.4190532E+06
  1.6150001E+04  1.3448986E+06
  1.6249997E+04  1.3902301E+06
  1.6350000E+04  1.3311241E+06
  1.6449996E+04  1.2558631E+06
  1.6549998E+04  1.3062439E+06
  1.6649994E+04  1.2818628E+06
  1.6749998E+04  1.2240762E+06
  1.6849998E+04  1.1508490E+06
  1.6950000E+04  1.2047090E+06
  1.7049996E+04  1.1744591E+06
  1.7150000E+04  1.1568315E+06
  1.7249992E+04  1.1188972E+06
  1.7349994E+04  1.0165906E+06
  1.7449992E+04  1.0650640E+06
  1.7550000E+04  1.0585011E+06
  1.7649998E+04  1.0367816E+06
  1.7749994E+04  1.0192259E+06
  1.7849994E+04  9.9885194E+05
  1.7949998E+04  9.8336869E+05
  1.8050002E+04  9.5590919E+05
  1.8150002E+04  8.7478638E+05
  1.8249994E+04  9.0654650E+05
  1.8349992E+04  9.0552050E+05
  1.8449992E+04  8.8710975E+05
  1.8549998E+04  8.6934819E+05
  1.8650002E+04  8.4875319E+05
  1.8750002E+04  7.6959875E+05
  1.8850000E+04  8.1431944E+05
  1.8950004E+04  7.9715525E+05
  1.9049996E+04  7.9476762E+05
  1.9149998E+04  7.7865038E+05
  1.9249992E+04  7.6369919E+05
  1.9350000E+04  7.4347975E+05
  1.9449992E+04  6.7619350E+05
  1.9550002E+04  7.1752269E+05
  1.9649992E+04  7.0873638E+05
  1.9749992E+04  6.9455600E+05
  1.9849992E+04  6.8429606E+05
  1.9950002E+04  6.7210438E+05
  2.0050002E+04  6.6102162E+05
  2.0149996E+04  6.5018131E+05
  2.0249994E+04  6.3652700E+05
  2.0349994E+04  6.2356381E+05
  2.0449996E+04  6.1618294E+05
  2.0550000E+04  6.0488350E+05
  2.0649992E+04  5.9213100E+05
  2.0749998E+04  5.8282338E+05
  2.0849992E+04  5.7311275E+05
  2.0950004E+04  5.6214338E+05
  2.1050002E+04  5.5318469E+05
  2.1149992E+04  5.4240794E+05
  2.1250000E+04  5.3316825E+05
  2.1350002E+04  5.2451562E+05
  2.1449996E+04  5.1709844E+05
  2.1550006E+04  5.0568238E+05
  2.1649994E+04  4.5995091E+05
  2.1750002E+04  4.8590538E+05
  2.1849998E+04  4.8176794E+05
  2.1950002E+04  4.7586331E+05
  2.2050000E+04  4.6587728E+05
  2.2149996E+04  4.5843234E+05
  2.2249998E+04  4.5254009E+05
  2.2350004E+04  4.4511303E+05
  2.2449990E+04  4.3778588E+05
  2.2549994E+04  4.2860694E+05
  2.2650000E+04  4.2304603E+05
  2.2750000E+04  4.1666369E+05
  2.2850000E+04  4.1040553E+05
  2.2950004E+04  4.0674372E+05
  2.3050000E+04  4.0114469E+05
  2.3149996E+04  3.9328612E+05
  2.3250000E+04  3.8702488E+05
  2.3349996E+04  3.7983384E+05
  2.3449994E+04  3.7386097E+05
  2.3550002E+04  3.6734353E+05
  2.3649988E+04  3.6153638E+05
  2.3750000E+04  3.5494469E+05
  2.3849990E+04  3.4902091E+05
  2.3950002E+04  3.4364906E+05
  2.4050006E+04  3.3791828E+05
  2.4149992E+04  3.3229019E+05
  2.4249990E+04  3.2778078E+05
  2.4349990E+04  3.2188541E+05
  2.4450002E+04  3.1702653E+05
  2.4549990E+04  3.1243669E+05
  2.4649992E+04  3.0764991E+05
  2.4749992E+04  3.0289950E+05
  2.4850006E+04  2.9926444E+05
  2.4950000E+04  2.9096984E+05
  2.5050006E+04  2.9384441E+05
  2.5149994E+04  2.8780797E+05
  2.5249998E+04  2.7765606E+05
  2.5350004E+04  2.7871747E+05
  2.5449988E+04  2.7585131E+05
  2.5549998E+04  2.7000250E+05
  2.5649990E+04  2.5915777E+05
  2.5749990E+04  2.6317709E+05
  2.5849994E+04  2.5941959E+05
  2.5949990E+04  2.5674162E+05
  2.6049996E+04  2.5055492E+05
  2.6149998E+04  2.3946388E+05
  2.6249988E+04  2.2662089E+05
  2.6350008E+04  2.4023195E+05
  2.6449996E+04  2.3858602E+05
  2.6549994E+04  2.3532245E+05
  2.6649994E+04  2.3004291E+05
  2.6749988E+04  2.1832831E+05
  2.6849986E+04  2.2481539E+05
  2.6949986E+04  2.2340945E+05
  2.7050002E+04  2.2037025E+05
  2.7149998E+04  2.1739045E+05
  2.7249994E+04  2.1439259E+05
  2.7350006E+04  2.1149284E+05
  2.7450004E+04  2.0788989E+05
  2.7549996E+04  1.9525036E+05
  2.7649982E+04  1.9888677E+05
  2.7750004E+04  1.9980391E+05
  2.7850000E+04  1.9750708E+05
  2.7949992E+04  1.9501620E+05
  2.8049994E+04  1.9235452E+05
  2.8150002E+04  1.8981591E+05
  2.8250006E+04  1.8724705E+05
  2.8350000E+04  1.8488322E+05
  2.8450000E+04  1.8198933E+05
  2.8550002E+04  1.7966747E+05
  2.8650002E+04  1.7508333E+05
  2.8749982E+04  1.6428714E+05
  2.8849998E+04  1.7187217E+05
  2.8949986E+04  1.7050269E+05
  2.9049994E+04  1.6848258E+05
  2.9149986E+04  1.6590992E+05
  2.9249984E+04  1.6397164E+05
  2.9349980E+04  1.6203403E+05
  2.9450000E+04  1.5984936E+05
  2.9550004E+04  1.5790205E+05
  2.9649982E+04  1.5592620E+05
  2.9749992E+04  1.5390488E+05
  2.9849994E+04  1.5198748E+05
  2.9949984E+04  1.4995375E+05
  3.0049996E+04  1.4802275E+05
  3.0149994E+04  1.4615145E+05
  3.0249994E+04  1.4389812E+05
  3.0349996E+04  1.3510283E+05
  3.0449996E+04  1.3687823E+05
  3.0549996E+04  1.3872847E+05
  3.0649996E+04  1.3723920E+05
  3.0749994E+04  1.3572255E+05
  3.0849996E+04  1.3372780E+05
  3.0949994E+04  1.3220038E+05
  3.1049996E+04  1.3065075E+05
  3.1149996E+04  1.2851259E+05
  3.1249996E+04  1.2738281E+05
  3.1349996E+04  1.2591980E+05
  3.1449996E+04  1.2436616E+05
  3.1549998E+04  1.2288263E+05
  3.1649996E+04  1.2159966E+05
  3.1749998E+04  1.1996784E+05
  3.1849996E+04  1.1873291E+05
  3.1949994E+04  1.1734132E+05
  3.2099996E+04  1.1520155E+05
  3.2299992E+04  1.1258051E+05
  3.2499994E+04  1.0991513E+05
  3.2699996E+04  1.0726407E+05
  3.2899996E+04  1.0045776E+05
  3.3099996E+04  1.0177477E+05
  3.3299992E+04  1.0023660E+05
  3.3499996E+04  9.8099992E+04
  3.3699996E+04  9.5572367E+04
  3.3899996E+04  9.3339961E+04
  3.4099996E+04  9.1208289E+04
  3.4299996E+04  8.9305555E+04
  3.4499992E+04  8.7472359E+04
  3.4699996E+04  8.5453203E+04
  3.4899996E+04  8.3604367E+04
  3.5099996E+04  8.1792008E+04
  3.5299996E+04  7.9972906E+04
  3.5499996E+04  7.8255250E+04
  3.5699992E+04  7.6479359E+04
  3.5899992E+04  7.4989430E+04
  3.6099996E+04  7.3267547E+04
  3.6299992E+04  7.1950656E+04
  3.6499992E+04  7.0086930E+04
  3.6699992E+04  6.8939125E+04
  3.6899992E+04  6.6849164E+04
  3.7099996E+04  6.5881281E+04
  3.7299996E+04  6.3549285E+04
  3.7499992E+04  6.1158691E+04
  3.7699996E+04  6.2072730E+04
  3.7899996E+04  6.0942000E+04
  3.8099992E+04  5.9237219E+04
  3.8299996E+04  5.8234918E+04
  3.8499996E+04  5.7512000E+04
  3.8699996E+04  5.6255020E+04
  3.8899992E+04  5.5028270E+04
  3.9099996E+04  5.3278988E+04
  3.9299992E+04  5.3069844E+04
  3.9499992E+04  5.2043625E+04
  3.9699992E+04  5.1078375E+04
  3.9900000E+04  4.9902609E+04
  4.0099996E+04  4.8546250E+04
  4.0299992E+04  4.7474098E+04
  4.0499996E+04  4.5605316E+04
  4.0699992E+04  4.6277164E+04
  4.0899992E+04  4.5447332E+04
  4.1099996E+04  4.4700547E+04
  4.1299996E+04  4.3877723E+04
  4.1499992E+04  4.2935223E+04
  4.1699992E+04  4.1178953E+04
  4.1899996E+04  4.1336109E+04
  4.2099996E+04  4.0589340E+04
  4.2299992E+04  4.0006406E+04
  4.2499996E+04  3.9240723E+04
  4.2699992E+04  3.8566133E+04
  4.2899992E+04  3.7873715E+04
  4.3099996E+04  3.7188402E+04
  4.3299996E+04  3.6500043E+04
  4.3499992E+04  3.5830715E+04
  4.3699996E+04  3.4272492E+04
  4.3899996E+04  3.4373395E+04
  4.4099992E+04  3.3944164E+04
  4.4299992E+04  3.3392641E+04
  4.4499996E+04  3.2819199E+04
  4.4699996E+04  3.2311234E+04
  4.4899996E+04  3.1754928E+04
  4.5099992E+04  3.1220170E+04
  4.5299992E+04  3.0684414E+04
  4.5499996E+04  3.0164125E+04
  4.5699992E+04  2.9640930E+04
  4.5899996E+04  2.9132838E+04
  4.6099996E+04  2.8664336E+04
  4.6299992E+04  2.8146600E+04
  4.6499988E+04  2.6660984E+04
  4.6699992E+04  2.6284549E+04
  4.6899992E+04  2.6703127E+04
  4.7099992E+04  2.6357955E+04
  4.7299992E+04  2.5940195E+04
  4.7499996E+04  2.5500131E+04
  4.7699992E+04  2.5093025E+04
  4.7899992E+04  2.4701658E+04
  4.8099996E+04  2.4296377E+04
  4.8299992E+04  2.3909875E+04
  4.8499992E+04  2.3522496E+04
  4.8700000E+04  2.3150189E+04
  4.8899992E+04  2.2786336E+04
  4.9099988E+04  2.2410438E+04
  4.9299988E+04  2.2069324E+04
  4.9499996E+04  2.1717596E+04
  4.9699992E+04  2.1384545E+04
  4.9899988E+04  2.1051584E+04
  5.0099996E+04  2.0724738E+04
  5.0299996E+04  2.0403910E+04
  5.0499996E+04  2.0091938E+04
  5.0699996E+04  1.9787174E+04
  5.0899992E+04  1.9476393E+04
  5.1099992E+04  1.9120805E+04
  5.1299996E+04  1.8241926E+04
  5.1499988E+04  1.8579205E+04
  5.1699996E+04  1.8328613E+04
  5.1899992E+04  1.8058955E+04
  5.2099992E+04  1.7779006E+04
  5.2299996E+04  1.7516574E+04
  5.2499996E+04  1.7264453E+04
  5.2699996E+04  1.7010227E+04
  5.2899992E+04  1.6760688E+04
  5.3099988E+04  1.6513082E+04
  5.3299988E+04  1.6272692E+04
  5.3499992E+04  1.6035426E+04
  5.3699992E+04  1.5793398E+04
  5.3899992E+04  1.5572671E+04
  5.4099992E+04  1.5353483E+04
  5.4299984E+04  1.5121767E+04
  5.4499988E+04  1.4913319E+04
  5.4699996E+04  1.4683586E+04
  5.4899992E+04  1.4491802E+04
  5.5099992E+04  1.4290000E+04
  5.5299988E+04  1.4084577E+04
  5.5499988E+04  1.3890297E+04
  5.5699992E+04  1.3692364E+04
  5.5899992E+04  1.3484853E+04
  5.6099988E+04  1.3315856E+04
  5.6299996E+04  1.3129896E+04
  5.6499988E+04  1.2954498E+04
  5.6699988E+04  1.2774211E+04
  5.6899992E+04  1.2598458E+04
  5.7099996E+04  1.2429472E+04
  5.7299988E+04  1.2259097E+04
  5.7499988E+04  1.2093063E+04
  5.7699988E+04  1.1926770E+04
  5.7899996E+04  1.1762479E+04
  5.8099988E+04  1.1609098E+04
  5.8299996E+04  1.1456426E+04
  5.8499992E+04  1.1311076E+04
  5.8699988E+04  1.1154317E+04
  5.8899988E+04  1.0958155E+04
  5.9099992E+04  1.0501751E+04
  5.9299988E+04  1.0703152E+04
  5.9499996E+04  1.0556612E+04
  5.9699988E+04  1.0442876E+04
  5.9899992E+04  1.0306268E+04
  6.0099992E+04  1.0167385E+04
  6.0299992E+04  1.0043066E+04
  6.0499988E+04  9.9137871E+03
  6.0699992E+04  9.7830225E+03
  6.0899992E+04  9.6536582E+03
  6.1099988E+04  9.5209336E+03
  6.1299992E+04  9.4128887E+03
  6.1499988E+04  9.2948926E+03
  6.1699988E+04  9.1767412E+03
  6.1899996E+04  9.0598184E+03
  6.2099996E+04  8.9476309E+03
  6.2299988E+04  8.8228184E+03
  6.2499992E+04  8.7213057E+03
  6.2699988E+04  8.6105596E+03
  6.2899996E+04  8.5086572E+03
  6.3099984E+04  8.3945361E+03
  6.3299996E+04  8.2979453E+03
  6.3499984E+04  8.1954951E+03
  6.3699984E+04  8.0955547E+03
  6.3900000E+04  7.9954077E+03
  6.4199992E+04  7.8519424E+03
  6.4599984E+04  7.6603994E+03
  6.4999992E+04  7.4751875E+03
  6.5399992E+04  7.3003521E+03
  6.5799992E+04  7.1272866E+03
  6.6199984E+04  6.9584629E+03
  6.6599984E+04  6.7968188E+03
  6.6999992E+04  6.6378545E+03
  6.7399992E+04  6.4832529E+03
  6.7799992E+04  6.3355977E+03
  6.8199992E+04  6.1905449E+03
  6.8599992E+04  6.0494756E+03
  6.8999984E+04  5.9111743E+03
  6.9399984E+04  5.7780732E+03
  6.9800000E+04  5.6498662E+03
  7.0199992E+04  5.5228257E+03
  7.0599984E+04  5.4014673E+03
  7.0999977E+04  5.2849521E+03
  7.1399977E+04  5.1684839E+03
  7.1799984E+04  5.0555166E+03
  7.2199984E+04  4.9430674E+03
  7.2600000E+04  4.8390703E+03
  7.2999984E+04  4.7375488E+03
  7.3400000E+04  4.6353555E+03
  7.3799984E+04  4.5383477E+03
  7.4199992E+04  4.4404858E+03
  7.4599992E+04  4.2813652E+03
  7.5000000E+04  4.1863247E+03
  7.5399992E+04  4.1682671E+03
  7.5799992E+04  4.0841970E+03
  7.6199984E+04  4.0010757E+03
  7.6599992E+04  3.9195894E+03
  7.6999992E+04  3.8393855E+03
  7.7399992E+04  3.7625769E+03
  7.7799984E+04  3.6870164E+03
  7.8199984E+04  3.6134163E+03
  7.8599984E+04  3.5414854E+03
  7.8999984E+04  3.4714260E+03
  7.9399984E+04  3.4027744E+03
  7.9800000E+04  3.3361489E+03
  8.0199992E+04  3.2703884E+03
  8.0599984E+04  3.2068677E+03
  8.0999992E+04  3.1455859E+03
  8.1399977E+04  3.0840459E+03
  8.1799984E+04  3.0253555E+03
  8.2199984E+04  2.9683284E+03
  8.2599992E+04  2.9118740E+03
  8.2999984E+04  2.8570254E+03
  8.3400000E+04  2.8020615E+03
  8.3799992E+04  2.7495176E+03
  8.4199992E+04  2.6991187E+03
  8.4599977E+04  2.6498118E+03
  8.4999977E+04  2.6012063E+03
  8.5399984E+04  2.5531853E+03
  8.5799984E+04  2.5065083E+03
  8.6199992E+04  2.4607378E+03
  8.6599992E+04  2.4167087E+03
  8.6999984E+04  2.3731848E+03
  8.7399992E+04  2.3304526E+03
  8.7799992E+04  2.2889854E+03
  8.8199984E+04  2.2475925E+03
  8.8599977E+04  2.2080518E+03
  8.8999992E+04  2.1689858E+03
  8.9399977E+04  2.1312844E+03
  8.9799977E+04  2.0935127E+03
  9.0199984E+04  2.0575288E+03
  9.0599984E+04  2.0222816E+03
  9.0999992E+04  1.9867086E+03
  9.1400000E+04  1.9528519E+03
  9.1799969E+04  1.9198231E+03
  9.2199969E+04  1.8872472E+03
  9.2599984E+04  1.8552045E+03
  9.3000000E+04  1.8239470E+03
  9.3399984E+04  1.7931570E+03
  9.3799984E+04  1.7631669E+03
  9.4199977E+04  1.7337902E+03
  9.4599984E+04  1.7050143E+03
  9.4999969E+04  1.6767865E+03
  9.5399984E+04  1.6488044E+03
  9.5799984E+04  1.6222983E+03
  9.6199992E+04  1.5955234E+03
  9.6599984E+04  1.5698627E+03
  9.7000000E+04  1.5444492E+03
  9.7399977E+04  1.5189636E+03
  9.7799984E+04  1.4948658E+03
  9.8199977E+04  1.4709144E+03
  9.8599977E+04  1.4476504E+03
  9.8999992E+04  1.4247896E+03
  9.9399984E+04  1.4020977E+03
  9.9799977E+04  1.3799500E+03
  1.0019999E+05  1.3582974E+03
  1.9999991E+05  8.7360695E+01
  3.9999994E+05  5.4569793E+00
  5.9999981E+05  1.0703410E+00
  7.9999994E+05  3.3631667E-01
