  9.2499988E+02  5.4606213E-04
  9.3499982E+02  7.3517312E-04
  9.4500000E+02  9.8740950E-04
  9.5500000E+02  1.4268371E-03
  9.6499988E+02  1.9281162E-03
  9.7499982E+02  2.4871421E-03
  9.8499976E+02  3.3170073E-03
  9.9499988E+02  4.2059859E-03
  1.0049999E+03  5.9097144E-03
  1.0149997E+03  7.6942844E-03
  1.0249998E+03  8.5919369E-03
  1.0349998E+03  1.2648684E-02
  1.0449998E+03  1.6368199E-02
  1.0549999E+03  2.0849491E-02
  1.0649999E+03  2.5625058E-02
  1.0750000E+03  3.2821614E-02
  1.0849996E+03  4.1384738E-02
  1.0949999E+03  5.0356757E-02
  1.1049999E+03  7.9140103E-01
  1.1149999E+03  1.7476586E+00
  1.1249999E+03  2.5244131E+00
  1.1349996E+03  3.2844348E+00
  1.1449999E+03  4.2770314E+00
  1.1549999E+03  4.5780401E+00
  1.1650000E+03  6.3595419E+00
  1.1749995E+03  7.4908700E+00
  1.1849996E+03  7.3759742E+00
  1.1949998E+03  4.0234294E+00
  1.2049996E+03  3.9426584E+00
  1.2149998E+03  5.4477626E-01
  1.2249996E+03  4.9745731E+00
  1.2349996E+03  1.3447268E+01
  1.2449998E+03  4.2358707E+01
  1.2549996E+03  7.8486031E+01
  1.2650000E+03  8.1449997E+01
  1.2749998E+03  1.4361572E+02
  1.2849995E+03  2.2290630E+02
  1.2949998E+03  2.8875705E+02
  1.3049995E+03  2.2143539E+02
  1.3149998E+03  4.0714133E+02
  1.3249998E+03  4.9775449E+02
  1.3349996E+03  5.7965625E+02
  1.3449995E+03  7.5137366E+02
  1.3549996E+03  7.9299622E+02
  1.3649999E+03  9.0756842E+02
  1.3749999E+03  9.8890631E+02
  1.3849996E+03  1.0737799E+03
  1.3949999E+03  1.2747198E+03
  1.4050001E+03  1.4595067E+03
  1.4149998E+03  1.5331241E+03
  1.4249998E+03  1.7347954E+03
  1.4350000E+03  1.8107372E+03
  1.4419998E+03  2.2369937E+03
  1.4469999E+03  2.4038267E+03
  1.4549994E+03  2.6961829E+03
  1.4650000E+03  2.7718396E+03
  1.4749995E+03  3.0808794E+03
  1.4849996E+03  3.5072761E+03
  1.4949998E+03  4.2491987E+03
  1.5049996E+03  4.8422568E+03
  1.5119995E+03  4.7421567E+03
  1.5169994E+03  5.0318105E+03
  1.5250001E+03  8.0126167E+03
  1.5349994E+03  9.6940400E+03
  1.5449994E+03  1.2535130E+04
  1.5549998E+03  1.3544179E+04
  1.5649999E+03  1.2321532E+04
  1.5750001E+03  1.9099193E+04
  1.5850000E+03  2.2093592E+04
  1.5949996E+03  2.8183633E+04
  1.6049999E+03  2.6401770E+04
  1.6150000E+03  2.5596279E+04
  1.6249996E+03  2.3953988E+04
  1.6350000E+03  2.9771100E+04
  1.6449996E+03  3.7181527E+04
  1.6549999E+03  2.2939383E+04
  1.6649993E+03  4.0157168E+04
  1.6720000E+03  2.1897160E+04
  1.6770001E+03  2.6608006E+05
  1.6849998E+03  3.0667012E+05
  1.6950000E+03  2.5756092E+05
  1.7049995E+03  2.4600845E+05
  1.7150000E+03  4.8094147E+05
  1.7249993E+03  6.0084888E+05
  1.7349994E+03  8.2087925E+05
  1.7449993E+03  6.5916038E+05
  1.7550001E+03  9.9665850E+05
  1.7649998E+03  7.2028831E+05
  1.7749995E+03  1.0125896E+06
  1.7849995E+03  8.6800956E+05
  1.7949999E+03  1.5250438E+06
  1.8050001E+03  1.4510699E+06
  1.8150001E+03  1.7854139E+06
  1.8249994E+03  1.5399052E+06
  1.8349993E+03  1.3648536E+06
  1.8449993E+03  1.2437420E+06
  1.8549998E+03  1.6689561E+06
  1.8650002E+03  2.1308185E+06
  1.8750001E+03  1.8361796E+06
  1.8850000E+03  1.9879812E+06
  1.8950002E+03  2.4008555E+06
  1.9049996E+03  2.2006920E+06
  1.9149999E+03  2.2404328E+06
  1.9249993E+03  1.8611858E+06
  1.9350001E+03  8.3502106E+05
  1.9449993E+03  2.5587420E+06
  1.9550002E+03  2.6944802E+06
  1.9670002E+03  3.1940258E+06
  1.9759990E+03  2.9636360E+06
  1.9839996E+03  3.2523662E+06
  1.9950001E+03  3.2173550E+06
  2.0050002E+03  2.8521878E+06
  2.0149996E+03  2.6073870E+06
  2.0249994E+03  2.3809588E+06
  2.0349995E+03  3.1019440E+06
  2.0449998E+03  3.5231810E+06
  2.0550000E+03  3.0919935E+06
  2.0649993E+03  2.8211098E+06
  2.0739993E+03  3.7928400E+06
  2.0780002E+03  5.0062280E+06
  2.0849993E+03  5.0834260E+06
  2.0950005E+03  4.6560440E+06
  2.1050002E+03  4.0961715E+06
  2.1149990E+03  4.3557550E+06
  2.1250000E+03  4.1459092E+06
  2.1350002E+03  3.2862912E+06
  2.1449998E+03  4.2251030E+06
  2.1550005E+03  4.4257760E+06
  2.1649995E+03  3.7102458E+06
  2.1750002E+03  3.8945695E+06
  2.1849998E+03  4.3151030E+06
  2.1950000E+03  4.8293200E+06
  2.2050000E+03  4.3433330E+06
  2.2149998E+03  3.2857820E+06
  2.2249998E+03  3.2317335E+06
  2.2350005E+03  4.6265540E+06
  2.2449990E+03  4.2223825E+06
  2.2549993E+03  3.0222972E+06
  2.2650000E+03  3.0561770E+06
  2.2750000E+03  3.7954818E+06
  2.2850000E+03  4.3833640E+06
  2.2950002E+03  3.8386952E+06
  2.3050000E+03  4.2971330E+06
  2.3149995E+03  3.6478810E+06
  2.3250000E+03  1.6817564E+06
  2.3349995E+03  1.8415771E+06
  2.3449993E+03  1.2614581E+06
  2.3550000E+03  2.7564018E+06
  2.3649988E+03  1.2672902E+06
  2.3750000E+03  1.9206580E+06
  2.3849990E+03  8.7894338E+05
  2.3950000E+03  1.2697608E+06
  2.4050005E+03  1.2083535E+06
  2.4149993E+03  1.8571741E+06
  2.4249990E+03  3.6536042E+06
  2.4349990E+03  3.5908078E+06
  2.4450000E+03  4.1160018E+06
  2.4549990E+03  4.2487495E+06
  2.4649990E+03  3.8463072E+06
  2.4749993E+03  3.4623322E+06
  2.4850005E+03  3.2203842E+06
  2.4950000E+03  3.1975272E+06
  2.5050005E+03  4.7959250E+06
  2.5129988E+03  2.4577988E+06
  2.5179990E+03  2.1529742E+06
  2.5249998E+03  2.1434158E+06
  2.5350007E+03  2.5697952E+06
  2.5449988E+03  2.7916085E+06
  2.5550000E+03  3.8639222E+06
  2.5649990E+03  2.9302765E+06
  2.5749990E+03  3.5452770E+06
  2.5849993E+03  3.0269008E+06
  2.5949990E+03  2.5534298E+06
  2.6049995E+03  2.1112190E+06
  2.6149998E+03  1.9025000E+06
  2.6249990E+03  2.7855505E+06
  2.6350007E+03  4.2510880E+06
  2.6449995E+03  6.5831140E+06
  2.6549998E+03  7.3673530E+06
  2.6649995E+03  5.2597745E+06
  2.6749988E+03  6.1625140E+06
  2.6849988E+03  6.1548435E+06
  2.6949988E+03  5.4224935E+06
  2.7050000E+03  6.2155325E+06
  2.7150000E+03  4.8920130E+06
  2.7249995E+03  4.8651050E+06
  2.7350007E+03  5.3209390E+06
  2.7450002E+03  2.4687802E+06
  2.7549998E+03  3.2843672E+06
  2.7649983E+03  4.2062320E+06
  2.7750005E+03  5.0962440E+06
  2.7850000E+03  3.3552842E+06
  2.7949993E+03  1.1144748E+06
  2.8049995E+03  1.4663242E+06
  2.8150002E+03  4.6306790E+06
  2.8250007E+03  6.7830195E+06
  2.8350000E+03  6.6152595E+06
  2.8450002E+03  6.4343215E+06
  2.8550005E+03  5.4034725E+06
  2.8650000E+03  7.3201150E+06
  2.8749983E+03  7.3198810E+06
  2.8850000E+03  7.2370790E+06
  2.8949988E+03  6.9992800E+06
  2.9099988E+03  8.7326530E+06
  2.9299983E+03  8.0916355E+06
  2.9499990E+03  7.9731950E+06
  2.9700005E+03  8.6456070E+06
  2.9899980E+03  8.9150840E+06
  3.0099995E+03  9.4319460E+06
  3.0299995E+03  9.1896640E+06
  3.0499995E+03  9.3627450E+06
  3.0699995E+03  9.5225550E+06
  3.0899995E+03  1.0056633E+07
  3.1099995E+03  9.6538810E+06
  3.1299998E+03  9.5447450E+06
  3.1499995E+03  1.0005212E+07
  3.1699995E+03  1.0004953E+07
  3.1899995E+03  9.0569070E+06
  3.2099998E+03  9.7641070E+06
  3.2299993E+03  8.8661160E+06
  3.2499993E+03  9.8219910E+06
  3.2699995E+03  1.0382541E+07
  3.2899995E+03  1.0292543E+07
  3.3099998E+03  1.0742434E+07
  3.3299993E+03  1.0511185E+07
  3.3499995E+03  1.0463261E+07
  3.3699995E+03  1.0121496E+07
  3.3899993E+03  1.0394821E+07
  3.4099993E+03  1.0463425E+07
  3.4299995E+03  1.0618425E+07
  3.4499993E+03  1.0719763E+07
  3.4699998E+03  1.0545548E+07
  3.4899993E+03  1.0569475E+07
  3.5099995E+03  1.1007734E+07
  3.5299995E+03  1.0816236E+07
  3.5499995E+03  1.1638444E+07
  3.5699995E+03  1.0652954E+07
  3.5899995E+03  1.0580190E+07
  3.6099995E+03  1.0800352E+07
  3.6299993E+03  1.0951562E+07
  3.6399993E+03  1.0961986E+07
  3.6499995E+03  1.1615455E+07
  3.6699993E+03  1.0723647E+07
  3.6899995E+03  1.1818476E+07
  3.7099995E+03  1.5580226E+07
  3.7299998E+03  1.5938905E+07
  3.7499993E+03  1.9435814E+07
  3.7699993E+03  2.0850482E+07
  3.7899995E+03  2.4412734E+07
  3.8099993E+03  2.7961526E+07
  3.8299998E+03  2.2553544E+07
  3.8499995E+03  2.9627782E+07
  3.8699995E+03  3.2199992E+07
  3.8899995E+03  2.2097694E+07
  3.9099995E+03  2.9863936E+07
  3.9299993E+03  1.6265612E+07
  3.9499993E+03  2.5688602E+07
  3.9699998E+03  1.5266859E+07
  3.9899995E+03  3.0576242E+07
  4.0099995E+03  3.3029544E+07
  4.0299993E+03  3.3020314E+07
  4.0499993E+03  3.2483688E+07
  4.0699993E+03  3.1953710E+07
  4.0899995E+03  2.9768224E+07
  4.1099995E+03  2.4563780E+07
  4.1299995E+03  3.1747632E+07
  4.1499990E+03  3.3347642E+07
  4.1699990E+03  3.2523728E+07
  4.1899995E+03  3.2615252E+07
  4.2099995E+03  3.2389000E+07
  4.2299995E+03  3.1594972E+07
  4.2499995E+03  3.2036652E+07
  4.2699990E+03  3.0883902E+07
  4.2899995E+03  3.0997818E+07
  4.3100000E+03  2.8824706E+07
  4.3299995E+03  2.6726512E+07
  4.3499995E+03  2.3439178E+07
  4.3699995E+03  3.1129912E+07
  4.3899995E+03  3.0602562E+07
  4.4099995E+03  3.0147404E+07
  4.4299995E+03  2.9729910E+07
  4.4499995E+03  2.9954108E+07
  4.4699995E+03  3.0205164E+07
  4.4899995E+03  2.9903040E+07
  4.5099990E+03  3.1447986E+07
  4.5299995E+03  2.9415832E+07
  4.5499990E+03  2.9268814E+07
  4.5699995E+03  3.0752102E+07
  4.5899990E+03  2.9025552E+07
  4.6099990E+03  2.9889272E+07
  4.6299990E+03  2.8940948E+07
  4.6499990E+03  2.9290146E+07
  4.6699990E+03  2.9433656E+07
  4.6899990E+03  2.8559726E+07
  4.7099995E+03  2.7398954E+07
  4.7299990E+03  2.8644514E+07
  4.7499995E+03  2.8771136E+07
  4.7699995E+03  2.8242274E+07
  4.7899990E+03  2.8110374E+07
  4.8099995E+03  2.7688200E+07
  4.8299995E+03  2.7305960E+07
  4.8499990E+03  2.3247028E+07
  4.8700000E+03  1.9120270E+07
  4.8899990E+03  2.5773468E+07
  4.9099990E+03  2.6165562E+07
  4.9299990E+03  2.5646792E+07
  4.9499995E+03  2.6374772E+07
  4.9699995E+03  2.6516772E+07
  4.9899990E+03  2.4964144E+07
  5.0099995E+03  2.3947220E+07
  5.0299995E+03  2.4961772E+07
  5.0499995E+03  2.4661040E+07
  5.0699995E+03  2.5278806E+07
  5.0899995E+03  2.4731556E+07
  5.1099990E+03  2.4773514E+07
  5.1299995E+03  2.4049628E+07
  5.1499985E+03  2.3485372E+07
  5.1700000E+03  2.3208158E+07
  5.1899990E+03  2.2979294E+07
  5.2099990E+03  2.3021108E+07
  5.2299995E+03  2.3064364E+07
  5.2499995E+03  2.3307220E+07
  5.2699995E+03  2.1634456E+07
  5.2899990E+03  2.2887428E+07
  5.3099995E+03  2.2675254E+07
  5.3299990E+03  2.1809198E+07
  5.3499995E+03  2.2530936E+07
  5.3699995E+03  2.2338598E+07
  5.3899995E+03  2.2035674E+07
  5.4099990E+03  2.1510064E+07
  5.4299990E+03  2.1707110E+07
  5.4499990E+03  2.1997080E+07
  5.4699995E+03  2.1572104E+07
  5.4899995E+03  2.1603958E+07
  5.5099995E+03  2.1309670E+07
  5.5299985E+03  2.1208790E+07
  5.5499990E+03  2.1215202E+07
  5.5699990E+03  2.0814192E+07
  5.5899995E+03  2.0663106E+07
  5.6099990E+03  2.0715946E+07
  5.6299995E+03  2.0678370E+07
  5.6499990E+03  2.0442546E+07
  5.6699990E+03  2.0044294E+07
  5.6899995E+03  2.0182898E+07
  5.7099995E+03  1.9949322E+07
  5.7299990E+03  2.0334680E+07
  5.7499990E+03  1.9889232E+07
  5.7699990E+03  1.9867010E+07
  5.7899995E+03  1.9588400E+07
  5.8099985E+03  1.9543060E+07
  5.8300000E+03  1.9506736E+07
  5.8499990E+03  1.9227178E+07
  5.8699985E+03  1.9145584E+07
  5.8899985E+03  1.8649824E+07
  5.9099995E+03  1.8836598E+07
  5.9299985E+03  1.8691546E+07
  5.9499995E+03  1.8587378E+07
  5.9699990E+03  1.8487362E+07
  5.9899990E+03  1.8236018E+07
  6.0099990E+03  1.7942752E+07
  6.0299995E+03  1.7957580E+07
  6.0499990E+03  1.7928596E+07
  6.0699990E+03  1.7891420E+07
  6.0899995E+03  1.7577036E+07
  6.1099985E+03  1.7360236E+07
  6.1299995E+03  1.6987472E+07
  6.1499985E+03  1.6766608E+07
  6.1699985E+03  1.6736263E+07
  6.1900000E+03  1.7012722E+07
  6.2099995E+03  1.6902342E+07
  6.2299985E+03  1.6586280E+07
  6.2499990E+03  1.5987468E+07
  6.2699985E+03  1.6566030E+07
  6.2900000E+03  1.6457032E+07
  6.3099985E+03  1.6055780E+07
  6.3299995E+03  1.6059781E+07
  6.3499985E+03  1.5914870E+07
  6.3699985E+03  1.5811377E+07
  6.3899995E+03  1.5778057E+07
  6.4099990E+03  1.5444113E+07
  6.4299985E+03  1.5477579E+07
  6.4499985E+03  1.5244099E+07
  6.4699990E+03  1.5279591E+07
  6.4899990E+03  1.4929758E+07
  6.5099985E+03  1.4997288E+07
  6.5299990E+03  1.4803956E+07
  6.5499985E+03  1.3479939E+07
  6.5699985E+03  1.0944620E+07
  6.5899995E+03  1.4156519E+07
  6.6099985E+03  1.4514180E+07
  6.6299990E+03  1.4522731E+07
  6.6499985E+03  1.4423584E+07
  6.6699995E+03  1.4279629E+07
  6.6899990E+03  1.4287813E+07
  6.7099995E+03  1.4136663E+07
  6.7299990E+03  1.4073562E+07
  6.7499995E+03  1.3879487E+07
  6.7699985E+03  1.3911038E+07
  6.7899995E+03  1.3776908E+07
  6.8099995E+03  1.3685546E+07
  6.8300000E+03  1.3565130E+07
  6.8499985E+03  1.3419401E+07
  6.8699985E+03  1.3418009E+07
  6.8899985E+03  1.3344986E+07
  6.9099990E+03  1.3233918E+07
  6.9299995E+03  1.3140383E+07
  6.9499990E+03  1.3057065E+07
  6.9699985E+03  1.2948898E+07
  6.9899985E+03  1.2894950E+07
  7.0099985E+03  1.2615246E+07
  7.0299985E+03  1.2643428E+07
  7.0499990E+03  1.2604385E+07
  7.0699980E+03  1.2520366E+07
  7.0899990E+03  1.2433336E+07
  7.1099990E+03  1.2092221E+07
  7.1299995E+03  1.2144527E+07
  7.1499990E+03  1.2111318E+07
  7.1699995E+03  1.2007936E+07
  7.1899985E+03  1.1856694E+07
  7.2099985E+03  1.1849707E+07
  7.2299980E+03  1.1744603E+07
  7.2499990E+03  1.1697811E+07
  7.2699995E+03  1.1679866E+07
  7.2899990E+03  1.1469128E+07
  7.3099980E+03  1.1439595E+07
  7.3299980E+03  1.1398289E+07
  7.3499980E+03  1.1363538E+07
  7.3699985E+03  1.1325528E+07
  7.3899995E+03  1.1127719E+07
  7.4099985E+03  1.0944233E+07
  7.4299995E+03  1.0919512E+07
  7.4500000E+03  1.0890827E+07
  7.4700000E+03  1.0804906E+07
  7.4899990E+03  1.0751983E+07
  7.5099985E+03  1.0734873E+07
  7.5299995E+03  1.0684564E+07
  7.5499980E+03  1.0690823E+07
  7.5699985E+03  1.0572609E+07
  7.5899990E+03  1.0509115E+07
  7.6099980E+03  1.0442241E+07
  7.6299995E+03  1.0390802E+07
  7.6499995E+03  1.0285686E+07
  7.6699980E+03  1.0114927E+07
  7.6899990E+03  1.0146474E+07
  7.7099995E+03  1.0035593E+07
  7.7299985E+03  1.0034802E+07
  7.7499990E+03  9.9285060E+06
  7.7700000E+03  9.7283170E+06
  7.7900000E+03  9.8901260E+06
  7.8099995E+03  9.8018620E+06
  7.8299980E+03  9.6670570E+06
  7.8499980E+03  9.5695650E+06
  7.8699995E+03  9.5775520E+06
  7.8900000E+03  9.4933510E+06
  7.9099995E+03  9.4056680E+06
  7.9300000E+03  9.3211390E+06
  7.9499985E+03  9.2617850E+06
  7.9699990E+03  9.3304160E+06
  7.9900000E+03  9.1964260E+06
  8.0099980E+03  9.1564340E+06
  8.0299985E+03  9.0851720E+06
  8.0500000E+03  9.0424060E+06
  8.0699985E+03  9.0016940E+06
  8.0899990E+03  8.9134930E+06
  8.1099995E+03  8.9274350E+06
  8.1299976E+03  8.8858500E+06
  8.1499976E+03  8.8196040E+06
  8.1699980E+03  8.7663160E+06
  8.1899985E+03  8.5331530E+06
  8.2099990E+03  8.5318710E+06
  8.2300000E+03  8.4832210E+06
  8.2500000E+03  8.4515500E+06
  8.2700000E+03  8.5032610E+06
  8.2899980E+03  8.3992470E+06
  8.3099990E+03  8.2552095E+06
  8.3299980E+03  8.0646835E+06
  8.3500000E+03  8.0828265E+06
  8.3699990E+03  7.9560565E+06
  8.3899990E+03  7.8726790E+06
  8.4099971E+03  7.8581865E+06
  8.4300000E+03  7.9221920E+06
  8.4499990E+03  7.8135085E+06
  8.4699980E+03  7.5266920E+06
  8.4899980E+03  8.0944210E+06
  8.5099990E+03  7.1928775E+06
  8.5299990E+03  8.2004200E+06
  8.5499990E+03  6.8252835E+06
  8.5699990E+03  8.2948595E+06
  8.5900000E+03  7.6481980E+06
  8.6099980E+03  7.3962225E+06
  8.6299990E+03  8.2269635E+06
  8.6499990E+03  7.9815210E+06
  8.6699990E+03  6.4928145E+06
  8.6899990E+03  7.8189130E+06
  8.7099971E+03  8.1058330E+06
  8.7299990E+03  7.9051125E+06
  8.7499980E+03  6.6555990E+06
  8.7699980E+03  7.7033675E+06
  8.7899980E+03  7.9667580E+06
  8.8099990E+03  7.9068415E+06
  8.8299980E+03  7.7154805E+06
  8.8499980E+03  7.3184530E+06
  8.8699980E+03  6.4408210E+06
  8.8899990E+03  7.5892795E+06
  8.9099971E+03  7.6990375E+06
  8.9299980E+03  7.6291585E+06
  8.9499980E+03  7.6567100E+06
  8.9699990E+03  7.5753120E+06
  8.9899990E+03  7.4223140E+06
  9.0099980E+03  6.3062590E+06
  9.0299990E+03  6.8628060E+06
  9.0499990E+03  7.3835595E+06
  9.0699980E+03  7.2154810E+06
  9.0899990E+03  7.0793535E+06
  9.1099980E+03  7.2257940E+06
  9.1299980E+03  7.2809465E+06
  9.1499980E+03  7.2730005E+06
  9.1699980E+03  7.1884445E+06
  9.1899990E+03  7.0942925E+06
  9.2099990E+03  6.7885960E+06
  9.2299980E+03  5.7067455E+06
  9.2499980E+03  6.5776680E+06
  9.2699971E+03  6.7711500E+06
  9.2899990E+03  6.9532980E+06
  9.3099980E+03  6.9430155E+06
  9.3299990E+03  6.8899110E+06
  9.3499980E+03  6.8639150E+06
  9.3699990E+03  6.8419380E+06
  9.3900000E+03  6.7572760E+06
  9.4099980E+03  6.4907555E+06
  9.4299971E+03  6.6450010E+06
  9.4499990E+03  6.5996055E+06
  9.4700000E+03  6.6158655E+06
  9.4899980E+03  6.5855025E+06
  9.5100000E+03  6.4728525E+06
  9.5300000E+03  6.1968275E+06
  9.5500000E+03  5.2695735E+06
  9.5699990E+03  6.1735180E+06
  9.5899980E+03  6.3476975E+06
  9.6099980E+03  6.2866295E+06
  9.6299990E+03  6.1866080E+06
  9.6499990E+03  6.2431155E+06
  9.6699980E+03  6.1480225E+06
  9.6899980E+03  6.1387180E+06
  9.7100000E+03  6.2013590E+06
  9.7299990E+03  6.1563950E+06
  9.7499980E+03  6.0558680E+06
  9.7699961E+03  6.0859630E+06
  9.7899980E+03  6.0505060E+06
  9.8099980E+03  6.0180310E+06
  9.8299990E+03  5.9818705E+06
  9.8499980E+03  5.8981955E+06
  9.8700000E+03  5.8696725E+06
  9.8899980E+03  5.8243905E+06
  9.9099990E+03  5.7951495E+06
  9.9300000E+03  5.7939880E+06
  9.9499980E+03  5.7615890E+06
  9.9699980E+03  5.7449390E+06
  9.9899990E+03  5.7008190E+06
  1.0024998E+04  5.3994335E+06
  1.0074998E+04  5.1670825E+06
  1.0124997E+04  5.4384640E+06
  1.0174997E+04  5.4033400E+06
  1.0224998E+04  5.3599925E+06
  1.0274997E+04  5.3068840E+06
  1.0325000E+04  5.1965915E+06
  1.0374999E+04  5.1424250E+06
  1.0425000E+04  5.0751900E+06
  1.0474998E+04  4.9417085E+06
  1.0524997E+04  4.9016705E+06
  1.0574999E+04  4.8557635E+06
  1.0625000E+04  4.7881435E+06
  1.0674997E+04  4.6402515E+06
  1.0724998E+04  4.6327855E+06
  1.0774999E+04  4.5759360E+06
  1.0824997E+04  4.5102940E+06
  1.0874997E+04  4.4376970E+06
  1.0924999E+04  3.9877850E+06
  1.0974996E+04  4.2152000E+06
  1.1025000E+04  4.3183825E+06
  1.1074998E+04  4.2788655E+06
  1.1124999E+04  4.2048755E+06
  1.1174998E+04  4.1528525E+06
  1.1224999E+04  4.1156392E+06
  1.1274997E+04  3.9743118E+06
  1.1325000E+04  3.9331255E+06
  1.1375000E+04  3.9309432E+06
  1.1425000E+04  3.8432182E+06
  1.1474997E+04  3.8633030E+06
  1.1525000E+04  3.8182242E+06
  1.1574998E+04  3.7557855E+06
  1.1625000E+04  3.6538530E+06
  1.1674998E+04  3.5919455E+06
  1.1724997E+04  3.6276935E+06
  1.1775001E+04  3.5042935E+06
  1.1824999E+04  3.4925042E+06
  1.1875000E+04  3.4217458E+06
  1.1925000E+04  3.4622562E+06
  1.1975001E+04  3.3606322E+06
  1.2024998E+04  3.3556720E+06
  1.2074996E+04  3.3000352E+06
  1.2125000E+04  3.2685160E+06
  1.2175000E+04  3.2452835E+06
  1.2225001E+04  3.1978682E+06
  1.2275001E+04  3.1591182E+06
  1.2324996E+04  3.1201485E+06
  1.2374996E+04  3.0873600E+06
  1.2424998E+04  3.0598765E+06
  1.2475000E+04  3.0165145E+06
  1.2524997E+04  2.9735085E+06
  1.2574997E+04  2.9201292E+06
  1.2624999E+04  2.9017718E+06
  1.2674997E+04  2.8744685E+06
  1.2724999E+04  2.8440125E+06
  1.2774999E+04  2.7723938E+06
  1.2825000E+04  2.4569550E+06
  1.2875001E+04  2.7144945E+06
  1.2924997E+04  2.7052610E+06
  1.2975001E+04  2.6833312E+06
  1.3024998E+04  2.6521115E+06
  1.3074999E+04  2.6290012E+06
  1.3125000E+04  2.5895448E+06
  1.3174998E+04  2.5480075E+06
  1.3224998E+04  2.5371775E+06
  1.3274997E+04  2.5033508E+06
  1.3324997E+04  2.4792945E+06
  1.3374999E+04  2.4481565E+06
  1.3424999E+04  2.4232655E+06
  1.3474999E+04  2.3951488E+06
  1.3525001E+04  2.3605840E+06
  1.3574999E+04  2.3246240E+06
  1.3624997E+04  2.3130738E+06
  1.3674997E+04  2.2814838E+06
  1.3724995E+04  2.2300935E+06
  1.3774998E+04  2.2256465E+06
  1.3824998E+04  2.2044520E+06
  1.3874996E+04  2.1923115E+06
  1.3925000E+04  2.1528918E+06
  1.3974996E+04  2.1367438E+06
  1.4024997E+04  2.1113845E+06
  1.4075001E+04  2.0950779E+06
  1.4124996E+04  2.0619572E+06
  1.4175000E+04  2.0468728E+06
  1.4225000E+04  2.0142631E+06
  1.4274994E+04  1.9892714E+06
  1.4325001E+04  1.9776102E+06
  1.4374998E+04  1.9635129E+06
  1.4424999E+04  1.8876426E+06
  1.4475000E+04  1.9138214E+06
  1.4524997E+04  1.8656695E+06
  1.4569999E+04  1.8722641E+06
  1.4620000E+04  1.8843314E+06
  1.4674998E+04  1.9127431E+06
  1.4725000E+04  1.8605075E+06
  1.4775002E+04  1.8135935E+06
  1.4824998E+04  1.7845835E+06
  1.4874996E+04  1.7424702E+06
  1.4924997E+04  1.7343662E+06
  1.4974999E+04  1.6962601E+06
  1.5024999E+04  1.6651138E+06
  1.5075000E+04  1.6352544E+06
  1.5124999E+04  1.6309656E+06
  1.5175000E+04  1.6160310E+06
  1.5225002E+04  1.6130886E+06
  1.5274998E+04  1.5699309E+06
  1.5324995E+04  1.5571535E+06
  1.5374997E+04  1.5734811E+06
  1.5425001E+04  1.5002778E+06
  1.5474996E+04  1.5443858E+06
  1.5524994E+04  1.5372680E+06
  1.5575001E+04  1.4381912E+06
  1.5624998E+04  1.5441790E+06
  1.5674997E+04  1.4673398E+06
  1.5724994E+04  1.3974480E+06
  1.5774996E+04  1.4831609E+06
  1.5825001E+04  1.4742539E+06
  1.5874995E+04  1.3072280E+06
  1.5925002E+04  1.4232642E+06
  1.5975001E+04  1.4492374E+06
  1.6049998E+04  1.4001582E+06
  1.6150001E+04  1.3110419E+06
  1.6249997E+04  1.3730385E+06
  1.6350000E+04  1.3122538E+06
  1.6449996E+04  1.2269054E+06
  1.6549998E+04  1.2870428E+06
  1.6649994E+04  1.2632722E+06
  1.6749998E+04  1.2060830E+06
  1.6849998E+04  1.1276419E+06
  1.6950000E+04  1.1856561E+06
  1.7049996E+04  1.1532965E+06
  1.7150000E+04  1.1375416E+06
  1.7249992E+04  1.0992606E+06
  1.7349994E+04  9.9614100E+05
  1.7449992E+04  1.0456769E+06
  1.7550000E+04  1.0378054E+06
  1.7649998E+04  1.0157030E+06
  1.7749994E+04  9.9865919E+05
  1.7849994E+04  9.7742725E+05
  1.7949998E+04  9.6359669E+05
  1.8050002E+04  9.3562719E+05
  1.8150002E+04  8.5792956E+05
  1.8249994E+04  8.8870875E+05
  1.8349992E+04  8.8671306E+05
  1.8449992E+04  8.6836175E+05
  1.8549998E+04  8.4969612E+05
  1.8650002E+04  8.3083856E+05
  1.8750002E+04  7.5469288E+05
  1.8850000E+04  7.9664500E+05
  1.8950004E+04  7.7884856E+05
  1.9049996E+04  7.7652800E+05
  1.9149998E+04  7.6054944E+05
  1.9249992E+04  7.4573494E+05
  1.9350000E+04  7.2669688E+05
  1.9449992E+04  6.6334694E+05
  1.9550002E+04  7.0106169E+05
  1.9649992E+04  6.9159362E+05
  1.9749992E+04  6.7721938E+05
  1.9849992E+04  6.6708588E+05
  1.9950002E+04  6.5518931E+05
  2.0050002E+04  6.4416238E+05
  2.0149996E+04  6.3346125E+05
  2.0249994E+04  6.2007269E+05
  2.0349994E+04  6.0748912E+05
  2.0449996E+04  6.0002188E+05
  2.0550000E+04  5.8885256E+05
  2.0649992E+04  5.7651106E+05
  2.0749998E+04  5.6700381E+05
  2.0849992E+04  5.5753125E+05
  2.0950004E+04  5.4701925E+05
  2.1050002E+04  5.3805088E+05
  2.1149992E+04  5.2722319E+05
  2.1250000E+04  5.1830119E+05
  2.1350002E+04  5.0954788E+05
  2.1449996E+04  5.0268747E+05
  2.1550006E+04  4.9207012E+05
  2.1649994E+04  4.5068375E+05
  2.1750002E+04  4.7290859E+05
  2.1849998E+04  4.6825066E+05
  2.1950002E+04  4.6217181E+05
  2.2050000E+04  4.5233300E+05
  2.2149996E+04  4.4489481E+05
  2.2249998E+04  4.3927619E+05
  2.2350004E+04  4.3201281E+05
  2.2449990E+04  4.2487688E+05
  2.2549994E+04  4.1563431E+05
  2.2650000E+04  4.1037866E+05
  2.2750000E+04  4.0418022E+05
  2.2850000E+04  3.9887531E+05
  2.2950004E+04  3.9698744E+05
  2.3050000E+04  3.9044475E+05
  2.3149996E+04  3.8226372E+05
  2.3250000E+04  3.7553953E+05
  2.3349996E+04  3.6797678E+05
  2.3449994E+04  3.6166634E+05
  2.3550002E+04  3.5505531E+05
  2.3649988E+04  3.4907562E+05
  2.3750000E+04  3.4274897E+05
  2.3849990E+04  3.3690731E+05
  2.3950002E+04  3.3177444E+05
  2.4050006E+04  3.2582300E+05
  2.4149992E+04  3.2024322E+05
  2.4249990E+04  3.1792144E+05
  2.4349990E+04  3.1042941E+05
  2.4450002E+04  3.0551919E+05
  2.4549990E+04  3.0327312E+05
  2.4649992E+04  2.9717794E+05
  2.4749992E+04  2.9273338E+05
  2.4850006E+04  2.9188256E+05
  2.4950000E+04  2.7815191E+05
  2.5050006E+04  2.8643591E+05
  2.5149994E+04  2.8046416E+05
  2.5249998E+04  2.6537131E+05
  2.5350004E+04  2.7149497E+05
  2.5449988E+04  2.6894134E+05
  2.5549998E+04  2.6303116E+05
  2.5649990E+04  2.4780864E+05
  2.5749990E+04  2.5633630E+05
  2.5849994E+04  2.5290788E+05
  2.5949990E+04  2.5030798E+05
  2.6049996E+04  2.4403733E+05
  2.6149998E+04  2.3008720E+05
  2.6249988E+04  2.2279377E+05
  2.6350008E+04  2.3429058E+05
  2.6449996E+04  2.3258178E+05
  2.6549994E+04  2.2929922E+05
  2.6649994E+04  2.2422391E+05
  2.6749988E+04  2.1031519E+05
  2.6849986E+04  2.1896780E+05
  2.6949986E+04  2.1748591E+05
  2.7050002E+04  2.1431022E+05
  2.7149998E+04  2.1152320E+05
  2.7249994E+04  2.0858859E+05
  2.7350006E+04  2.0573627E+05
  2.7450004E+04  2.0251012E+05
  2.7549996E+04  1.8929908E+05
  2.7649982E+04  1.9372747E+05
  2.7750004E+04  1.9450070E+05
  2.7850000E+04  1.9210106E+05
  2.7949992E+04  1.8967772E+05
  2.8049994E+04  1.8708277E+05
  2.8150002E+04  1.8456730E+05
  2.8250006E+04  1.8207330E+05
  2.8350000E+04  1.7976464E+05
  2.8450000E+04  1.7692992E+05
  2.8550002E+04  1.7483297E+05
  2.8650002E+04  1.7070473E+05
  2.8749982E+04  1.6018053E+05
  2.8849998E+04  1.6737305E+05
  2.8949986E+04  1.6576039E+05
  2.9049994E+04  1.6382197E+05
  2.9149986E+04  1.6126350E+05
  2.9249984E+04  1.5941859E+05
  2.9349980E+04  1.5753381E+05
  2.9450000E+04  1.5541441E+05
  2.9550004E+04  1.5351433E+05
  2.9649982E+04  1.5158945E+05
  2.9749992E+04  1.4962277E+05
  2.9849994E+04  1.4775938E+05
  2.9949984E+04  1.4576645E+05
  3.0049996E+04  1.4390914E+05
  3.0149994E+04  1.4206923E+05
  3.0249994E+04  1.4010634E+05
  3.0349996E+04  1.3220716E+05
  3.0449996E+04  1.3379433E+05
  3.0549996E+04  1.3499062E+05
  3.0649996E+04  1.3342545E+05
  3.0749994E+04  1.3192956E+05
  3.0849996E+04  1.2995541E+05
  3.0949994E+04  1.2849952E+05
  3.1049996E+04  1.2695805E+05
  3.1149996E+04  1.2493288E+05
  3.1249996E+04  1.2379511E+05
  3.1349996E+04  1.2235113E+05
  3.1449996E+04  1.2086584E+05
  3.1549998E+04  1.1948396E+05
  3.1649996E+04  1.1821113E+05
  3.1749998E+04  1.1660062E+05
  3.1849996E+04  1.1542023E+05
  3.1949994E+04  1.1405303E+05
  3.2099996E+04  1.1198416E+05
  3.2299992E+04  1.0943530E+05
  3.2499994E+04  1.0685491E+05
  3.2699996E+04  1.0430810E+05
  3.2899996E+04  9.8372930E+04
  3.3099996E+04  9.9312758E+04
  3.3299992E+04  9.7566250E+04
  3.3499996E+04  9.5337219E+04
  3.3699996E+04  9.2852242E+04
  3.3899996E+04  9.0701016E+04
  3.4099996E+04  8.8616406E+04
  3.4299996E+04  8.6734211E+04
  3.4499992E+04  8.4946562E+04
  3.4699996E+04  8.2997109E+04
  3.4899996E+04  8.1185625E+04
  3.5099996E+04  7.9461906E+04
  3.5299996E+04  7.7732625E+04
  3.5499996E+04  7.5995305E+04
  3.5699992E+04  7.4235789E+04
  3.5899992E+04  7.3080641E+04
  3.6099996E+04  7.1064750E+04
  3.6299992E+04  7.0149461E+04
  3.6499992E+04  6.7977398E+04
  3.6699992E+04  6.7314039E+04
  3.6899992E+04  6.4821090E+04
  3.7099996E+04  6.4334836E+04
  3.7299996E+04  6.2271207E+04
  3.7499992E+04  5.9704000E+04
  3.7699996E+04  6.0593672E+04
  3.7899996E+04  5.9465398E+04
  3.8099992E+04  5.7573648E+04
  3.8299996E+04  5.6706820E+04
  3.8499996E+04  5.6103938E+04
  3.8699996E+04  5.4884113E+04
  3.8899992E+04  5.3731176E+04
  3.9099996E+04  5.1664926E+04
  3.9299992E+04  5.1813645E+04
  3.9499992E+04  5.0800121E+04
  3.9699992E+04  4.9852148E+04
  3.9900000E+04  4.8717043E+04
  4.0099996E+04  4.7388883E+04
  4.0299992E+04  4.6219168E+04
  4.0499996E+04  4.4851961E+04
  4.0699992E+04  4.5224168E+04
  4.0899992E+04  4.4373082E+04
  4.1099996E+04  4.3650109E+04
  4.1299996E+04  4.2841848E+04
  4.1499992E+04  4.1970555E+04
  4.1699992E+04  4.0158523E+04
  4.1899996E+04  4.0413383E+04
  4.2099996E+04  3.9666852E+04
  4.2299992E+04  3.9079992E+04
  4.2499996E+04  3.8343867E+04
  4.2699992E+04  3.7681789E+04
  4.2899992E+04  3.7007832E+04
  4.3099996E+04  3.6344730E+04
  4.3299996E+04  3.5678215E+04
  4.3499992E+04  3.5048277E+04
  4.3699996E+04  3.3552441E+04
  4.3899996E+04  3.3687254E+04
  4.4099992E+04  3.3206121E+04
  4.4299992E+04  3.2661252E+04
  4.4499996E+04  3.2094367E+04
  4.4699996E+04  3.1628693E+04
  4.4899996E+04  3.1082193E+04
  4.5099992E+04  3.0566354E+04
  4.5299992E+04  3.0041863E+04
  4.5499996E+04  2.9536309E+04
  4.5699992E+04  2.9024016E+04
  4.5899996E+04  2.8532012E+04
  4.6099996E+04  2.8074035E+04
  4.6299992E+04  2.7596531E+04
  4.6499988E+04  2.6368273E+04
  4.6699992E+04  2.5892426E+04
  4.6899992E+04  2.6206432E+04
  4.7099992E+04  2.5828113E+04
  4.7299992E+04  2.5418189E+04
  4.7499996E+04  2.4987525E+04
  4.7699992E+04  2.4591326E+04
  4.7899992E+04  2.4207430E+04
  4.8099996E+04  2.3816020E+04
  4.8299992E+04  2.3435100E+04
  4.8499992E+04  2.3061238E+04
  4.8700000E+04  2.2697477E+04
  4.8899992E+04  2.2338895E+04
  4.9099988E+04  2.1974449E+04
  4.9299988E+04  2.1641518E+04
  4.9499996E+04  2.1300928E+04
  4.9699992E+04  2.0972746E+04
  4.9899988E+04  2.0644594E+04
  5.0099996E+04  2.0328494E+04
  5.0299996E+04  2.0015277E+04
  5.0499996E+04  1.9710811E+04
  5.0699996E+04  1.9414908E+04
  5.0899992E+04  1.9114320E+04
  5.1099992E+04  1.8796186E+04
  5.1299996E+04  1.8022902E+04
  5.1499988E+04  1.8255350E+04
  5.1699996E+04  1.7993160E+04
  5.1899992E+04  1.7727482E+04
  5.2099992E+04  1.7457014E+04
  5.2299996E+04  1.7201172E+04
  5.2499996E+04  1.6951449E+04
  5.2699996E+04  1.6702305E+04
  5.2899992E+04  1.6459127E+04
  5.3099988E+04  1.6219137E+04
  5.3299988E+04  1.5983600E+04
  5.3499992E+04  1.5751123E+04
  5.3699992E+04  1.5516437E+04
  5.3899992E+04  1.5299058E+04
  5.4099992E+04  1.5084462E+04
  5.4299984E+04  1.4859836E+04
  5.4499988E+04  1.4653306E+04
  5.4699996E+04  1.4430507E+04
  5.4899992E+04  1.4241815E+04
  5.5099992E+04  1.4044306E+04
  5.5299988E+04  1.3844352E+04
  5.5499988E+04  1.3653024E+04
  5.5699992E+04  1.3458008E+04
  5.5899992E+04  1.3258194E+04
  5.6099988E+04  1.3090812E+04
  5.6299996E+04  1.2910015E+04
  5.6499988E+04  1.2737352E+04
  5.6699988E+04  1.2560937E+04
  5.6899992E+04  1.2391334E+04
  5.7099996E+04  1.2223797E+04
  5.7299988E+04  1.2058298E+04
  5.7499988E+04  1.1895937E+04
  5.7699988E+04  1.1733271E+04
  5.7899996E+04  1.1572562E+04
  5.8099988E+04  1.1422717E+04
  5.8299996E+04  1.1272432E+04
  5.8499992E+04  1.1133841E+04
  5.8699988E+04  1.0981568E+04
  5.8899988E+04  1.0809600E+04
  5.9099992E+04  1.0418160E+04
  5.9299988E+04  1.0548986E+04
  5.9499996E+04  1.0395288E+04
  5.9699988E+04  1.0283795E+04
  5.9899992E+04  1.0149190E+04
  6.0099992E+04  1.0014690E+04
  6.0299992E+04  9.8914863E+03
  6.0499988E+04  9.7645449E+03
  6.0699992E+04  9.6368066E+03
  6.0899992E+04  9.5106377E+03
  6.1099988E+04  9.3813691E+03
  6.1299992E+04  9.2741338E+03
  6.1499988E+04  9.1578359E+03
  6.1699988E+04  9.0427480E+03
  6.1899996E+04  8.9271816E+03
  6.2099996E+04  8.8174102E+03
  6.2299988E+04  8.6971201E+03
  6.2499992E+04  8.5964111E+03
  6.2699988E+04  8.4874180E+03
  6.2899996E+04  8.3868691E+03
  6.3099984E+04  8.2759795E+03
  6.3299996E+04  8.1795723E+03
  6.3499984E+04  8.0792666E+03
  6.3699984E+04  7.9819136E+03
  6.3900000E+04  7.8831226E+03
  6.4199992E+04  7.7422588E+03
  6.4599984E+04  7.5546865E+03
  6.4999992E+04  7.3732690E+03
  6.5399992E+04  7.2010850E+03
  6.5799992E+04  7.0307026E+03
  6.6199984E+04  6.8649336E+03
  6.6599984E+04  6.7059380E+03
  6.6999992E+04  6.5500693E+03
  6.7399992E+04  6.3983325E+03
  6.7799992E+04  6.2528232E+03
  6.8199992E+04  6.1102778E+03
  6.8599992E+04  5.9716626E+03
  6.8999984E+04  5.8347349E+03
  6.9399984E+04  5.7040776E+03
  6.9800000E+04  5.5780312E+03
  7.0199992E+04  5.4537178E+03
  7.0599984E+04  5.3338208E+03
  7.0999977E+04  5.2195605E+03
  7.1399977E+04  5.1047090E+03
  7.1799984E+04  4.9936191E+03
  7.2199984E+04  4.8822876E+03
  7.2600000E+04  4.7806748E+03
  7.2999984E+04  4.6805684E+03
  7.3400000E+04  4.5802534E+03
  7.3799984E+04  4.4844639E+03
  7.4199992E+04  4.3887554E+03
  7.4599992E+04  4.2607183E+03
  7.5000000E+04  4.1549126E+03
  7.5399992E+04  4.1213506E+03
  7.5799992E+04  4.0370537E+03
  7.6199984E+04  3.9553982E+03
  7.6599992E+04  3.8750300E+03
  7.6999992E+04  3.7963052E+03
  7.7399992E+04  3.7204434E+03
  7.7799984E+04  3.6459998E+03
  7.8199984E+04  3.5734343E+03
  7.8599984E+04  3.5025190E+03
  7.8999984E+04  3.4333967E+03
  7.9399984E+04  3.3657847E+03
  7.9800000E+04  3.3000017E+03
  8.0199992E+04  3.2352456E+03
  8.0599984E+04  3.1725947E+03
  8.0999992E+04  3.1120527E+03
  8.1399977E+04  3.0515232E+03
  8.1799984E+04  2.9934880E+03
  8.2199984E+04  2.9372166E+03
  8.2599992E+04  2.8815046E+03
  8.2999984E+04  2.8272212E+03
  8.3400000E+04  2.7728135E+03
  8.3799992E+04  2.7207627E+03
  8.4199992E+04  2.6711677E+03
  8.4599977E+04  2.6226514E+03
  8.4999977E+04  2.5747175E+03
  8.5399984E+04  2.5272542E+03
  8.5799984E+04  2.4811255E+03
  8.6199992E+04  2.4359956E+03
  8.6599992E+04  2.3924961E+03
  8.6999984E+04  2.3495427E+03
  8.7399992E+04  2.3072729E+03
  8.7799992E+04  2.2663589E+03
  8.8199984E+04  2.2254609E+03
  8.8599977E+04  2.1864075E+03
  8.8999992E+04  2.1478684E+03
  8.9399977E+04  2.1105444E+03
  8.9799977E+04  2.0732837E+03
  9.0199984E+04  2.0376179E+03
  9.0599984E+04  2.0027755E+03
  9.0999992E+04  1.9676467E+03
  9.1400000E+04  1.9341820E+03
  9.1799969E+04  1.9014944E+03
  9.2199969E+04  1.8692544E+03
  9.2599984E+04  1.8375867E+03
  9.3000000E+04  1.8066980E+03
  9.3399984E+04  1.7762714E+03
  9.3799984E+04  1.7465961E+03
  9.4199977E+04  1.7175721E+03
  9.4599984E+04  1.6890596E+03
  9.4999969E+04  1.6611746E+03
  9.5399984E+04  1.6334888E+03
  9.5799984E+04  1.6072744E+03
  9.6199992E+04  1.5808276E+03
  9.6599984E+04  1.5554094E+03
  9.7000000E+04  1.5302350E+03
  9.7399977E+04  1.5051044E+03
  9.7799984E+04  1.4812378E+03
  9.8199977E+04  1.4574755E+03
  9.8599977E+04  1.4344363E+03
  9.8999992E+04  1.4118359E+03
  9.9399984E+04  1.3894006E+03
  9.9799977E+04  1.3674301E+03
  1.0019999E+05  1.3460273E+03
  1.9999991E+05  8.6661858E+01
  3.9999994E+05  5.4117718E+00
  5.9999981E+05  1.0612366E+00
  7.9999994E+05  3.3341467E-01
