  5.0599994E+02  7.3860209E-16
  5.1199994E+02  1.5073979E-15
  5.2000000E+02  3.3285977E-15
  5.2999994E+02  8.6366969E-15
  5.3999994E+02  2.1386965E-14
  5.4999988E+02  5.1476073E-14
  5.5999988E+02  1.1970168E-13
  5.6999988E+02  2.7010225E-13
  5.7999994E+02  5.8915503E-13
  5.8999988E+02  1.2669966E-12
  5.9999988E+02  2.6433064E-12
  6.0999988E+02  5.3973787E-12
  6.1999994E+02  1.0786483E-11
  6.2999988E+02  2.1147934E-11
  6.3999994E+02  4.0747138E-11
  6.4999994E+02  7.7255688E-11
  6.5799994E+02  1.2746472E-10
  6.6499988E+02  1.9590378E-10
  6.7499994E+02  3.5838119E-10
  6.8499988E+02  6.4771843E-10
  6.9499994E+02  1.1561908E-09
  7.0499988E+02  2.0362274E-09
  7.1599988E+02  3.7663321E-09
  7.2599994E+02  6.5040342E-09
  7.3499982E+02  1.0545531E-08
  7.4499994E+02  1.7871955E-08
  7.5499982E+02  3.0005815E-08
  7.6499994E+02  4.9912426E-08
  7.7499994E+02  8.2230528E-08
  7.8499982E+02  1.3424167E-07
  7.9499982E+02  2.1644614E-07
  8.0500000E+02  3.4735999E-07
  8.1499976E+02  5.5185200E-07
  8.2500000E+02  8.6801498E-07
  8.3499994E+02  1.3528836E-06
  8.4499994E+02  2.0895818E-06
  8.5499988E+02  3.1987722E-06
  8.6499994E+02  4.8537127E-06
  8.7499982E+02  7.2982284E-06
  8.8499982E+02  1.0889415E-05
  8.9499988E+02  1.6105425E-05
  9.0499994E+02  2.3621224E-05
  9.1499982E+02  2.3245434E-03
  9.2499988E+02  5.9471549E-03
  9.3499982E+02  7.9326313E-03
  9.4500000E+02  1.0495496E-02
  9.5500000E+02  1.4952836E-02
  9.6499988E+02  1.9882333E-02
  9.7499982E+02  2.5142096E-02
  9.8499976E+02  3.3087369E-02
  9.9499988E+02  4.1234113E-02
  1.0049999E+03  5.7082977E-02
  1.0149997E+03  7.3212899E-02
  1.0249998E+03  8.0659002E-02
  1.0349998E+03  1.1698081E-01
  1.0449998E+03  1.4911668E-01
  1.0549999E+03  1.8711673E-01
  1.0649999E+03  2.2688851E-01
  1.0750000E+03  2.8674904E-01
  1.0849996E+03  3.5685214E-01
  1.0949999E+03  4.2759416E-01
  1.1049999E+03  4.9720960E+00
  1.1149999E+03  1.0346619E+01
  1.1249999E+03  1.4668071E+01
  1.1349996E+03  1.9165882E+01
  1.1449999E+03  2.4415058E+01
  1.1549999E+03  2.6062153E+01
  1.1650000E+03  3.5549152E+01
  1.1749995E+03  4.1921261E+01
  1.1849996E+03  4.1823029E+01
  1.1949998E+03  2.4712259E+01
  1.2049996E+03  2.5048695E+01
  1.2149998E+03  3.9540744E+00
  1.2249996E+03  3.0926958E+01
  1.2349996E+03  7.5392342E+01
  1.2449998E+03  2.2232489E+02
  1.2549996E+03  3.8148718E+02
  1.2650000E+03  3.8513177E+02
  1.2749998E+03  6.2003815E+02
  1.2849995E+03  8.9477368E+02
  1.2949998E+03  1.1034724E+03
  1.3049995E+03  9.2797144E+02
  1.3149998E+03  1.4963008E+03
  1.3249998E+03  1.7763672E+03
  1.3349996E+03  2.0264928E+03
  1.3449995E+03  2.5321375E+03
  1.3549996E+03  2.6547432E+03
  1.3649999E+03  3.0137029E+03
  1.3749999E+03  3.2577637E+03
  1.3849996E+03  3.4640461E+03
  1.3949999E+03  4.0443113E+03
  1.4050001E+03  4.5709302E+03
  1.4149998E+03  4.8347002E+03
  1.4249998E+03  5.4134551E+03
  1.4350000E+03  5.6351929E+03
  1.4419998E+03  6.8184194E+03
  1.4469999E+03  7.2451270E+03
  1.4549994E+03  8.0577627E+03
  1.4650000E+03  8.2496934E+03
  1.4749995E+03  9.1073994E+03
  1.4849996E+03  1.0256689E+04
  1.4949998E+03  1.2065102E+04
  1.5049996E+03  1.3603659E+04
  1.5119995E+03  1.3536495E+04
  1.5169994E+03  1.4165260E+04
  1.5250001E+03  2.1961273E+04
  1.5349994E+03  2.6747750E+04
  1.5449994E+03  3.3361148E+04
  1.5549998E+03  3.6432738E+04
  1.5649999E+03  3.4281250E+04
  1.5750001E+03  5.4030848E+04
  1.5850000E+03  6.5120094E+04
  1.5949996E+03  8.1547719E+04
  1.6049999E+03  7.5800711E+04
  1.6150000E+03  7.4688680E+04
  1.6249996E+03  6.5835656E+04
  1.6350000E+03  8.2620617E+04
  1.6449996E+03  1.1206943E+05
  1.6549999E+03  6.6721992E+04
  1.6649993E+03  1.1927834E+05
  1.6720000E+03  6.7272211E+04
  1.6770001E+03  1.2169918E+06
  1.6849998E+03  1.2643908E+06
  1.6950000E+03  9.3040306E+05
  1.7049995E+03  1.0392538E+06
  1.7150000E+03  1.7822039E+06
  1.7249993E+03  2.0448209E+06
  1.7349994E+03  2.6306780E+06
  1.7449993E+03  2.2833935E+06
  1.7550001E+03  3.1160945E+06
  1.7649998E+03  2.1580470E+06
  1.7749995E+03  2.9886358E+06
  1.7849995E+03  2.7837982E+06
  1.7949999E+03  4.3010610E+06
  1.8050001E+03  3.6672788E+06
  1.8150001E+03  4.2194870E+06
  1.8249994E+03  3.7623275E+06
  1.8349993E+03  3.3172022E+06
  1.8449993E+03  2.8100955E+06
  1.8549998E+03  3.7397142E+06
  1.8650002E+03  4.7705945E+06
  1.8750001E+03  4.1961550E+06
  1.8850000E+03  4.4577425E+06
  1.8950002E+03  5.2188315E+06
  1.9049996E+03  4.8063510E+06
  1.9149999E+03  5.0754650E+06
  1.9249993E+03  4.3551360E+06
  1.9350001E+03  2.1503880E+06
  1.9449993E+03  5.5605385E+06
  1.9550002E+03  5.8106380E+06
  1.9670002E+03  6.8095655E+06
  1.9759990E+03  6.3553765E+06
  1.9839996E+03  6.7230435E+06
  1.9950001E+03  6.6244950E+06
  2.0050002E+03  5.9029560E+06
  2.0149996E+03  5.7059850E+06
  2.0249994E+03  5.1176465E+06
  2.0349995E+03  6.4504205E+06
  2.0449998E+03  7.2289625E+06
  2.0550000E+03  6.7253980E+06
  2.0649993E+03  6.1768100E+06
  2.0739993E+03  7.8101540E+06
  2.0780002E+03  9.7112840E+06
  2.0849993E+03  9.6999250E+06
  2.0950005E+03  8.9629110E+06
  2.1050002E+03  7.8469855E+06
  2.1149990E+03  8.3028760E+06
  2.1250000E+03  8.1322185E+06
  2.1350002E+03  6.5319190E+06
  2.1449998E+03  8.1970325E+06
  2.1550005E+03  8.3644960E+06
  2.1649995E+03  7.3824740E+06
  2.1750002E+03  7.5207625E+06
  2.1849998E+03  8.3076230E+06
  2.1950000E+03  9.0273140E+06
  2.2050000E+03  8.3381390E+06
  2.2149998E+03  6.7430290E+06
  2.2249998E+03  6.6622355E+06
  2.2350005E+03  8.7545910E+06
  2.2449990E+03  8.0100285E+06
  2.2549993E+03  6.3715395E+06
  2.2650000E+03  6.4877485E+06
  2.2750000E+03  7.4354840E+06
  2.2850000E+03  8.4752260E+06
  2.2950002E+03  7.3136055E+06
  2.3050000E+03  8.1501010E+06
  2.3149995E+03  7.2847955E+06
  2.3250000E+03  4.2004530E+06
  2.3349995E+03  4.7082110E+06
  2.3449993E+03  3.2831615E+06
  2.3550000E+03  6.2835200E+06
  2.3649988E+03  3.4416540E+06
  2.3750000E+03  4.8252545E+06
  2.3849990E+03  2.4869508E+06
  2.3950000E+03  3.4498900E+06
  2.4050005E+03  3.3697382E+06
  2.4149993E+03  4.1428720E+06
  2.4249990E+03  6.8061035E+06
  2.4349990E+03  6.6295935E+06
  2.4450000E+03  7.5636175E+06
  2.4549990E+03  7.7115310E+06
  2.4649990E+03  7.3347430E+06
  2.4749993E+03  6.5000610E+06
  2.4850005E+03  6.1043755E+06
  2.4950000E+03  5.8770720E+06
  2.5050005E+03  8.5312390E+06
  2.5129988E+03  4.6163665E+06
  2.5179990E+03  3.7304790E+06
  2.5249998E+03  3.9298122E+06
  2.5350007E+03  4.6665515E+06
  2.5449988E+03  5.0358885E+06
  2.5550000E+03  6.7878625E+06
  2.5649990E+03  5.6374650E+06
  2.5749990E+03  6.7390835E+06
  2.5849993E+03  6.2828100E+06
  2.5949990E+03  5.7130770E+06
  2.6049995E+03  5.0336935E+06
  2.6149998E+03  4.4456680E+06
  2.6249990E+03  6.3109400E+06
  2.6350007E+03  8.0297970E+06
  2.6449995E+03  1.1048323E+07
  2.6549998E+03  1.2229753E+07
  2.6649995E+03  9.0414150E+06
  2.6749988E+03  1.0467586E+07
  2.6849988E+03  1.0489049E+07
  2.6949988E+03  9.1560980E+06
  2.7050000E+03  1.0319577E+07
  2.7150000E+03  8.5949340E+06
  2.7249995E+03  8.6273510E+06
  2.7350007E+03  9.6144560E+06
  2.7450002E+03  5.3092415E+06
  2.7549998E+03  6.5761795E+06
  2.7649983E+03  7.7581645E+06
  2.7750005E+03  9.0393870E+06
  2.7850000E+03  6.2390340E+06
  2.7949993E+03  2.2863852E+06
  2.8049995E+03  2.9752630E+06
  2.8150002E+03  8.4591350E+06
  2.8250007E+03  1.1452631E+07
  2.8350000E+03  1.1092618E+07
  2.8450002E+03  1.0639159E+07
  2.8550005E+03  8.9762070E+06
  2.8650000E+03  1.1938272E+07
  2.8749983E+03  1.1915545E+07
  2.8850000E+03  1.1689588E+07
  2.8949988E+03  1.1282188E+07
  2.9099988E+03  1.3835043E+07
  2.9299983E+03  1.2833661E+07
  2.9499990E+03  1.2642480E+07
  2.9700005E+03  1.3511030E+07
  2.9899980E+03  1.3855126E+07
  3.0099995E+03  1.4482858E+07
  3.0299995E+03  1.4131441E+07
  3.0499995E+03  1.4323352E+07
  3.0699995E+03  1.4632191E+07
  3.0899995E+03  1.5158340E+07
  3.1099995E+03  1.4632533E+07
  3.1299998E+03  1.4489201E+07
  3.1499995E+03  1.4965674E+07
  3.1699995E+03  1.5003866E+07
  3.1899995E+03  1.3659403E+07
  3.2099998E+03  1.4545982E+07
  3.2299993E+03  1.3327159E+07
  3.2499993E+03  1.4492948E+07
  3.2699995E+03  1.5278391E+07
  3.2899995E+03  1.5150280E+07
  3.3099998E+03  1.5706696E+07
  3.3299993E+03  1.5398331E+07
  3.3499995E+03  1.5285512E+07
  3.3699995E+03  1.4839905E+07
  3.3899993E+03  1.5070507E+07
  3.4099993E+03  1.5042954E+07
  3.4299995E+03  1.5152388E+07
  3.4499993E+03  1.5291204E+07
  3.4699998E+03  1.5084153E+07
  3.4899993E+03  1.5175294E+07
  3.5099995E+03  1.5619008E+07
  3.5299995E+03  1.5313125E+07
  3.5499995E+03  1.6313793E+07
  3.5699995E+03  1.5038405E+07
  3.5899995E+03  1.4823083E+07
  3.6099995E+03  1.5094649E+07
  3.6299993E+03  1.5226401E+07
  3.6399993E+03  1.5281327E+07
  3.6499995E+03  1.6271139E+07
  3.6699993E+03  1.5142722E+07
  3.6899995E+03  1.4535771E+07
  3.7099995E+03  1.7512050E+07
  3.7299998E+03  1.7811616E+07
  3.7499993E+03  2.1452556E+07
  3.7699993E+03  2.2962782E+07
  3.7899995E+03  2.6772938E+07
  3.8099993E+03  3.0554206E+07
  3.8299998E+03  2.4617384E+07
  3.8499995E+03  3.2942066E+07
  3.8699995E+03  3.5804600E+07
  3.8899995E+03  2.4114794E+07
  3.9099995E+03  3.4119652E+07
  3.9299993E+03  2.0646672E+07
  3.9499993E+03  3.0199018E+07
  3.9699998E+03  1.8548024E+07
  3.9899995E+03  3.4613320E+07
  4.0099995E+03  3.7745704E+07
  4.0299993E+03  3.7937988E+07
  4.0499993E+03  3.7313864E+07
  4.0699993E+03  3.6447704E+07
  4.0899995E+03  3.2538304E+07
  4.1099995E+03  2.6573218E+07
  4.1299995E+03  3.5937504E+07
  4.1499990E+03  3.7790344E+07
  4.1699990E+03  3.7255396E+07
  4.1899995E+03  3.7173108E+07
  4.2099995E+03  3.7031184E+07
  4.2299995E+03  3.6060716E+07
  4.2499995E+03  3.6437516E+07
  4.2699990E+03  3.5169256E+07
  4.2899995E+03  3.5257636E+07
  4.3100000E+03  3.2613106E+07
  4.3299995E+03  2.9109610E+07
  4.3499995E+03  2.5481870E+07
  4.3699995E+03  3.4830780E+07
  4.3899995E+03  3.4727212E+07
  4.4099995E+03  3.4325772E+07
  4.4299995E+03  3.3859120E+07
  4.4499995E+03  3.4114772E+07
  4.4699995E+03  3.4309828E+07
  4.4899995E+03  3.3928232E+07
  4.5099990E+03  3.5470900E+07
  4.5299995E+03  3.3469394E+07
  4.5499990E+03  3.3332308E+07
  4.5699995E+03  3.4745828E+07
  4.5899990E+03  3.3027472E+07
  4.6099990E+03  3.3718276E+07
  4.6299990E+03  3.2731670E+07
  4.6499990E+03  3.3023938E+07
  4.6699990E+03  3.3189086E+07
  4.6899990E+03  3.2199270E+07
  4.7099995E+03  3.0851420E+07
  4.7299990E+03  3.2271592E+07
  4.7499995E+03  3.2302616E+07
  4.7699995E+03  3.1820366E+07
  4.7899990E+03  3.1563416E+07
  4.8099995E+03  3.1008370E+07
  4.8299995E+03  3.0291864E+07
  4.8499990E+03  2.5213776E+07
  4.8700000E+03  2.0721436E+07
  4.8899990E+03  2.8505372E+07
  4.9099990E+03  2.9284680E+07
  4.9299990E+03  2.8878604E+07
  4.9499995E+03  2.9569760E+07
  4.9699995E+03  2.9716598E+07
  4.9899990E+03  2.8201916E+07
  5.0099995E+03  2.7229738E+07
  5.0299995E+03  2.8225682E+07
  5.0499995E+03  2.7829720E+07
  5.0699995E+03  2.8425466E+07
  5.0899995E+03  2.7862260E+07
  5.1099990E+03  2.7925934E+07
  5.1299995E+03  2.7239066E+07
  5.1499985E+03  2.6581904E+07
  5.1700000E+03  2.6160978E+07
  5.1899990E+03  2.5930378E+07
  5.2099990E+03  2.6037016E+07
  5.2299995E+03  2.6037968E+07
  5.2499995E+03  2.6366192E+07
  5.2699995E+03  2.4560380E+07
  5.2899990E+03  2.5834346E+07
  5.3099995E+03  2.5688200E+07
  5.3299990E+03  2.4613920E+07
  5.3499995E+03  2.5350264E+07
  5.3699995E+03  2.5083402E+07
  5.3899995E+03  2.4815904E+07
  5.4099990E+03  2.4229876E+07
  5.4299990E+03  2.4466972E+07
  5.4499990E+03  2.4666966E+07
  5.4699995E+03  2.4252720E+07
  5.4899995E+03  2.4270080E+07
  5.5099995E+03  2.4027202E+07
  5.5299985E+03  2.3827858E+07
  5.5499990E+03  2.3822768E+07
  5.5699990E+03  2.3360564E+07
  5.5899995E+03  2.3185262E+07
  5.6099990E+03  2.3204590E+07
  5.6299995E+03  2.3179076E+07
  5.6499990E+03  2.2966884E+07
  5.6699990E+03  2.2546170E+07
  5.6899995E+03  2.2633470E+07
  5.7099995E+03  2.2373512E+07
  5.7299990E+03  2.2738536E+07
  5.7499990E+03  2.2260442E+07
  5.7699990E+03  2.2226338E+07
  5.7899995E+03  2.1953930E+07
  5.8099985E+03  2.1890104E+07
  5.8300000E+03  2.1826614E+07
  5.8499990E+03  2.1522418E+07
  5.8699985E+03  2.1403344E+07
  5.8899985E+03  2.0877074E+07
  5.9099995E+03  2.1068212E+07
  5.9299985E+03  2.0914564E+07
  5.9499995E+03  2.0800794E+07
  5.9699990E+03  2.0663776E+07
  5.9899990E+03  2.0413672E+07
  6.0099990E+03  2.0103850E+07
  6.0299995E+03  2.0069136E+07
  6.0499990E+03  2.0058126E+07
  6.0699990E+03  1.9987514E+07
  6.0899995E+03  1.9673604E+07
  6.1099985E+03  1.9461266E+07
  6.1299995E+03  1.9043734E+07
  6.1499985E+03  1.8809518E+07
  6.1699985E+03  1.8751108E+07
  6.1900000E+03  1.9026364E+07
  6.2099995E+03  1.8890334E+07
  6.2299985E+03  1.8585798E+07
  6.2499990E+03  1.8002176E+07
  6.2699985E+03  1.8511366E+07
  6.2900000E+03  1.8390968E+07
  6.3099985E+03  1.7994508E+07
  6.3299995E+03  1.7952432E+07
  6.3499985E+03  1.7774128E+07
  6.3699985E+03  1.7666404E+07
  6.3899995E+03  1.7641790E+07
  6.4099990E+03  1.7283396E+07
  6.4299985E+03  1.7278104E+07
  6.4499985E+03  1.7028946E+07
  6.4699990E+03  1.7017424E+07
  6.4899990E+03  1.6671206E+07
  6.5099985E+03  1.6664047E+07
  6.5299990E+03  1.6285589E+07
  6.5499985E+03  1.4515237E+07
  6.5699985E+03  1.1764157E+07
  6.5899995E+03  1.5475966E+07
  6.6099985E+03  1.6084328E+07
  6.6299990E+03  1.6126274E+07
  6.6499985E+03  1.6050721E+07
  6.6699995E+03  1.5902948E+07
  6.6899990E+03  1.5909017E+07
  6.7099995E+03  1.5759094E+07
  6.7299990E+03  1.5678878E+07
  6.7499995E+03  1.5478613E+07
  6.7699985E+03  1.5489224E+07
  6.7899995E+03  1.5353164E+07
  6.8099995E+03  1.5237932E+07
  6.8300000E+03  1.5114901E+07
  6.8499985E+03  1.4952908E+07
  6.8699985E+03  1.4937813E+07
  6.8899985E+03  1.4850425E+07
  6.9099990E+03  1.4728286E+07
  6.9299995E+03  1.4626137E+07
  6.9499990E+03  1.4531162E+07
  6.9699985E+03  1.4411444E+07
  6.9899985E+03  1.4347599E+07
  7.0099985E+03  1.4062683E+07
  7.0299985E+03  1.4071969E+07
  7.0499990E+03  1.4021043E+07
  7.0699980E+03  1.3927513E+07
  7.0899990E+03  1.3828808E+07
  7.1099990E+03  1.3479851E+07
  7.1299995E+03  1.3522162E+07
  7.1499990E+03  1.3473152E+07
  7.1699995E+03  1.3354122E+07
  7.1899985E+03  1.3204145E+07
  7.2099985E+03  1.3185344E+07
  7.2299980E+03  1.3080068E+07
  7.2499990E+03  1.3014449E+07
  7.2699995E+03  1.2984282E+07
  7.2899990E+03  1.2767106E+07
  7.3099980E+03  1.2741759E+07
  7.3299980E+03  1.2672322E+07
  7.3499980E+03  1.2643200E+07
  7.3699985E+03  1.2577446E+07
  7.3899995E+03  1.2370110E+07
  7.4099985E+03  1.2163461E+07
  7.4299995E+03  1.2155388E+07
  7.4500000E+03  1.2119396E+07
  7.4700000E+03  1.2022856E+07
  7.4899990E+03  1.1954036E+07
  7.5099985E+03  1.1929862E+07
  7.5299995E+03  1.1873215E+07
  7.5499980E+03  1.1857984E+07
  7.5699985E+03  1.1738212E+07
  7.5899990E+03  1.1661390E+07
  7.6099980E+03  1.1581963E+07
  7.6299995E+03  1.1524556E+07
  7.6499995E+03  1.1421888E+07
  7.6699980E+03  1.1229843E+07
  7.6899990E+03  1.1252411E+07
  7.7099995E+03  1.1140237E+07
  7.7299985E+03  1.1135628E+07
  7.7499990E+03  1.1009859E+07
  7.7700000E+03  1.0789135E+07
  7.7900000E+03  1.0959160E+07
  7.8099995E+03  1.0858635E+07
  7.8299980E+03  1.0719668E+07
  7.8499980E+03  1.0619875E+07
  7.8699995E+03  1.0612190E+07
  7.8900000E+03  1.0528198E+07
  7.9099995E+03  1.0435889E+07
  7.9300000E+03  1.0325203E+07
  7.9499985E+03  1.0267957E+07
  7.9699990E+03  1.0326206E+07
  7.9900000E+03  1.0189597E+07
  8.0099980E+03  1.0137019E+07
  8.0299985E+03  1.0065552E+07
  8.0500000E+03  1.0006875E+07
  8.0699985E+03  9.9677520E+06
  8.0899990E+03  9.8696000E+06
  8.1099995E+03  9.8731040E+06
  8.1299976E+03  9.8263020E+06
  8.1499976E+03  9.7537460E+06
  8.1699980E+03  9.6930670E+06
  8.1899985E+03  9.4514530E+06
  8.2099990E+03  9.4451410E+06
  8.2300000E+03  9.3853830E+06
  8.2500000E+03  9.3548780E+06
  8.2700000E+03  9.4104890E+06
  8.2899980E+03  9.3295110E+06
  8.3099990E+03  9.2055520E+06
  8.3299980E+03  9.0321850E+06
  8.3500000E+03  9.0370530E+06
  8.3699990E+03  8.9659560E+06
  8.3899990E+03  8.8076600E+06
  8.4099971E+03  8.7695510E+06
  8.4300000E+03  8.7062480E+06
  8.4499990E+03  8.5738080E+06
  8.4699980E+03  8.3837055E+06
  8.4899980E+03  8.6709140E+06
  8.5099990E+03  7.9934730E+06
  8.5299990E+03  8.7238840E+06
  8.5499990E+03  7.5709940E+06
  8.5699990E+03  8.8072930E+06
  8.5900000E+03  8.1904140E+06
  8.6099980E+03  7.9826745E+06
  8.6299990E+03  8.7479770E+06
  8.6499990E+03  8.4638760E+06
  8.6699990E+03  7.0501295E+06
  8.6899990E+03  8.3497190E+06
  8.7099971E+03  8.6441350E+06
  8.7299990E+03  8.3930040E+06
  8.7499980E+03  7.0964845E+06
  8.7699980E+03  8.1530205E+06
  8.7899980E+03  8.4962820E+06
  8.8099990E+03  8.4562930E+06
  8.8299980E+03  8.2508480E+06
  8.8499980E+03  7.7460640E+06
  8.8699980E+03  6.8224530E+06
  8.8899990E+03  8.0616730E+06
  8.9099971E+03  8.2324280E+06
  8.9299980E+03  8.1856720E+06
  8.9499980E+03  8.2196755E+06
  8.9699990E+03  8.1123595E+06
  8.9899990E+03  7.8889175E+06
  9.0099980E+03  6.6487435E+06
  9.0299990E+03  7.2301100E+06
  9.0499990E+03  7.8587160E+06
  9.0699980E+03  7.7476205E+06
  9.0899990E+03  7.6178155E+06
  9.1099980E+03  7.7764220E+06
  9.1299980E+03  7.8318760E+06
  9.1499980E+03  7.8084755E+06
  9.1699980E+03  7.7135210E+06
  9.1899990E+03  7.5845235E+06
  9.2099990E+03  7.1909815E+06
  9.2299980E+03  5.9902030E+06
  9.2499980E+03  6.9655735E+06
  9.2699971E+03  7.2428720E+06
  9.2899990E+03  7.4552945E+06
  9.3099980E+03  7.4563315E+06
  9.3299990E+03  7.4027580E+06
  9.3499980E+03  7.3737100E+06
  9.3699990E+03  7.3572815E+06
  9.3900000E+03  7.2717095E+06
  9.4099980E+03  6.9902415E+06
  9.4299971E+03  7.1487255E+06
  9.4499990E+03  7.0978245E+06
  9.4700000E+03  7.1048405E+06
  9.4899980E+03  7.0506660E+06
  9.5100000E+03  6.8981550E+06
  9.5300000E+03  6.5315780E+06
  9.5500000E+03  5.5075040E+06
  9.5699990E+03  6.5239865E+06
  9.5899980E+03  6.7708505E+06
  9.6099980E+03  6.7414735E+06
  9.6299990E+03  6.6566255E+06
  9.6499990E+03  6.7119960E+06
  9.6699980E+03  6.6210095E+06
  9.6899980E+03  6.6149705E+06
  9.7100000E+03  6.6676595E+06
  9.7299990E+03  6.6235665E+06
  9.7499980E+03  6.5242950E+06
  9.7699961E+03  6.5445800E+06
  9.7899980E+03  6.5084315E+06
  9.8099980E+03  6.4725255E+06
  9.8299990E+03  6.4325670E+06
  9.8499980E+03  6.3548300E+06
  9.8700000E+03  6.3171110E+06
  9.8899980E+03  6.2650135E+06
  9.9099990E+03  6.2324620E+06
  9.9300000E+03  6.2261015E+06
  9.9499980E+03  6.1885420E+06
  9.9699980E+03  6.1629800E+06
  9.9899990E+03  6.1028430E+06
  1.0024998E+04  5.7120640E+06
  1.0074998E+04  5.4588025E+06
  1.0124997E+04  5.8371885E+06
  1.0174997E+04  5.8079810E+06
  1.0224998E+04  5.7642890E+06
  1.0274997E+04  5.7019035E+06
  1.0325000E+04  5.5923880E+06
  1.0374999E+04  5.5309160E+06
  1.0425000E+04  5.4558035E+06
  1.0474998E+04  5.3200700E+06
  1.0524997E+04  5.2761060E+06
  1.0574999E+04  5.2222870E+06
  1.0625000E+04  5.1468870E+06
  1.0674997E+04  4.9853940E+06
  1.0724998E+04  4.9786475E+06
  1.0774999E+04  4.9172975E+06
  1.0824997E+04  4.8388650E+06
  1.0874997E+04  4.7419110E+06
  1.0924999E+04  4.1879005E+06
  1.0974996E+04  4.4607245E+06
  1.1025000E+04  4.6196440E+06
  1.1074998E+04  4.5878555E+06
  1.1124999E+04  4.5171825E+06
  1.1174998E+04  4.4605610E+06
  1.1224999E+04  4.4179210E+06
  1.1274997E+04  4.2736230E+06
  1.1325000E+04  4.2289185E+06
  1.1375000E+04  4.2221030E+06
  1.1425000E+04  4.1329895E+06
  1.1474997E+04  4.1456905E+06
  1.1525000E+04  4.0970320E+06
  1.1574998E+04  4.0321902E+06
  1.1625000E+04  3.9276058E+06
  1.1674998E+04  3.8605952E+06
  1.1724997E+04  3.8929608E+06
  1.1775001E+04  3.7610632E+06
  1.1824999E+04  3.7476462E+06
  1.1875000E+04  3.6760792E+06
  1.1925000E+04  3.7128720E+06
  1.1975001E+04  3.6081085E+06
  1.2024998E+04  3.5995315E+06
  1.2074996E+04  3.5400708E+06
  1.2125000E+04  3.5060632E+06
  1.2175000E+04  3.4816460E+06
  1.2225001E+04  3.4323010E+06
  1.2275001E+04  3.3878948E+06
  1.2324996E+04  3.3465768E+06
  1.2374996E+04  3.3112245E+06
  1.2424998E+04  3.2799905E+06
  1.2475000E+04  3.2351095E+06
  1.2524997E+04  3.1896415E+06
  1.2574997E+04  3.1331175E+06
  1.2624999E+04  3.1092940E+06
  1.2674997E+04  3.0754328E+06
  1.2724999E+04  3.0366532E+06
  1.2774999E+04  2.9314428E+06
  1.2825000E+04  2.5552148E+06
  1.2875001E+04  2.8776728E+06
  1.2924997E+04  2.8915355E+06
  1.2975001E+04  2.8722005E+06
  1.3024998E+04  2.8404215E+06
  1.3074999E+04  2.8160942E+06
  1.3125000E+04  2.7736842E+06
  1.3174998E+04  2.7307518E+06
  1.3224998E+04  2.7181120E+06
  1.3274997E+04  2.6824972E+06
  1.3324997E+04  2.6558262E+06
  1.3374999E+04  2.6225280E+06
  1.3424999E+04  2.5959230E+06
  1.3474999E+04  2.5656972E+06
  1.3525001E+04  2.5294622E+06
  1.3574999E+04  2.4916472E+06
  1.3624997E+04  2.4776555E+06
  1.3674997E+04  2.4444612E+06
  1.3724995E+04  2.3922858E+06
  1.3774998E+04  2.3848765E+06
  1.3824998E+04  2.3617442E+06
  1.3874996E+04  2.3474932E+06
  1.3925000E+04  2.3061840E+06
  1.3974996E+04  2.2883625E+06
  1.4024997E+04  2.2611580E+06
  1.4075001E+04  2.2426480E+06
  1.4124996E+04  2.2077292E+06
  1.4175000E+04  2.1916180E+06
  1.4225000E+04  2.1566898E+06
  1.4274994E+04  2.1294080E+06
  1.4325001E+04  2.1175042E+06
  1.4374998E+04  2.1013418E+06
  1.4424999E+04  2.0221641E+06
  1.4475000E+04  2.0490331E+06
  1.4524997E+04  1.9988808E+06
  1.4569999E+04  2.0035886E+06
  1.4620000E+04  2.0110580E+06
  1.4674998E+04  2.0388715E+06
  1.4725000E+04  1.9937731E+06
  1.4775002E+04  1.9506182E+06
  1.4824998E+04  1.9254851E+06
  1.4874996E+04  1.8812346E+06
  1.4924997E+04  1.8769379E+06
  1.4974999E+04  1.8346889E+06
  1.5024999E+04  1.8024729E+06
  1.5075000E+04  1.7691508E+06
  1.5124999E+04  1.7607670E+06
  1.5175000E+04  1.7395306E+06
  1.5225002E+04  1.7186970E+06
  1.5274998E+04  1.6937404E+06
  1.5324995E+04  1.6701949E+06
  1.5374997E+04  1.6692300E+06
  1.5425001E+04  1.6161489E+06
  1.5474996E+04  1.6334109E+06
  1.5524994E+04  1.6171238E+06
  1.5575001E+04  1.5504125E+06
  1.5624998E+04  1.6194822E+06
  1.5674997E+04  1.5459965E+06
  1.5724994E+04  1.4964779E+06
  1.5774996E+04  1.5580986E+06
  1.5825001E+04  1.5458602E+06
  1.5874995E+04  1.3953961E+06
  1.5925002E+04  1.4918948E+06
  1.5975001E+04  1.5273000E+06
  1.6049998E+04  1.4688939E+06
  1.6150001E+04  1.3791166E+06
  1.6249997E+04  1.4482246E+06
  1.6350000E+04  1.3735858E+06
  1.6449996E+04  1.2852664E+06
  1.6549998E+04  1.3595554E+06
  1.6649994E+04  1.3343592E+06
  1.6749998E+04  1.2599016E+06
  1.6849998E+04  1.1761395E+06
  1.6950000E+04  1.2515611E+06
  1.7049996E+04  1.2208408E+06
  1.7150000E+04  1.2022384E+06
  1.7249992E+04  1.1587909E+06
  1.7349994E+04  1.0326475E+06
  1.7449992E+04  1.0978872E+06
  1.7550000E+04  1.0970425E+06
  1.7649998E+04  1.0754681E+06
  1.7749994E+04  1.0572864E+06
  1.7849994E+04  1.0350092E+06
  1.7949998E+04  1.0185629E+06
  1.8050002E+04  9.8659794E+05
  1.8150002E+04  8.8870425E+05
  1.8249994E+04  9.2931600E+05
  1.8349992E+04  9.3513581E+05
  1.8449992E+04  9.1701350E+05
  1.8549998E+04  8.9701450E+05
  1.8650002E+04  8.7352412E+05
  1.8750002E+04  7.8020756E+05
  1.8850000E+04  8.3644700E+05
  1.8950004E+04  8.2218675E+05
  1.9049996E+04  8.1994181E+05
  1.9149998E+04  8.0314119E+05
  1.9249992E+04  7.8638075E+05
  1.9350000E+04  7.6289888E+05
  1.9449992E+04  6.8434944E+05
  1.9550002E+04  7.3580719E+05
  1.9649992E+04  7.2921600E+05
  1.9749992E+04  7.1508944E+05
  1.9849992E+04  7.0442244E+05
  1.9950002E+04  6.9168869E+05
  2.0050002E+04  6.7995188E+05
  2.0149996E+04  6.6853438E+05
  2.0249994E+04  6.5444200E+05
  2.0349994E+04  6.4105756E+05
  2.0449996E+04  6.3303769E+05
  2.0550000E+04  6.2127125E+05
  2.0649992E+04  6.0814831E+05
  2.0749998E+04  5.9822300E+05
  2.0849992E+04  5.8810512E+05
  2.0950004E+04  5.7688981E+05
  2.1050002E+04  5.6741731E+05
  2.1149992E+04  5.5608531E+05
  2.1250000E+04  5.4648344E+05
  2.1350002E+04  5.3730144E+05
  2.1449996E+04  5.2913481E+05
  2.1550006E+04  5.1591997E+05
  2.1649994E+04  4.6470916E+05
  2.1750002E+04  4.9470522E+05
  2.1849998E+04  4.9242866E+05
  2.1950002E+04  4.8688059E+05
  2.2050000E+04  4.7665544E+05
  2.2149996E+04  4.6885997E+05
  2.2249998E+04  4.6279047E+05
  2.2350004E+04  4.5506825E+05
  2.2449990E+04  4.4748825E+05
  2.2549994E+04  4.3804556E+05
  2.2650000E+04  4.3227662E+05
  2.2750000E+04  4.2562416E+05
  2.2850000E+04  4.1961241E+05
  2.2950004E+04  4.1710075E+05
  2.3050000E+04  4.1110006E+05
  2.3149996E+04  4.0276209E+05
  2.3250000E+04  3.9601528E+05
  2.3349996E+04  3.8840191E+05
  2.3449994E+04  3.8190391E+05
  2.3550002E+04  3.7508059E+05
  2.3649988E+04  3.6886462E+05
  2.3750000E+04  3.6190409E+05
  2.3849990E+04  3.5573003E+05
  2.3950002E+04  3.5004612E+05
  2.4050006E+04  3.4410591E+05
  2.4149992E+04  3.3818769E+05
  2.4249990E+04  3.3359778E+05
  2.4349990E+04  3.2758478E+05
  2.4450002E+04  3.2228872E+05
  2.4549990E+04  3.1800612E+05
  2.4649992E+04  3.1262244E+05
  2.4749992E+04  3.0796722E+05
  2.4850006E+04  3.0479778E+05
  2.4950000E+04  2.9499438E+05
  2.5050006E+04  2.9967403E+05
  2.5149994E+04  2.9311481E+05
  2.5249998E+04  2.8103600E+05
  2.5350004E+04  2.8353050E+05
  2.5449988E+04  2.8104538E+05
  2.5549998E+04  2.7453853E+05
  2.5649990E+04  2.6191203E+05
  2.5749990E+04  2.6767131E+05
  2.5849994E+04  2.6433578E+05
  2.5949990E+04  2.6139062E+05
  2.6049996E+04  2.5412461E+05
  2.6149998E+04  2.4151333E+05
  2.6249988E+04  2.2915228E+05
  2.6350008E+04  2.4357973E+05
  2.6449996E+04  2.4285091E+05
  2.6549994E+04  2.3951252E+05
  2.6649994E+04  2.3375602E+05
  2.6749988E+04  2.2011836E+05
  2.6849986E+04  2.2820689E+05
  2.6949986E+04  2.2722189E+05
  2.7050002E+04  2.2436567E+05
  2.7149998E+04  2.2138717E+05
  2.7249994E+04  2.1826870E+05
  2.7350006E+04  2.1510897E+05
  2.7450004E+04  2.1115972E+05
  2.7549996E+04  1.9716627E+05
  2.7649982E+04  2.0129641E+05
  2.7750004E+04  2.0299852E+05
  2.7850000E+04  2.0093623E+05
  2.7949992E+04  1.9841605E+05
  2.8049994E+04  1.9570144E+05
  2.8150002E+04  1.9309156E+05
  2.8250006E+04  1.9046650E+05
  2.8350000E+04  1.8802375E+05
  2.8450000E+04  1.8504728E+05
  2.8550002E+04  1.8240827E+05
  2.8650002E+04  1.7725425E+05
  2.8749982E+04  1.6595986E+05
  2.8849998E+04  1.7435258E+05
  2.8949986E+04  1.7317725E+05
  2.9049994E+04  1.7128161E+05
  2.9149986E+04  1.6865875E+05
  2.9249984E+04  1.6669291E+05
  2.9349980E+04  1.6469742E+05
  2.9450000E+04  1.6249034E+05
  2.9550004E+04  1.6048206E+05
  2.9649982E+04  1.5845884E+05
  2.9749992E+04  1.5639922E+05
  2.9849994E+04  1.5443556E+05
  2.9949984E+04  1.5236872E+05
  3.0049996E+04  1.5040078E+05
  3.0149994E+04  1.4841012E+05
  3.0249994E+04  1.4594427E+05
  3.0349996E+04  1.3675106E+05
  3.0449996E+04  1.3841817E+05
  3.0549996E+04  1.4069831E+05
  3.0649996E+04  1.3940073E+05
  3.0749994E+04  1.3783020E+05
  3.0849996E+04  1.3581784E+05
  3.0949994E+04  1.3427302E+05
  3.1049996E+04  1.3267489E+05
  3.1149996E+04  1.3057810E+05
  3.1249996E+04  1.2935798E+05
  3.1349996E+04  1.2785555E+05
  3.1449996E+04  1.2628583E+05
  3.1549998E+04  1.2480529E+05
  3.1649996E+04  1.2346881E+05
  3.1749998E+04  1.2181402E+05
  3.1849996E+04  1.2054523E+05
  3.1949994E+04  1.1912017E+05
  3.2099996E+04  1.1695284E+05
  3.2299992E+04  1.1427766E+05
  3.2499994E+04  1.1157008E+05
  3.2699996E+04  1.0882837E+05
  3.2899996E+04  1.0179774E+05
  3.3099996E+04  1.0316052E+05
  3.3299992E+04  1.0182318E+05
  3.3499996E+04  9.9657609E+04
  3.3699996E+04  9.7002086E+04
  3.3899996E+04  9.4792203E+04
  3.4099996E+04  9.2620852E+04
  3.4299996E+04  9.0660078E+04
  3.4499992E+04  8.8770078E+04
  3.4699996E+04  8.6717227E+04
  3.4899996E+04  8.4823023E+04
  3.5099996E+04  8.2978461E+04
  3.5299996E+04  8.1142930E+04
  3.5499996E+04  7.9388227E+04
  3.5699992E+04  7.7581930E+04
  3.5899992E+04  7.6088516E+04
  3.6099996E+04  7.4302461E+04
  3.6299992E+04  7.2999930E+04
  3.6499992E+04  7.1093633E+04
  3.6699992E+04  6.9985227E+04
  3.6899992E+04  6.7823094E+04
  3.7099996E+04  6.6904938E+04
  3.7299996E+04  6.4483477E+04
  3.7499992E+04  6.2080266E+04
  3.7699996E+04  6.3005758E+04
  3.7899996E+04  6.1896684E+04
  3.8099992E+04  6.0096262E+04
  3.8299996E+04  5.9079879E+04
  3.8499996E+04  5.8414277E+04
  3.8699996E+04  5.7153023E+04
  3.8899992E+04  5.5869766E+04
  3.9099996E+04  5.4003473E+04
  3.9299992E+04  5.3894293E+04
  3.9499992E+04  5.2886312E+04
  3.9699992E+04  5.1900633E+04
  3.9900000E+04  5.0733219E+04
  4.0099996E+04  4.9277223E+04
  4.0299992E+04  4.8158395E+04
  4.0499996E+04  4.6342590E+04
  4.0699992E+04  4.7007211E+04
  4.0899992E+04  4.6188277E+04
  4.1099996E+04  4.5423141E+04
  4.1299996E+04  4.4584504E+04
  4.1499992E+04  4.3617707E+04
  4.1699992E+04  4.1781246E+04
  4.1899996E+04  4.2001336E+04
  4.2099996E+04  4.1278012E+04
  4.2299992E+04  4.0659113E+04
  4.2499996E+04  3.9895637E+04
  4.2699992E+04  3.9202527E+04
  4.2899992E+04  3.8502145E+04
  4.3099996E+04  3.7811012E+04
  4.3299996E+04  3.7118926E+04
  4.3499992E+04  3.6437945E+04
  4.3699996E+04  3.4836699E+04
  4.3899996E+04  3.4932469E+04
  4.4099992E+04  3.4536922E+04
  4.4299992E+04  3.3974305E+04
  4.4499996E+04  3.3389938E+04
  4.4699996E+04  3.2884414E+04
  4.4899996E+04  3.2317408E+04
  4.5099992E+04  3.1777674E+04
  4.5299992E+04  3.1233334E+04
  4.5499996E+04  3.0704590E+04
  4.5699992E+04  3.0173068E+04
  4.5899996E+04  2.9662135E+04
  4.6099996E+04  2.9178416E+04
  4.6299992E+04  2.8647459E+04
  4.6499988E+04  2.7154061E+04
  4.6699992E+04  2.6757865E+04
  4.6899992E+04  2.7174123E+04
  4.7099992E+04  2.6840248E+04
  4.7299992E+04  2.6415051E+04
  4.7499996E+04  2.5969328E+04
  4.7699992E+04  2.5554979E+04
  4.7899992E+04  2.5154842E+04
  4.8099996E+04  2.4747424E+04
  4.8299992E+04  2.4352348E+04
  4.8499992E+04  2.3961332E+04
  4.8700000E+04  2.3582250E+04
  4.8899992E+04  2.3211719E+04
  4.9099988E+04  2.2833924E+04
  4.9299988E+04  2.2484734E+04
  4.9499996E+04  2.2131193E+04
  4.9699992E+04  2.1788717E+04
  4.9899988E+04  2.1449498E+04
  5.0099996E+04  2.1119480E+04
  5.0299996E+04  2.0792543E+04
  5.0499996E+04  2.0477496E+04
  5.0699996E+04  2.0168230E+04
  5.0899992E+04  1.9855918E+04
  5.1099992E+04  1.9491594E+04
  5.1299996E+04  1.8598377E+04
  5.1499988E+04  1.8937152E+04
  5.1699996E+04  1.8689436E+04
  5.1899992E+04  1.8412805E+04
  5.2099992E+04  1.8131533E+04
  5.2299996E+04  1.7865031E+04
  5.2499996E+04  1.7606162E+04
  5.2699996E+04  1.7347986E+04
  5.2899992E+04  1.7094553E+04
  5.3099988E+04  1.6843105E+04
  5.3299988E+04  1.6598914E+04
  5.3499992E+04  1.6357897E+04
  5.3699992E+04  1.6114779E+04
  5.3899992E+04  1.5887781E+04
  5.4099992E+04  1.5663694E+04
  5.4299984E+04  1.5432252E+04
  5.4499988E+04  1.5217725E+04
  5.4699996E+04  1.4987027E+04
  5.4899992E+04  1.4789288E+04
  5.5099992E+04  1.4582850E+04
  5.5299988E+04  1.4375310E+04
  5.5499988E+04  1.4176492E+04
  5.5699992E+04  1.3975295E+04
  5.5899992E+04  1.3768171E+04
  5.6099988E+04  1.3592372E+04
  5.6299996E+04  1.3404452E+04
  5.6499988E+04  1.3224754E+04
  5.6699988E+04  1.3041391E+04
  5.6899992E+04  1.2863762E+04
  5.7099996E+04  1.2690609E+04
  5.7299988E+04  1.2517269E+04
  5.7499988E+04  1.2349441E+04
  5.7699988E+04  1.2180242E+04
  5.7899996E+04  1.2014202E+04
  5.8099988E+04  1.1856858E+04
  5.8299996E+04  1.1700273E+04
  5.8499992E+04  1.1554359E+04
  5.8699988E+04  1.1395946E+04
  5.8899988E+04  1.1197062E+04
  5.9099992E+04  1.0724805E+04
  5.9299988E+04  1.0936167E+04
  5.9499996E+04  1.0790404E+04
  5.9699988E+04  1.0671723E+04
  5.9899992E+04  1.0532328E+04
  6.0099992E+04  1.0392048E+04
  6.0299992E+04  1.0263755E+04
  6.0499988E+04  1.0132400E+04
  6.0699992E+04  9.9996865E+03
  6.0899992E+04  9.8688008E+03
  6.1099988E+04  9.7354766E+03
  6.1299992E+04  9.6229268E+03
  6.1499988E+04  9.5020732E+03
  6.1699988E+04  9.3822822E+03
  6.1899996E+04  9.2628545E+03
  6.2099996E+04  9.1483838E+03
  6.2299988E+04  9.0239336E+03
  6.2499992E+04  8.9187256E+03
  6.2699988E+04  8.8060508E+03
  6.2899996E+04  8.7011943E+03
  6.3099984E+04  8.5868008E+03
  6.3299996E+04  8.4864570E+03
  6.3499984E+04  8.3823535E+03
  6.3699984E+04  8.2805928E+03
  6.3900000E+04  8.1786440E+03
  6.4199992E+04  8.0319165E+03
  6.4599984E+04  7.8372480E+03
  6.4999992E+04  7.6487974E+03
  6.5399992E+04  7.4699941E+03
  6.5799992E+04  7.2934805E+03
  6.6199984E+04  7.1212788E+03
  6.6599984E+04  6.9560703E+03
  6.6999992E+04  6.7943721E+03
  6.7399992E+04  6.6367578E+03
  6.7799992E+04  6.4856567E+03
  6.8199992E+04  6.3379585E+03
  6.8599992E+04  6.1937334E+03
  6.8999984E+04  6.0524980E+03
  6.9399984E+04  5.9166777E+03
  6.9800000E+04  5.7856499E+03
  7.0199992E+04  5.6564546E+03
  7.0599984E+04  5.5321509E+03
  7.0999977E+04  5.4130459E+03
  7.1399977E+04  5.2941118E+03
  7.1799984E+04  5.1788711E+03
  7.2199984E+04  5.0640479E+03
  7.2600000E+04  4.9579351E+03
  7.2999984E+04  4.8538418E+03
  7.3400000E+04  4.7497544E+03
  7.3799984E+04  4.6503350E+03
  7.4199992E+04  4.5505845E+03
  7.4599992E+04  4.3822310E+03
  7.5000000E+04  4.2847773E+03
  7.5399992E+04  4.2723711E+03
  7.5799992E+04  4.1862871E+03
  7.6199984E+04  4.1011885E+03
  7.6599992E+04  4.0178245E+03
  7.6999992E+04  3.9359680E+03
  7.7399992E+04  3.8572825E+03
  7.7799984E+04  3.7800657E+03
  7.8199984E+04  3.7046541E+03
  7.8599984E+04  3.6311262E+03
  7.8999984E+04  3.5593772E+03
  7.9399984E+04  3.4892437E+03
  7.9800000E+04  3.4209841E+03
  8.0199992E+04  3.3538525E+03
  8.0599984E+04  3.2888674E+03
  8.0999992E+04  3.2260317E+03
  8.1399977E+04  3.1632478E+03
  8.1799984E+04  3.1030527E+03
  8.2199984E+04  3.0446023E+03
  8.2599992E+04  2.9868589E+03
  8.2999984E+04  2.9306331E+03
  8.3400000E+04  2.8744229E+03
  8.3799992E+04  2.8205464E+03
  8.4199992E+04  2.7689424E+03
  8.4599977E+04  2.7184509E+03
  8.4999977E+04  2.6686270E+03
  8.5399984E+04  2.6195110E+03
  8.5799984E+04  2.5716545E+03
  8.6199992E+04  2.5248242E+03
  8.6599992E+04  2.4796521E+03
  8.6999984E+04  2.4351028E+03
  8.7399992E+04  2.3913118E+03
  8.7799992E+04  2.3488516E+03
  8.8199984E+04  2.3065295E+03
  8.8599977E+04  2.2660259E+03
  8.8999992E+04  2.2260593E+03
  8.9399977E+04  2.1872827E+03
  8.9799977E+04  2.1486392E+03
  9.0199984E+04  2.1117048E+03
  9.0599984E+04  2.0755212E+03
  9.0999992E+04  2.0391627E+03
  9.1400000E+04  2.0043971E+03
  9.1799969E+04  1.9704731E+03
  9.2199969E+04  1.9370597E+03
  9.2599984E+04  1.9042362E+03
  9.3000000E+04  1.8721659E+03
  9.3399984E+04  1.8406611E+03
  9.3799984E+04  1.8098812E+03
  9.4199977E+04  1.7797692E+03
  9.4599984E+04  1.7502264E+03
  9.4999969E+04  1.7212848E+03
  9.5399984E+04  1.6926407E+03
  9.5799984E+04  1.6654000E+03
  9.6199992E+04  1.6380231E+03
  9.6599984E+04  1.6116071E+03
  9.7000000E+04  1.5855299E+03
  9.7399977E+04  1.5595488E+03
  9.7799984E+04  1.5347651E+03
  9.8199977E+04  1.5101769E+03
  9.8599977E+04  1.4862849E+03
  9.8999992E+04  1.4628052E+03
  9.9399984E+04  1.4395792E+03
  9.9799977E+04  1.4168667E+03
  1.0019999E+05  1.3946573E+03
  1.9999991E+05  8.9717171E+01
  3.9999994E+05  5.6008444E+00
  5.9999981E+05  1.0982821E+00
  7.9999994E+05  3.4504044E-01
