  5.0599994E+02  1.2639089E-16
  5.1199994E+02  2.6277789E-16
  5.2000000E+02  5.9470591E-16
  5.2999994E+02  1.5874022E-15
  5.3999994E+02  4.0378658E-15
  5.4999988E+02  9.9732785E-15
  5.5999988E+02  2.3757253E-14
  5.6999988E+02  5.4819373E-14
  5.7999994E+02  1.2204629E-13
  5.8999988E+02  2.6752277E-13
  5.9999988E+02  5.6776827E-13
  6.0999988E+02  1.1772784E-12
  6.1999994E+02  2.3847673E-12
  6.2999988E+02  4.7305688E-12
  6.3999994E+02  9.2049424E-12
  6.4999994E+02  1.7599009E-11
  6.5799994E+02  2.9195330E-11
  6.6499988E+02  4.5046116E-11
  6.7499994E+02  8.2784127E-11
  6.8499988E+02  1.5015533E-10
  6.9499994E+02  2.6873015E-10
  7.0499988E+02  4.7401560E-10
  7.1599988E+02  8.7853158E-10
  7.2599994E+02  1.5192948E-09
  7.3499982E+02  2.4668534E-09
  7.4499994E+02  4.1878612E-09
  7.5499982E+02  7.0479058E-09
  7.6499994E+02  1.1759208E-08
  7.7499994E+02  1.9444915E-08
  7.8499982E+02  3.1888970E-08
  7.9499982E+02  5.1639020E-08
  8.0500000E+02  8.3418726E-08
  8.1499976E+02  1.3347946E-07
  8.2500000E+02  2.1154059E-07
  8.3499994E+02  3.3242313E-07
  8.4499994E+02  5.1795820E-07
  8.5499988E+02  8.0033715E-07
  8.6499994E+02  1.2262800E-06
  8.7499982E+02  1.8624459E-06
  8.8499982E+02  2.8083330E-06
  8.9499988E+02  4.1983499E-06
  9.0499994E+02  6.2239551E-06
  9.1499982E+02  1.0794532E-03
  9.2499988E+02  2.6101524E-03
  9.3499982E+02  3.4821178E-03
  9.4500000E+02  4.6387906E-03
  9.5500000E+02  6.6760872E-03
  9.6499988E+02  8.9520263E-03
  9.7499982E+02  1.1443572E-02
  9.8499976E+02  1.5169120E-02
  9.9499988E+02  1.9034434E-02
  1.0049999E+03  2.6623555E-02
  1.0149997E+03  3.4460273E-02
  1.0249998E+03  3.7833784E-02
  1.0349998E+03  5.5770125E-02
  1.0449998E+03  7.1819156E-02
  1.0549999E+03  9.0843767E-02
  1.0649999E+03  1.1079866E-01
  1.0750000E+03  1.4112186E-01
  1.0849996E+03  1.7670438E-01
  1.0949999E+03  2.1301784E-01
  1.1049999E+03  2.5867550E+00
  1.1149999E+03  5.4423990E+00
  1.1249999E+03  7.7285910E+00
  1.1349996E+03  9.9445486E+00
  1.1449999E+03  1.2750058E+01
  1.1549999E+03  1.3626525E+01
  1.1650000E+03  1.8656712E+01
  1.1749995E+03  2.1803530E+01
  1.1849996E+03  2.1489403E+01
  1.1949998E+03  1.2100100E+01
  1.2049996E+03  1.2034499E+01
  1.2149998E+03  1.8299398E+00
  1.2249996E+03  1.5089914E+01
  1.2349996E+03  3.8386539E+01
  1.2449998E+03  1.1515453E+02
  1.2549996E+03  2.1224213E+02
  1.2650000E+03  2.1973630E+02
  1.2749998E+03  3.9118832E+02
  1.2849995E+03  6.0766486E+02
  1.2949998E+03  7.8636536E+02
  1.3049995E+03  5.9212402E+02
  1.3149998E+03  1.0969591E+03
  1.3249998E+03  1.3483104E+03
  1.3349996E+03  1.5389364E+03
  1.3449995E+03  2.0299167E+03
  1.3549996E+03  2.1233020E+03
  1.3649999E+03  2.4121755E+03
  1.3749999E+03  2.6390496E+03
  1.3849996E+03  2.8618940E+03
  1.3949999E+03  3.4039121E+03
  1.4050001E+03  3.8770171E+03
  1.4149998E+03  4.0256243E+03
  1.4249998E+03  4.6145811E+03
  1.4350000E+03  4.7424023E+03
  1.4419998E+03  5.7824487E+03
  1.4469999E+03  6.4415718E+03
  1.4549994E+03  7.1573145E+03
  1.4650000E+03  7.2000073E+03
  1.4749995E+03  8.0034990E+03
  1.4849996E+03  9.1503506E+03
  1.4949998E+03  1.0892101E+04
  1.5049996E+03  1.2323280E+04
  1.5119995E+03  1.2304525E+04
  1.5169994E+03  1.2929448E+04
  1.5250001E+03  1.9816500E+04
  1.5349994E+03  2.4064820E+04
  1.5449994E+03  3.4161320E+04
  1.5549998E+03  3.4854465E+04
  1.5649999E+03  3.1858633E+04
  1.5750001E+03  5.4053637E+04
  1.5850000E+03  6.6399242E+04
  1.5949996E+03  8.8901648E+04
  1.6049999E+03  7.7775031E+04
  1.6150000E+03  7.2386297E+04
  1.6249996E+03  6.1468586E+04
  1.6350000E+03  7.5856055E+04
  1.6449996E+03  1.0624168E+05
  1.6549999E+03  5.9886121E+04
  1.6649993E+03  1.0742552E+05
  1.6720000E+03  4.9768230E+04
  1.6770001E+03  8.6637106E+05
  1.6849998E+03  9.8087475E+05
  1.6950000E+03  7.9180112E+05
  1.7049995E+03  7.2430131E+05
  1.7150000E+03  1.2683441E+06
  1.7249993E+03  1.5020590E+06
  1.7349994E+03  1.9813939E+06
  1.7449993E+03  1.6339822E+06
  1.7550001E+03  2.3398842E+06
  1.7649998E+03  1.6629479E+06
  1.7749995E+03  2.3142378E+06
  1.7849995E+03  1.9722118E+06
  1.7949999E+03  3.2624225E+06
  1.8050001E+03  3.0917765E+06
  1.8150001E+03  3.7052025E+06
  1.8249994E+03  3.1436055E+06
  1.8349993E+03  2.7304905E+06
  1.8449993E+03  2.4847172E+06
  1.8549998E+03  3.1863880E+06
  1.8650002E+03  3.9320445E+06
  1.8750001E+03  3.4243920E+06
  1.8850000E+03  3.6657312E+06
  1.8950002E+03  4.3370665E+06
  1.9049996E+03  3.9314315E+06
  1.9149999E+03  4.0634745E+06
  1.9249993E+03  3.5523870E+06
  1.9350001E+03  1.8385759E+06
  1.9449993E+03  4.5725535E+06
  1.9550002E+03  4.7465865E+06
  1.9670002E+03  5.5311960E+06
  1.9759990E+03  5.2484990E+06
  1.9839996E+03  5.4736645E+06
  1.9950001E+03  5.3510890E+06
  2.0050002E+03  4.7784805E+06
  2.0149996E+03  4.3735740E+06
  2.0249994E+03  4.0732432E+06
  2.0349995E+03  5.0930360E+06
  2.0449998E+03  5.7669010E+06
  2.0550000E+03  5.1363135E+06
  2.0649993E+03  4.7248200E+06
  2.0739993E+03  6.2813165E+06
  2.0780002E+03  7.4901045E+06
  2.0849993E+03  7.3185775E+06
  2.0950005E+03  6.7560030E+06
  2.1050002E+03  5.9466675E+06
  2.1149990E+03  6.2388225E+06
  2.1250000E+03  6.1499515E+06
  2.1350002E+03  4.7760400E+06
  2.1449998E+03  6.0539800E+06
  2.1550005E+03  6.2658675E+06
  2.1649995E+03  5.3587260E+06
  2.1750002E+03  5.5381185E+06
  2.1849998E+03  6.0450420E+06
  2.1950000E+03  6.7983615E+06
  2.2050000E+03  6.1515950E+06
  2.2149998E+03  4.8338795E+06
  2.2249998E+03  4.6795760E+06
  2.2350005E+03  6.4804185E+06
  2.2449990E+03  5.8885970E+06
  2.2549993E+03  4.4617295E+06
  2.2650000E+03  4.5304380E+06
  2.2750000E+03  5.4278670E+06
  2.2850000E+03  6.1528000E+06
  2.2950002E+03  5.3761615E+06
  2.3050000E+03  5.9216930E+06
  2.3149995E+03  5.1626935E+06
  2.3250000E+03  2.3761055E+06
  2.3349995E+03  2.8717465E+06
  2.3449993E+03  2.0700025E+06
  2.3550000E+03  4.1521280E+06
  2.3649988E+03  2.0822896E+06
  2.3750000E+03  3.0512660E+06
  2.3849990E+03  1.4864084E+06
  2.3950000E+03  2.1107730E+06
  2.4050005E+03  2.0240834E+06
  2.4149993E+03  2.8371465E+06
  2.4249990E+03  5.1161095E+06
  2.4349990E+03  4.9657780E+06
  2.4450000E+03  5.6147985E+06
  2.4549990E+03  5.7246725E+06
  2.4649990E+03  5.3285700E+06
  2.4749993E+03  4.8242765E+06
  2.4850005E+03  4.6671685E+06
  2.4950000E+03  4.5236825E+06
  2.5050005E+03  6.5254080E+06
  2.5129988E+03  3.7984922E+06
  2.5179990E+03  3.4425960E+06
  2.5249998E+03  3.2325548E+06
  2.5350007E+03  3.6567478E+06
  2.5449988E+03  3.9180232E+06
  2.5550000E+03  5.1614180E+06
  2.5649990E+03  4.1295520E+06
  2.5749990E+03  4.9324685E+06
  2.5849993E+03  4.3798140E+06
  2.5949990E+03  3.7983122E+06
  2.6049995E+03  3.2408038E+06
  2.6149998E+03  2.9243508E+06
  2.6249990E+03  4.1551165E+06
  2.6350007E+03  5.7189035E+06
  2.6449995E+03  8.5066210E+06
  2.6549998E+03  9.2705190E+06
  2.6649995E+03  6.8713690E+06
  2.6749988E+03  7.9551975E+06
  2.6849988E+03  7.8516325E+06
  2.6949988E+03  7.0413570E+06
  2.7050000E+03  7.9068870E+06
  2.7150000E+03  6.4519500E+06
  2.7249995E+03  6.4701325E+06
  2.7350007E+03  7.0715860E+06
  2.7450002E+03  3.5967252E+06
  2.7549998E+03  4.6019360E+06
  2.7649983E+03  5.6500965E+06
  2.7750005E+03  6.8486435E+06
  2.7850000E+03  4.8428895E+06
  2.7949993E+03  1.6881568E+06
  2.8049995E+03  2.2148082E+06
  2.8150002E+03  6.4172095E+06
  2.8250007E+03  8.7722780E+06
  2.8350000E+03  8.4372330E+06
  2.8450002E+03  8.1313370E+06
  2.8550005E+03  7.1001755E+06
  2.8650000E+03  9.1197360E+06
  2.8749983E+03  8.9880490E+06
  2.8850000E+03  9.0009730E+06
  2.8949988E+03  8.5977290E+06
  2.9099988E+03  1.0595833E+07
  2.9299983E+03  9.8772450E+06
  2.9499990E+03  9.7498260E+06
  2.9700005E+03  1.0450495E+07
  2.9899980E+03  1.0782718E+07
  3.0099995E+03  1.1317670E+07
  3.0299995E+03  1.1059603E+07
  3.0499995E+03  1.1205406E+07
  3.0699995E+03  1.1402045E+07
  3.0899995E+03  1.1941858E+07
  3.1099995E+03  1.1461963E+07
  3.1299998E+03  1.1357867E+07
  3.1499995E+03  1.1918396E+07
  3.1699995E+03  1.1883577E+07
  3.1899995E+03  1.0843928E+07
  3.2099998E+03  1.1587062E+07
  3.2299993E+03  1.0725787E+07
  3.2499993E+03  1.1642081E+07
  3.2699995E+03  1.2183254E+07
  3.2899995E+03  1.2154613E+07
  3.3099998E+03  1.2638117E+07
  3.3299993E+03  1.2344416E+07
  3.3499995E+03  1.2274333E+07
  3.3699995E+03  1.1964872E+07
  3.3899993E+03  1.2211596E+07
  3.4099993E+03  1.2309815E+07
  3.4299995E+03  1.2497782E+07
  3.4499993E+03  1.2528653E+07
  3.4699998E+03  1.2334583E+07
  3.4899993E+03  1.2328476E+07
  3.5099995E+03  1.2812491E+07
  3.5299995E+03  1.2671346E+07
  3.5499995E+03  1.3444911E+07
  3.5699995E+03  1.2473229E+07
  3.5899995E+03  1.2405379E+07
  3.6099995E+03  1.2604216E+07
  3.6299993E+03  1.2791356E+07
  3.6399993E+03  1.2753868E+07
  3.6499995E+03  1.3438817E+07
  3.6699993E+03  1.2383142E+07
  3.6899995E+03  1.3700468E+07
  3.7099995E+03  1.8282264E+07
  3.7299998E+03  1.8919376E+07
  3.7499993E+03  2.3527704E+07
  3.7699993E+03  2.5221128E+07
  3.7899995E+03  3.0227088E+07
  3.8099993E+03  3.4984348E+07
  3.8299998E+03  2.7952764E+07
  3.8499995E+03  3.7651704E+07
  3.8699995E+03  4.1391364E+07
  3.8899995E+03  2.6584258E+07
  3.9099995E+03  3.8833716E+07
  3.9299993E+03  2.2678042E+07
  3.9499993E+03  3.4385880E+07
  3.9699998E+03  1.9614814E+07
  3.9899995E+03  3.9215964E+07
  4.0099995E+03  4.2712552E+07
  4.0299993E+03  4.2568024E+07
  4.0499993E+03  4.1882208E+07
  4.0699993E+03  4.0912124E+07
  4.0899995E+03  3.6483976E+07
  4.1099995E+03  2.9231656E+07
  4.1299995E+03  3.9933016E+07
  4.1499990E+03  4.2053684E+07
  4.1699990E+03  4.1092300E+07
  4.1899995E+03  4.1057148E+07
  4.2099995E+03  4.0787016E+07
  4.2299995E+03  3.9736896E+07
  4.2499995E+03  4.0129244E+07
  4.2699990E+03  3.8551668E+07
  4.2899995E+03  3.8950436E+07
  4.3100000E+03  3.6070936E+07
  4.3299995E+03  3.1828280E+07
  4.3499995E+03  2.7602206E+07
  4.3699995E+03  3.8040436E+07
  4.3899995E+03  3.7761080E+07
  4.4099995E+03  3.7072608E+07
  4.4299995E+03  3.6606168E+07
  4.4499995E+03  3.6934204E+07
  4.4699995E+03  3.7004156E+07
  4.4899995E+03  3.6615432E+07
  4.5099990E+03  3.8202848E+07
  4.5299995E+03  3.5967988E+07
  4.5499990E+03  3.5559680E+07
  4.5699995E+03  3.7224328E+07
  4.5899990E+03  3.5226924E+07
  4.6099990E+03  3.6217764E+07
  4.6299990E+03  3.5007512E+07
  4.6499990E+03  3.5360388E+07
  4.6699990E+03  3.5408832E+07
  4.6899990E+03  3.4352168E+07
  4.7099995E+03  3.2933426E+07
  4.7299990E+03  3.4362972E+07
  4.7499995E+03  3.4428184E+07
  4.7699995E+03  3.3754292E+07
  4.7899990E+03  3.3540338E+07
  4.8099995E+03  3.2981914E+07
  4.8299995E+03  3.2279780E+07
  4.8499990E+03  2.6916260E+07
  4.8700000E+03  2.1860360E+07
  4.8899990E+03  3.0413294E+07
  4.9099990E+03  3.1067700E+07
  4.9299990E+03  3.0450332E+07
  4.9499995E+03  3.1202616E+07
  4.9699995E+03  3.1351594E+07
  4.9899990E+03  2.9660430E+07
  5.0099995E+03  2.8463496E+07
  5.0299995E+03  2.9546436E+07
  5.0499995E+03  2.9086850E+07
  5.0699995E+03  2.9729858E+07
  5.0899995E+03  2.9138972E+07
  5.1099990E+03  2.9127744E+07
  5.1299995E+03  2.8315574E+07
  5.1499985E+03  2.7633022E+07
  5.1700000E+03  2.7281500E+07
  5.1899990E+03  2.7018504E+07
  5.2099990E+03  2.7004382E+07
  5.2299995E+03  2.6969026E+07
  5.2499995E+03  2.7269664E+07
  5.2699995E+03  2.5427168E+07
  5.2899990E+03  2.6728248E+07
  5.3099995E+03  2.6366946E+07
  5.3299990E+03  2.5466608E+07
  5.3499995E+03  2.6212384E+07
  5.3699995E+03  2.5923434E+07
  5.3899995E+03  2.5590062E+07
  5.4099990E+03  2.5000898E+07
  5.4299990E+03  2.5147998E+07
  5.4499990E+03  2.5429248E+07
  5.4699995E+03  2.4960334E+07
  5.4899995E+03  2.4990044E+07
  5.5099995E+03  2.4642682E+07
  5.5299985E+03  2.4468460E+07
  5.5499990E+03  2.4461204E+07
  5.5699990E+03  2.4001710E+07
  5.5899995E+03  2.3836296E+07
  5.6099990E+03  2.3835430E+07
  5.6299995E+03  2.3773352E+07
  5.6499990E+03  2.3487330E+07
  5.6699990E+03  2.3054750E+07
  5.6899995E+03  2.3169896E+07
  5.7099995E+03  2.2911966E+07
  5.7299990E+03  2.3214718E+07
  5.7499990E+03  2.2750412E+07
  5.7699990E+03  2.2689150E+07
  5.7899995E+03  2.2388828E+07
  5.8099985E+03  2.2294110E+07
  5.8300000E+03  2.2205688E+07
  5.8499990E+03  2.1914316E+07
  5.8699985E+03  2.1788202E+07
  5.8899985E+03  2.1257152E+07
  5.9099995E+03  2.1417678E+07
  5.9299985E+03  2.1248820E+07
  5.9499995E+03  2.1099816E+07
  5.9699990E+03  2.0971370E+07
  5.9899990E+03  2.0675118E+07
  6.0099990E+03  2.0357302E+07
  6.0299995E+03  2.0357170E+07
  6.0499990E+03  2.0282502E+07
  6.0699990E+03  2.0225754E+07
  6.0899995E+03  1.9896058E+07
  6.1099985E+03  1.9651994E+07
  6.1299995E+03  1.9258280E+07
  6.1499985E+03  1.8949962E+07
  6.1699985E+03  1.8964864E+07
  6.1900000E+03  1.9191546E+07
  6.2099995E+03  1.9059340E+07
  6.2299985E+03  1.8718776E+07
  6.2499990E+03  1.8070654E+07
  6.2699985E+03  1.8647444E+07
  6.2900000E+03  1.8515708E+07
  6.3099985E+03  1.8087236E+07
  6.3299995E+03  1.8075600E+07
  6.3499985E+03  1.7865690E+07
  6.3699985E+03  1.7759248E+07
  6.3899995E+03  1.7699918E+07
  6.4099990E+03  1.7343912E+07
  6.4299985E+03  1.7361022E+07
  6.4499985E+03  1.7072412E+07
  6.4699990E+03  1.7132618E+07
  6.4899990E+03  1.6739182E+07
  6.5099985E+03  1.6768944E+07
  6.5299990E+03  1.6515299E+07
  6.5499985E+03  1.4889314E+07
  6.5699985E+03  1.1967514E+07
  6.5899995E+03  1.5751826E+07
  6.6099985E+03  1.6183486E+07
  6.6299990E+03  1.6190553E+07
  6.6499985E+03  1.6080537E+07
  6.6699995E+03  1.5928354E+07
  6.6899990E+03  1.5908175E+07
  6.7099995E+03  1.5752401E+07
  6.7299990E+03  1.5656422E+07
  6.7499995E+03  1.5456289E+07
  6.7699985E+03  1.5471962E+07
  6.7899995E+03  1.5324563E+07
  6.8099995E+03  1.5215999E+07
  6.8300000E+03  1.5067253E+07
  6.8499985E+03  1.4924006E+07
  6.8699985E+03  1.4895507E+07
  6.8899985E+03  1.4803601E+07
  6.9099990E+03  1.4679368E+07
  6.9299995E+03  1.4566519E+07
  6.9499990E+03  1.4467986E+07
  6.9699985E+03  1.4342428E+07
  6.9899985E+03  1.4275892E+07
  7.0099985E+03  1.3992151E+07
  7.0299985E+03  1.3995740E+07
  7.0499990E+03  1.3939181E+07
  7.0699980E+03  1.3849128E+07
  7.0899990E+03  1.3750866E+07
  7.1099990E+03  1.3349436E+07
  7.1299995E+03  1.3425084E+07
  7.1499990E+03  1.3383246E+07
  7.1699995E+03  1.3267649E+07
  7.1899985E+03  1.3115967E+07
  7.2099985E+03  1.3083162E+07
  7.2299980E+03  1.2964755E+07
  7.2499990E+03  1.2893321E+07
  7.2699995E+03  1.2870235E+07
  7.2899990E+03  1.2654392E+07
  7.3099980E+03  1.2602871E+07
  7.3299980E+03  1.2550317E+07
  7.3499980E+03  1.2505820E+07
  7.3699985E+03  1.2453988E+07
  7.3899995E+03  1.2256288E+07
  7.4099985E+03  1.2056426E+07
  7.4299995E+03  1.2008666E+07
  7.4500000E+03  1.1969388E+07
  7.4700000E+03  1.1855421E+07
  7.4899990E+03  1.1805626E+07
  7.5099985E+03  1.1776899E+07
  7.5299995E+03  1.1721727E+07
  7.5499980E+03  1.1717872E+07
  7.5699985E+03  1.1591608E+07
  7.5899990E+03  1.1517518E+07
  7.6099980E+03  1.1442099E+07
  7.6299995E+03  1.1375718E+07
  7.6499995E+03  1.1258378E+07
  7.6699980E+03  1.1085116E+07
  7.6899990E+03  1.1100154E+07
  7.7099995E+03  1.0983699E+07
  7.7299985E+03  1.0978638E+07
  7.7499990E+03  1.0864968E+07
  7.7700000E+03  1.0614411E+07
  7.7900000E+03  1.0797128E+07
  7.8099995E+03  1.0700520E+07
  7.8299980E+03  1.0556830E+07
  7.8499980E+03  1.0443193E+07
  7.8699995E+03  1.0438838E+07
  7.8900000E+03  1.0341199E+07
  7.9099995E+03  1.0252846E+07
  7.9300000E+03  1.0169441E+07
  7.9499985E+03  1.0090327E+07
  7.9699990E+03  1.0158365E+07
  7.9900000E+03  9.9919060E+06
  8.0099980E+03  9.9684990E+06
  8.0299985E+03  9.8873550E+06
  8.0500000E+03  9.8406080E+06
  8.0699985E+03  9.7855320E+06
  8.0899990E+03  9.6986410E+06
  8.1099995E+03  9.6972590E+06
  8.1299976E+03  9.6473320E+06
  8.1499976E+03  9.5762190E+06
  8.1699980E+03  9.5147160E+06
  8.1899985E+03  9.2677930E+06
  8.2099990E+03  9.2651700E+06
  8.2300000E+03  9.2090670E+06
  8.2500000E+03  9.1711130E+06
  8.2700000E+03  9.2210010E+06
  8.2899980E+03  9.0987260E+06
  8.3099990E+03  8.9415070E+06
  8.3299980E+03  8.7134850E+06
  8.3500000E+03  8.7187980E+06
  8.3699990E+03  8.5599530E+06
  8.3899990E+03  8.4774460E+06
  8.4099971E+03  8.4536900E+06
  8.4300000E+03  8.5615230E+06
  8.4499990E+03  8.4524550E+06
  8.4699980E+03  8.0838560E+06
  8.4899980E+03  8.8193500E+06
  8.5099990E+03  7.7557395E+06
  8.5299990E+03  8.9646460E+06
  8.5499990E+03  7.3396025E+06
  8.5699990E+03  9.0960820E+06
  8.5900000E+03  8.2935470E+06
  8.6099980E+03  7.9974135E+06
  8.6299990E+03  9.0560340E+06
  8.6499990E+03  8.7277110E+06
  8.6699990E+03  6.9869805E+06
  8.6899990E+03  8.5911760E+06
  8.7099971E+03  8.9485460E+06
  8.7299990E+03  8.6767410E+06
  8.7499980E+03  7.1235480E+06
  8.7699980E+03  8.4121330E+06
  8.7899980E+03  8.7937130E+06
  8.8099990E+03  8.7407250E+06
  8.8299980E+03  8.4924410E+06
  8.8499980E+03  7.9615530E+06
  8.8699980E+03  6.8995455E+06
  8.8899990E+03  8.3281400E+06
  8.9099971E+03  8.4829890E+06
  8.9299980E+03  8.4256630E+06
  8.9499980E+03  8.4576550E+06
  8.9699990E+03  8.3511515E+06
  8.9899990E+03  8.1396995E+06
  9.0099980E+03  6.7754345E+06
  9.0299990E+03  7.4255420E+06
  9.0499990E+03  8.0983645E+06
  9.0699980E+03  7.9340060E+06
  9.0899990E+03  7.8011030E+06
  9.1099980E+03  7.9711615E+06
  9.1299980E+03  8.0113015E+06
  9.1499980E+03  8.0046660E+06
  9.1699980E+03  7.9039285E+06
  9.1899990E+03  7.7741035E+06
  9.2099990E+03  7.4001690E+06
  9.2299980E+03  6.0728965E+06
  9.2499980E+03  7.1509405E+06
  9.2699971E+03  7.4037655E+06
  9.2899990E+03  7.6312105E+06
  9.3099980E+03  7.6219310E+06
  9.3299990E+03  7.5620225E+06
  9.3499980E+03  7.5378960E+06
  9.3699990E+03  7.5104695E+06
  9.3900000E+03  7.4067265E+06
  9.4099980E+03  7.1255360E+06
  9.4299971E+03  7.2864120E+06
  9.4499990E+03  7.2412570E+06
  9.4700000E+03  7.2438875E+06
  9.4899980E+03  7.2012590E+06
  9.5100000E+03  7.0664430E+06
  9.5300000E+03  6.7066270E+06
  9.5500000E+03  5.5905310E+06
  9.5699990E+03  6.6967530E+06
  9.5899980E+03  6.9236445E+06
  9.6099980E+03  6.8687475E+06
  9.6299990E+03  6.7602165E+06
  9.6499990E+03  6.8281040E+06
  9.6699980E+03  6.7209235E+06
  9.6899980E+03  6.7088570E+06
  9.7100000E+03  6.7747455E+06
  9.7299990E+03  6.7210595E+06
  9.7499980E+03  6.6186145E+06
  9.7699961E+03  6.6460130E+06
  9.7899980E+03  6.6059125E+06
  9.8099980E+03  6.5645200E+06
  9.8299990E+03  6.5214595E+06
  9.8499980E+03  6.4266640E+06
  9.8700000E+03  6.3975490E+06
  9.8899980E+03  6.3432010E+06
  9.9099990E+03  6.3145535E+06
  9.9300000E+03  6.3055700E+06
  9.9499980E+03  6.2673110E+06
  9.9699980E+03  6.2493930E+06
  9.9899990E+03  6.1953275E+06
  1.0024998E+04  5.8185235E+06
  1.0074998E+04  5.5504750E+06
  1.0124997E+04  5.8974570E+06
  1.0174997E+04  5.8672945E+06
  1.0224998E+04  5.8165375E+06
  1.0274997E+04  5.7507905E+06
  1.0325000E+04  5.6330280E+06
  1.0374999E+04  5.5690655E+06
  1.0425000E+04  5.4908140E+06
  1.0474998E+04  5.3427305E+06
  1.0524997E+04  5.2944710E+06
  1.0574999E+04  5.2438475E+06
  1.0625000E+04  5.1692460E+06
  1.0674997E+04  5.0048995E+06
  1.0724998E+04  4.9946960E+06
  1.0774999E+04  4.9318995E+06
  1.0824997E+04  4.8613695E+06
  1.0874997E+04  4.7744030E+06
  1.0924999E+04  4.2320900E+06
  1.0974996E+04  4.5120185E+06
  1.1025000E+04  4.6373100E+06
  1.1074998E+04  4.5936915E+06
  1.1124999E+04  4.5138335E+06
  1.1174998E+04  4.4563375E+06
  1.1224999E+04  4.4119415E+06
  1.1274997E+04  4.2570275E+06
  1.1325000E+04  4.2104125E+06
  1.1375000E+04  4.2084185E+06
  1.1425000E+04  4.1156725E+06
  1.1474997E+04  4.1290962E+06
  1.1525000E+04  4.0788798E+06
  1.1574998E+04  4.0119445E+06
  1.1625000E+04  3.9014015E+06
  1.1674998E+04  3.8315742E+06
  1.1724997E+04  3.8672012E+06
  1.1775001E+04  3.7344352E+06
  1.1824999E+04  3.7209735E+06
  1.1875000E+04  3.6440205E+06
  1.1925000E+04  3.6816112E+06
  1.1975001E+04  3.5760572E+06
  1.2024998E+04  3.5661832E+06
  1.2074996E+04  3.5059642E+06
  1.2125000E+04  3.4701875E+06
  1.2175000E+04  3.4419980E+06
  1.2225001E+04  3.3902040E+06
  1.2275001E+04  3.3468898E+06
  1.2324996E+04  3.3046638E+06
  1.2374996E+04  3.2689112E+06
  1.2424998E+04  3.2385058E+06
  1.2475000E+04  3.1891152E+06
  1.2524997E+04  3.1444938E+06
  1.2574997E+04  3.0854692E+06
  1.2624999E+04  3.0646225E+06
  1.2674997E+04  3.0360372E+06
  1.2724999E+04  2.9998935E+06
  1.2774999E+04  2.9175925E+06
  1.2825000E+04  2.5659800E+06
  1.2875001E+04  2.8569915E+06
  1.2924997E+04  2.8498152E+06
  1.2975001E+04  2.8245355E+06
  1.3024998E+04  2.7922340E+06
  1.3074999E+04  2.7649685E+06
  1.3125000E+04  2.7240410E+06
  1.3174998E+04  2.6790970E+06
  1.3224998E+04  2.6649088E+06
  1.3274997E+04  2.6305490E+06
  1.3324997E+04  2.6025698E+06
  1.3374999E+04  2.5694582E+06
  1.3424999E+04  2.5409485E+06
  1.3474999E+04  2.5103000E+06
  1.3525001E+04  2.4728262E+06
  1.3574999E+04  2.4366540E+06
  1.3624997E+04  2.4220510E+06
  1.3674997E+04  2.3882550E+06
  1.3724995E+04  2.3334888E+06
  1.3774998E+04  2.3282922E+06
  1.3824998E+04  2.3043855E+06
  1.3874996E+04  2.2899605E+06
  1.3925000E+04  2.2488695E+06
  1.3974996E+04  2.2308785E+06
  1.4024997E+04  2.2044662E+06
  1.4075001E+04  2.1854075E+06
  1.4124996E+04  2.1516482E+06
  1.4175000E+04  2.1333075E+06
  1.4225000E+04  2.1013948E+06
  1.4274994E+04  2.0750544E+06
  1.4325001E+04  2.0594904E+06
  1.4374998E+04  2.0430015E+06
  1.4424999E+04  1.9674866E+06
  1.4475000E+04  1.9905971E+06
  1.4524997E+04  1.9415609E+06
  1.4569999E+04  1.9466224E+06
  1.4620000E+04  1.9639981E+06
  1.4674998E+04  1.9970620E+06
  1.4725000E+04  1.9414746E+06
  1.4775002E+04  1.8883186E+06
  1.4824998E+04  1.8555485E+06
  1.4874996E+04  1.8083620E+06
  1.4924997E+04  1.7964349E+06
  1.4974999E+04  1.7569069E+06
  1.5024999E+04  1.7232048E+06
  1.5075000E+04  1.6933915E+06
  1.5124999E+04  1.6863314E+06
  1.5175000E+04  1.6706561E+06
  1.5225002E+04  1.6707524E+06
  1.5274998E+04  1.6207594E+06
  1.5324995E+04  1.6093992E+06
  1.5374997E+04  1.6290690E+06
  1.5425001E+04  1.5488081E+06
  1.5474996E+04  1.5994306E+06
  1.5524994E+04  1.5928966E+06
  1.5575001E+04  1.4831668E+06
  1.5624998E+04  1.6014280E+06
  1.5674997E+04  1.5183669E+06
  1.5724994E+04  1.4416764E+06
  1.5774996E+04  1.5403861E+06
  1.5825001E+04  1.5296135E+06
  1.5874995E+04  1.3483672E+06
  1.5925002E+04  1.4739051E+06
  1.5975001E+04  1.5024994E+06
  1.6049998E+04  1.4497650E+06
  1.6150001E+04  1.3541716E+06
  1.6249997E+04  1.4219024E+06
  1.6350000E+04  1.3572664E+06
  1.6449996E+04  1.2667641E+06
  1.6549998E+04  1.3321706E+06
  1.6649994E+04  1.3069082E+06
  1.6749998E+04  1.2463529E+06
  1.6849998E+04  1.1635605E+06
  1.6950000E+04  1.2256239E+06
  1.7049996E+04  1.1937039E+06
  1.7150000E+04  1.1763008E+06
  1.7249992E+04  1.1373311E+06
  1.7349994E+04  1.0272284E+06
  1.7449992E+04  1.0813704E+06
  1.7550000E+04  1.0733256E+06
  1.7649998E+04  1.0502294E+06
  1.7749994E+04  1.0326182E+06
  1.7849994E+04  1.0104039E+06
  1.7949998E+04  9.9603156E+05
  1.8050002E+04  9.6706775E+05
  1.8150002E+04  8.8414119E+05
  1.8249994E+04  9.1794825E+05
  1.8349992E+04  9.1649612E+05
  1.8449992E+04  8.9801100E+05
  1.8549998E+04  8.7828206E+05
  1.8650002E+04  8.5890200E+05
  1.8750002E+04  7.7795725E+05
  1.8850000E+04  8.2307725E+05
  1.8950004E+04  8.0626144E+05
  1.9049996E+04  8.0208631E+05
  1.9149998E+04  7.8588250E+05
  1.9249992E+04  7.7034812E+05
  1.9350000E+04  7.5085500E+05
  1.9449992E+04  6.8315444E+05
  1.9550002E+04  7.2401838E+05
  1.9649992E+04  7.1450262E+05
  1.9749992E+04  6.9951069E+05
  1.9849992E+04  6.8900019E+05
  1.9950002E+04  6.7661000E+05
  2.0050002E+04  6.6495750E+05
  2.0149996E+04  6.5365150E+05
  2.0249994E+04  6.4032125E+05
  2.0349994E+04  6.2756650E+05
  2.0449996E+04  6.1906562E+05
  2.0550000E+04  6.0764006E+05
  2.0649992E+04  5.9521425E+05
  2.0749998E+04  5.8520331E+05
  2.0849992E+04  5.7536594E+05
  2.0950004E+04  5.6475281E+05
  2.1050002E+04  5.5524219E+05
  2.1149992E+04  5.4397450E+05
  2.1250000E+04  5.3482012E+05
  2.1350002E+04  5.2561488E+05
  2.1449996E+04  5.1846581E+05
  2.1550006E+04  5.0738591E+05
  2.1649994E+04  4.6346331E+05
  2.1750002E+04  4.8759362E+05
  2.1849998E+04  4.8305419E+05
  2.1950002E+04  4.7657484E+05
  2.2050000E+04  4.6676066E+05
  2.2149996E+04  4.5883931E+05
  2.2249998E+04  4.5303469E+05
  2.2350004E+04  4.4549766E+05
  2.2449990E+04  4.3814472E+05
  2.2549994E+04  4.2885881E+05
  2.2650000E+04  4.2329569E+05
  2.2750000E+04  4.1679469E+05
  2.2850000E+04  4.1161775E+05
  2.2950004E+04  4.1029856E+05
  2.3050000E+04  4.0322938E+05
  2.3149996E+04  3.9467100E+05
  2.3250000E+04  3.8745700E+05
  2.3349996E+04  3.7956441E+05
  2.3449994E+04  3.7279906E+05
  2.3550002E+04  3.6589669E+05
  2.3649988E+04  3.5950897E+05
  2.3750000E+04  3.5312803E+05
  2.3849990E+04  3.4706709E+05
  2.3950002E+04  3.4170497E+05
  2.4050006E+04  3.3554741E+05
  2.4149992E+04  3.2968053E+05
  2.4249990E+04  3.2767191E+05
  2.4349990E+04  3.1978862E+05
  2.4450002E+04  3.1453100E+05
  2.4549990E+04  3.1279922E+05
  2.4649992E+04  3.0604412E+05
  2.4749992E+04  3.0155881E+05
  2.4850006E+04  3.0141188E+05
  2.4950000E+04  2.8588625E+05
  2.5050006E+04  2.9590369E+05
  2.5149994E+04  2.8961859E+05
  2.5249998E+04  2.7255662E+05
  2.5350004E+04  2.8020650E+05
  2.5449988E+04  2.7782888E+05
  2.5549998E+04  2.7155494E+05
  2.5649990E+04  2.5458831E+05
  2.5749990E+04  2.6458612E+05
  2.5849994E+04  2.6139281E+05
  2.5949990E+04  2.5849270E+05
  2.6049996E+04  2.5164305E+05
  2.6149998E+04  2.3632362E+05
  2.6249988E+04  2.2905934E+05
  2.6350008E+04  2.4172408E+05
  2.6449996E+04  2.4023381E+05
  2.6549994E+04  2.3681355E+05
  2.6649994E+04  2.3159180E+05
  2.6749988E+04  2.1599600E+05
  2.6849986E+04  2.2594938E+05
  2.6949986E+04  2.2459730E+05
  2.7050002E+04  2.2131761E+05
  2.7149998E+04  2.1846888E+05
  2.7249994E+04  2.1543262E+05
  2.7350006E+04  2.1243970E+05
  2.7450004E+04  2.0897980E+05
  2.7549996E+04  1.9461502E+05
  2.7649982E+04  1.9963083E+05
  2.7750004E+04  2.0080681E+05
  2.7850000E+04  1.9838139E+05
  2.7949992E+04  1.9584084E+05
  2.8049994E+04  1.9316852E+05
  2.8150002E+04  1.9055758E+05
  2.8250006E+04  1.8800234E+05
  2.8350000E+04  1.8559102E+05
  2.8450000E+04  1.8268283E+05
  2.8550002E+04  1.8049019E+05
  2.8650002E+04  1.7598750E+05
  2.8749982E+04  1.6459706E+05
  2.8849998E+04  1.7270048E+05
  2.8949986E+04  1.7110503E+05
  2.9049994E+04  1.6912541E+05
  2.9149986E+04  1.6648186E+05
  2.9249984E+04  1.6461453E+05
  2.9349980E+04  1.6264192E+05
  2.9450000E+04  1.6048353E+05
  2.9550004E+04  1.5849312E+05
  2.9649982E+04  1.5648758E+05
  2.9749992E+04  1.5446673E+05
  2.9849994E+04  1.5252869E+05
  2.9949984E+04  1.5048714E+05
  3.0049996E+04  1.4858180E+05
  3.0149994E+04  1.4665291E+05
  3.0249994E+04  1.4456508E+05
  3.0349996E+04  1.3601897E+05
  3.0449996E+04  1.3772744E+05
  3.0549996E+04  1.3932994E+05
  3.0649996E+04  1.3776055E+05
  3.0749994E+04  1.3617277E+05
  3.0849996E+04  1.3417114E+05
  3.0949994E+04  1.3267233E+05
  3.1049996E+04  1.3104933E+05
  3.1149996E+04  1.2903675E+05
  3.1249996E+04  1.2779173E+05
  3.1349996E+04  1.2630696E+05
  3.1449996E+04  1.2475848E+05
  3.1549998E+04  1.2335952E+05
  3.1649996E+04  1.2203215E+05
  3.1749998E+04  1.2036772E+05
  3.1849996E+04  1.1914143E+05
  3.1949994E+04  1.1771775E+05
  3.2099996E+04  1.1558545E+05
  3.2299992E+04  1.1294882E+05
  3.2499994E+04  1.1030034E+05
  3.2699996E+04  1.0765515E+05
  3.2899996E+04  1.0123042E+05
  3.3099996E+04  1.0251062E+05
  3.3299992E+04  1.0077338E+05
  3.3499996E+04  9.8465898E+04
  3.3699996E+04  9.5890812E+04
  3.3899996E+04  9.3638281E+04
  3.4099996E+04  9.1496625E+04
  3.4299996E+04  8.9488078E+04
  3.4499992E+04  8.7630625E+04
  3.4699996E+04  8.5612773E+04
  3.4899996E+04  8.3734273E+04
  3.5099996E+04  8.1954070E+04
  3.5299996E+04  8.0184531E+04
  3.5499996E+04  7.8365867E+04
  3.5699992E+04  7.6535516E+04
  3.5899992E+04  7.5430812E+04
  3.6099996E+04  7.3238641E+04
  3.6299992E+04  7.2405250E+04
  3.6499992E+04  7.0058656E+04
  3.6699992E+04  6.9490156E+04
  3.6899992E+04  6.6799367E+04
  3.7099996E+04  6.6442375E+04
  3.7299996E+04  6.4204570E+04
  3.7499992E+04  6.1450699E+04
  3.7699996E+04  6.2581656E+04
  3.7899996E+04  6.1442945E+04
  3.8099992E+04  5.9346230E+04
  3.8299996E+04  5.8458355E+04
  3.8499996E+04  5.7951703E+04
  3.8699996E+04  5.6692707E+04
  3.8899992E+04  5.5468941E+04
  3.9099996E+04  5.3150855E+04
  3.9299992E+04  5.3499137E+04
  3.9499992E+04  5.2475832E+04
  3.9699992E+04  5.1499066E+04
  3.9900000E+04  5.0345129E+04
  4.0099996E+04  4.8862535E+04
  4.0299992E+04  4.7601676E+04
  4.0499996E+04  4.6177219E+04
  4.0699992E+04  4.6700184E+04
  4.0899992E+04  4.5827934E+04
  4.1099996E+04  4.5075227E+04
  4.1299996E+04  4.4237734E+04
  4.1499992E+04  4.3326777E+04
  4.1699992E+04  4.1300281E+04
  4.1899996E+04  4.1722371E+04
  4.2099996E+04  4.0971930E+04
  4.2299992E+04  4.0349598E+04
  4.2499996E+04  3.9597387E+04
  4.2699992E+04  3.8907059E+04
  4.2899992E+04  3.8213520E+04
  4.3099996E+04  3.7527090E+04
  4.3299996E+04  3.6845656E+04
  4.3499992E+04  3.6191070E+04
  4.3699996E+04  3.4534867E+04
  4.3899996E+04  3.4744805E+04
  4.4099992E+04  3.4294781E+04
  4.4299992E+04  3.3732426E+04
  4.4499996E+04  3.3144520E+04
  4.4699996E+04  3.2684553E+04
  4.4899996E+04  3.2117457E+04
  4.5099992E+04  3.1585045E+04
  4.5299992E+04  3.1042402E+04
  4.5499996E+04  3.0518975E+04
  4.5699992E+04  2.9987270E+04
  4.5899996E+04  2.9481531E+04
  4.6099996E+04  2.9008240E+04
  4.6299992E+04  2.8501596E+04
  4.6499988E+04  2.7150580E+04
  4.6699992E+04  2.6628309E+04
  4.6899992E+04  2.7052521E+04
  4.7099992E+04  2.6685709E+04
  4.7299992E+04  2.6258449E+04
  4.7499996E+04  2.5814043E+04
  4.7699992E+04  2.5400992E+04
  4.7899992E+04  2.5005424E+04
  4.8099996E+04  2.4600875E+04
  4.8299992E+04  2.4208625E+04
  4.8499992E+04  2.3823596E+04
  4.8700000E+04  2.3445639E+04
  4.8899992E+04  2.3074650E+04
  4.9099988E+04  2.2699533E+04
  4.9299988E+04  2.2354529E+04
  4.9499996E+04  2.2003578E+04
  4.9699992E+04  2.1663654E+04
  4.9899988E+04  2.1323922E+04
  5.0099996E+04  2.0997908E+04
  5.0299996E+04  2.0673424E+04
  5.0499996E+04  2.0359316E+04
  5.0699996E+04  2.0052447E+04
  5.0899992E+04  1.9742496E+04
  5.1099992E+04  1.9403586E+04
  5.1299996E+04  1.8536820E+04
  5.1499988E+04  1.8846246E+04
  5.1699996E+04  1.8583727E+04
  5.1899992E+04  1.8309307E+04
  5.2099992E+04  1.8031604E+04
  5.2299996E+04  1.7765867E+04
  5.2499996E+04  1.7507752E+04
  5.2699996E+04  1.7250320E+04
  5.2899992E+04  1.6998971E+04
  5.3099988E+04  1.6749574E+04
  5.3299988E+04  1.6506088E+04
  5.3499992E+04  1.6267078E+04
  5.3699992E+04  1.6025942E+04
  5.3899992E+04  1.5800899E+04
  5.4099992E+04  1.5577454E+04
  5.4299984E+04  1.5347923E+04
  5.4499988E+04  1.5132745E+04
  5.4699996E+04  1.4905187E+04
  5.4899992E+04  1.4708043E+04
  5.5099992E+04  1.4503433E+04
  5.5299988E+04  1.4297701E+04
  5.5499988E+04  1.4098216E+04
  5.5699992E+04  1.3896367E+04
  5.5899992E+04  1.3691012E+04
  5.6099988E+04  1.3516958E+04
  5.6299996E+04  1.3331949E+04
  5.6499988E+04  1.3151584E+04
  5.6699988E+04  1.2969908E+04
  5.6899992E+04  1.2793944E+04
  5.7099996E+04  1.2621281E+04
  5.7299988E+04  1.2449570E+04
  5.7499988E+04  1.2282214E+04
  5.7699988E+04  1.2115743E+04
  5.7899996E+04  1.1949024E+04
  5.8099988E+04  1.1793243E+04
  5.8299996E+04  1.1638204E+04
  5.8499992E+04  1.1499318E+04
  5.8699988E+04  1.1342372E+04
  5.8899988E+04  1.1159054E+04
  5.9099992E+04  1.0712186E+04
  5.9299988E+04  1.0891170E+04
  5.9499996E+04  1.0740391E+04
  5.9699988E+04  1.0622043E+04
  5.9899992E+04  1.0481930E+04
  6.0099992E+04  1.0344069E+04
  6.0299992E+04  1.0215473E+04
  6.0499988E+04  1.0084231E+04
  6.0699992E+04  9.9528574E+03
  6.0899992E+04  9.8231924E+03
  6.1099988E+04  9.6906699E+03
  6.1299992E+04  9.5784121E+03
  6.1499988E+04  9.4574492E+03
  6.1699988E+04  9.3386406E+03
  6.1899996E+04  9.2193945E+03
  6.2099996E+04  9.1057910E+03
  6.2299988E+04  8.9839443E+03
  6.2499992E+04  8.8780264E+03
  6.2699988E+04  8.7655156E+03
  6.2899996E+04  8.6609150E+03
  6.3099984E+04  8.5479131E+03
  6.3299996E+04  8.4464990E+03
  6.3499984E+04  8.3432070E+03
  6.3699984E+04  8.2428057E+03
  6.3900000E+04  8.1407231E+03
  6.4199992E+04  7.9948984E+03
  6.4599984E+04  7.8015903E+03
  6.4999992E+04  7.6143779E+03
  6.5399992E+04  7.4359058E+03
  6.5799992E+04  7.2599805E+03
  6.6199984E+04  7.0886128E+03
  6.6599984E+04  6.9240508E+03
  6.6999992E+04  6.7635723E+03
  6.7399992E+04  6.6068198E+03
  6.7799992E+04  6.4561528E+03
  6.8199992E+04  6.3092852E+03
  6.8599992E+04  6.1657944E+03
  6.8999984E+04  6.0240908E+03
  6.9399984E+04  5.8892227E+03
  6.9800000E+04  5.7588950E+03
  7.0199992E+04  5.6309980E+03
  7.0599984E+04  5.5069062E+03
  7.0999977E+04  5.3887578E+03
  7.1399977E+04  5.2700205E+03
  7.1799984E+04  5.1555596E+03
  7.2199984E+04  5.0404150E+03
  7.2600000E+04  4.9354912E+03
  7.2999984E+04  4.8319971E+03
  7.3400000E+04  4.7284971E+03
  7.3799984E+04  4.6294458E+03
  7.4199992E+04  4.5306724E+03
  7.4599992E+04  4.3888652E+03
  7.5000000E+04  4.2769409E+03
  7.5399992E+04  4.2541479E+03
  7.5799992E+04  4.1676660E+03
  7.6199984E+04  4.0832161E+03
  7.6599992E+04  4.0002322E+03
  7.6999992E+04  3.9190664E+03
  7.7399992E+04  3.8406177E+03
  7.7799984E+04  3.7638213E+03
  7.8199984E+04  3.6887598E+03
  7.8599984E+04  3.6155762E+03
  7.8999984E+04  3.5441653E+03
  7.9399984E+04  3.4743645E+03
  7.9800000E+04  3.4064309E+03
  8.0199992E+04  3.3397952E+03
  8.0599984E+04  3.2750076E+03
  8.0999992E+04  3.2123655E+03
  8.1399977E+04  3.1500566E+03
  8.1799984E+04  3.0901030E+03
  8.2199984E+04  3.0318342E+03
  8.2599992E+04  2.9743801E+03
  8.2999984E+04  2.9183284E+03
  8.3400000E+04  2.8621821E+03
  8.3799992E+04  2.8084221E+03
  8.4199992E+04  2.7570930E+03
  8.4599977E+04  2.7070811E+03
  8.4999977E+04  2.6575725E+03
  8.5399984E+04  2.6086118E+03
  8.5799984E+04  2.5610103E+03
  8.6199992E+04  2.5144810E+03
  8.6599992E+04  2.4695049E+03
  8.6999984E+04  2.4250984E+03
  8.7399992E+04  2.3814973E+03
  8.7799992E+04  2.3392244E+03
  8.8199984E+04  2.2971343E+03
  8.8599977E+04  2.2567156E+03
  8.8999992E+04  2.2170227E+03
  8.9399977E+04  2.1784211E+03
  8.9799977E+04  2.1400435E+03
  9.0199984E+04  2.1031384E+03
  9.0599984E+04  2.0671221E+03
  9.0999992E+04  2.0309285E+03
  9.1400000E+04  1.9963700E+03
  9.1799969E+04  1.9625603E+03
  9.2199969E+04  1.9292153E+03
  9.2599984E+04  1.8965916E+03
  9.3000000E+04  1.8646301E+03
  9.3399984E+04  1.8332765E+03
  9.3799984E+04  1.8026021E+03
  9.4199977E+04  1.7726793E+03
  9.4599984E+04  1.7432382E+03
  9.4999969E+04  1.7144388E+03
  9.5399984E+04  1.6858934E+03
  9.5799984E+04  1.6587910E+03
  9.6199992E+04  1.6315095E+03
  9.6599984E+04  1.6052284E+03
  9.7000000E+04  1.5792836E+03
  9.7399977E+04  1.5534332E+03
  9.7799984E+04  1.5286996E+03
  9.8199977E+04  1.5041997E+03
  9.8599977E+04  1.4803947E+03
  9.8999992E+04  1.4570394E+03
  9.9399984E+04  1.4338977E+03
  9.9799977E+04  1.4112308E+03
  1.0019999E+05  1.3891039E+03
  1.9999991E+05  8.9359268E+01
  3.9999994E+05  5.5758858E+00
  5.9999981E+05  1.0931543E+00
  7.9999994E+05  3.4336278E-01
