  5.0599994E+02  3.1536659E-16
  5.1199994E+02  6.4884656E-16
  5.2000000E+02  1.4478584E-15
  5.2999994E+02  3.8024694E-15
  5.3999994E+02  9.5228458E-15
  5.4999988E+02  2.3170646E-14
  5.5999988E+02  5.4418475E-14
  5.6999988E+02  1.2390799E-13
  5.7999994E+02  2.7247074E-13
  5.8999988E+02  5.9031637E-13
  5.9999988E+02  1.2394521E-12
  6.0999988E+02  2.5446956E-12
  6.1999994E+02  5.1088300E-12
  6.2999988E+02  1.0052862E-11
  6.3999994E+02  1.9422538E-11
  6.4999994E+02  3.6899334E-11
  6.5799994E+02  6.0944479E-11
  6.6499988E+02  9.3717922E-11
  6.7499994E+02  1.7150500E-10
  6.8499988E+02  3.0995329E-10
  6.9499994E+02  5.5306698E-10
  7.0499988E+02  9.7331732E-10
  7.1599988E+02  1.7995382E-09
  7.2599994E+02  3.1063487E-09
  7.3499982E+02  5.0359401E-09
  7.4499994E+02  8.5355039E-09
  7.5499982E+02  1.4339025E-08
  7.6499994E+02  2.3877623E-08
  7.7499994E+02  3.9399147E-08
  7.8499982E+02  6.4455321E-08
  7.9499982E+02  1.0413995E-07
  8.0500000E+02  1.6768043E-07
  8.1499976E+02  2.6736731E-07
  8.2500000E+02  4.2218454E-07
  8.3499994E+02  6.6082623E-07
  8.4499994E+02  1.0253217E-06
  8.5499988E+02  1.5772774E-06
  8.6499994E+02  2.4054825E-06
  8.7499982E+02  3.6360748E-06
  8.8499982E+02  5.4550487E-06
  8.9499988E+02  8.1133830E-06
  9.0499994E+02  1.1966315E-05
  9.1499982E+02  1.5523355E-03
  9.2499988E+02  3.8309766E-03
  9.3499982E+02  5.1009636E-03
  9.4500000E+02  6.7717233E-03
  9.5500000E+02  9.6840868E-03
  9.6499988E+02  1.2917893E-02
  9.7499982E+02  1.6427051E-02
  9.8499976E+02  2.1680044E-02
  9.9499988E+02  2.7092135E-02
  1.0049999E+03  3.7664916E-02
  1.0149997E+03  4.8522152E-02
  1.0249998E+03  5.3378224E-02
  1.0349998E+03  7.7936791E-02
  1.0449998E+03  9.9790603E-02
  1.0549999E+03  1.2568659E-01
  1.0649999E+03  1.5281236E-01
  1.0750000E+03  1.9377077E-01
  1.0849996E+03  2.4172242E-01
  1.0949999E+03  2.9049948E-01
  1.1049999E+03  3.5633097E+00
  1.1149999E+03  7.4811773E+00
  1.1249999E+03  1.0626962E+01
  1.1349996E+03  1.3758891E+01
  1.1449999E+03  1.7592037E+01
  1.1549999E+03  1.8770220E+01
  1.1650000E+03  2.5683548E+01
  1.1749995E+03  3.0138666E+01
  1.1849996E+03  2.9892372E+01
  1.1949998E+03  1.7186699E+01
  1.2049996E+03  1.7250298E+01
  1.2149998E+03  2.6339233E+00
  1.2249996E+03  2.1461338E+01
  1.2349996E+03  5.3579613E+01
  1.2449998E+03  1.6325894E+02
  1.2549996E+03  2.9248386E+02
  1.2650000E+03  2.9793039E+02
  1.2749998E+03  5.0613470E+02
  1.2849995E+03  7.5742505E+02
  1.2949998E+03  9.5570184E+02
  1.3049995E+03  7.5785760E+02
  1.3149998E+03  1.3090481E+03
  1.3249998E+03  1.5791410E+03
  1.3349996E+03  1.8050472E+03
  1.3449995E+03  2.3093079E+03
  1.3549996E+03  2.4161077E+03
  1.3649999E+03  2.7431672E+03
  1.3749999E+03  2.9797908E+03
  1.3849996E+03  3.1947864E+03
  1.3949999E+03  3.7639912E+03
  1.4050001E+03  4.2699673E+03
  1.4149998E+03  4.4724980E+03
  1.4249998E+03  5.0626255E+03
  1.4350000E+03  5.2327056E+03
  1.4419998E+03  6.3556929E+03
  1.4469999E+03  6.9099224E+03
  1.4549994E+03  7.6783638E+03
  1.4650000E+03  7.7880420E+03
  1.4749995E+03  8.6213369E+03
  1.4849996E+03  9.7877422E+03
  1.4949998E+03  1.1574090E+04
  1.5049996E+03  1.3064597E+04
  1.5119995E+03  1.3031742E+04
  1.5169994E+03  1.3656299E+04
  1.5250001E+03  2.1151312E+04
  1.5349994E+03  2.5726062E+04
  1.5449994E+03  3.4038215E+04
  1.5549998E+03  3.6027652E+04
  1.5649999E+03  3.3541391E+04
  1.5750001E+03  5.4639848E+04
  1.5850000E+03  6.6273281E+04
  1.5949996E+03  8.5473469E+04
  1.6049999E+03  7.7421109E+04
  1.6150000E+03  7.4243797E+04
  1.6249996E+03  6.4460340E+04
  1.6350000E+03  8.0351672E+04
  1.6449996E+03  1.1009667E+05
  1.6549999E+03  6.3647918E+04
  1.6649993E+03  1.1477204E+05
  1.6720000E+03  5.9051848E+04
  1.6770001E+03  1.0505226E+06
  1.6849998E+03  1.1327901E+06
  1.6950000E+03  8.7795200E+05
  1.7049995E+03  8.8873025E+05
  1.7150000E+03  1.5369174E+06
  1.7249993E+03  1.7823658E+06
  1.7349994E+03  2.3208040E+06
  1.7449993E+03  1.9688949E+06
  1.7550001E+03  2.7454800E+06
  1.7649998E+03  1.9290001E+06
  1.7749995E+03  2.6726012E+06
  1.7849995E+03  2.3852172E+06
  1.7949999E+03  3.8033142E+06
  1.8050001E+03  3.3936925E+06
  1.8150001E+03  3.9970535E+06
  1.8249994E+03  3.4775118E+06
  1.8349993E+03  3.0519290E+06
  1.8449993E+03  2.6909008E+06
  1.8549998E+03  3.4964432E+06
  1.8650002E+03  4.3837040E+06
  1.8750001E+03  3.8333132E+06
  1.8850000E+03  4.0911060E+06
  1.8950002E+03  4.8181820E+06
  1.9049996E+03  4.4063670E+06
  1.9149999E+03  4.5961280E+06
  1.9249993E+03  3.9837528E+06
  1.9350001E+03  2.0149575E+06
  1.9449993E+03  5.1044385E+06
  1.9550002E+03  5.3163150E+06
  1.9670002E+03  6.2101565E+06
  1.9759990E+03  5.8523995E+06
  1.9839996E+03  6.1465915E+06
  1.9950001E+03  6.0307190E+06
  2.0050002E+03  5.3956815E+06
  2.0149996E+03  5.0693780E+06
  2.0249994E+03  4.6435860E+06
  2.0349995E+03  5.8130750E+06
  2.0449998E+03  6.5491895E+06
  2.0550000E+03  5.9689035E+06
  2.0649993E+03  5.4808970E+06
  2.0739993E+03  7.0996860E+06
  2.0780002E+03  8.6405230E+06
  2.0849993E+03  8.5472520E+06
  2.0950005E+03  7.8934910E+06
  2.1050002E+03  6.9121720E+06
  2.1149990E+03  7.2913145E+06
  2.1250000E+03  7.1683660E+06
  2.1350002E+03  5.6584835E+06
  2.1449998E+03  7.1328345E+06
  2.1550005E+03  7.3305135E+06
  2.1649995E+03  6.3908145E+06
  2.1750002E+03  6.5479160E+06
  2.1849998E+03  7.1764510E+06
  2.1950000E+03  7.9310565E+06
  2.2050000E+03  7.2603250E+06
  2.2149998E+03  5.7970925E+06
  2.2249998E+03  5.6592620E+06
  2.2350005E+03  7.6210490E+06
  2.2449990E+03  6.9475565E+06
  2.2549993E+03  5.4055220E+06
  2.2650000E+03  5.5142330E+06
  2.2750000E+03  6.4504190E+06
  2.2850000E+03  7.3200375E+06
  2.2950002E+03  6.3470650E+06
  2.3050000E+03  7.0362165E+06
  2.3149995E+03  6.2182620E+06
  2.3250000E+03  3.2052408E+06
  2.3349995E+03  3.7419558E+06
  2.3449993E+03  2.6541795E+06
  2.3550000E+03  5.1874940E+06
  2.3649988E+03  2.7229732E+06
  2.3750000E+03  3.9068360E+06
  2.3849990E+03  1.9428021E+06
  2.3950000E+03  2.7401030E+06
  2.4050005E+03  2.6490380E+06
  2.4149993E+03  3.4701785E+06
  2.4249990E+03  5.9554045E+06
  2.4349990E+03  5.7984485E+06
  2.4450000E+03  6.5729490E+06
  2.4549990E+03  6.7020375E+06
  2.4649990E+03  6.3073830E+06
  2.4749993E+03  5.6509755E+06
  2.4850005E+03  5.3886395E+06
  2.4950000E+03  5.2122090E+06
  2.5050005E+03  7.5340270E+06
  2.5129988E+03  4.2340355E+06
  2.5179990E+03  3.6221592E+06
  2.5249998E+03  3.6095465E+06
  2.5350007E+03  4.1668965E+06
  2.5449988E+03  4.4783230E+06
  2.5550000E+03  5.9654935E+06
  2.5649990E+03  4.8639255E+06
  2.5749990E+03  5.8112595E+06
  2.5849993E+03  5.2935945E+06
  2.5949990E+03  4.7037220E+06
  2.6049995E+03  4.0838145E+06
  2.6149998E+03  3.6457838E+06
  2.6249990E+03  5.1833580E+06
  2.6350007E+03  6.8360985E+06
  2.6449995E+03  9.7500080E+06
  2.6549998E+03  1.0699095E+07
  2.6649995E+03  7.9253620E+06
  2.6749988E+03  9.1792760E+06
  2.6849988E+03  9.1105070E+06
  2.6949988E+03  8.0704585E+06
  2.7050000E+03  9.0828540E+06
  2.7150000E+03  7.4971210E+06
  2.7249995E+03  7.5172860E+06
  2.7350007E+03  8.3080180E+06
  2.7450002E+03  4.4069860E+06
  2.7549998E+03  5.5487285E+06
  2.7649983E+03  6.6711155E+06
  2.7750005E+03  7.9479295E+06
  2.7850000E+03  5.5804020E+06
  2.7949993E+03  1.9848838E+06
  2.8049995E+03  2.5981002E+06
  2.8150002E+03  7.4631320E+06
  2.8250007E+03  1.0106790E+07
  2.8350000E+03  9.7360970E+06
  2.8450002E+03  9.3573210E+06
  2.8550005E+03  8.0716995E+06
  2.8650000E+03  1.0480583E+07
  2.8749983E+03  1.0381834E+07
  2.8850000E+03  1.0305902E+07
  2.8949988E+03  9.8770280E+06
  2.9099988E+03  1.2144924E+07
  2.9299983E+03  1.1287653E+07
  2.9499990E+03  1.1129920E+07
  2.9700005E+03  1.1912855E+07
  2.9899980E+03  1.2258029E+07
  3.0099995E+03  1.2839555E+07
  3.0299995E+03  1.2526584E+07
  3.0499995E+03  1.2698974E+07
  3.0699995E+03  1.2948164E+07
  3.0899995E+03  1.3489334E+07
  3.1099995E+03  1.2981423E+07
  3.1299998E+03  1.2856431E+07
  3.1499995E+03  1.3393817E+07
  3.1699995E+03  1.3383926E+07
  3.1899995E+03  1.2199651E+07
  3.2099998E+03  1.3006379E+07
  3.2299993E+03  1.1980252E+07
  3.2499993E+03  1.3011694E+07
  3.2699995E+03  1.3659125E+07
  3.2899995E+03  1.3589623E+07
  3.3099998E+03  1.4109480E+07
  3.3299993E+03  1.3805974E+07
  3.3499995E+03  1.3715804E+07
  3.3699995E+03  1.3348815E+07
  3.3899993E+03  1.3589419E+07
  3.4099993E+03  1.3624872E+07
  3.4299995E+03  1.3782817E+07
  3.4499993E+03  1.3854222E+07
  3.4699998E+03  1.3653988E+07
  3.4899993E+03  1.3688477E+07
  3.5099995E+03  1.4162237E+07
  3.5299995E+03  1.3944165E+07
  3.5499995E+03  1.4823897E+07
  3.5699995E+03  1.3707340E+07
  3.5899995E+03  1.3571699E+07
  3.6099995E+03  1.3806794E+07
  3.6299993E+03  1.3968708E+07
  3.6399993E+03  1.3971961E+07
  3.6499995E+03  1.4815954E+07
  3.6699993E+03  1.3638742E+07
  3.6899995E+03  1.3909364E+07
  3.7099995E+03  1.7776452E+07
  3.7299998E+03  1.8284668E+07
  3.7499993E+03  2.2374398E+07
  3.7699993E+03  2.3970820E+07
  3.7899995E+03  2.8317732E+07
  3.8099993E+03  3.2498074E+07
  3.8299998E+03  2.6160128E+07
  3.8499995E+03  3.5010952E+07
  3.8699995E+03  3.8234504E+07
  3.8899995E+03  2.5232388E+07
  3.9099995E+03  3.6160032E+07
  3.9299993E+03  2.1560154E+07
  3.9499993E+03  3.2082382E+07
  3.9699998E+03  1.9070546E+07
  3.9899995E+03  3.6643692E+07
  4.0099995E+03  3.9887076E+07
  4.0299993E+03  3.9900420E+07
  4.0499993E+03  3.9291416E+07
  4.0699993E+03  3.8428604E+07
  4.0899995E+03  3.4324216E+07
  4.1099995E+03  2.7788696E+07
  4.1299995E+03  3.7704452E+07
  4.1499990E+03  3.9684676E+07
  4.1699990E+03  3.8947444E+07
  4.1899995E+03  3.8909124E+07
  4.2099995E+03  3.8710364E+07
  4.2299995E+03  3.7732472E+07
  4.2499995E+03  3.8099836E+07
  4.2699990E+03  3.6696196E+07
  4.2899995E+03  3.6948464E+07
  4.3100000E+03  3.4243660E+07
  4.3299995E+03  3.0385556E+07
  4.3499995E+03  2.6479324E+07
  4.3699995E+03  3.6332044E+07
  4.3899995E+03  3.6146408E+07
  4.4099995E+03  3.5604272E+07
  4.4299995E+03  3.5133780E+07
  4.4499995E+03  3.5425560E+07
  4.4699995E+03  3.5567432E+07
  4.4899995E+03  3.5178400E+07
  4.5099990E+03  3.6761864E+07
  4.5299995E+03  3.4649844E+07
  4.5499990E+03  3.4400500E+07
  4.5699995E+03  3.5943592E+07
  4.5899990E+03  3.4096800E+07
  4.6099990E+03  3.4932568E+07
  4.6299990E+03  3.3844108E+07
  4.6499990E+03  3.4170384E+07
  4.6699990E+03  3.4282548E+07
  4.6899990E+03  3.3261164E+07
  4.7099995E+03  3.1883930E+07
  4.7299990E+03  3.3312234E+07
  4.7499995E+03  3.3354548E+07
  4.7699995E+03  3.2785674E+07
  4.7899990E+03  3.2548590E+07
  4.8099995E+03  3.2003286E+07
  4.8299995E+03  3.1302780E+07
  4.8499990E+03  2.6048202E+07
  4.8700000E+03  2.1267864E+07
  4.8899990E+03  2.9461698E+07
  4.9099990E+03  3.0194162E+07
  4.9299990E+03  2.9689270E+07
  4.9499995E+03  3.0416938E+07
  4.9699995E+03  3.0561546E+07
  4.9899990E+03  2.8959920E+07
  5.0099995E+03  2.7875134E+07
  5.0299995E+03  2.8922542E+07
  5.0499995E+03  2.8485616E+07
  5.0699995E+03  2.9117236E+07
  5.0899995E+03  2.8542786E+07
  5.1099990E+03  2.8572282E+07
  5.1299995E+03  2.7830286E+07
  5.1499985E+03  2.7155760E+07
  5.1700000E+03  2.6791006E+07
  5.1899990E+03  2.6535978E+07
  5.2099990E+03  2.6568584E+07
  5.2299995E+03  2.6546194E+07
  5.2499995E+03  2.6860982E+07
  5.2699995E+03  2.5033790E+07
  5.2899990E+03  2.6327070E+07
  5.3099995E+03  2.6078346E+07
  5.3299990E+03  2.5086016E+07
  5.3499995E+03  2.5835948E+07
  5.3699995E+03  2.5555020E+07
  5.3899995E+03  2.5258096E+07
  5.4099990E+03  2.4668804E+07
  5.4299990E+03  2.4864342E+07
  5.4499990E+03  2.5104552E+07
  5.4699995E+03  2.4663188E+07
  5.4899995E+03  2.4687558E+07
  5.5099995E+03  2.4393264E+07
  5.5299985E+03  2.4204826E+07
  5.5499990E+03  2.4201916E+07
  5.5699990E+03  2.3736996E+07
  5.5899995E+03  2.3566238E+07
  5.6099990E+03  2.3576870E+07
  5.6299995E+03  2.3534452E+07
  5.6499990E+03  2.3285524E+07
  5.6699990E+03  2.2861394E+07
  5.6899995E+03  2.2961610E+07
  5.7099995E+03  2.2702824E+07
  5.7299990E+03  2.3041456E+07
  5.7499990E+03  2.2565818E+07
  5.7699990E+03  2.2517152E+07
  5.7899995E+03  2.2229254E+07
  5.8099985E+03  2.2153488E+07
  5.8300000E+03  2.2077112E+07
  5.8499990E+03  2.1775610E+07
  5.8699985E+03  2.1654814E+07
  5.8899985E+03  2.1125754E+07
  5.9099995E+03  2.1300112E+07
  5.9299985E+03  2.1138470E+07
  5.9499995E+03  2.1004044E+07
  5.9699990E+03  2.0873068E+07
  5.9899990E+03  2.0598468E+07
  6.0099990E+03  2.0281162E+07
  6.0299995E+03  2.0263924E+07
  6.0499990E+03  2.0222804E+07
  6.0699990E+03  2.0160312E+07
  6.0899995E+03  1.9834096E+07
  6.1099985E+03  1.9610618E+07
  6.1299995E+03  1.9202138E+07
  6.1499985E+03  1.8930040E+07
  6.1699985E+03  1.8910436E+07
  6.1900000E+03  1.9164998E+07
  6.2099995E+03  1.9027102E+07
  6.2299985E+03  1.8703246E+07
  6.2499990E+03  1.8086084E+07
  6.2699985E+03  1.8633070E+07
  6.2900000E+03  1.8504282E+07
  6.3099985E+03  1.8092914E+07
  6.3299995E+03  1.8064316E+07
  6.3499985E+03  1.7867558E+07
  6.3699985E+03  1.7761106E+07
  6.3899995E+03  1.7719292E+07
  6.4099990E+03  1.7360416E+07
  6.4299985E+03  1.7368314E+07
  6.4499985E+03  1.7098674E+07
  6.4699990E+03  1.7123618E+07
  6.4899990E+03  1.6756176E+07
  6.5099985E+03  1.6770720E+07
  6.5299990E+03  1.6452571E+07
  6.5499985E+03  1.4742668E+07
  6.5699985E+03  1.1902055E+07
  6.5899995E+03  1.5661608E+07
  6.6099985E+03  1.6186073E+07
  6.6299990E+03  1.6209409E+07
  6.6499985E+03  1.6115466E+07
  6.6699995E+03  1.5963072E+07
  6.6899990E+03  1.5957839E+07
  6.7099995E+03  1.5803443E+07
  6.7299990E+03  1.5712982E+07
  6.7499995E+03  1.5509207E+07
  6.7699985E+03  1.5525390E+07
  6.7899995E+03  1.5382581E+07
  6.8099995E+03  1.5268802E+07
  6.8300000E+03  1.5133476E+07
  6.8499985E+03  1.4978600E+07
  6.8699985E+03  1.4957768E+07
  6.8899985E+03  1.4867883E+07
  6.9099990E+03  1.4744068E+07
  6.9299995E+03  1.4636336E+07
  6.9499990E+03  1.4538961E+07
  6.9699985E+03  1.4416872E+07
  6.9899985E+03  1.4350682E+07
  7.0099985E+03  1.4064216E+07
  7.0299985E+03  1.4070446E+07
  7.0499990E+03  1.4017254E+07
  7.0699980E+03  1.3925251E+07
  7.0899990E+03  1.3826559E+07
  7.1099990E+03  1.3447061E+07
  7.1299995E+03  1.3508823E+07
  7.1499990E+03  1.3464307E+07
  7.1699995E+03  1.3346060E+07
  7.1899985E+03  1.3195401E+07
  7.2099985E+03  1.3168677E+07
  7.2299980E+03  1.3057726E+07
  7.2499990E+03  1.2987213E+07
  7.2699995E+03  1.2962898E+07
  7.2899990E+03  1.2745130E+07
  7.3099980E+03  1.2706509E+07
  7.3299980E+03  1.2643574E+07
  7.3499980E+03  1.2608332E+07
  7.3699985E+03  1.2549010E+07
  7.3899995E+03  1.2344586E+07
  7.4099985E+03  1.2141506E+07
  7.4299995E+03  1.2112394E+07
  7.4500000E+03  1.2073241E+07
  7.4700000E+03  1.1968844E+07
  7.4899990E+03  1.1909044E+07
  7.5099985E+03  1.1886446E+07
  7.5299995E+03  1.1826704E+07
  7.5499980E+03  1.1818328E+07
  7.5699985E+03  1.1694822E+07
  7.5899990E+03  1.1619536E+07
  7.6099980E+03  1.1541631E+07
  7.6299995E+03  1.1479257E+07
  7.6499995E+03  1.1367814E+07
  7.6699980E+03  1.1185657E+07
  7.6899990E+03  1.1204630E+07
  7.7099995E+03  1.1091436E+07
  7.7299985E+03  1.1085190E+07
  7.7499990E+03  1.0964697E+07
  7.7700000E+03  1.0728607E+07
  7.7900000E+03  1.0905770E+07
  7.8099995E+03  1.0806753E+07
  7.8299980E+03  1.0663750E+07
  7.8499980E+03  1.0558739E+07
  7.8699995E+03  1.0551365E+07
  7.8900000E+03  1.0460418E+07
  7.9099995E+03  1.0367850E+07
  7.9300000E+03  1.0272484E+07
  7.9499985E+03  1.0203581E+07
  7.9699990E+03  1.0266899E+07
  7.9900000E+03  1.0114652E+07
  8.0099980E+03  1.0076541E+07
  8.0299985E+03  9.9995320E+06
  8.0500000E+03  9.9475780E+06
  8.0699985E+03  9.8994920E+06
  8.0899990E+03  9.8068580E+06
  8.1099995E+03  9.8089520E+06
  8.1299976E+03  9.7601860E+06
  8.1499976E+03  9.6885200E+06
  8.1699980E+03  9.6270320E+06
  8.1899985E+03  9.3812450E+06
  8.2099990E+03  9.3769540E+06
  8.2300000E+03  9.3191950E+06
  8.2500000E+03  9.2862430E+06
  8.2700000E+03  9.3416340E+06
  8.2899980E+03  9.2461870E+06
  8.3099990E+03  9.1089890E+06
  8.3299980E+03  8.9116550E+06
  8.3500000E+03  8.8998090E+06
  8.3699990E+03  8.7917250E+06
  8.3899990E+03  8.6508490E+06
  8.4099971E+03  8.6113540E+06
  8.4300000E+03  8.6166560E+06
  8.4499990E+03  8.5004690E+06
  8.4699980E+03  8.2130385E+06
  8.4899980E+03  8.7247480E+06
  8.5099990E+03  7.8457340E+06
  8.5299990E+03  8.8289910E+06
  8.5499990E+03  7.4163900E+06
  8.5699990E+03  8.9421980E+06
  8.5900000E+03  8.2174735E+06
  8.6099980E+03  7.9587905E+06
  8.6299990E+03  8.8987170E+06
  8.6499990E+03  8.5862270E+06
  8.6699990E+03  6.9879825E+06
  8.6899990E+03  8.4659570E+06
  8.7099971E+03  8.8000650E+06
  8.7299990E+03  8.5333900E+06
  8.7499980E+03  7.0836905E+06
  8.7699980E+03  8.2754735E+06
  8.7899980E+03  8.6503610E+06
  8.8099990E+03  8.6067600E+06
  8.8299980E+03  8.3784095E+06
  8.8499980E+03  7.8470740E+06
  8.8699980E+03  6.8435215E+06
  8.8899990E+03  8.1946685E+06
  8.9099971E+03  8.3662505E+06
  8.9299980E+03  8.3151155E+06
  8.9499980E+03  8.3485415E+06
  8.9699990E+03  8.2397160E+06
  8.9899990E+03  8.0185045E+06
  9.0099980E+03  6.7025745E+06
  9.0299990E+03  7.3215885E+06
  9.0499990E+03  7.9852100E+06
  9.0699980E+03  7.8511175E+06
  9.0899990E+03  7.7208580E+06
  9.1099980E+03  7.8844600E+06
  9.1299980E+03  7.9331135E+06
  9.1499980E+03  7.9178195E+06
  9.1699980E+03  7.8188050E+06
  9.1899990E+03  7.6884580E+06
  9.2099990E+03  7.2971305E+06
  9.2299980E+03  6.0255795E+06
  9.2499980E+03  7.0584770E+06
  9.2699971E+03  7.3314295E+06
  9.2899990E+03  7.5543835E+06
  9.3099980E+03  7.5506490E+06
  9.3299990E+03  7.4927770E+06
  9.3499980E+03  7.4689465E+06
  9.3699990E+03  7.4469630E+06
  9.3900000E+03  7.3511825E+06
  9.4099980E+03  7.0698010E+06
  9.4299971E+03  7.2292185E+06
  9.4499990E+03  7.1792435E+06
  9.4700000E+03  7.1859165E+06
  9.4899980E+03  7.1372580E+06
  9.5100000E+03  6.9910465E+06
  9.5300000E+03  6.6195170E+06
  9.5500000E+03  5.5459195E+06
  9.5699990E+03  6.6124275E+06
  9.5899980E+03  6.8564640E+06
  9.6099980E+03  6.8157165E+06
  9.6299990E+03  6.7187805E+06
  9.6499990E+03  6.7787480E+06
  9.6699980E+03  6.6814410E+06
  9.6899980E+03  6.6707405E+06
  9.7100000E+03  6.7327905E+06
  9.7299990E+03  6.6832560E+06
  9.7499980E+03  6.5825505E+06
  9.7699961E+03  6.6061505E+06
  9.7899980E+03  6.5677850E+06
  9.8099980E+03  6.5296795E+06
  9.8299990E+03  6.4879300E+06
  9.8499980E+03  6.4014250E+06
  9.8700000E+03  6.3677715E+06
  9.8899980E+03  6.3143140E+06
  9.9099990E+03  6.2838655E+06
  9.9300000E+03  6.2769155E+06
  9.9499980E+03  6.2368690E+06
  9.9699980E+03  6.2167990E+06
  9.9899990E+03  6.1598435E+06
  1.0024998E+04  5.7697915E+06
  1.0074998E+04  5.5081650E+06
  1.0124997E+04  5.8776120E+06
  1.0174997E+04  5.8483720E+06
  1.0224998E+04  5.8010435E+06
  1.0274997E+04  5.7372300E+06
  1.0325000E+04  5.6231335E+06
  1.0374999E+04  5.5606650E+06
  1.0425000E+04  5.4835345E+06
  1.0474998E+04  5.3413570E+06
  1.0524997E+04  5.2948105E+06
  1.0574999E+04  5.2424995E+06
  1.0625000E+04  5.1675775E+06
  1.0674997E+04  5.0055610E+06
  1.0724998E+04  4.9966610E+06
  1.0774999E+04  4.9338460E+06
  1.0824997E+04  4.8594400E+06
  1.0874997E+04  4.7670765E+06
  1.0924999E+04  4.2125200E+06
  1.0974996E+04  4.4913755E+06
  1.1025000E+04  4.6376200E+06
  1.1074998E+04  4.6001415E+06
  1.1124999E+04  4.5241835E+06
  1.1174998E+04  4.4668960E+06
  1.1224999E+04  4.4233030E+06
  1.1274997E+04  4.2733265E+06
  1.1325000E+04  4.2274490E+06
  1.1375000E+04  4.2232675E+06
  1.1425000E+04  4.1315462E+06
  1.1474997E+04  4.1456905E+06
  1.1525000E+04  4.0961810E+06
  1.1574998E+04  4.0299405E+06
  1.1625000E+04  3.9217522E+06
  1.1674998E+04  3.8534088E+06
  1.1724997E+04  3.8877535E+06
  1.1775001E+04  3.7550855E+06
  1.1824999E+04  3.7409102E+06
  1.1875000E+04  3.6667288E+06
  1.1925000E+04  3.7043945E+06
  1.1975001E+04  3.5989135E+06
  1.2024998E+04  3.5896312E+06
  1.2074996E+04  3.5297355E+06
  1.2125000E+04  3.4945318E+06
  1.2175000E+04  3.4684298E+06
  1.2225001E+04  3.4174285E+06
  1.2275001E+04  3.3738930E+06
  1.2324996E+04  3.3319445E+06
  1.2374996E+04  3.2962178E+06
  1.2424998E+04  3.2653488E+06
  1.2475000E+04  3.2179222E+06
  1.2524997E+04  3.1730715E+06
  1.2574997E+04  3.1147728E+06
  1.2624999E+04  3.0934580E+06
  1.2674997E+04  3.0620665E+06
  1.2724999E+04  3.0243225E+06
  1.2774999E+04  2.9295962E+06
  1.2825000E+04  2.5623155E+06
  1.2875001E+04  2.8729002E+06
  1.2924997E+04  2.8759750E+06
  1.2975001E+04  2.8542982E+06
  1.3024998E+04  2.8215462E+06
  1.3074999E+04  2.7956000E+06
  1.3125000E+04  2.7537832E+06
  1.3174998E+04  2.7094822E+06
  1.3224998E+04  2.6963572E+06
  1.3274997E+04  2.6613332E+06
  1.3324997E+04  2.6339718E+06
  1.3374999E+04  2.6006265E+06
  1.3424999E+04  2.5731388E+06
  1.3474999E+04  2.5424595E+06
  1.3525001E+04  2.5053660E+06
  1.3574999E+04  2.4681372E+06
  1.3624997E+04  2.4541150E+06
  1.3674997E+04  2.4204880E+06
  1.3724995E+04  2.3666872E+06
  1.3774998E+04  2.3606545E+06
  1.3824998E+04  2.3369082E+06
  1.3874996E+04  2.3226408E+06
  1.3925000E+04  2.2813155E+06
  1.3974996E+04  2.2632858E+06
  1.4024997E+04  2.2366425E+06
  1.4075001E+04  2.2177360E+06
  1.4124996E+04  2.1829932E+06
  1.4175000E+04  2.1659315E+06
  1.4225000E+04  2.1323005E+06
  1.4274994E+04  2.1055588E+06
  1.4325001E+04  2.0918020E+06
  1.4374998E+04  2.0752710E+06
  1.4424999E+04  1.9979031E+06
  1.4475000E+04  2.0227818E+06
  1.4524997E+04  1.9731670E+06
  1.4569999E+04  1.9780338E+06
  1.4620000E+04  1.9907886E+06
  1.4674998E+04  2.0224276E+06
  1.4725000E+04  1.9727494E+06
  1.4775002E+04  1.9245595E+06
  1.4824998E+04  1.8946308E+06
  1.4874996E+04  1.8504169E+06
  1.4924997E+04  1.8407454E+06
  1.4974999E+04  1.7984020E+06
  1.5024999E+04  1.7665938E+06
  1.5075000E+04  1.7323488E+06
  1.5124999E+04  1.7247020E+06
  1.5175000E+04  1.7050116E+06
  1.5225002E+04  1.6936684E+06
  1.5274998E+04  1.6580571E+06
  1.5324995E+04  1.6395564E+06
  1.5374997E+04  1.6481931E+06
  1.5425001E+04  1.5814414E+06
  1.5474996E+04  1.6151621E+06
  1.5524994E+04  1.6041505E+06
  1.5575001E+04  1.5138234E+06
  1.5624998E+04  1.6119210E+06
  1.5674997E+04  1.5301884E+06
  1.5724994E+04  1.4651236E+06
  1.5774996E+04  1.5515889E+06
  1.5825001E+04  1.5393916E+06
  1.5874995E+04  1.3666346E+06
  1.5925002E+04  1.4829074E+06
  1.5975001E+04  1.5175571E+06
  1.6049998E+04  1.4606749E+06
  1.6150001E+04  1.3653660E+06
  1.6249997E+04  1.4378099E+06
  1.6350000E+04  1.3668634E+06
  1.6449996E+04  1.2755211E+06
  1.6549998E+04  1.3482906E+06
  1.6649994E+04  1.3227944E+06
  1.6749998E+04  1.2547856E+06
  1.6849998E+04  1.1700889E+06
  1.6950000E+04  1.2406118E+06
  1.7049996E+04  1.2093719E+06
  1.7150000E+04  1.1917994E+06
  1.7249992E+04  1.1500550E+06
  1.7349994E+04  1.0301570E+06
  1.7449992E+04  1.0915155E+06
  1.7550000E+04  1.0870250E+06
  1.7649998E+04  1.0645358E+06
  1.7749994E+04  1.0464411E+06
  1.7849994E+04  1.0242496E+06
  1.7949998E+04  1.0089751E+06
  1.8050002E+04  9.7836500E+05
  1.8150002E+04  8.8704594E+05
  1.8249994E+04  9.2515350E+05
  1.8349992E+04  9.2720338E+05
  1.8449992E+04  9.0910044E+05
  1.8549998E+04  8.8895662E+05
  1.8650002E+04  8.6766450E+05
  1.8750002E+04  7.7989675E+05
  1.8850000E+04  8.3109269E+05
  1.8950004E+04  8.1542006E+05
  1.9049996E+04  8.1232206E+05
  1.9149998E+04  7.9566238E+05
  1.9249992E+04  7.7964038E+05
  1.9350000E+04  7.5808938E+05
  1.9449992E+04  6.8424000E+05
  1.9550002E+04  7.3106612E+05
  1.9649992E+04  7.2293256E+05
  1.9749992E+04  7.0829000E+05
  1.9849992E+04  6.9761475E+05
  1.9950002E+04  6.8505325E+05
  2.0050002E+04  6.7333569E+05
  2.0149996E+04  6.6195588E+05
  2.0249994E+04  6.4824069E+05
  2.0349994E+04  6.3513531E+05
  2.0449996E+04  6.2688494E+05
  2.0550000E+04  6.1526744E+05
  2.0649992E+04  6.0244112E+05
  2.0749998E+04  5.9245688E+05
  2.0849992E+04  5.8247212E+05
  2.0950004E+04  5.7155088E+05
  2.1050002E+04  5.6204394E+05
  2.1149992E+04  5.5074575E+05
  2.1250000E+04  5.4131919E+05
  2.1350002E+04  5.3215238E+05
  2.1449996E+04  5.2454138E+05
  2.1550006E+04  5.1241550E+05
  2.1649994E+04  4.6447597E+05
  2.1750002E+04  4.9187019E+05
  2.1849998E+04  4.8848319E+05
  2.1950002E+04  4.8232984E+05
  2.2050000E+04  4.7226206E+05
  2.2149996E+04  4.6441403E+05
  2.2249998E+04  4.5848334E+05
  2.2350004E+04  4.5083728E+05
  2.2449990E+04  4.4336212E+05
  2.2549994E+04  4.3394859E+05
  2.2650000E+04  4.2830388E+05
  2.2750000E+04  4.2171531E+05
  2.2850000E+04  4.1614900E+05
  2.2950004E+04  4.1432550E+05
  2.3050000E+04  4.0771781E+05
  2.3149996E+04  3.9934566E+05
  2.3250000E+04  3.9237031E+05
  2.3349996E+04  3.8458775E+05
  2.3449994E+04  3.7797150E+05
  2.3550002E+04  3.7105247E+05
  2.3649988E+04  3.6478962E+05
  2.3750000E+04  3.5791012E+05
  2.3849990E+04  3.5176278E+05
  2.3950002E+04  3.4622369E+05
  2.4050006E+04  3.4015234E+05
  2.4149992E+04  3.3431847E+05
  2.4249990E+04  3.3071494E+05
  2.4349990E+04  3.2403297E+05
  2.4450002E+04  3.1870288E+05
  2.4549990E+04  3.1557456E+05
  2.4649992E+04  3.0949134E+05
  2.4749992E+04  3.0494138E+05
  2.4850006E+04  3.0333362E+05
  2.4950000E+04  2.9045544E+05
  2.5050006E+04  2.9820912E+05
  2.5149994E+04  2.9160794E+05
  2.5249998E+04  2.7663972E+05
  2.5350004E+04  2.8204147E+05
  2.5449988E+04  2.7977156E+05
  2.5549998E+04  2.7323431E+05
  2.5649990E+04  2.5793811E+05
  2.5749990E+04  2.6636453E+05
  2.5849994E+04  2.6308981E+05
  2.5949990E+04  2.6024375E+05
  2.6049996E+04  2.5300319E+05
  2.6149998E+04  2.3863752E+05
  2.6249988E+04  2.2925067E+05
  2.6350008E+04  2.4293948E+05
  2.6449996E+04  2.4182778E+05
  2.6549994E+04  2.3837416E+05
  2.6649994E+04  2.3288606E+05
  2.6749988E+04  2.1767548E+05
  2.6849986E+04  2.2728194E+05
  2.6949986E+04  2.2620006E+05
  2.7050002E+04  2.2312481E+05
  2.7149998E+04  2.2018612E+05
  2.7249994E+04  2.1712212E+05
  2.7350006E+04  2.1407652E+05
  2.7450004E+04  2.1029978E+05
  2.7549996E+04  1.9569209E+05
  2.7649982E+04  2.0055725E+05
  2.7750004E+04  2.0215706E+05
  2.7850000E+04  1.9990652E+05
  2.7949992E+04  1.9736477E+05
  2.8049994E+04  1.9466720E+05
  2.8150002E+04  1.9204562E+05
  2.8250006E+04  1.8945630E+05
  2.8350000E+04  1.8703003E+05
  2.8450000E+04  1.8408848E+05
  2.8550002E+04  1.8167802E+05
  2.8650002E+04  1.7676773E+05
  2.8749982E+04  1.6516225E+05
  2.8849998E+04  1.7372342E+05
  2.8949986E+04  1.7237714E+05
  2.9049994E+04  1.7039323E+05
  2.9149986E+04  1.6775430E+05
  2.9249984E+04  1.6583866E+05
  2.9349980E+04  1.6384898E+05
  2.9450000E+04  1.6166503E+05
  2.9550004E+04  1.5967095E+05
  2.9649982E+04  1.5764891E+05
  2.9749992E+04  1.5560325E+05
  2.9849994E+04  1.5365336E+05
  2.9949984E+04  1.5159173E+05
  3.0049996E+04  1.4965400E+05
  3.0149994E+04  1.4769730E+05
  3.0249994E+04  1.4540084E+05
  3.0349996E+04  1.3639933E+05
  3.0449996E+04  1.3815406E+05
  3.0549996E+04  1.4015741E+05
  3.0649996E+04  1.3873102E+05
  3.0749994E+04  1.3715688E+05
  3.0849996E+04  1.3514491E+05
  3.0949994E+04  1.3361230E+05
  3.1049996E+04  1.3199888E+05
  3.1149996E+04  1.2994138E+05
  3.1249996E+04  1.2870986E+05
  3.1349996E+04  1.2721159E+05
  3.1449996E+04  1.2565355E+05
  3.1549998E+04  1.2421488E+05
  3.1649996E+04  1.2288588E+05
  3.1749998E+04  1.2121607E+05
  3.1849996E+04  1.1996959E+05
  3.1949994E+04  1.1854444E+05
  3.2099996E+04  1.1639347E+05
  3.2299992E+04  1.1373241E+05
  3.2499994E+04  1.1104577E+05
  3.2699996E+04  1.0835979E+05
  3.2899996E+04  1.0157151E+05
  3.3099996E+04  1.0293012E+05
  3.3299992E+04  1.0143248E+05
  3.3499996E+04  9.9137281E+04
  3.3699996E+04  9.6550938E+04
  3.3899996E+04  9.4326695E+04
  3.4099996E+04  9.2157555E+04
  3.4299996E+04  9.0195766E+04
  3.4499992E+04  8.8295312E+04
  3.4699996E+04  8.6263555E+04
  3.4899996E+04  8.4355969E+04
  3.5099996E+04  8.2541180E+04
  3.5299996E+04  8.0737805E+04
  3.5499996E+04  7.8957758E+04
  3.5699992E+04  7.7138531E+04
  3.5899992E+04  7.5810828E+04
  3.6099996E+04  7.3845711E+04
  3.6299992E+04  7.2754055E+04
  3.6499992E+04  7.0644008E+04
  3.6699992E+04  6.9781039E+04
  3.6899992E+04  6.7366570E+04
  3.7099996E+04  6.6724297E+04
  3.7299996E+04  6.4388703E+04
  3.7499992E+04  6.1793613E+04
  3.7699996E+04  6.2844062E+04
  3.7899996E+04  6.1728824E+04
  3.8099992E+04  5.9756281E+04
  3.8299996E+04  5.8797375E+04
  3.8499996E+04  5.8233820E+04
  3.8699996E+04  5.6976949E+04
  3.8899992E+04  5.5712918E+04
  3.9099996E+04  5.3577168E+04
  3.9299992E+04  5.3745500E+04
  3.9499992E+04  5.2729363E+04
  3.9699992E+04  5.1745266E+04
  3.9900000E+04  5.0586500E+04
  4.0099996E+04  4.9080426E+04
  4.0299992E+04  4.7886996E+04
  4.0499996E+04  4.6292062E+04
  4.0699992E+04  4.6898047E+04
  4.0899992E+04  4.6050898E+04
  4.1099996E+04  4.5289328E+04
  4.1299996E+04  4.4449770E+04
  4.1499992E+04  4.3510516E+04
  4.1699992E+04  4.1523430E+04
  4.1899996E+04  4.1896188E+04
  4.2099996E+04  4.1161105E+04
  4.2299992E+04  4.0541203E+04
  4.2499996E+04  3.9783012E+04
  4.2699992E+04  3.9088887E+04
  4.2899992E+04  3.8391605E+04
  4.3099996E+04  3.7701496E+04
  4.3299996E+04  3.7014438E+04
  4.3499992E+04  3.6346363E+04
  4.3699996E+04  3.4680855E+04
  4.3899996E+04  3.4862094E+04
  4.4099992E+04  3.4449750E+04
  4.4299992E+04  3.3882156E+04
  4.4499996E+04  3.3294812E+04
  4.4699996E+04  3.2812766E+04
  4.4899996E+04  3.2244531E+04
  4.5099992E+04  3.1707291E+04
  4.5299992E+04  3.1165406E+04
  4.5499996E+04  3.0639078E+04
  4.5699992E+04  3.0104523E+04
  4.5899996E+04  2.9595973E+04
  4.6099996E+04  2.9119920E+04
  4.6299992E+04  2.8598250E+04
  4.6499988E+04  2.7152318E+04
  4.6699992E+04  2.6688768E+04
  4.6899992E+04  2.7134732E+04
  4.7099992E+04  2.6784207E+04
  4.7299992E+04  2.6357797E+04
  4.7499996E+04  2.5912555E+04
  4.7699992E+04  2.5498684E+04
  4.7899992E+04  2.5100656E+04
  4.8099996E+04  2.4693691E+04
  4.8299992E+04  2.4299061E+04
  4.8499992E+04  2.3911684E+04
  4.8700000E+04  2.3533006E+04
  4.8899992E+04  2.3161301E+04
  4.9099988E+04  2.2783920E+04
  4.9299988E+04  2.2438230E+04
  4.9499996E+04  2.2085066E+04
  4.9699992E+04  2.1744488E+04
  4.9899988E+04  2.1404109E+04
  5.0099996E+04  2.1074455E+04
  5.0299996E+04  2.0749361E+04
  5.0499996E+04  2.0434656E+04
  5.0699996E+04  2.0125729E+04
  5.0899992E+04  1.9815201E+04
  5.1099992E+04  1.9461295E+04
  5.1299996E+04  1.8568312E+04
  5.1499988E+04  1.8907324E+04
  5.1699996E+04  1.8649971E+04
  5.1899992E+04  1.8375043E+04
  5.2099992E+04  1.8095447E+04
  5.2299996E+04  1.7829223E+04
  5.2499996E+04  1.7570625E+04
  5.2699996E+04  1.7311363E+04
  5.2899992E+04  1.7059553E+04
  5.3099988E+04  1.6809701E+04
  5.3299988E+04  1.6565762E+04
  5.3499992E+04  1.6324992E+04
  5.3699992E+04  1.6082120E+04
  5.3899992E+04  1.5856661E+04
  5.4099992E+04  1.5631513E+04
  5.4299984E+04  1.5401588E+04
  5.4499988E+04  1.5186016E+04
  5.4699996E+04  1.4956810E+04
  5.4899992E+04  1.4759291E+04
  5.5099992E+04  1.4554310E+04
  5.5299988E+04  1.4346978E+04
  5.5499988E+04  1.4148363E+04
  5.5699992E+04  1.3946152E+04
  5.5899992E+04  1.3740442E+04
  5.6099988E+04  1.3564842E+04
  5.6299996E+04  1.3378304E+04
  5.6499988E+04  1.3197611E+04
  5.6699988E+04  1.3015609E+04
  5.6899992E+04  1.2838162E+04
  5.7099996E+04  1.2665190E+04
  5.7299988E+04  1.2493173E+04
  5.7499988E+04  1.2324373E+04
  5.7699988E+04  1.2156479E+04
  5.7899996E+04  1.1990603E+04
  5.8099988E+04  1.1833421E+04
  5.8299996E+04  1.1678105E+04
  5.8499992E+04  1.1534545E+04
  5.8699988E+04  1.1377358E+04
  5.8899988E+04  1.1186201E+04
  5.9099992E+04  1.0720382E+04
  5.9299988E+04  1.0920098E+04
  5.9499996E+04  1.0773379E+04
  5.9699988E+04  1.0653753E+04
  5.9899992E+04  1.0514479E+04
  6.0099992E+04  1.0375257E+04
  6.0299992E+04  1.0246763E+04
  6.0499988E+04  1.0115108E+04
  6.0699992E+04  9.9832236E+03
  6.0899992E+04  9.8527500E+03
  6.1099988E+04  9.7196328E+03
  6.1299992E+04  9.6074863E+03
  6.1499988E+04  9.4863350E+03
  6.1699988E+04  9.3669443E+03
  6.1899996E+04  9.2475156E+03
  6.2099996E+04  9.1333398E+03
  6.2299988E+04  9.0103447E+03
  6.2499992E+04  8.9045479E+03
  6.2699988E+04  8.7917715E+03
  6.2899996E+04  8.6870059E+03
  6.3099984E+04  8.5730811E+03
  6.3299996E+04  8.4722607E+03
  6.3499984E+04  8.3684326E+03
  6.3699984E+04  8.2673164E+03
  6.3900000E+04  8.1652661E+03
  6.4199992E+04  8.0188462E+03
  6.4599984E+04  7.8247012E+03
  6.4999992E+04  7.6367593E+03
  6.5399992E+04  7.4579263E+03
  6.5799992E+04  7.2816465E+03
  6.6199984E+04  7.1096733E+03
  6.6599984E+04  6.9446899E+03
  6.6999992E+04  6.7834614E+03
  6.7399992E+04  6.6261426E+03
  6.7799992E+04  6.4751665E+03
  6.8199992E+04  6.3278330E+03
  6.8599992E+04  6.1838066E+03
  6.8999984E+04  6.0422114E+03
  6.9399984E+04  5.9068218E+03
  6.9800000E+04  5.7759844E+03
  7.0199992E+04  5.6473579E+03
  7.0599984E+04  5.5230806E+03
  7.0999977E+04  5.4044517E+03
  7.1399977E+04  5.2854658E+03
  7.1799984E+04  5.1705405E+03
  7.2199984E+04  5.0554473E+03
  7.2600000E+04  4.9498584E+03
  7.2999984E+04  4.8459946E+03
  7.3400000E+04  4.7422031E+03
  7.3799984E+04  4.6428643E+03
  7.4199992E+04  4.5434683E+03
  7.4599992E+04  4.3874434E+03
  7.5000000E+04  4.2827007E+03
  7.5399992E+04  4.2659429E+03
  7.5799992E+04  4.1795991E+03
  7.6199984E+04  4.0947654E+03
  7.6599992E+04  4.0115325E+03
  7.6999992E+04  3.9299951E+03
  7.7399992E+04  3.8513081E+03
  7.7799984E+04  3.7742781E+03
  7.8199984E+04  3.6989863E+03
  7.8599984E+04  3.6255769E+03
  7.8999984E+04  3.5539443E+03
  7.9399984E+04  3.4839253E+03
  7.9800000E+04  3.4157778E+03
  8.0199992E+04  3.3488154E+03
  8.0599984E+04  3.2839385E+03
  8.0999992E+04  3.2211514E+03
  8.1399977E+04  3.1585854E+03
  8.1799984E+04  3.0984360E+03
  8.2199984E+04  3.0400859E+03
  8.2599992E+04  2.9824414E+03
  8.2999984E+04  2.9262581E+03
  8.3400000E+04  2.8700356E+03
  8.3799992E+04  2.8161475E+03
  8.4199992E+04  2.7646387E+03
  8.4599977E+04  2.7143977E+03
  8.4999977E+04  2.6647163E+03
  8.5399984E+04  2.6155852E+03
  8.5799984E+04  2.5678674E+03
  8.6199992E+04  2.5211233E+03
  8.6599992E+04  2.4760352E+03
  8.6999984E+04  2.4315190E+03
  8.7399992E+04  2.3878103E+03
  8.7799992E+04  2.3454309E+03
  8.8199984E+04  2.3031394E+03
  8.8599977E+04  2.2627146E+03
  8.8999992E+04  2.2228252E+03
  8.9399977E+04  2.1841248E+03
  8.9799977E+04  2.1455559E+03
  9.0199984E+04  2.1086487E+03
  9.0599984E+04  2.0724919E+03
  9.0999992E+04  2.0362056E+03
  9.1400000E+04  2.0015558E+03
  9.1799969E+04  1.9676118E+03
  9.2199969E+04  1.9342677E+03
  9.2599984E+04  1.9014684E+03
  9.3000000E+04  1.8694652E+03
  9.3399984E+04  1.8380271E+03
  9.3799984E+04  1.8072694E+03
  9.4199977E+04  1.7772220E+03
  9.4599984E+04  1.7477427E+03
  9.4999969E+04  1.7188220E+03
  9.5399984E+04  1.6902399E+03
  9.5799984E+04  1.6630190E+03
  9.6199992E+04  1.6357026E+03
  9.6599984E+04  1.6093464E+03
  9.7000000E+04  1.5832876E+03
  9.7399977E+04  1.5573646E+03
  9.7799984E+04  1.5325989E+03
  9.8199977E+04  1.5080282E+03
  9.8599977E+04  1.4841536E+03
  9.8999992E+04  1.4607294E+03
  9.9399984E+04  1.4375581E+03
  9.9799977E+04  1.4148240E+03
  1.0019999E+05  1.3926311E+03
  1.9999991E+05  8.9578712E+01
  3.9999994E+05  5.5904846E+00
  5.9999981E+05  1.0960845E+00
  7.9999994E+05  3.4431642E-01
