  5.0599994E+02  7.9470689E-15
  5.1199994E+02  1.5979368E-14
  5.2000000E+02  3.4797648E-14
  5.2999994E+02  8.8995651E-14
  5.3999994E+02  2.1795223E-13
  5.4999988E+02  5.2015331E-13
  5.5999988E+02  1.2032394E-12
  5.6999988E+02  2.7096029E-12
  5.7999994E+02  5.9213394E-12
  5.8999988E+02  1.2776028E-11
  5.9999988E+02  2.6840145E-11
  6.0999988E+02  5.5309209E-11
  6.1999994E+02  1.1181446E-10
  6.2999988E+02  2.2212925E-10
  6.3999994E+02  4.3413517E-10
  6.4999994E+02  8.3531310E-10
  6.5799994E+02  1.3946374E-09
  6.6499988E+02  2.1660507E-09
  6.7499994E+02  4.0176595E-09
  6.8499988E+02  7.3512032E-09
  6.9499994E+02  1.3264530E-08
  7.0499988E+02  2.3588223E-08
  7.1599988E+02  4.3897185E-08
  7.2599994E+02  7.6093393E-08
  7.3499982E+02  1.2352400E-07
  7.4499994E+02  2.0912154E-07
  7.5499982E+02  3.4987062E-07
  7.6499994E+02  5.7852958E-07
  7.7499994E+02  9.4543145E-07
  7.8499982E+02  1.5279023E-06
  7.9499982E+02  2.4376413E-06
  8.0500000E+02  3.8568878E-06
  8.1499976E+02  6.0353318E-06
  8.2500000E+02  9.3421486E-06
  8.3499994E+02  1.4315560E-05
  8.4499994E+02  2.1720487E-05
  8.5499988E+02  3.2641696E-05
  8.6499994E+02  4.8595532E-05
  8.7499982E+02  7.1678325E-05
  8.8499982E+02  1.0483448E-04
  8.9499988E+02  1.5198661E-04
  9.0499994E+02  2.1849391E-04
  9.1499982E+02  8.6967321E-03
  9.2499988E+02  2.7129628E-02
  9.3499982E+02  3.6730215E-02
  9.4500000E+02  4.8927512E-02
  9.5500000E+02  6.9309540E-02
  9.6499988E+02  9.1652267E-02
  9.7499982E+02  1.1344498E-01
  9.8499976E+02  1.4953229E-01
  9.9499988E+02  1.8534419E-01
  1.0049999E+03  2.5477347E-01
  1.0149997E+03  3.2276428E-01
  1.0249998E+03  3.5419464E-01
  1.0349998E+03  5.1092720E-01
  1.0449998E+03  6.4640003E-01
  1.0549999E+03  8.0215603E-01
  1.0649999E+03  9.6941370E-01
  1.0750000E+03  1.2184552E+00
  1.0849996E+03  1.5089812E+00
  1.0949999E+03  1.7997350E+00
  1.1049999E+03  1.4003942E+01
  1.1149999E+03  2.7122904E+01
  1.1249999E+03  3.8395893E+01
  1.1349996E+03  5.2300632E+01
  1.1449999E+03  6.5379616E+01
  1.1549999E+03  7.0391853E+01
  1.1650000E+03  9.2926872E+01
  1.1749995E+03  1.1136433E+02
  1.1849996E+03  1.1170605E+02
  1.1949998E+03  7.3709671E+01
  1.2049996E+03  7.5794205E+01
  1.2149998E+03  1.4940450E+01
  1.2249996E+03  9.2886322E+01
  1.2349996E+03  2.0490277E+02
  1.2449998E+03  4.3437848E+02
  1.2549996E+03  6.3849884E+02
  1.2650000E+03  6.6625287E+02
  1.2749998E+03  9.2420557E+02
  1.2849995E+03  1.2349739E+03
  1.2949998E+03  1.4728091E+03
  1.3049995E+03  1.4832855E+03
  1.3149998E+03  2.0100421E+03
  1.3249998E+03  2.3149573E+03
  1.3349996E+03  2.5949456E+03
  1.3449995E+03  3.1337778E+03
  1.3549996E+03  3.3374087E+03
  1.3649999E+03  3.8010469E+03
  1.3749999E+03  4.0695645E+03
  1.3849996E+03  4.2743794E+03
  1.3949999E+03  4.8777212E+03
  1.4050001E+03  5.4734365E+03
  1.4149998E+03  5.9608213E+03
  1.4249998E+03  6.5473882E+03
  1.4350000E+03  6.9709033E+03
  1.4419998E+03  8.3388574E+03
  1.4469999E+03  8.3709307E+03
  1.4549994E+03  9.4018496E+03
  1.4650000E+03  9.8719678E+03
  1.4749995E+03  1.0869658E+04
  1.4849996E+03  1.1965397E+04
  1.4949998E+03  1.3941836E+04
  1.5049996E+03  1.5727147E+04
  1.5119995E+03  1.5443443E+04
  1.5169994E+03  1.6135453E+04
  1.5250001E+03  2.4349039E+04
  1.5349994E+03  2.9713680E+04
  1.5449994E+03  3.2830855E+04
  1.5549998E+03  3.7394039E+04
  1.5649999E+03  3.5780973E+04
  1.5750001E+03  5.4501645E+04
  1.5850000E+03  6.5447004E+04
  1.5949996E+03  7.7595320E+04
  1.6049999E+03  7.6331578E+04
  1.6150000E+03  7.9960750E+04
  1.6249996E+03  7.2188680E+04
  1.6350000E+03  9.0698625E+04
  1.6449996E+03  1.2849323E+05
  1.6549999E+03  7.9865586E+04
  1.6649993E+03  1.3808358E+05
  1.6720000E+03  9.3197344E+04
  1.6770001E+03  1.2327719E+06
  1.6849998E+03  1.2502062E+06
  1.6950000E+03  8.0785119E+05
  1.7049995E+03  1.1030790E+06
  1.7150000E+03  1.8614900E+06
  1.7249993E+03  2.1209112E+06
  1.7349994E+03  2.6859950E+06
  1.7449993E+03  2.4465812E+06
  1.7550001E+03  3.2211628E+06
  1.7649998E+03  2.1389398E+06
  1.7749995E+03  2.9715365E+06
  1.7849995E+03  3.1675990E+06
  1.7949999E+03  4.4886075E+06
  1.8050001E+03  3.6338610E+06
  1.8150001E+03  3.8137318E+06
  1.8249994E+03  3.6069120E+06
  1.8349993E+03  3.3253695E+06
  1.8449993E+03  2.2525258E+06
  1.8549998E+03  3.4366655E+06
  1.8650002E+03  4.7325770E+06
  1.8750001E+03  4.2323755E+06
  1.8850000E+03  4.4136360E+06
  1.8950002E+03  5.1360585E+06
  1.9049996E+03  4.8072855E+06
  1.9149999E+03  5.3883800E+06
  1.9249993E+03  4.5355915E+06
  1.9350001E+03  2.2943712E+06
  1.9449993E+03  5.7817170E+06
  1.9550002E+03  6.1050640E+06
  1.9670002E+03  7.2981680E+06
  1.9759990E+03  6.5921505E+06
  1.9839996E+03  6.8934050E+06
  1.9950001E+03  6.9485025E+06
  2.0050002E+03  6.0858860E+06
  2.0149996E+03  6.4339860E+06
  2.0249994E+03  5.1905930E+06
  2.0349995E+03  7.0117145E+06
  2.0449998E+03  7.8736025E+06
  2.0550000E+03  7.5576320E+06
  2.0649993E+03  7.0226480E+06
  2.0739993E+03  8.5450580E+06
  2.0780002E+03  1.0539243E+07
  2.0849993E+03  1.0670523E+07
  2.0950005E+03  9.9242660E+06
  2.1050002E+03  8.8456490E+06
  2.1149990E+03  9.5884050E+06
  2.1250000E+03  9.0411760E+06
  2.1350002E+03  7.7614070E+06
  2.1449998E+03  9.7191860E+06
  2.1550005E+03  9.5959270E+06
  2.1649995E+03  8.4610190E+06
  2.1750002E+03  8.6031880E+06
  2.1849998E+03  9.8826620E+06
  2.1950000E+03  1.0525482E+07
  2.2050000E+03  9.8126750E+06
  2.2149998E+03  8.0940920E+06
  2.2249998E+03  8.4377560E+06
  2.2350005E+03  1.0741117E+07
  2.2449990E+03  9.8712610E+06
  2.2549993E+03  8.1354725E+06
  2.2650000E+03  8.0527740E+06
  2.2750000E+03  8.6845580E+06
  2.2850000E+03  1.0381539E+07
  2.2950002E+03  8.8285410E+06
  2.3050000E+03  1.0038367E+07
  2.3149995E+03  9.3001880E+06
  2.3250000E+03  6.9557580E+06
  2.3349995E+03  6.9594650E+06
  2.3449993E+03  4.8042005E+06
  2.3550000E+03  8.6846560E+06
  2.3649988E+03  5.2894130E+06
  2.3750000E+03  7.0288990E+06
  2.3849990E+03  4.0529020E+06
  2.3950000E+03  5.2682620E+06
  2.4050005E+03  5.3159875E+06
  2.4149993E+03  5.7350125E+06
  2.4249990E+03  8.7869470E+06
  2.4349990E+03  8.3349645E+06
  2.4450000E+03  9.7106970E+06
  2.4549990E+03  9.9499190E+06
  2.4649990E+03  9.7050500E+06
  2.4749993E+03  8.4428830E+06
  2.4850005E+03  7.2378885E+06
  2.4950000E+03  7.0873935E+06
  2.5050005E+03  1.0406791E+07
  2.5129988E+03  5.4516600E+06
  2.5179990E+03  3.8355910E+06
  2.5249998E+03  4.4025285E+06
  2.5350007E+03  5.8067930E+06
  2.5449988E+03  6.2707220E+06
  2.5550000E+03  8.7361560E+06
  2.5649990E+03  7.4908895E+06
  2.5749990E+03  9.0362010E+06
  2.5849993E+03  8.8440810E+06
  2.5949990E+03  8.3564660E+06
  2.6049995E+03  7.6384495E+06
  2.6149998E+03  6.6248415E+06
  2.6249990E+03  9.1758220E+06
  2.6350007E+03  1.1102487E+07
  2.6449995E+03  1.4168368E+07
  2.6549998E+03  1.6032344E+07
  2.6649995E+03  1.2140798E+07
  2.6749988E+03  1.3853943E+07
  2.6849988E+03  1.4507099E+07
  2.6949988E+03  1.2094016E+07
  2.7050000E+03  1.3526198E+07
  2.7150000E+03  1.1320556E+07
  2.7249995E+03  1.1389321E+07
  2.7350007E+03  1.2775290E+07
  2.7450002E+03  7.8841165E+06
  2.7549998E+03  9.4614790E+06
  2.7649983E+03  1.1061200E+07
  2.7750005E+03  1.1867101E+07
  2.7850000E+03  7.8161575E+06
  2.7949993E+03  3.1673555E+06
  2.8049995E+03  4.0249222E+06
  2.8150002E+03  1.1216091E+07
  2.8250007E+03  1.4926043E+07
  2.8350000E+03  1.4767034E+07
  2.8450002E+03  1.3665022E+07
  2.8550005E+03  9.9551270E+06
  2.8650000E+03  1.5802802E+07
  2.8749983E+03  1.6382223E+07
  2.8850000E+03  1.5492574E+07
  2.8949988E+03  1.5621733E+07
  2.9099988E+03  1.8845342E+07
  2.9299983E+03  1.7427800E+07
  2.9499990E+03  1.7248994E+07
  2.9700005E+03  1.8209888E+07
  2.9899980E+03  1.8532214E+07
  3.0099995E+03  1.9249770E+07
  3.0299995E+03  1.8978432E+07
  3.0499995E+03  1.9389658E+07
  3.0699995E+03  1.9841756E+07
  3.0899995E+03  2.0066706E+07
  3.1099995E+03  1.9791918E+07
  3.1299998E+03  1.9741292E+07
  3.1499995E+03  1.9845266E+07
  3.1699995E+03  2.0178986E+07
  3.1899995E+03  1.8367410E+07
  3.2099998E+03  1.9481780E+07
  3.2299993E+03  1.7734036E+07
  3.2499993E+03  1.9446388E+07
  3.2699995E+03  2.0839426E+07
  3.2899995E+03  2.0541230E+07
  3.3099998E+03  2.1210128E+07
  3.3299993E+03  2.0897686E+07
  3.3499995E+03  2.0732488E+07
  3.3699995E+03  1.9836630E+07
  3.3899993E+03  2.0230708E+07
  3.4099993E+03  1.9941934E+07
  3.4299995E+03  1.9939966E+07
  3.4499993E+03  2.0282664E+07
  3.4699998E+03  2.0208152E+07
  3.4899993E+03  2.0663242E+07
  3.5099995E+03  2.0942766E+07
  3.5299995E+03  2.0307350E+07
  3.5499995E+03  2.1726012E+07
  3.5699995E+03  1.9897694E+07
  3.5899995E+03  1.9424932E+07
  3.6099995E+03  1.9828636E+07
  3.6299993E+03  1.9915802E+07
  3.6399993E+03  2.0183272E+07
  3.6499995E+03  2.1601816E+07
  3.6699993E+03  2.1034166E+07
  3.6899995E+03  1.9660476E+07
  3.7099995E+03  1.9902336E+07
  3.7299998E+03  1.8710336E+07
  3.7499993E+03  2.0638412E+07
  3.7699993E+03  2.1874694E+07
  3.7899995E+03  2.4149148E+07
  3.8099993E+03  2.6534124E+07
  3.8299998E+03  2.1017220E+07
  3.8499995E+03  2.8123136E+07
  3.8699995E+03  2.9719780E+07
  3.8899995E+03  2.2520184E+07
  3.9099995E+03  2.9085244E+07
  3.9299993E+03  1.8752870E+07
  3.9499993E+03  2.6224636E+07
  3.9699998E+03  1.7970528E+07
  3.9899995E+03  2.9828460E+07
  4.0099995E+03  3.2064286E+07
  4.0299993E+03  3.2414884E+07
  4.0499993E+03  3.1751008E+07
  4.0699993E+03  3.0943930E+07
  4.0899995E+03  2.8768292E+07
  4.1099995E+03  2.4521406E+07
  4.1299995E+03  3.1107112E+07
  4.1499990E+03  3.2225480E+07
  4.1699990E+03  3.2235580E+07
  4.1899995E+03  3.1778360E+07
  4.2099995E+03  3.1783220E+07
  4.2299995E+03  3.0733828E+07
  4.2499995E+03  3.1300394E+07
  4.2699990E+03  3.0445862E+07
  4.2899995E+03  3.0230188E+07
  4.3100000E+03  2.7989150E+07
  4.3299995E+03  2.6559738E+07
  4.3499995E+03  2.3783608E+07
  4.3699995E+03  3.0555844E+07
  4.3899995E+03  3.0307384E+07
  4.4099995E+03  3.0257820E+07
  4.4299995E+03  3.0012100E+07
  4.4499995E+03  3.0070156E+07
  4.4699995E+03  3.0301324E+07
  4.4899995E+03  3.0028244E+07
  4.5099990E+03  3.1270178E+07
  4.5299995E+03  2.9740780E+07
  4.5499990E+03  2.9781984E+07
  4.5699995E+03  3.0766532E+07
  4.5899990E+03  2.9592402E+07
  4.6099990E+03  2.9930044E+07
  4.6299990E+03  2.9290670E+07
  4.6499990E+03  2.9459148E+07
  4.6699990E+03  2.9708314E+07
  4.6899990E+03  2.8970780E+07
  4.7099995E+03  2.7798034E+07
  4.7299990E+03  2.8993076E+07
  4.7499995E+03  2.8951466E+07
  4.7699995E+03  2.8734030E+07
  4.7899990E+03  2.8423986E+07
  4.8099995E+03  2.8043176E+07
  4.8299995E+03  2.7465832E+07
  4.8499990E+03  2.3898874E+07
  4.8700000E+03  2.0097170E+07
  4.8899990E+03  2.6053908E+07
  4.9099990E+03  2.6656246E+07
  4.9299990E+03  2.6314854E+07
  4.9499995E+03  2.6834494E+07
  4.9699995E+03  2.7018554E+07
  4.9899990E+03  2.5835620E+07
  5.0099995E+03  2.5156962E+07
  5.0299995E+03  2.6007058E+07
  5.0499995E+03  2.5684766E+07
  5.0699995E+03  2.6111274E+07
  5.0899995E+03  2.5638924E+07
  5.1099990E+03  2.5756030E+07
  5.1299995E+03  2.5264990E+07
  5.1499985E+03  2.4671430E+07
  5.1700000E+03  2.3876244E+07
  5.1899990E+03  2.3719164E+07
  5.2099990E+03  2.4250788E+07
  5.2299995E+03  2.4247470E+07
  5.2499995E+03  2.4649450E+07
  5.2699995E+03  2.3065542E+07
  5.2899990E+03  2.4150200E+07
  5.3099995E+03  2.4201102E+07
  5.3299990E+03  2.3094198E+07
  5.3499995E+03  2.3732638E+07
  5.3699995E+03  2.3442528E+07
  5.3899995E+03  2.3301298E+07
  5.4099990E+03  2.2752194E+07
  5.4299990E+03  2.3066598E+07
  5.4499990E+03  2.3113232E+07
  5.4699995E+03  2.2811056E+07
  5.4899995E+03  2.2860148E+07
  5.5099995E+03  2.2721796E+07
  5.5299985E+03  2.2515860E+07
  5.5499990E+03  2.2538554E+07
  5.5699990E+03  2.2066130E+07
  5.5899995E+03  2.1904894E+07
  5.6099990E+03  2.1930940E+07
  5.6299995E+03  2.1963192E+07
  5.6499990E+03  2.1848104E+07
  5.6699990E+03  2.1470422E+07
  5.6899995E+03  2.1522220E+07
  5.7099995E+03  2.1281588E+07
  5.7299990E+03  2.1616354E+07
  5.7499990E+03  2.1211000E+07
  5.7699990E+03  2.1186422E+07
  5.7899995E+03  2.0980746E+07
  5.8099985E+03  2.0929188E+07
  5.8300000E+03  2.0877826E+07
  5.8499990E+03  2.0610926E+07
  5.8699985E+03  2.0483840E+07
  5.8899985E+03  1.9961632E+07
  5.9099995E+03  2.0210728E+07
  5.9299985E+03  2.0081066E+07
  5.9499995E+03  2.0004816E+07
  5.9699990E+03  1.9869952E+07
  5.9899990E+03  1.9693386E+07
  6.0099990E+03  1.9451976E+07
  6.0299995E+03  1.9346978E+07
  6.0499990E+03  1.9402490E+07
  6.0699990E+03  1.9294268E+07
  6.0899995E+03  1.9056010E+07
  6.1099985E+03  1.8870920E+07
  6.1299995E+03  1.8446204E+07
  6.1499985E+03  1.8348344E+07
  6.1699985E+03  1.8193960E+07
  6.1900000E+03  1.8471824E+07
  6.2099995E+03  1.8353038E+07
  6.2299985E+03  1.8083008E+07
  6.2499990E+03  1.7644372E+07
  6.2699985E+03  1.8016888E+07
  6.2900000E+03  1.7916768E+07
  6.3099985E+03  1.7575350E+07
  6.3299995E+03  1.7521812E+07
  6.3499985E+03  1.7403210E+07
  6.3699985E+03  1.7288528E+07
  6.3899995E+03  1.7269044E+07
  6.4099990E+03  1.6926726E+07
  6.4299985E+03  1.6914536E+07
  6.4499985E+03  1.6719247E+07
  6.4699990E+03  1.6633139E+07
  6.4899990E+03  1.6371573E+07
  6.5099985E+03  1.6296916E+07
  6.5299990E+03  1.5878293E+07
  6.5499985E+03  1.4192090E+07
  6.5699985E+03  1.1523270E+07
  6.5899995E+03  1.5128105E+07
  6.6099985E+03  1.5764437E+07
  6.6299990E+03  1.5831448E+07
  6.6499985E+03  1.5801965E+07
  6.6699995E+03  1.5676852E+07
  6.6899990E+03  1.5691847E+07
  6.7099995E+03  1.5550749E+07
  6.7299990E+03  1.5500050E+07
  6.7499995E+03  1.5345489E+07
  6.7699985E+03  1.5314143E+07
  6.7899995E+03  1.5199542E+07
  6.8099995E+03  1.5086837E+07
  6.8300000E+03  1.5001837E+07
  6.8499985E+03  1.4826052E+07
  6.8699985E+03  1.4814887E+07
  6.8899985E+03  1.4736146E+07
  6.9099990E+03  1.4624137E+07
  6.9299995E+03  1.4539063E+07
  6.9499990E+03  1.4449267E+07
  6.9699985E+03  1.4344754E+07
  6.9899985E+03  1.4279746E+07
  7.0099985E+03  1.4030483E+07
  7.0299985E+03  1.4032330E+07
  7.0499990E+03  1.3984660E+07
  7.0699980E+03  1.3888320E+07
  7.0899990E+03  1.3797333E+07
  7.1099990E+03  1.3564809E+07
  7.1299995E+03  1.3533279E+07
  7.1499990E+03  1.3462833E+07
  7.1699995E+03  1.3355587E+07
  7.1899985E+03  1.3207788E+07
  7.2099985E+03  1.3207087E+07
  7.2299980E+03  1.3131959E+07
  7.2499990E+03  1.3070355E+07
  7.2699995E+03  1.3016357E+07
  7.2899990E+03  1.2807512E+07
  7.3099980E+03  1.2811556E+07
  7.3299980E+03  1.2729117E+07
  7.3499980E+03  1.2705963E+07
  7.3699985E+03  1.2630159E+07
  7.3899995E+03  1.2431506E+07
  7.4099985E+03  1.2193649E+07
  7.4299995E+03  1.2264575E+07
  7.4500000E+03  1.2231393E+07
  7.4700000E+03  1.2168686E+07
  7.4899990E+03  1.2072226E+07
  7.5099985E+03  1.2024714E+07
  7.5299995E+03  1.1984174E+07
  7.5499980E+03  1.1948527E+07
  7.5699985E+03  1.1842741E+07
  7.5899990E+03  1.1762754E+07
  7.6099980E+03  1.1682143E+07
  7.6299995E+03  1.1634566E+07
  7.6499995E+03  1.1546130E+07
  7.6699980E+03  1.1353438E+07
  7.6899990E+03  1.1384919E+07
  7.7099995E+03  1.1281566E+07
  7.7299985E+03  1.1274334E+07
  7.7499990E+03  1.1137187E+07
  7.7700000E+03  1.0958242E+07
  7.7900000E+03  1.1096359E+07
  7.8099995E+03  1.0998221E+07
  7.8299980E+03  1.0872674E+07
  7.8499980E+03  1.0790444E+07
  7.8699995E+03  1.0786151E+07
  7.8900000E+03  1.0718828E+07
  7.9099995E+03  1.0634587E+07
  7.9300000E+03  1.0481564E+07
  7.9499985E+03  1.0452143E+07
  7.9699990E+03  1.0489899E+07
  7.9900000E+03  1.0402630E+07
  8.0099980E+03  1.0304953E+07
  8.0299985E+03  1.0259525E+07
  8.0500000E+03  1.0177794E+07
  8.0699985E+03  1.0163857E+07
  8.0899990E+03  1.0052072E+07
  8.1099995E+03  1.0052386E+07
  8.1299976E+03  1.0009263E+07
  8.1499976E+03  9.9392120E+06
  8.1699980E+03  9.8781910E+06
  8.1899985E+03  9.6480290E+06
  8.2099990E+03  9.6508240E+06
  8.2300000E+03  9.5800550E+06
  8.2500000E+03  9.5613380E+06
  8.2700000E+03  9.5950200E+06
  8.2899980E+03  9.5295970E+06
  8.3099990E+03  9.4172230E+06
  8.3299980E+03  9.2824750E+06
  8.3500000E+03  9.3164050E+06
  8.3699990E+03  9.2902210E+06
  8.3899990E+03  9.1598170E+06
  8.4099971E+03  9.1599840E+06
  8.4300000E+03  9.0566600E+06
  8.4499990E+03  8.9151770E+06
  8.4699980E+03  8.8899310E+06
  8.4899980E+03  8.8350290E+06
  8.5099990E+03  8.5136780E+06
  8.5299990E+03  8.7792850E+06
  8.5499990E+03  8.2131190E+06
  8.5699990E+03  8.7539470E+06
  8.5900000E+03  8.4957290E+06
  8.6099980E+03  8.4268350E+06
  8.6299990E+03  8.6250580E+06
  8.6499990E+03  8.4694150E+06
  8.6699990E+03  7.7086820E+06
  8.6899990E+03  8.3083120E+06
  8.7099971E+03  8.4524530E+06
  8.7299990E+03  8.2936460E+06
  8.7499980E+03  7.7086070E+06
  8.7699980E+03  8.1525305E+06
  8.7899980E+03  8.2910065E+06
  8.8099990E+03  8.2145730E+06
  8.8299980E+03  8.1150740E+06
  8.8499980E+03  7.8153285E+06
  8.8699980E+03  7.2907535E+06
  8.8899990E+03  7.9639530E+06
  8.9099971E+03  8.0369150E+06
  8.9299980E+03  7.9735540E+06
  8.9499980E+03  7.9990990E+06
  8.9699990E+03  7.9231995E+06
  8.9899990E+03  7.7691200E+06
  9.0099980E+03  6.9179040E+06
  9.0299990E+03  7.3141965E+06
  9.0499990E+03  7.7073830E+06
  9.0699980E+03  7.5900845E+06
  9.0899990E+03  7.4500310E+06
  9.1099980E+03  7.5866760E+06
  9.1299980E+03  7.6456720E+06
  9.1499980E+03  7.6077850E+06
  9.1699980E+03  7.5352105E+06
  9.1899990E+03  7.4440115E+06
  9.2099990E+03  7.1328000E+06
  9.2299980E+03  6.2205950E+06
  9.2499980E+03  6.9523640E+06
  9.2699971E+03  7.1556290E+06
  9.2899990E+03  7.2881075E+06
  9.3099980E+03  7.2807350E+06
  9.3299990E+03  7.2326745E+06
  9.3499980E+03  7.2034905E+06
  9.3699990E+03  7.1830695E+06
  9.3900000E+03  7.1238740E+06
  9.4099980E+03  6.8460120E+06
  9.4299971E+03  7.0051065E+06
  9.4499990E+03  6.9522815E+06
  9.4700000E+03  6.9548710E+06
  9.4899980E+03  6.9046745E+06
  9.5100000E+03  6.7815195E+06
  9.5300000E+03  6.5079335E+06
  9.5500000E+03  5.6326650E+06
  9.5699990E+03  6.4849085E+06
  9.5899980E+03  6.6582010E+06
  9.6099980E+03  6.6227655E+06
  9.6299990E+03  6.5579100E+06
  9.6499990E+03  6.5914385E+06
  9.6699980E+03  6.5158565E+06
  9.6899980E+03  6.5279050E+06
  9.7100000E+03  6.5381985E+06
  9.7299990E+03  6.5037890E+06
  9.7499980E+03  6.4200675E+06
  9.7699961E+03  6.4210455E+06
  9.7899980E+03  6.3885455E+06
  9.8099980E+03  6.3550850E+06
  9.8299990E+03  6.3202825E+06
  9.8499980E+03  6.2713465E+06
  9.8700000E+03  6.2231370E+06
  9.8899980E+03  6.1737310E+06
  9.9099990E+03  6.1446165E+06
  9.9300000E+03  6.1359340E+06
  9.9499980E+03  6.1025425E+06
  9.9699980E+03  6.0670920E+06
  9.9899990E+03  6.0122465E+06
  1.0024998E+04  5.6903225E+06
  1.0074998E+04  5.4576885E+06
  1.0124997E+04  5.7761855E+06
  1.0174997E+04  5.7319290E+06
  1.0224998E+04  5.6878980E+06
  1.0274997E+04  5.6258970E+06
  1.0325000E+04  5.5308980E+06
  1.0374999E+04  5.4675670E+06
  1.0425000E+04  5.3986070E+06
  1.0474998E+04  5.2816160E+06
  1.0524997E+04  5.2434575E+06
  1.0574999E+04  5.1771450E+06
  1.0625000E+04  5.1005010E+06
  1.0674997E+04  4.9387800E+06
  1.0724998E+04  4.9403275E+06
  1.0774999E+04  4.8822530E+06
  1.0824997E+04  4.7983555E+06
  1.0874997E+04  4.7094190E+06
  1.0924999E+04  4.2150450E+06
  1.0974996E+04  4.4582220E+06
  1.1025000E+04  4.5874100E+06
  1.1074998E+04  4.5638980E+06
  1.1124999E+04  4.5019630E+06
  1.1174998E+04  4.4436665E+06
  1.1224999E+04  4.4023735E+06
  1.1274997E+04  4.2795495E+06
  1.1325000E+04  4.2371425E+06
  1.1375000E+04  4.2197735E+06
  1.1425000E+04  4.1413595E+06
  1.1474997E+04  4.1408270E+06
  1.1525000E+04  4.0922102E+06
  1.1574998E+04  4.0316278E+06
  1.1625000E+04  3.9407082E+06
  1.1674998E+04  3.8777310E+06
  1.1724997E+04  3.8978935E+06
  1.1775001E+04  3.7711168E+06
  1.1824999E+04  3.7584228E+06
  1.1875000E+04  3.6947800E+06
  1.1925000E+04  3.7205548E+06
  1.1975001E+04  3.6144138E+06
  1.2024998E+04  3.6078685E+06
  1.2074996E+04  3.5524730E+06
  1.2125000E+04  3.5255385E+06
  1.2175000E+04  3.5024865E+06
  1.2225001E+04  3.4580135E+06
  1.2275001E+04  3.4086468E+06
  1.2324996E+04  3.3731130E+06
  1.2374996E+04  3.3365630E+06
  1.2424998E+04  3.3009770E+06
  1.2475000E+04  3.2634328E+06
  1.2524997E+04  3.2194200E+06
  1.2574997E+04  3.1679010E+06
  1.2624999E+04  3.1367118E+06
  1.2674997E+04  3.1014620E+06
  1.2724999E+04  3.0603842E+06
  1.2774999E+04  2.9568350E+06
  1.2825000E+04  2.5845325E+06
  1.2875001E+04  2.9042632E+06
  1.2924997E+04  2.9222055E+06
  1.2975001E+04  2.9050960E+06
  1.3024998E+04  2.8723990E+06
  1.3074999E+04  2.8502518E+06
  1.3125000E+04  2.8053948E+06
  1.3174998E+04  2.7676478E+06
  1.3224998E+04  2.7560222E+06
  1.3274997E+04  2.7199085E+06
  1.3324997E+04  2.6940180E+06
  1.3374999E+04  2.6612775E+06
  1.3424999E+04  2.6373105E+06
  1.3474999E+04  2.6074008E+06
  1.3525001E+04  2.5739470E+06
  1.3574999E+04  2.5372360E+06
  1.3624997E+04  2.5210842E+06
  1.3674997E+04  2.4895872E+06
  1.3724995E+04  2.4448835E+06
  1.3774998E+04  2.4317322E+06
  1.3824998E+04  2.4084588E+06
  1.3874996E+04  2.3926980E+06
  1.3925000E+04  2.3566985E+06
  1.3974996E+04  2.3358155E+06
  1.4024997E+04  2.3073158E+06
  1.4075001E+04  2.2894292E+06
  1.4124996E+04  2.2541800E+06
  1.4175000E+04  2.2407415E+06
  1.4225000E+04  2.2028620E+06
  1.4274994E+04  2.1747028E+06
  1.4325001E+04  2.1672565E+06
  1.4374998E+04  2.1503840E+06
  1.4424999E+04  2.0723152E+06
  1.4475000E+04  2.1008162E+06
  1.4524997E+04  2.0508436E+06
  1.4569999E+04  2.0529244E+06
  1.4620000E+04  2.0429599E+06
  1.4674998E+04  2.0469186E+06
  1.4725000E+04  2.0118431E+06
  1.4775002E+04  1.9808190E+06
  1.4824998E+04  1.9657671E+06
  1.4874996E+04  1.9229489E+06
  1.4924997E+04  1.9308884E+06
  1.4974999E+04  1.8960078E+06
  1.5024999E+04  1.8562085E+06
  1.5075000E+04  1.8343001E+06
  1.5124999E+04  1.8340500E+06
  1.5175000E+04  1.8149491E+06
  1.5225002E+04  1.7853321E+06
  1.5274998E+04  1.7728569E+06
  1.5324995E+04  1.7459086E+06
  1.5374997E+04  1.7307464E+06
  1.5425001E+04  1.7043429E+06
  1.5474996E+04  1.6913031E+06
  1.5524994E+04  1.6690169E+06
  1.5575001E+04  1.6482219E+06
  1.5624998E+04  1.6458691E+06
  1.5674997E+04  1.6091674E+06
  1.5724994E+04  1.5952944E+06
  1.5774996E+04  1.5738431E+06
  1.5825001E+04  1.5691778E+06
  1.5874995E+04  1.5117726E+06
  1.5925002E+04  1.5363114E+06
  1.5975001E+04  1.5417670E+06
  1.6049998E+04  1.4996055E+06
  1.6150001E+04  1.4491702E+06
  1.6249997E+04  1.4613501E+06
  1.6350000E+04  1.4019265E+06
  1.6449996E+04  1.3481384E+06
  1.6549998E+04  1.3759779E+06
  1.6649994E+04  1.3499738E+06
  1.6749998E+04  1.2836016E+06
  1.6849998E+04  1.2244646E+06
  1.6950000E+04  1.2682274E+06
  1.7049996E+04  1.2399041E+06
  1.7150000E+04  1.2182109E+06
  1.7249992E+04  1.1758701E+06
  1.7349994E+04  1.0727710E+06
  1.7449992E+04  1.1160741E+06
  1.7550000E+04  1.1162460E+06
  1.7649998E+04  1.0955671E+06
  1.7749994E+04  1.0769682E+06
  1.7849994E+04  1.0556062E+06
  1.7949998E+04  1.0360548E+06
  1.8050002E+04  1.0048331E+06
  1.8150002E+04  9.1315469E+05
  1.8249994E+04  9.4526481E+05
  1.8349992E+04  9.5179506E+05
  1.8449992E+04  9.3321606E+05
  1.8549998E+04  9.1546238E+05
  1.8650002E+04  8.8817869E+05
  1.8750002E+04  7.8936969E+05
  1.8850000E+04  8.5144962E+05
  1.8950004E+04  8.3876231E+05
  1.9049996E+04  8.3624012E+05
  1.9149998E+04  8.1941356E+05
  1.9249992E+04  8.0258619E+05
  1.9350000E+04  7.7683438E+05
  1.9449992E+04  6.9765406E+05
  1.9550002E+04  7.4966600E+05
  1.9649992E+04  7.4466106E+05
  1.9749992E+04  7.3129606E+05
  1.9849992E+04  7.2080081E+05
  1.9950002E+04  7.0788425E+05
  2.0050002E+04  6.9622062E+05
  2.0149996E+04  6.8479981E+05
  2.0249994E+04  6.7034519E+05
  2.0349994E+04  6.5631350E+05
  2.0449996E+04  6.4871225E+05
  2.0550000E+04  6.3682931E+05
  2.0649992E+04  6.2309675E+05
  2.0749998E+04  6.1359638E+05
  2.0849992E+04  6.0322738E+05
  2.0950004E+04  5.9131012E+05
  2.1050002E+04  5.8220256E+05
  2.1149992E+04  5.7100056E+05
  2.1250000E+04  5.6102506E+05
  2.1350002E+04  5.5185588E+05
  2.1449996E+04  5.4243219E+05
  2.1550006E+04  5.2785300E+05
  2.1649994E+04  4.7192675E+05
  2.1750002E+04  5.0551997E+05
  2.1849998E+04  5.0476225E+05
  2.1950002E+04  5.0001697E+05
  2.2050000E+04  4.8957997E+05
  2.2149996E+04  4.8226691E+05
  2.2249998E+04  4.7563584E+05
  2.2350004E+04  4.6785172E+05
  2.2449990E+04  4.6006838E+05
  2.2549994E+04  4.5101081E+05
  2.2650000E+04  4.4467231E+05
  2.2750000E+04  4.3781647E+05
  2.2850000E+04  4.3059428E+05
  2.2950004E+04  4.2591284E+05
  2.3050000E+04  4.2003441E+05
  2.3149996E+04  4.1268791E+05
  2.3250000E+04  4.0654584E+05
  2.3349996E+04  3.9898759E+05
  2.3449994E+04  3.9288594E+05
  2.3550002E+04  3.8626162E+05
  2.3649988E+04  3.8019378E+05
  2.3750000E+04  3.7345862E+05
  2.3849990E+04  3.6712828E+05
  2.3950002E+04  3.6189456E+05
  2.4050006E+04  3.5577784E+05
  2.4149992E+04  3.5015719E+05
  2.4249990E+04  3.4474481E+05
  2.4349990E+04  3.3892638E+05
  2.4450002E+04  3.3411119E+05
  2.4549990E+04  3.2800103E+05
  2.4649992E+04  3.2381988E+05
  2.4749992E+04  3.1866228E+05
  2.4850006E+04  3.1278359E+05
  2.4950000E+04  3.0875641E+05
  2.5050006E+04  3.0632609E+05
  2.5149994E+04  3.0078025E+05
  2.5249998E+04  2.9511112E+05
  2.5350004E+04  2.9140962E+05
  2.5449988E+04  2.8746094E+05
  2.5549998E+04  2.8216203E+05
  2.5649990E+04  2.7634181E+05
  2.5749990E+04  2.7479619E+05
  2.5849994E+04  2.7019916E+05
  2.5949990E+04  2.6719769E+05
  2.6049996E+04  2.6151933E+05
  2.6149998E+04  2.5356750E+05
  2.6249988E+04  2.3124628E+05
  2.6350008E+04  2.4811038E+05
  2.6449996E+04  2.4791277E+05
  2.6549994E+04  2.4496388E+05
  2.6649994E+04  2.3961209E+05
  2.6749988E+04  2.3370167E+05
  2.6849986E+04  2.3428959E+05
  2.6949986E+04  2.3246598E+05
  2.7050002E+04  2.2969459E+05
  2.7149998E+04  2.2659005E+05
  2.7249994E+04  2.2339792E+05
  2.7350006E+04  2.1996909E+05
  2.7450004E+04  2.1611945E+05
  2.7549996E+04  2.0796194E+05
  2.7649982E+04  2.0762850E+05
  2.7750004E+04  2.0769506E+05
  2.7850000E+04  2.0563798E+05
  2.7949992E+04  2.0318550E+05
  2.8049994E+04  2.0040819E+05
  2.8150002E+04  1.9777919E+05
  2.8250006E+04  1.9506908E+05
  2.8350000E+04  1.9257986E+05
  2.8450000E+04  1.8945041E+05
  2.8550002E+04  1.8660495E+05
  2.8650002E+04  1.8178886E+05
  2.8749982E+04  1.7438273E+05
  2.8849998E+04  1.7842172E+05
  2.8949986E+04  1.7725430E+05
  2.9049994E+04  1.7539311E+05
  2.9149986E+04  1.7285736E+05
  2.9249984E+04  1.7075717E+05
  2.9349980E+04  1.6872095E+05
  2.9450000E+04  1.6643878E+05
  2.9550004E+04  1.6440816E+05
  2.9649982E+04  1.6233706E+05
  2.9749992E+04  1.6023439E+05
  2.9849994E+04  1.5821970E+05
  2.9949984E+04  1.5605205E+05
  3.0049996E+04  1.5405545E+05
  3.0149994E+04  1.5189555E+05
  3.0249994E+04  1.4921320E+05
  3.0349996E+04  1.4142178E+05
  3.0449996E+04  1.4198964E+05
  3.0549996E+04  1.4390336E+05
  3.0649996E+04  1.4264906E+05
  3.0749994E+04  1.4122078E+05
  3.0849996E+04  1.3920230E+05
  3.0949994E+04  1.3759633E+05
  3.1049996E+04  1.3600417E+05
  3.1149996E+04  1.3374239E+05
  3.1249996E+04  1.3257919E+05
  3.1349996E+04  1.3107544E+05
  3.1449996E+04  1.2943953E+05
  3.1549998E+04  1.2776495E+05
  3.1649996E+04  1.2646997E+05
  3.1749998E+04  1.2483741E+05
  3.1849996E+04  1.2347539E+05
  3.1949994E+04  1.2203939E+05
  3.2099996E+04  1.1976808E+05
  3.2299992E+04  1.1705095E+05
  3.2499994E+04  1.1425224E+05
  3.2699996E+04  1.1133690E+05
  3.2899996E+04  1.0412271E+05
  3.3099996E+04  1.0513770E+05
  3.3299992E+04  1.0400090E+05
  3.3499996E+04  1.0184970E+05
  3.3699996E+04  9.9350672E+04
  3.3899996E+04  9.7119719E+04
  3.4099996E+04  9.4898477E+04
  3.4299996E+04  9.2972055E+04
  3.4499992E+04  9.1042656E+04
  3.4699996E+04  8.8963688E+04
  3.4899996E+04  8.7040711E+04
  3.5099996E+04  8.5097570E+04
  3.5299996E+04  8.3207859E+04
  3.5499996E+04  8.1403039E+04
  3.5699992E+04  7.9568328E+04
  3.5899992E+04  7.7874539E+04
  3.6099996E+04  7.6268211E+04
  3.6299992E+04  7.4663891E+04
  3.6499992E+04  7.2976938E+04
  3.6699992E+04  7.1456477E+04
  3.6899992E+04  6.9665789E+04
  3.7099996E+04  6.8251578E+04
  3.7299996E+04  6.5485363E+04
  3.7499992E+04  6.3414402E+04
  3.7699996E+04  6.4272766E+04
  3.7899996E+04  6.3084777E+04
  3.8099992E+04  6.1710527E+04
  3.8299996E+04  6.0579723E+04
  3.8499996E+04  5.9585969E+04
  3.8699996E+04  5.8302578E+04
  3.8899992E+04  5.7047363E+04
  3.9099996E+04  5.5777719E+04
  3.9299992E+04  5.4979742E+04
  3.9499992E+04  5.3917332E+04
  3.9699992E+04  5.2914125E+04
  3.9900000E+04  5.1727102E+04
  4.0099996E+04  5.0495508E+04
  4.0299992E+04  4.9489879E+04
  4.0499996E+04  4.6790461E+04
  4.0699992E+04  4.7803215E+04
  4.0899992E+04  4.7089109E+04
  4.1099996E+04  4.6277324E+04
  4.1299996E+04  4.5426008E+04
  4.1499992E+04  4.4422688E+04
  4.1699992E+04  4.3208980E+04
  4.1899996E+04  4.2771707E+04
  4.2099996E+04  4.2013453E+04
  4.2299992E+04  4.1414977E+04
  4.2499996E+04  4.0623555E+04
  4.2699992E+04  3.9919512E+04
  4.2899992E+04  3.9202223E+04
  4.3099996E+04  3.8496496E+04
  4.3299996E+04  3.7782020E+04
  4.3499992E+04  3.7057125E+04
  4.3699996E+04  3.5892121E+04
  4.3899996E+04  3.5575602E+04
  4.4099992E+04  3.5123867E+04
  4.4299992E+04  3.4559801E+04
  4.4499996E+04  3.3975895E+04
  4.4699996E+04  3.3423656E+04
  4.4899996E+04  3.2846254E+04
  4.5099992E+04  3.2288873E+04
  4.5299992E+04  3.1734516E+04
  4.5499996E+04  3.1194102E+04
  4.5699992E+04  3.0656502E+04
  4.5899996E+04  3.0128846E+04
  4.6099996E+04  2.9630453E+04
  4.6299992E+04  2.9034086E+04
  4.6499988E+04  2.7312611E+04
  4.6699992E+04  2.7388373E+04
  4.6899992E+04  2.7550924E+04
  4.7099992E+04  2.7241025E+04
  4.7299992E+04  2.6815812E+04
  4.7499996E+04  2.6368393E+04
  4.7699992E+04  2.5944082E+04
  4.7899992E+04  2.5535773E+04
  4.8099996E+04  2.5120314E+04
  4.8299992E+04  2.4718926E+04
  4.8499992E+04  2.4318484E+04
  4.8700000E+04  2.3933299E+04
  4.8899992E+04  2.3555176E+04
  4.9099988E+04  2.3174588E+04
  4.9299988E+04  2.2816439E+04
  4.9499996E+04  2.2449461E+04
  4.9699992E+04  2.2104432E+04
  4.9899988E+04  2.1764199E+04
  5.0099996E+04  2.1422668E+04
  5.0299996E+04  2.1091834E+04
  5.0499996E+04  2.0769990E+04
  5.0699996E+04  2.0452561E+04
  5.0899992E+04  2.0127838E+04
  5.1099992E+04  1.9715221E+04
  5.1299996E+04  1.8944807E+04
  5.1499988E+04  1.9164422E+04
  5.1699996E+04  1.8943139E+04
  5.1899992E+04  1.8664557E+04
  5.2099992E+04  1.8377191E+04
  5.2299996E+04  1.8104684E+04
  5.2499996E+04  1.7842625E+04
  5.2699996E+04  1.7579945E+04
  5.2899992E+04  1.7320723E+04
  5.3099988E+04  1.7064898E+04
  5.3299988E+04  1.6817723E+04
  5.3499992E+04  1.6571123E+04
  5.3699992E+04  1.6323808E+04
  5.3899992E+04  1.6093965E+04
  5.4099992E+04  1.5865781E+04
  5.4299984E+04  1.5627741E+04
  5.4499988E+04  1.5411782E+04
  5.4699996E+04  1.5175893E+04
  5.4899992E+04  1.4975529E+04
  5.5099992E+04  1.4766499E+04
  5.5299988E+04  1.4555172E+04
  5.5499988E+04  1.4355060E+04
  5.5699992E+04  1.4151368E+04
  5.5899992E+04  1.3936959E+04
  5.6099988E+04  1.3761156E+04
  5.6299996E+04  1.3568471E+04
  5.6499988E+04  1.3386434E+04
  5.6699988E+04  1.3201931E+04
  5.6899992E+04  1.3017359E+04
  5.7099996E+04  1.2843132E+04
  5.7299988E+04  1.2667581E+04
  5.7499988E+04  1.2496431E+04
  5.7699988E+04  1.2325084E+04
  5.7899996E+04  1.2155797E+04
  5.8099988E+04  1.1995249E+04
  5.8299996E+04  1.1836606E+04
  5.8499992E+04  1.1683158E+04
  5.8699988E+04  1.1518400E+04
  5.8899988E+04  1.1289366E+04
  5.9099992E+04  1.0843126E+04
  5.9299988E+04  1.1033657E+04
  5.9499996E+04  1.0908524E+04
  5.9699988E+04  1.0785881E+04
  5.9899992E+04  1.0645727E+04
  6.0099992E+04  1.0501979E+04
  6.0299992E+04  1.0373372E+04
  6.0499988E+04  1.0239752E+04
  6.0699992E+04  1.0105208E+04
  6.0899992E+04  9.9719023E+03
  6.1099988E+04  9.8359873E+03
  6.1299992E+04  9.7227812E+03
  6.1499988E+04  9.6008809E+03
  6.1699988E+04  9.4786709E+03
  6.1899996E+04  9.3587178E+03
  6.2099996E+04  9.2418730E+03
  6.2299988E+04  9.1136211E+03
  6.2499992E+04  9.0075498E+03
  6.2699988E+04  8.8945020E+03
  6.2899996E+04  8.7884160E+03
  6.3099984E+04  8.6721455E+03
  6.3299996E+04  8.5719229E+03
  6.3499984E+04  8.4657881E+03
  6.3699984E+04  8.3612744E+03
  6.3900000E+04  8.2589131E+03
  6.4199992E+04  8.1101582E+03
  6.4599984E+04  7.9119971E+03
  6.4999992E+04  7.7211113E+03
  6.5399992E+04  7.5408984E+03
  6.5799992E+04  7.3623936E+03
  6.6199984E+04  7.1879868E+03
  6.6599984E+04  7.0209619E+03
  6.6999992E+04  6.8567271E+03
  6.7399992E+04  6.6968823E+03
  6.7799992E+04  6.5445005E+03
  6.8199992E+04  6.3949795E+03
  6.8599992E+04  6.2488911E+03
  6.8999984E+04  6.1070181E+03
  6.9399984E+04  5.9691636E+03
  6.9800000E+04  5.8368394E+03
  7.0199992E+04  5.7052275E+03
  7.0599984E+04  5.5805239E+03
  7.0999977E+04  5.4592314E+03
  7.1399977E+04  5.3394854E+03
  7.1799984E+04  5.2230107E+03
  7.2199984E+04  5.1079155E+03
  7.2600000E+04  4.9993198E+03
  7.2999984E+04  4.8939961E+03
  7.3400000E+04  4.7885640E+03
  7.3799984E+04  4.6882402E+03
  7.4199992E+04  4.5856870E+03
  7.4599992E+04  4.3957021E+03
  7.5000000E+04  4.3102275E+03
  7.5399992E+04  4.3034492E+03
  7.5799992E+04  4.2195962E+03
  7.6199984E+04  4.1331753E+03
  7.6599992E+04  4.0490286E+03
  7.6999992E+04  3.9661499E+03
  7.7399992E+04  3.8867756E+03
  7.7799984E+04  3.8088213E+03
  7.8199984E+04  3.7326233E+03
  7.8599984E+04  3.6583232E+03
  7.8999984E+04  3.5858767E+03
  7.9399984E+04  3.5150593E+03
  7.9800000E+04  3.4463044E+03
  8.0199992E+04  3.3783936E+03
  8.0599984E+04  3.3127600E+03
  8.0999992E+04  3.2494590E+03
  8.1399977E+04  3.1858770E+03
  8.1799984E+04  3.1253484E+03
  8.2199984E+04  3.0663469E+03
  8.2599992E+04  3.0080073E+03
  8.2999984E+04  2.9514136E+03
  8.3400000E+04  2.8948967E+03
  8.3799992E+04  2.8409324E+03
  8.4199992E+04  2.7887632E+03
  8.4599977E+04  2.7373477E+03
  8.4999977E+04  2.6870334E+03
  8.5399984E+04  2.6375391E+03
  8.5799984E+04  2.5894121E+03
  8.6199992E+04  2.5421641E+03
  8.6599992E+04  2.4965308E+03
  8.6999984E+04  2.4515774E+03
  8.7399992E+04  2.4074885E+03
  8.7799992E+04  2.3645879E+03
  8.8199984E+04  2.3219778E+03
  8.8599977E+04  2.2810952E+03
  8.8999992E+04  2.2407559E+03
  8.9399977E+04  2.2017065E+03
  8.9799977E+04  2.1627012E+03
  9.0199984E+04  2.1255034E+03
  9.0599984E+04  2.0890608E+03
  9.0999992E+04  2.0524470E+03
  9.1400000E+04  2.0173848E+03
  9.1799969E+04  1.9832137E+03
  9.2199969E+04  1.9495571E+03
  9.2599984E+04  1.9164502E+03
  9.3000000E+04  1.8841879E+03
  9.3399984E+04  1.8524078E+03
  9.3799984E+04  1.8215280E+03
  9.4199977E+04  1.7911049E+03
  9.4599984E+04  1.7614243E+03
  9.4999969E+04  1.7322216E+03
  9.5399984E+04  1.7034032E+03
  9.5799984E+04  1.6758673E+03
  9.6199992E+04  1.6482814E+03
  9.6599984E+04  1.6217001E+03
  9.7000000E+04  1.5954597E+03
  9.7399977E+04  1.5691589E+03
  9.7799984E+04  1.5442574E+03
  9.8199977E+04  1.5195920E+03
  9.8599977E+04  1.4955074E+03
  9.8999992E+04  1.4718381E+03
  9.9399984E+04  1.4484249E+03
  9.9799977E+04  1.4256040E+03
  1.0019999E+05  1.4032501E+03
  1.9999991E+05  9.0219170E+01
  3.9999994E+05  5.6352215E+00
  5.9999981E+05  1.1056075E+00
  7.9999994E+05  3.4747151E-01
