  5.0599994E+02  2.3536623E-15
  5.1199994E+02  4.7567320E-15
  5.2000000E+02  1.0376877E-14
  5.2999994E+02  2.6552374E-14
  5.3999994E+02  6.4899902E-14
  5.4999988E+02  1.5432984E-13
  5.5999988E+02  3.5495329E-13
  5.6999988E+02  7.9305291E-13
  5.7999994E+02  1.7148969E-12
  5.8999988E+02  3.6592144E-12
  5.9999988E+02  7.5839534E-12
  6.0999988E+02  1.5399385E-11
  6.1999994E+02  3.0635536E-11
  6.2999988E+02  5.9848279E-11
  6.3999994E+02  1.1499740E-10
  6.4999994E+02  2.1756895E-10
  6.5799994E+02  3.5850917E-10
  6.6499988E+02  5.5055138E-10
  6.7499994E+02  1.0061099E-09
  6.8499988E+02  1.8166851E-09
  6.9499994E+02  3.2397369E-09
  7.0499988E+02  5.7005880E-09
  7.1599988E+02  1.0524007E-08
  7.2599994E+02  1.8137046E-08
  7.3499982E+02  2.9340871E-08
  7.4499994E+02  4.9571081E-08
  7.5499982E+02  8.2917317E-08
  7.6499994E+02  1.3732917E-07
  7.7499994E+02  2.2512724E-07
  7.8499982E+02  3.6549338E-07
  7.9499982E+02  5.8599369E-07
  8.0500000E+02  9.3406408E-07
  8.1499976E+02  1.4734694E-06
  8.2500000E+02  2.3007765E-06
  8.3499994E+02  3.5587354E-06
  8.4499994E+02  5.4534685E-06
  8.5499988E+02  8.2811457E-06
  8.6499994E+02  1.2462187E-05
  8.7499982E+02  1.8584598E-05
  8.8499982E+02  2.7494103E-05
  8.9499988E+02  4.0320945E-05
  9.0499994E+02  5.8637928E-05
  9.1499982E+02  4.4337269E-03
  9.2499988E+02  1.1990295E-02
  9.3499982E+02  1.6024707E-02
  9.4500000E+02  2.1194331E-02
  9.5500000E+02  3.0105183E-02
  9.6499988E+02  3.9856095E-02
  9.7499982E+02  4.9993310E-02
  9.8499976E+02  6.5648980E-02
  9.9499988E+02  8.1486456E-02
  1.0049999E+03  1.1231590E-01
  1.0149997E+03  1.4332116E-01
  1.0249998E+03  1.5753856E-01
  1.0349998E+03  2.2725499E-01
  1.0449998E+03  2.8840816E-01
  1.0549999E+03  3.6024082E-01
  1.0649999E+03  4.3534929E-01
  1.0750000E+03  5.4823315E-01
  1.0849996E+03  6.7968637E-01
  1.0949999E+03  8.1182873E-01
  1.1049999E+03  8.2876501E+00
  1.1149999E+03  1.6843254E+01
  1.1249999E+03  2.3810274E+01
  1.1349996E+03  3.1352886E+01
  1.1449999E+03  3.9695587E+01
  1.1549999E+03  4.2394386E+01
  1.1650000E+03  5.7399937E+01
  1.1749995E+03  6.7983231E+01
  1.1849996E+03  6.8123055E+01
  1.1949998E+03  4.1743309E+01
  1.2049996E+03  4.2726830E+01
  1.2149998E+03  7.2443724E+00
  1.2249996E+03  5.2552479E+01
  1.2349996E+03  1.2324152E+02
  1.2449998E+03  3.3574890E+02
  1.2549996E+03  5.4772552E+02
  1.2650000E+03  5.5268378E+02
  1.2749998E+03  8.4304803E+02
  1.2849995E+03  1.1790763E+03
  1.2949998E+03  1.4303290E+03
  1.3049995E+03  1.2756980E+03
  1.3149998E+03  1.9291283E+03
  1.3249998E+03  2.2628130E+03
  1.3349996E+03  2.5659861E+03
  1.3449995E+03  3.1573105E+03
  1.3549996E+03  3.3177104E+03
  1.3649999E+03  3.7650562E+03
  1.3749999E+03  4.0582063E+03
  1.3849996E+03  4.2865557E+03
  1.3949999E+03  4.9661914E+03
  1.4050001E+03  5.5911880E+03
  1.4149998E+03  5.9638325E+03
  1.4249998E+03  6.6284629E+03
  1.4350000E+03  6.9379727E+03
  1.4419998E+03  8.3479170E+03
  1.4469999E+03  8.7214277E+03
  1.4549994E+03  9.7068633E+03
  1.4650000E+03  9.9950176E+03
  1.4749995E+03  1.1015113E+04
  1.4849996E+03  1.2317663E+04
  1.4949998E+03  1.4384977E+04
  1.5049996E+03  1.6198681E+04
  1.5119995E+03  1.6112983E+04
  1.5169994E+03  1.6820723E+04
  1.5250001E+03  2.5968959E+04
  1.5349994E+03  3.1891363E+04
  1.5449994E+03  3.8392621E+04
  1.5549998E+03  4.2459164E+04
  1.5649999E+03  4.0364727E+04
  1.5750001E+03  6.3957082E+04
  1.5850000E+03  7.7989641E+04
  1.5949996E+03  9.6009750E+04
  1.6049999E+03  9.0365344E+04
  1.6150000E+03  9.0987328E+04
  1.6249996E+03  7.9497570E+04
  1.6350000E+03  1.0008727E+05
  1.6449996E+03  1.4038959E+05
  1.6549999E+03  8.2806258E+04
  1.6649993E+03  1.5034138E+05
  1.6720000E+03  8.8777219E+04
  1.6770001E+03  1.2639038E+06
  1.6849998E+03  1.3001371E+06
  1.6950000E+03  9.3252731E+05
  1.7049995E+03  1.1063965E+06
  1.7150000E+03  1.7964216E+06
  1.7249993E+03  2.0230445E+06
  1.7349994E+03  2.5500808E+06
  1.7449993E+03  2.2994772E+06
  1.7550001E+03  3.0282725E+06
  1.7649998E+03  2.0979435E+06
  1.7749995E+03  2.8721702E+06
  1.7849995E+03  2.8178505E+06
  1.7949999E+03  4.1202958E+06
  1.8050001E+03  3.4727852E+06
  1.8150001E+03  3.8874950E+06
  1.8249994E+03  3.5342940E+06
  1.8349993E+03  3.1920055E+06
  1.8449993E+03  2.6016985E+06
  1.8549998E+03  3.4618465E+06
  1.8650002E+03  4.4271375E+06
  1.8750001E+03  3.9756208E+06
  1.8850000E+03  4.1971315E+06
  1.8950002E+03  4.8576280E+06
  1.9049996E+03  4.5111125E+06
  1.9149999E+03  4.8718550E+06
  1.9249993E+03  4.2701440E+06
  1.9350001E+03  2.2802845E+06
  1.9449993E+03  5.3297000E+06
  1.9550002E+03  5.5768330E+06
  1.9670002E+03  6.5300170E+06
  1.9759990E+03  6.1229440E+06
  1.9839996E+03  6.3950500E+06
  1.9950001E+03  6.3175260E+06
  2.0050002E+03  5.6734495E+06
  2.0149996E+03  5.6646020E+06
  2.0249994E+03  5.0116255E+06
  2.0349995E+03  6.3029560E+06
  2.0449998E+03  7.0469930E+06
  2.0550000E+03  6.7136220E+06
  2.0649993E+03  6.2270795E+06
  2.0739993E+03  7.7017265E+06
  2.0780002E+03  9.3125730E+06
  2.0849993E+03  9.2449570E+06
  2.0950005E+03  8.6161380E+06
  2.1050002E+03  7.6632540E+06
  2.1149990E+03  8.1346895E+06
  2.1250000E+03  7.9937275E+06
  2.1350002E+03  6.5555565E+06
  2.1449998E+03  8.1584665E+06
  2.1550005E+03  8.2322665E+06
  2.1649995E+03  7.4163925E+06
  2.1750002E+03  7.5173370E+06
  2.1849998E+03  8.3360310E+06
  2.1950000E+03  9.0499900E+06
  2.2050000E+03  8.4504920E+06
  2.2149998E+03  7.0505600E+06
  2.2249998E+03  7.0628915E+06
  2.2350005E+03  9.0057350E+06
  2.2449990E+03  8.2694055E+06
  2.2549993E+03  6.8689580E+06
  2.2650000E+03  6.9504555E+06
  2.2750000E+03  7.7899710E+06
  2.2850000E+03  8.8439330E+06
  2.2950002E+03  7.6869745E+06
  2.3050000E+03  8.5755460E+06
  2.3149995E+03  7.9055110E+06
  2.3250000E+03  5.2207555E+06
  2.3349995E+03  5.6502110E+06
  2.3449993E+03  4.0292252E+06
  2.3550000E+03  7.1997385E+06
  2.3649988E+03  4.3264340E+06
  2.3750000E+03  5.8311675E+06
  2.3849990E+03  3.2524418E+06
  2.3950000E+03  4.3358915E+06
  2.4050005E+03  4.2988655E+06
  2.4149993E+03  4.9046420E+06
  2.4249990E+03  7.5236155E+06
  2.4349990E+03  7.3139025E+06
  2.4450000E+03  8.3797225E+06
  2.4549990E+03  8.4778710E+06
  2.4649990E+03  8.2951420E+06
  2.4749993E+03  7.3241765E+06
  2.4850005E+03  6.8462225E+06
  2.4950000E+03  6.5814535E+06
  2.5050005E+03  9.3705550E+06
  2.5129988E+03  5.3639070E+06
  2.5179990E+03  4.1872895E+06
  2.5249998E+03  4.4685320E+06
  2.5350007E+03  5.3128840E+06
  2.5449988E+03  5.7337470E+06
  2.5550000E+03  7.5761825E+06
  2.5649990E+03  6.5684145E+06
  2.5749990E+03  7.8072460E+06
  2.5849993E+03  7.5034025E+06
  2.5949990E+03  7.0344915E+06
  2.6049995E+03  6.3143930E+06
  2.6149998E+03  5.5797415E+06
  2.6249990E+03  7.7657970E+06
  2.6350007E+03  9.3406960E+06
  2.6449995E+03  1.2318635E+07
  2.6549998E+03  1.3605419E+07
  2.6649995E+03  1.0357976E+07
  2.6749988E+03  1.1871197E+07
  2.6849988E+03  1.2052060E+07
  2.6949988E+03  1.0408760E+07
  2.7050000E+03  1.1641251E+07
  2.7150000E+03  9.8639610E+06
  2.7249995E+03  9.9895640E+06
  2.7350007E+03  1.1157100E+07
  2.7450002E+03  6.6696755E+06
  2.7549998E+03  8.0538225E+06
  2.7649983E+03  9.3054620E+06
  2.7750005E+03  1.0630833E+07
  2.7850000E+03  7.5373555E+06
  2.7949993E+03  2.7815090E+06
  2.8049995E+03  3.6362675E+06
  2.8150002E+03  1.0202498E+07
  2.8250007E+03  1.3268171E+07
  2.8350000E+03  1.2860687E+07
  2.8450002E+03  1.2257979E+07
  2.8550005E+03  1.0197316E+07
  2.8650000E+03  1.3673637E+07
  2.8749983E+03  1.3750529E+07
  2.8850000E+03  1.3431303E+07
  2.8949988E+03  1.3044256E+07
  2.9099988E+03  1.5869504E+07
  2.9299983E+03  1.4809724E+07
  2.9499990E+03  1.4623875E+07
  2.9700005E+03  1.5540996E+07
  2.9899980E+03  1.5922080E+07
  3.0099995E+03  1.6585223E+07
  3.0299995E+03  1.6277134E+07
  3.0499995E+03  1.6551959E+07
  3.0699995E+03  1.6952172E+07
  3.0899995E+03  1.7449172E+07
  3.1099995E+03  1.6938792E+07
  3.1299998E+03  1.6831840E+07
  3.1499995E+03  1.7284352E+07
  3.1699995E+03  1.7411474E+07
  3.1899995E+03  1.5900676E+07
  3.2099998E+03  1.6887380E+07
  3.2299993E+03  1.5518319E+07
  3.2499993E+03  1.6823434E+07
  3.2699995E+03  1.7821444E+07
  3.2899995E+03  1.7673994E+07
  3.3099998E+03  1.8316914E+07
  3.3299993E+03  1.7996654E+07
  3.3499995E+03  1.7867002E+07
  3.3699995E+03  1.7350376E+07
  3.3899993E+03  1.7590454E+07
  3.4099993E+03  1.7501030E+07
  3.4299995E+03  1.7625432E+07
  3.4499993E+03  1.7813838E+07
  3.4699998E+03  1.7614082E+07
  3.4899993E+03  1.7795702E+07
  3.5099995E+03  1.8226762E+07
  3.5299995E+03  1.7820366E+07
  3.5499995E+03  1.8999126E+07
  3.5699995E+03  1.7516378E+07
  3.5899995E+03  1.7205708E+07
  3.6099995E+03  1.7534202E+07
  3.6299993E+03  1.7664878E+07
  3.6399993E+03  1.7779214E+07
  3.6499995E+03  1.8968572E+07
  3.6699993E+03  1.7940340E+07
  3.6899995E+03  1.6729308E+07
  3.7099995E+03  1.8709244E+07
  3.7299998E+03  1.8599586E+07
  3.7499993E+03  2.1485510E+07
  3.7699993E+03  2.2794464E+07
  3.7899995E+03  2.5538678E+07
  3.8099993E+03  2.8496156E+07
  3.8299998E+03  2.3478110E+07
  3.8499995E+03  3.0369936E+07
  3.8699995E+03  3.2499326E+07
  3.8899995E+03  2.3752552E+07
  3.9099995E+03  3.1344936E+07
  3.9299993E+03  2.0114438E+07
  3.9499993E+03  2.8296338E+07
  3.9699998E+03  1.8912786E+07
  3.9899995E+03  3.1948754E+07
  4.0099995E+03  3.4528964E+07
  4.0299993E+03  3.4764700E+07
  4.0499993E+03  3.4236148E+07
  4.0699993E+03  3.3432000E+07
  4.0899995E+03  3.0542944E+07
  4.1099995E+03  2.5743574E+07
  4.1299995E+03  3.3145728E+07
  4.1499990E+03  3.4607612E+07
  4.1699990E+03  3.4334936E+07
  4.1899995E+03  3.4140972E+07
  4.2099995E+03  3.4097940E+07
  4.2299995E+03  3.3184616E+07
  4.2499995E+03  3.3580084E+07
  4.2699990E+03  3.2609202E+07
  4.2899995E+03  3.2612908E+07
  4.3100000E+03  3.0309240E+07
  4.3299995E+03  2.7992408E+07
  4.3499995E+03  2.4906492E+07
  4.3699995E+03  3.2382608E+07
  4.3899995E+03  3.2283698E+07
  4.4099995E+03  3.1987668E+07
  4.4299995E+03  3.1645740E+07
  4.4499995E+03  3.1828026E+07
  4.4699995E+03  3.1990704E+07
  4.4899995E+03  3.1695130E+07
  4.5099990E+03  3.2983440E+07
  4.5299995E+03  3.1325118E+07
  4.5499990E+03  3.1241420E+07
  4.5699995E+03  3.2406236E+07
  4.5899990E+03  3.1028302E+07
  4.6099990E+03  3.1553824E+07
  4.6299990E+03  3.0759864E+07
  4.6499990E+03  3.0990652E+07
  4.6699990E+03  3.1161084E+07
  4.6899990E+03  3.0358090E+07
  4.7099995E+03  2.9136224E+07
  4.7299990E+03  3.0397432E+07
  4.7499995E+03  3.0405804E+07
  4.7699995E+03  3.0063606E+07
  4.7899990E+03  2.9803234E+07
  4.8099995E+03  2.9358868E+07
  4.8299995E+03  2.8749660E+07
  4.8499990E+03  2.4891858E+07
  4.8700000E+03  2.0859632E+07
  4.8899990E+03  2.7270186E+07
  4.9099990E+03  2.7889202E+07
  4.9299990E+03  2.7522328E+07
  4.9499995E+03  2.8089118E+07
  4.9699995E+03  2.8238698E+07
  4.9899990E+03  2.6953712E+07
  5.0099995E+03  2.6161082E+07
  5.0299995E+03  2.7038944E+07
  5.0499995E+03  2.6683380E+07
  5.0699995E+03  2.7163576E+07
  5.0899995E+03  2.6677158E+07
  5.1099990E+03  2.6752974E+07
  5.1299995E+03  2.6185460E+07
  5.1499985E+03  2.5587606E+07
  5.1700000E+03  2.5117976E+07
  5.1899990E+03  2.4938758E+07
  5.2099990E+03  2.5101572E+07
  5.2299995E+03  2.5102776E+07
  5.2499995E+03  2.5459982E+07
  5.2699995E+03  2.3852296E+07
  5.2899990E+03  2.4968712E+07
  5.3099995E+03  2.4891874E+07
  5.3299990E+03  2.3871298E+07
  5.3499995E+03  2.4523682E+07
  5.3699995E+03  2.4252514E+07
  5.3899995E+03  2.4049524E+07
  5.4099990E+03  2.3520640E+07
  5.4299990E+03  2.3754008E+07
  5.4499990E+03  2.3881856E+07
  5.4699995E+03  2.3540074E+07
  5.4899995E+03  2.3576362E+07
  5.5099995E+03  2.3384426E+07
  5.5299985E+03  2.3181098E+07
  5.5499990E+03  2.3192890E+07
  5.5699990E+03  2.2750990E+07
  5.5899995E+03  2.2592096E+07
  5.6099990E+03  2.2597690E+07
  5.6299995E+03  2.2600254E+07
  5.6499990E+03  2.2433458E+07
  5.6699990E+03  2.2051654E+07
  5.6899995E+03  2.2115664E+07
  5.7099995E+03  2.1873192E+07
  5.7299990E+03  2.2185478E+07
  5.7499990E+03  2.1772756E+07
  5.7699990E+03  2.1734104E+07
  5.7899995E+03  2.1506670E+07
  5.8099985E+03  2.1441452E+07
  5.8300000E+03  2.1379930E+07
  5.8499990E+03  2.1099698E+07
  5.8699985E+03  2.0982406E+07
  5.8899985E+03  2.0500254E+07
  5.9099995E+03  2.0686392E+07
  5.9299985E+03  2.0547098E+07
  5.9499995E+03  2.0451754E+07
  5.9699990E+03  2.0314958E+07
  5.9899990E+03  2.0104976E+07
  6.0099990E+03  1.9839972E+07
  6.0299995E+03  1.9771778E+07
  6.0499990E+03  1.9780226E+07
  6.0699990E+03  1.9696104E+07
  6.0899995E+03  1.9432864E+07
  6.1099985E+03  1.9240264E+07
  6.1299995E+03  1.8845224E+07
  6.1499985E+03  1.8665090E+07
  6.1699985E+03  1.8581886E+07
  6.1900000E+03  1.8825786E+07
  6.2099995E+03  1.8699838E+07
  6.2299985E+03  1.8427586E+07
  6.2499990E+03  1.7925986E+07
  6.2699985E+03  1.8348458E+07
  6.2900000E+03  1.8235760E+07
  6.3099985E+03  1.7887592E+07
  6.3299995E+03  1.7836786E+07
  6.3499985E+03  1.7687236E+07
  6.3699985E+03  1.7581916E+07
  6.3899995E+03  1.7560596E+07
  6.4099990E+03  1.7222882E+07
  6.4299985E+03  1.7210676E+07
  6.4499985E+03  1.6992724E+07
  6.4699990E+03  1.6956226E+07
  6.4899990E+03  1.6655106E+07
  6.5099985E+03  1.6645382E+07
  6.5299990E+03  1.6318277E+07
  6.5499985E+03  1.4801502E+07
  6.5699985E+03  1.2058284E+07
  6.5899995E+03  1.5606089E+07
  6.6099985E+03  1.6110197E+07
  6.6299990E+03  1.6129702E+07
  6.6499985E+03  1.6058388E+07
  6.6699995E+03  1.5920732E+07
  6.6899990E+03  1.5925010E+07
  6.7099995E+03  1.5781686E+07
  6.7299990E+03  1.5707161E+07
  6.7499995E+03  1.5528223E+07
  6.7699985E+03  1.5517993E+07
  6.7899995E+03  1.5394838E+07
  6.8099995E+03  1.5280988E+07
  6.8300000E+03  1.5173047E+07
  6.8499985E+03  1.5015534E+07
  6.8699985E+03  1.4993688E+07
  6.8899985E+03  1.4910737E+07
  6.9099990E+03  1.4796141E+07
  6.9299995E+03  1.4701446E+07
  6.9499990E+03  1.4609157E+07
  6.9699985E+03  1.4497522E+07
  6.9899985E+03  1.4433183E+07
  7.0099985E+03  1.4176148E+07
  7.0299985E+03  1.4173356E+07
  7.0499990E+03  1.4122612E+07
  7.0699980E+03  1.4029261E+07
  7.0899990E+03  1.3935230E+07
  7.1099990E+03  1.3633372E+07
  7.1299995E+03  1.3652589E+07
  7.1499990E+03  1.3595479E+07
  7.1699995E+03  1.3481631E+07
  7.1899985E+03  1.3339692E+07
  7.2099985E+03  1.3319415E+07
  7.2299980E+03  1.3225651E+07
  7.2499990E+03  1.3164963E+07
  7.2699995E+03  1.3121852E+07
  7.2899990E+03  1.2918808E+07
  7.3099980E+03  1.2895454E+07
  7.3299980E+03  1.2820269E+07
  7.3499980E+03  1.2794529E+07
  7.3699985E+03  1.2723792E+07
  7.3899995E+03  1.2528082E+07
  7.4099985E+03  1.2319209E+07
  7.4299995E+03  1.2334865E+07
  7.4500000E+03  1.2299270E+07
  7.4700000E+03  1.2209869E+07
  7.4899990E+03  1.2131993E+07
  7.5099985E+03  1.2096855E+07
  7.5299995E+03  1.2046630E+07
  7.5499980E+03  1.2021888E+07
  7.5699985E+03  1.1908484E+07
  7.5899990E+03  1.1829457E+07
  7.6099980E+03  1.1751750E+07
  7.6299995E+03  1.1696042E+07
  7.6499995E+03  1.1602780E+07
  7.6699980E+03  1.1416196E+07
  7.6899990E+03  1.1435885E+07
  7.7099995E+03  1.1322760E+07
  7.7299985E+03  1.1320361E+07
  7.7499990E+03  1.1193638E+07
  7.7700000E+03  1.0978835E+07
  7.7900000E+03  1.1140437E+07
  7.8099995E+03  1.1043307E+07
  7.8299980E+03  1.0911387E+07
  7.8499980E+03  1.0821012E+07
  7.8699995E+03  1.0807439E+07
  7.8900000E+03  1.0730931E+07
  7.9099995E+03  1.0646028E+07
  7.9300000E+03  1.0521103E+07
  7.9499985E+03  1.0473006E+07
  7.9699990E+03  1.0518960E+07
  7.9900000E+03  1.0403220E+07
  8.0099980E+03  1.0331376E+07
  8.0299985E+03  1.0271794E+07
  8.0500000E+03  1.0203373E+07
  8.0699985E+03  1.0172533E+07
  8.0899990E+03  1.0070493E+07
  8.1099995E+03  1.0068996E+07
  8.1299976E+03  1.0022371E+07
  8.1499976E+03  9.9522570E+06
  8.1699980E+03  9.8900440E+06
  8.1899985E+03  9.6603860E+06
  8.2099990E+03  9.6569720E+06
  8.2300000E+03  9.5895110E+06
  8.2500000E+03  9.5585700E+06
  8.2700000E+03  9.6043830E+06
  8.2899980E+03  9.5328870E+06
  8.3099990E+03  9.4204960E+06
  8.3299980E+03  9.2623870E+06
  8.3500000E+03  9.2845250E+06
  8.3699990E+03  9.2353710E+06
  8.3899990E+03  9.0864950E+06
  8.4099971E+03  9.0598460E+06
  8.4300000E+03  8.9686600E+06
  8.4499990E+03  8.8233710E+06
  8.4699980E+03  8.7229400E+06
  8.4899980E+03  8.8350290E+06
  8.5099990E+03  8.3316060E+06
  8.5299990E+03  8.8403810E+06
  8.5499990E+03  7.9456525E+06
  8.5699990E+03  8.8770540E+06
  8.5900000E+03  8.4155700E+06
  8.6099980E+03  8.2601480E+06
  8.6299990E+03  8.7869260E+06
  8.6499990E+03  8.5645750E+06
  8.6699990E+03  7.3909335E+06
  8.6899990E+03  8.4280430E+06
  8.7099971E+03  8.6495990E+06
  8.7299990E+03  8.4518270E+06
  8.7499980E+03  7.4015615E+06
  8.7699980E+03  8.2514725E+06
  8.7899980E+03  8.4884810E+06
  8.8099990E+03  8.4300810E+06
  8.8299980E+03  8.2764570E+06
  8.8499980E+03  7.8826685E+06
  8.8699980E+03  7.0637860E+06
  8.8899990E+03  8.1131560E+06
  8.9099971E+03  8.2158195E+06
  8.9299980E+03  8.1587435E+06
  8.9499980E+03  8.1886345E+06
  8.9699990E+03  8.1015910E+06
  8.9899990E+03  7.9294720E+06
  9.0099980E+03  6.8223055E+06
  9.0299990E+03  7.3765685E+06
  9.0499990E+03  7.8748160E+06
  9.0699980E+03  7.7421250E+06
  9.0899990E+03  7.6077850E+06
  9.1099980E+03  7.7537250E+06
  9.1299980E+03  7.8070190E+06
  9.1499980E+03  7.7769765E+06
  9.1699980E+03  7.6960485E+06
  9.1899990E+03  7.5947830E+06
  9.2099990E+03  7.2691490E+06
  9.2299980E+03  6.1578010E+06
  9.2499980E+03  7.0681640E+06
  9.2699971E+03  7.2770675E+06
  9.2899990E+03  7.4413255E+06
  9.3099980E+03  7.4328605E+06
  9.3299990E+03  7.3815520E+06
  9.3499980E+03  7.3538865E+06
  9.3699990E+03  7.3311065E+06
  9.3900000E+03  7.2593180E+06
  9.4099980E+03  6.9872635E+06
  9.4299971E+03  7.1419465E+06
  9.4499990E+03  7.0889655E+06
  9.4700000E+03  7.0926580E+06
  9.4899980E+03  7.0431375E+06
  9.5100000E+03  6.9189825E+06
  9.5300000E+03  6.6253245E+06
  9.5500000E+03  5.6421655E+06
  9.5699990E+03  6.6050225E+06
  9.5899980E+03  6.7876455E+06
  9.6099980E+03  6.7439210E+06
  9.6299990E+03  6.6675935E+06
  9.6499990E+03  6.7091640E+06
  9.6699980E+03  6.6250385E+06
  9.6899980E+03  6.6250015E+06
  9.7100000E+03  6.6564725E+06
  9.7299990E+03  6.6152100E+06
  9.7499980E+03  6.5250875E+06
  9.7699961E+03  6.5351085E+06
  9.7899980E+03  6.5009630E+06
  9.8099980E+03  6.4658710E+06
  9.8299990E+03  6.4286690E+06
  9.8499980E+03  6.3622070E+06
  9.8700000E+03  6.3217515E+06
  9.8899980E+03  6.2692500E+06
  9.9099990E+03  6.2401340E+06
  9.9300000E+03  6.2299215E+06
  9.9499980E+03  6.1953910E+06
  9.9699980E+03  6.1671495E+06
  9.9899990E+03  6.1141680E+06
  1.0024998E+04  5.7814125E+06
  1.0074998E+04  5.5326600E+06
  1.0124997E+04  5.8581355E+06
  1.0174997E+04  5.8174415E+06
  1.0224998E+04  5.7696940E+06
  1.0274997E+04  5.7054715E+06
  1.0325000E+04  5.6019290E+06
  1.0374999E+04  5.5407160E+06
  1.0425000E+04  5.4665490E+06
  1.0474998E+04  5.3392975E+06
  1.0524997E+04  5.2971915E+06
  1.0574999E+04  5.2384570E+06
  1.0625000E+04  5.1602355E+06
  1.0674997E+04  5.0032465E+06
  1.0724998E+04  4.9969885E+06
  1.0774999E+04  4.9374160E+06
  1.0824997E+04  4.8604050E+06
  1.0874997E+04  4.7712175E+06
  1.0924999E+04  4.2617600E+06
  1.0974996E+04  4.5192125E+06
  1.1025000E+04  4.6419595E+06
  1.1074998E+04  4.6084340E+06
  1.1124999E+04  4.5397070E+06
  1.1174998E+04  4.4810750E+06
  1.1224999E+04  4.4373555E+06
  1.1274997E+04  4.3044425E+06
  1.1325000E+04  4.2585850E+06
  1.1375000E+04  4.2459780E+06
  1.1425000E+04  4.1627168E+06
  1.1474997E+04  4.1671488E+06
  1.1525000E+04  4.1180205E+06
  1.1574998E+04  4.0555282E+06
  1.1625000E+04  3.9565985E+06
  1.1674998E+04  3.8912740E+06
  1.1724997E+04  3.9165278E+06
  1.1775001E+04  3.7879628E+06
  1.1824999E+04  3.7745882E+06
  1.1875000E+04  3.7046650E+06
  1.1925000E+04  3.7351255E+06
  1.1975001E+04  3.6335915E+06
  1.2024998E+04  3.6232400E+06
  1.2074996E+04  3.5656502E+06
  1.2125000E+04  3.5329700E+06
  1.2175000E+04  3.5078235E+06
  1.2225001E+04  3.4605338E+06
  1.2275001E+04  3.4141478E+06
  1.2324996E+04  3.3741055E+06
  1.2374996E+04  3.3380388E+06
  1.2424998E+04  3.3048815E+06
  1.2475000E+04  3.2627065E+06
  1.2524997E+04  3.2177390E+06
  1.2574997E+04  3.1633740E+06
  1.2624999E+04  3.1367118E+06
  1.2674997E+04  3.1042760E+06
  1.2724999E+04  3.0655030E+06
  1.2774999E+04  2.9718400E+06
  1.2825000E+04  2.6065208E+06
  1.2875001E+04  2.9153998E+06
  1.2924997E+04  2.9217545E+06
  1.2975001E+04  2.9006205E+06
  1.3024998E+04  2.8672915E+06
  1.3074999E+04  2.8420978E+06
  1.3125000E+04  2.7994900E+06
  1.3174998E+04  2.7585325E+06
  1.3224998E+04  2.7448218E+06
  1.3274997E+04  2.7094335E+06
  1.3324997E+04  2.6821362E+06
  1.3374999E+04  2.6490630E+06
  1.3424999E+04  2.6230965E+06
  1.3474999E+04  2.5926698E+06
  1.3525001E+04  2.5574710E+06
  1.3574999E+04  2.5206765E+06
  1.3624997E+04  2.5050520E+06
  1.3674997E+04  2.4728665E+06
  1.3724995E+04  2.4228842E+06
  1.3774998E+04  2.4132678E+06
  1.3824998E+04  2.3891420E+06
  1.3874996E+04  2.3737158E+06
  1.3925000E+04  2.3351328E+06
  1.3974996E+04  2.3157542E+06
  1.4024997E+04  2.2881632E+06
  1.4075001E+04  2.2690815E+06
  1.4124996E+04  2.2345425E+06
  1.4175000E+04  2.2188050E+06
  1.4225000E+04  2.1834995E+06
  1.4274994E+04  2.1562150E+06
  1.4325001E+04  2.1450425E+06
  1.4374998E+04  2.1275950E+06
  1.4424999E+04  2.0513134E+06
  1.4475000E+04  2.0765429E+06
  1.4524997E+04  2.0281658E+06
  1.4569999E+04  2.0300312E+06
  1.4620000E+04  2.0269209E+06
  1.4674998E+04  2.0407959E+06
  1.4725000E+04  2.0014181E+06
  1.4775002E+04  1.9651148E+06
  1.4824998E+04  1.9445120E+06
  1.4874996E+04  1.9035389E+06
  1.4924997E+04  1.9029829E+06
  1.4974999E+04  1.8647605E+06
  1.5024999E+04  1.8326782E+06
  1.5075000E+04  1.8042952E+06
  1.5124999E+04  1.7969969E+06
  1.5175000E+04  1.7766672E+06
  1.5225002E+04  1.7499019E+06
  1.5274998E+04  1.7320070E+06
  1.5324995E+04  1.7069290E+06
  1.5374997E+04  1.6977569E+06
  1.5425001E+04  1.6585832E+06
  1.5474996E+04  1.6607838E+06
  1.5524994E+04  1.6418199E+06
  1.5575001E+04  1.5980594E+06
  1.5624998E+04  1.6321355E+06
  1.5674997E+04  1.5766620E+06
  1.5724994E+04  1.5427325E+06
  1.5774996E+04  1.5696044E+06
  1.5825001E+04  1.5584969E+06
  1.5874995E+04  1.4493764E+06
  1.5925002E+04  1.5122460E+06
  1.5975001E+04  1.5343859E+06
  1.6049998E+04  1.4838110E+06
  1.6150001E+04  1.4102435E+06
  1.6249997E+04  1.4553581E+06
  1.6350000E+04  1.3891300E+06
  1.6449996E+04  1.3128739E+06
  1.6549998E+04  1.3678766E+06
  1.6649994E+04  1.3423091E+06
  1.6749998E+04  1.2751152E+06
  1.6849998E+04  1.1986566E+06
  1.6950000E+04  1.2606219E+06
  1.7049996E+04  1.2311178E+06
  1.7150000E+04  1.2113966E+06
  1.7249992E+04  1.1701221E+06
  1.7349994E+04  1.0537606E+06
  1.7449992E+04  1.1112985E+06
  1.7550000E+04  1.1082466E+06
  1.7649998E+04  1.0863399E+06
  1.7749994E+04  1.0681556E+06
  1.7849994E+04  1.0465020E+06
  1.7949998E+04  1.0294836E+06
  1.8050002E+04  9.9923656E+05
  1.8150002E+04  9.0453175E+05
  1.8249994E+04  9.4342094E+05
  1.8349992E+04  9.4660381E+05
  1.8449992E+04  9.2830225E+05
  1.8549998E+04  9.0906862E+05
  1.8650002E+04  8.8587169E+05
  1.8750002E+04  7.9368825E+05
  1.8850000E+04  8.4898975E+05
  1.8950004E+04  8.3428269E+05
  1.9049996E+04  8.3115338E+05
  1.9149998E+04  8.1431812E+05
  1.9249992E+04  7.9791969E+05
  1.9350000E+04  7.7504331E+05
  1.9449992E+04  6.9658850E+05
  1.9550002E+04  7.4769462E+05
  1.9649992E+04  7.4058269E+05
  1.9749992E+04  7.2622550E+05
  1.9849992E+04  7.1549425E+05
  1.9950002E+04  7.0264981E+05
  2.0050002E+04  6.9087888E+05
  2.0149996E+04  6.7938112E+05
  2.0249994E+04  6.6535644E+05
  2.0349994E+04  6.5186500E+05
  2.0449996E+04  6.4373062E+05
  2.0550000E+04  6.3196744E+05
  2.0649992E+04  6.1869700E+05
  2.0749998E+04  6.0894150E+05
  2.0849992E+04  5.9871231E+05
  2.0950004E+04  5.8729306E+05
  2.1050002E+04  5.7781544E+05
  2.1149992E+04  5.6651169E+05
  2.1250000E+04  5.5677019E+05
  2.1350002E+04  5.4768219E+05
  2.1449996E+04  5.3935350E+05
  2.1550006E+04  5.2622250E+05
  2.1649994E+04  4.7267422E+05
  2.1750002E+04  5.0486694E+05
  2.1849998E+04  5.0229241E+05
  2.1950002E+04  4.9659991E+05
  2.2050000E+04  4.8631781E+05
  2.2149996E+04  4.7848134E+05
  2.2249998E+04  4.7224950E+05
  2.2350004E+04  4.6445788E+05
  2.2449990E+04  4.5677191E+05
  2.2549994E+04  4.4736575E+05
  2.2650000E+04  4.4140450E+05
  2.2750000E+04  4.3461366E+05
  2.2850000E+04  4.2805447E+05
  2.2950004E+04  4.2433212E+05
  2.3050000E+04  4.1847447E+05
  2.3149996E+04  4.1058603E+05
  2.3250000E+04  4.0386269E+05
  2.3349996E+04  3.9641719E+05
  2.3449994E+04  3.9017984E+05
  2.3550002E+04  3.8342903E+05
  2.3649988E+04  3.7727728E+05
  2.3750000E+04  3.7037300E+05
  2.3849990E+04  3.6417441E+05
  2.3950002E+04  3.5865003E+05
  2.4050006E+04  3.5266447E+05
  2.4149992E+04  3.4681762E+05
  2.4249990E+04  3.4170819E+05
  2.4349990E+04  3.3584475E+05
  2.4450002E+04  3.3067662E+05
  2.4549990E+04  3.2551947E+05
  2.4649992E+04  3.2063919E+05
  2.4749992E+04  3.1575325E+05
  2.4850006E+04  3.1130112E+05
  2.4950000E+04  3.0407828E+05
  2.5050006E+04  3.0572575E+05
  2.5149994E+04  2.9941034E+05
  2.5249998E+04  2.9007075E+05
  2.5350004E+04  2.8987366E+05
  2.5449988E+04  2.8686184E+05
  2.5549998E+04  2.8069619E+05
  2.5649990E+04  2.7075312E+05
  2.5749990E+04  2.7357462E+05
  2.5849994E+04  2.6988906E+05
  2.5949990E+04  2.6688438E+05
  2.6049996E+04  2.6004261E+05
  2.6149998E+04  2.4917112E+05
  2.6249988E+04  2.3231244E+05
  2.6350008E+04  2.4872892E+05
  2.6449996E+04  2.4800431E+05
  2.6549994E+04  2.4467527E+05
  2.6649994E+04  2.3890131E+05
  2.6749988E+04  2.2734700E+05
  2.6849986E+04  2.3333330E+05
  2.6949986E+04  2.3214953E+05
  2.7050002E+04  2.2927242E+05
  2.7149998E+04  2.2619652E+05
  2.7249994E+04  2.2302247E+05
  2.7350006E+04  2.1981297E+05
  2.7450004E+04  2.1576448E+05
  2.7549996E+04  2.0277011E+05
  2.7649982E+04  2.0599744E+05
  2.7750004E+04  2.0744556E+05
  2.7850000E+04  2.0535625E+05
  2.7949992E+04  2.0279006E+05
  2.8049994E+04  2.0002516E+05
  2.8150002E+04  1.9737984E+05
  2.8250006E+04  1.9469616E+05
  2.8350000E+04  1.9221894E+05
  2.8450000E+04  1.8918045E+05
  2.8550002E+04  1.8645706E+05
  2.8650002E+04  1.8115550E+05
  2.8749982E+04  1.6987961E+05
  2.8849998E+04  1.7822256E+05
  2.8949986E+04  1.7709697E+05
  2.9049994E+04  1.7513866E+05
  2.9149986E+04  1.7248052E+05
  2.9249984E+04  1.7047097E+05
  2.9349980E+04  1.6843228E+05
  2.9450000E+04  1.6617817E+05
  2.9550004E+04  1.6414066E+05
  2.9649982E+04  1.6206280E+05
  2.9749992E+04  1.5996197E+05
  2.9849994E+04  1.5795756E+05
  2.9949984E+04  1.5584625E+05
  3.0049996E+04  1.5383017E+05
  3.0149994E+04  1.5177952E+05
  3.0249994E+04  1.4920908E+05
  3.0349996E+04  1.3938906E+05
  3.0449996E+04  1.4112420E+05
  3.0549996E+04  1.4387105E+05
  3.0649996E+04  1.4256886E+05
  3.0749994E+04  1.4100562E+05
  3.0849996E+04  1.3895292E+05
  3.0949994E+04  1.3736428E+05
  3.1049996E+04  1.3574236E+05
  3.1149996E+04  1.3355603E+05
  3.1249996E+04  1.3234386E+05
  3.1349996E+04  1.3082627E+05
  3.1449996E+04  1.2919578E+05
  3.1549998E+04  1.2764761E+05
  3.1649996E+04  1.2630073E+05
  3.1749998E+04  1.2461691E+05
  3.1849996E+04  1.2331199E+05
  3.1949994E+04  1.2185856E+05
  3.2099996E+04  1.1963280E+05
  3.2299992E+04  1.1689204E+05
  3.2499994E+04  1.1412028E+05
  3.2699996E+04  1.1129815E+05
  3.2899996E+04  1.0353451E+05
  3.3099996E+04  1.0525118E+05
  3.3299992E+04  1.0406545E+05
  3.3499996E+04  1.0186984E+05
  3.3699996E+04  9.9261109E+04
  3.3899996E+04  9.6975477E+04
  3.4099996E+04  9.4733242E+04
  3.4299996E+04  9.2751102E+04
  3.4499992E+04  9.0830602E+04
  3.4699996E+04  8.8732156E+04
  3.4899996E+04  8.6799461E+04
  3.5099996E+04  8.4898805E+04
  3.5299996E+04  8.3011344E+04
  3.5499996E+04  8.1226680E+04
  3.5699992E+04  7.9382102E+04
  3.5899992E+04  7.7763461E+04
  3.6099996E+04  7.6042719E+04
  3.6299992E+04  7.4575266E+04
  3.6499992E+04  7.2753547E+04
  3.6699992E+04  7.1450891E+04
  3.6899992E+04  6.9416781E+04
  3.7099996E+04  6.8278961E+04
  3.7299996E+04  6.5542234E+04
  3.7499992E+04  6.3189363E+04
  3.7699996E+04  6.4296621E+04
  3.7899996E+04  6.3150344E+04
  3.8099992E+04  6.1456184E+04
  3.8299996E+04  6.0384547E+04
  3.8499996E+04  5.9619012E+04
  3.8699996E+04  5.8335281E+04
  3.8899992E+04  5.7000059E+04
  3.9099996E+04  5.5297191E+04
  3.9299992E+04  5.4982180E+04
  3.9499992E+04  5.3968039E+04
  3.9699992E+04  5.2961934E+04
  3.9900000E+04  5.1755504E+04
  4.0099996E+04  5.0284648E+04
  4.0299992E+04  4.9190641E+04
  4.0499996E+04  4.6919086E+04
  4.0699992E+04  4.7896461E+04
  4.0899992E+04  4.7109383E+04
  4.1099996E+04  4.6324152E+04
  4.1299996E+04  4.5463559E+04
  4.1499992E+04  4.4442371E+04
  4.1699992E+04  4.2663016E+04
  4.1899996E+04  4.2780293E+04
  4.2099996E+04  4.2062336E+04
  4.2299992E+04  4.1450773E+04
  4.2499996E+04  4.0665270E+04
  4.2699992E+04  3.9958770E+04
  4.2899992E+04  3.9243164E+04
  4.3099996E+04  3.8537055E+04
  4.3299996E+04  3.7824215E+04
  4.3499992E+04  3.7100922E+04
  4.3699996E+04  3.5473895E+04
  4.3899996E+04  3.5524777E+04
  4.4099992E+04  3.5168426E+04
  4.4299992E+04  3.4603953E+04
  4.4499996E+04  3.4010137E+04
  4.4699996E+04  3.3485879E+04
  4.4899996E+04  3.2907918E+04
  4.5099992E+04  3.2353695E+04
  4.5299992E+04  3.1795105E+04
  4.5499996E+04  3.1257791E+04
  4.5699992E+04  3.0712418E+04
  4.5899996E+04  3.0184277E+04
  4.6099996E+04  2.9692496E+04
  4.6299992E+04  2.9116686E+04
  4.6499988E+04  2.7389275E+04
  4.6699992E+04  2.7099896E+04
  4.6899992E+04  2.7592031E+04
  4.7099992E+04  2.7298768E+04
  4.7299992E+04  2.6869701E+04
  4.7499996E+04  2.6415146E+04
  4.7699992E+04  2.5990445E+04
  4.7899992E+04  2.5583393E+04
  4.8099996E+04  2.5165906E+04
  4.8299992E+04  2.4762527E+04
  4.8499992E+04  2.4363330E+04
  4.8700000E+04  2.3976188E+04
  4.8899992E+04  2.3597715E+04
  4.9099988E+04  2.3212094E+04
  4.9299988E+04  2.2855189E+04
  4.9499996E+04  2.2492512E+04
  4.9699992E+04  2.2144084E+04
  4.9899988E+04  2.1798996E+04
  5.0099996E+04  2.1460191E+04
  5.0299996E+04  2.1127568E+04
  5.0499996E+04  2.0803967E+04
  5.0699996E+04  2.0487732E+04
  5.0899992E+04  2.0165645E+04
  5.1099992E+04  1.9752732E+04
  5.1299996E+04  1.8785906E+04
  5.1499988E+04  1.9204195E+04
  5.1699996E+04  1.8978373E+04
  5.1899992E+04  1.8696725E+04
  5.2099992E+04  1.8410500E+04
  5.2299996E+04  1.8137740E+04
  5.2499996E+04  1.7874061E+04
  5.2699996E+04  1.7609789E+04
  5.2899992E+04  1.7351686E+04
  5.3099988E+04  1.7095631E+04
  5.3299988E+04  1.6846896E+04
  5.3499992E+04  1.6600080E+04
  5.3699992E+04  1.6351243E+04
  5.3899992E+04  1.6121198E+04
  5.4099992E+04  1.5892812E+04
  5.4299984E+04  1.5655853E+04
  5.4499988E+04  1.5437151E+04
  5.4699996E+04  1.5201074E+04
  5.4899992E+04  1.5000528E+04
  5.5099992E+04  1.4791317E+04
  5.5299988E+04  1.4578577E+04
  5.5499988E+04  1.4377075E+04
  5.5699992E+04  1.4173227E+04
  5.5899992E+04  1.3959865E+04
  5.6099988E+04  1.3782702E+04
  5.6299996E+04  1.3589865E+04
  5.6499988E+04  1.3407676E+04
  5.6699988E+04  1.3221853E+04
  5.6899992E+04  1.3039469E+04
  5.7099996E+04  1.2862777E+04
  5.7299988E+04  1.2687087E+04
  5.7499988E+04  1.2515802E+04
  5.7699988E+04  1.2343188E+04
  5.7899996E+04  1.2173778E+04
  5.8099988E+04  1.2014222E+04
  5.8299996E+04  1.1855450E+04
  5.8499992E+04  1.1705175E+04
  5.8699988E+04  1.1541361E+04
  5.8899988E+04  1.1315428E+04
  5.9099992E+04  1.0802141E+04
  5.9299988E+04  1.1058298E+04
  5.9499996E+04  1.0926615E+04
  5.9699988E+04  1.0807022E+04
  5.9899992E+04  1.0665675E+04
  6.0099992E+04  1.0522840E+04
  6.0299992E+04  1.0393060E+04
  6.0499988E+04  1.0258794E+04
  6.0699992E+04  1.0124021E+04
  6.0899992E+04  9.9906934E+03
  6.1099988E+04  9.8541514E+03
  6.1299992E+04  9.7410283E+03
  6.1499988E+04  9.6184121E+03
  6.1699988E+04  9.4961865E+03
  6.1899996E+04  9.3752363E+03
  6.2099996E+04  9.2587734E+03
  6.2299988E+04  9.1309951E+03
  6.2499992E+04  9.0245244E+03
  6.2699988E+04  8.9102178E+03
  6.2899996E+04  8.8040322E+03
  6.3099984E+04  8.6870967E+03
  6.3299996E+04  8.5861211E+03
  6.3499984E+04  8.4802695E+03
  6.3699984E+04  8.3765938E+03
  6.3900000E+04  8.2733066E+03
  6.4199992E+04  8.1244170E+03
  6.4599984E+04  7.9264409E+03
  6.4999992E+04  7.7349326E+03
  6.5399992E+04  7.5539341E+03
  6.5799992E+04  7.3748364E+03
  6.6199984E+04  7.2001079E+03
  6.6599984E+04  7.0325972E+03
  6.6999992E+04  6.8683086E+03
  6.7399992E+04  6.7081602E+03
  6.7799992E+04  6.5551548E+03
  6.8199992E+04  6.4049424E+03
  6.8599992E+04  6.2588984E+03
  6.8999984E+04  6.1160386E+03
  6.9399984E+04  5.9782373E+03
  6.9800000E+04  5.8454224E+03
  7.0199992E+04  5.7142485E+03
  7.0599984E+04  5.5885356E+03
  7.0999977E+04  5.4677510E+03
  7.1399977E+04  5.3473188E+03
  7.1799984E+04  5.2306104E+03
  7.2199984E+04  5.1144199E+03
  7.2600000E+04  5.0066816E+03
  7.2999984E+04  4.9012783E+03
  7.3400000E+04  4.7956963E+03
  7.3799984E+04  4.6951577E+03
  7.4199992E+04  4.5925991E+03
  7.4599992E+04  4.4074810E+03
  7.5000000E+04  4.3123711E+03
  7.5399992E+04  4.3108057E+03
  7.5799992E+04  4.2254971E+03
  7.6199984E+04  4.1392744E+03
  7.6599992E+04  4.0549355E+03
  7.6999992E+04  3.9719956E+03
  7.7399992E+04  3.8924353E+03
  7.7799984E+04  3.8143606E+03
  7.8199984E+04  3.7380447E+03
  7.8599984E+04  3.6636287E+03
  7.8999984E+04  3.5910679E+03
  7.9399984E+04  3.5201384E+03
  7.9800000E+04  3.4512148E+03
  8.0199992E+04  3.3832551E+03
  8.0599984E+04  3.3175732E+03
  8.0999992E+04  3.2541106E+03
  8.1399977E+04  3.1905391E+03
  8.1799984E+04  3.1297400E+03
  8.2199984E+04  3.0706963E+03
  8.2599992E+04  3.0123140E+03
  8.2999984E+04  2.9555149E+03
  8.3400000E+04  2.8987961E+03
  8.3799992E+04  2.8444192E+03
  8.4199992E+04  2.7922173E+03
  8.4599977E+04  2.7411375E+03
  8.4999977E+04  2.6907878E+03
  8.5399984E+04  2.6412068E+03
  8.5799984E+04  2.5928921E+03
  8.6199992E+04  2.5455610E+03
  8.6599992E+04  2.4999463E+03
  8.6999984E+04  2.4549622E+03
  8.7399992E+04  2.4107432E+03
  8.7799992E+04  2.3678132E+03
  8.8199984E+04  2.3250774E+03
  8.8599977E+04  2.2842146E+03
  8.8999992E+04  2.2437996E+03
  8.9399977E+04  2.2047231E+03
  8.9799977E+04  2.1656445E+03
  9.0199984E+04  2.1283745E+03
  9.0599984E+04  2.0918604E+03
  9.0999992E+04  2.0551768E+03
  9.1400000E+04  2.0200905E+03
  9.1799969E+04  1.9858513E+03
  9.2199969E+04  1.9521718E+03
  9.2599984E+04  1.9189983E+03
  9.3000000E+04  1.8866705E+03
  9.3399984E+04  1.8548694E+03
  9.3799984E+04  1.8238401E+03
  9.4199977E+04  1.7934398E+03
  9.4599984E+04  1.7636556E+03
  9.4999969E+04  1.7344757E+03
  9.5399984E+04  1.7055558E+03
  9.5799984E+04  1.6780428E+03
  9.6199992E+04  1.6504388E+03
  9.6599984E+04  1.6237993E+03
  9.7000000E+04  1.5975016E+03
  9.7399977E+04  1.5712241E+03
  9.7799984E+04  1.5462662E+03
  9.8199977E+04  1.5215063E+03
  9.8599977E+04  1.4974064E+03
  9.8999992E+04  1.4737214E+03
  9.9399984E+04  1.4502933E+03
  9.9799977E+04  1.4273817E+03
  1.0019999E+05  1.4050135E+03
  1.9999991E+05  9.0296394E+01
  3.9999994E+05  5.6371050E+00
  5.9999981E+05  1.1055028E+00
  7.9999994E+05  3.4735382E-01
