  5.0599994E+02  3.6249574E-16
  5.1199994E+02  7.5862833E-16
  5.2000000E+02  1.7324981E-15
  5.2999994E+02  4.6744940E-15
  5.3999994E+02  1.2013600E-14
  5.4999988E+02  3.0006640E-14
  5.5999988E+02  7.2260448E-14
  5.6999988E+02  1.6851532E-13
  5.7999994E+02  3.7914089E-13
  5.8999988E+02  8.3962481E-13
  5.9999988E+02  1.8002613E-12
  6.0999988E+02  3.7702675E-12
  6.1999994E+02  7.7114634E-12
  6.2999988E+02  1.5438562E-11
  6.3999994E+02  3.0301445E-11
  6.4999994E+02  5.8408341E-11
  6.5799994E+02  9.7471482E-11
  6.6499988E+02  1.5108513E-10
  6.7499994E+02  2.7929303E-10
  6.8499988E+02  5.0888382E-10
  6.9499994E+02  9.1378399E-10
  7.0499988E+02  1.6150957E-09
  7.1599988E+02  2.9945764E-09
  7.2599994E+02  5.1725069E-09
  7.3499982E+02  8.3788221E-09
  7.4499994E+02  1.4167241E-08
  7.5499982E+02  2.3713982E-08
  7.6499994E+02  3.9297785E-08
  7.7499994E+02  6.4473504E-08
  7.8499982E+02  1.0478652E-07
  7.9499982E+02  1.6796152E-07
  8.0500000E+02  2.6847584E-07
  8.1499976E+02  4.2474761E-07
  8.2500000E+02  6.6520874E-07
  8.3499994E+02  1.0325207E-06
  8.4499994E+02  1.5887662E-06
  8.5499988E+02  2.4237900E-06
  8.6499994E+02  3.6663535E-06
  8.7499982E+02  5.4963061E-06
  8.8499982E+02  8.1832950E-06
  8.9499988E+02  1.2078599E-05
  9.0499994E+02  1.7676935E-05
  9.1499982E+02  5.6418292E-03
  9.2499988E+02  1.3527389E-02
  9.3499982E+02  1.7876862E-02
  9.4500000E+02  2.3787934E-02
  9.5500000E+02  3.4343310E-02
  9.6499988E+02  4.5929294E-02
  9.7499982E+02  5.8430541E-02
  9.8499976E+02  7.7410430E-02
  9.9499988E+02  9.6551590E-02
  1.0049999E+03  1.3528113E-01
  1.0149997E+03  1.7486478E-01
  1.0249998E+03  1.8788879E-01
  1.0349998E+03  2.8035229E-01
  1.0449998E+03  3.6175218E-01
  1.0549999E+03  4.5636818E-01
  1.0649999E+03  5.5379409E-01
  1.0750000E+03  7.0402819E-01
  1.0849996E+03  8.7726551E-01
  1.0949999E+03  1.0522228E+00
  1.1049999E+03  6.9448905E+00
  1.1149999E+03  1.3616602E+01
  1.1249999E+03  1.8883909E+01
  1.1349996E+03  2.3786491E+01
  1.1449999E+03  3.0051865E+01
  1.1549999E+03  3.2174210E+01
  1.1650000E+03  4.3043705E+01
  1.1749995E+03  4.9468884E+01
  1.1849996E+03  4.8047256E+01
  1.1949998E+03  2.7004015E+01
  1.2049996E+03  2.6863832E+01
  1.2149998E+03  5.4972711E+00
  1.2249996E+03  3.3846680E+01
  1.2349996E+03  8.2229347E+01
  1.2449998E+03  2.2112909E+02
  1.2549996E+03  4.0748727E+02
  1.2650000E+03  4.2948590E+02
  1.2749998E+03  7.9465930E+02
  1.2849995E+03  1.2625120E+03
  1.2949998E+03  1.6667666E+03
  1.3049995E+03  1.1851107E+03
  1.3149998E+03  2.3500818E+03
  1.3249998E+03  2.9456265E+03
  1.3349996E+03  3.2546743E+03
  1.3449995E+03  4.5234443E+03
  1.3549996E+03  4.7101270E+03
  1.3649999E+03  5.2732217E+03
  1.3749999E+03  5.8467983E+03
  1.3849996E+03  6.4455454E+03
  1.3949999E+03  7.7093779E+03
  1.4050001E+03  8.7823076E+03
  1.4149998E+03  8.9410439E+03
  1.4249998E+03  1.0466804E+04
  1.4350000E+03  1.0622198E+04
  1.4419998E+03  1.2847269E+04
  1.4469999E+03  1.5016180E+04
  1.4549994E+03  1.6640488E+04
  1.4650000E+03  1.6446025E+04
  1.4749995E+03  1.8258090E+04
  1.4849996E+03  2.1045363E+04
  1.4949998E+03  2.4971986E+04
  1.5049996E+03  2.8257172E+04
  1.5119995E+03  2.8231793E+04
  1.5169994E+03  2.9766541E+04
  1.5250001E+03  6.1221688E+04
  1.5349994E+03  8.5556336E+04
  1.5449994E+03  1.7674873E+05
  1.5549998E+03  1.4857280E+05
  1.5649999E+03  1.2366445E+05
  1.5750001E+03  2.6103444E+05
  1.5850000E+03  3.3946425E+05
  1.5949996E+03  4.9980334E+05
  1.6049999E+03  3.8740541E+05
  1.6150000E+03  3.2514972E+05
  1.6249996E+03  2.3896922E+05
  1.6350000E+03  2.8487241E+05
  1.6449996E+03  4.6033138E+05
  1.6549999E+03  2.3573453E+05
  1.6649993E+03  4.1085334E+05
  1.6720000E+03  1.1367548E+05
  1.6770001E+03  1.7778858E+06
  1.6849998E+03  2.1338998E+06
  1.6950000E+03  1.7971042E+06
  1.7049995E+03  1.4867032E+06
  1.7150000E+03  2.2791820E+06
  1.7249993E+03  2.6121445E+06
  1.7349994E+03  3.3778305E+06
  1.7449993E+03  2.8459525E+06
  1.7550001E+03  4.0006758E+06
  1.7649998E+03  2.8832815E+06
  1.7749995E+03  3.9105520E+06
  1.7849995E+03  3.2537945E+06
  1.7949999E+03  5.2107320E+06
  1.8050001E+03  5.2327085E+06
  1.8150001E+03  6.0839245E+06
  1.8249994E+03  5.0779315E+06
  1.8349993E+03  4.3503245E+06
  1.8449993E+03  4.0159875E+06
  1.8549998E+03  4.9212525E+06
  1.8650002E+03  5.7884005E+06
  1.8750001E+03  5.1535195E+06
  1.8850000E+03  5.4726200E+06
  1.8950002E+03  6.3180740E+06
  1.9049996E+03  5.6593675E+06
  1.9149999E+03  5.9053165E+06
  1.9249993E+03  5.5368925E+06
  1.9350001E+03  3.4011588E+06
  1.9449993E+03  6.6468145E+06
  1.9550002E+03  6.8032270E+06
  1.9670002E+03  7.7519120E+06
  1.9759990E+03  7.5165755E+06
  1.9839996E+03  7.5015360E+06
  1.9950001E+03  7.2736455E+06
  2.0050002E+03  6.5504260E+06
  2.0149996E+03  5.9248675E+06
  2.0249994E+03  5.6437980E+06
  2.0349995E+03  6.8157620E+06
  2.0449998E+03  7.7028035E+06
  2.0550000E+03  6.7984605E+06
  2.0649993E+03  6.3188725E+06
  2.0739993E+03  8.4130710E+06
  2.0780002E+03  9.2279460E+06
  2.0849993E+03  8.7821890E+06
  2.0950005E+03  8.1764040E+06
  2.1050002E+03  7.2760650E+06
  2.1149990E+03  7.5001785E+06
  2.1250000E+03  7.6128745E+06
  2.1350002E+03  5.7710520E+06
  2.1449998E+03  7.2236400E+06
  2.1550005E+03  7.4857005E+06
  2.1649995E+03  6.3683905E+06
  2.1750002E+03  6.5533315E+06
  2.1849998E+03  7.0449085E+06
  2.1950000E+03  8.0444360E+06
  2.2050000E+03  7.2707860E+06
  2.2149998E+03  5.8111445E+06
  2.2249998E+03  5.5568345E+06
  2.2350005E+03  7.6316080E+06
  2.2449990E+03  6.8436565E+06
  2.2549993E+03  5.3818880E+06
  2.2650000E+03  5.4305190E+06
  2.2750000E+03  6.4448140E+06
  2.2850000E+03  7.1834495E+06
  2.2950002E+03  6.3419155E+06
  2.3050000E+03  6.8307970E+06
  2.3149995E+03  5.9976020E+06
  2.3250000E+03  2.5421832E+06
  2.3349995E+03  3.4326082E+06
  2.3449993E+03  2.6158145E+06
  2.3550000E+03  4.9464835E+06
  2.3649988E+03  2.5960758E+06
  2.3750000E+03  3.7562928E+06
  2.3849990E+03  1.9302845E+06
  2.3950000E+03  2.6983318E+06
  2.4050005E+03  2.5737440E+06
  2.4149993E+03  3.5151370E+06
  2.4249990E+03  6.0990350E+06
  2.4349990E+03  5.8586195E+06
  2.4450000E+03  6.5225330E+06
  2.4549990E+03  6.5713975E+06
  2.4649990E+03  6.2057020E+06
  2.4749993E+03  5.7132145E+06
  2.4850005E+03  5.7363190E+06
  2.4950000E+03  5.5180720E+06
  2.5050005E+03  7.6306860E+06
  2.5129988E+03  5.0294200E+06
  2.5179990E+03  4.9758340E+06
  2.5249998E+03  4.2710545E+06
  2.5350007E+03  4.5548135E+06
  2.5449988E+03  4.7848500E+06
  2.5550000E+03  6.0255125E+06
  2.5649990E+03  4.9822260E+06
  2.5749990E+03  5.8669405E+06
  2.5849993E+03  5.2568360E+06
  2.5949990E+03  4.5866295E+06
  2.6049995E+03  3.9457462E+06
  2.6149998E+03  3.5995065E+06
  2.6249990E+03  4.9537300E+06
  2.6350007E+03  6.4937230E+06
  2.6449995E+03  9.6751580E+06
  2.6549998E+03  1.0202061E+07
  2.6649995E+03  7.8595865E+06
  2.6749988E+03  8.9549940E+06
  2.6849988E+03  8.7394810E+06
  2.6949988E+03  8.0606035E+06
  2.7050000E+03  8.8130610E+06
  2.7150000E+03  7.3478835E+06
  2.7249995E+03  7.4163255E+06
  2.7350007E+03  8.0476365E+06
  2.7450002E+03  4.2909915E+06
  2.7549998E+03  5.3764945E+06
  2.7649983E+03  6.4754855E+06
  2.7750005E+03  7.8833525E+06
  2.7850000E+03  5.9616905E+06
  2.7949993E+03  2.1729602E+06
  2.8049995E+03  2.8341560E+06
  2.8150002E+03  7.5577405E+06
  2.8250007E+03  9.8377150E+06
  2.8350000E+03  9.3611110E+06
  2.8450002E+03  8.9817060E+06
  2.8550005E+03  8.1202300E+06
  2.8650000E+03  9.9995820E+06
  2.8749983E+03  9.6972480E+06
  2.8850000E+03  9.8627780E+06
  2.8949988E+03  9.3416640E+06
  2.9099988E+03  1.1398406E+07
  2.9299983E+03  1.0718926E+07
  2.9499990E+03  1.0600047E+07
  2.9700005E+03  1.1253854E+07
  2.9899980E+03  1.1640261E+07
  3.0099995E+03  1.2149717E+07
  3.0299995E+03  1.1919275E+07
  3.0499995E+03  1.1997144E+07
  3.0699995E+03  1.2183500E+07
  3.0899995E+03  1.2727038E+07
  3.1099995E+03  1.2182158E+07
  3.1299998E+03  1.2115416E+07
  3.1499995E+03  1.2742673E+07
  3.1699995E+03  1.2693734E+07
  3.1899995E+03  1.1679872E+07
  3.2099998E+03  1.2418104E+07
  3.2299993E+03  1.1724953E+07
  3.2499993E+03  1.2515567E+07
  3.2699995E+03  1.2919957E+07
  3.2899995E+03  1.2997938E+07
  3.3099998E+03  1.3474721E+07
  3.3299993E+03  1.3124118E+07
  3.3499995E+03  1.3047773E+07
  3.3699995E+03  1.2804793E+07
  3.3899993E+03  1.3005245E+07
  3.4099993E+03  1.3239655E+07
  3.4299995E+03  1.3477970E+07
  3.4499993E+03  1.3421543E+07
  3.4699998E+03  1.3210015E+07
  3.4899993E+03  1.3125547E+07
  3.5099995E+03  1.3675117E+07
  3.5299995E+03  1.3663600E+07
  3.5499995E+03  1.4261601E+07
  3.5699995E+03  1.3439529E+07
  3.5899995E+03  1.3415314E+07
  3.6099995E+03  1.3564542E+07
  3.6299993E+03  1.3792306E+07
  3.6399993E+03  1.3706109E+07
  3.6499995E+03  1.4220986E+07
  3.6699993E+03  1.3375258E+07
  3.6899995E+03  1.6134717E+07
  3.7099995E+03  2.2589588E+07
  3.7299998E+03  2.3813718E+07
  3.7499993E+03  3.0942348E+07
  3.7699993E+03  3.3180744E+07
  3.7899995E+03  4.1355376E+07
  3.8099993E+03  4.8043792E+07
  3.8299998E+03  3.7642748E+07
  3.8499995E+03  5.1473096E+07
  3.8699995E+03  5.6509084E+07
  3.8899995E+03  3.4605840E+07
  3.9099995E+03  5.3025184E+07
  3.9299993E+03  3.2939056E+07
  3.9499993E+03  4.8624592E+07
  3.9699998E+03  2.6570592E+07
  3.9899995E+03  5.3023908E+07
  4.0099995E+03  5.6345608E+07
  4.0299993E+03  5.5669444E+07
  4.0499993E+03  5.4859152E+07
  4.0699993E+03  5.3604912E+07
  4.0899995E+03  4.7748968E+07
  4.1099995E+03  3.7173516E+07
  4.1299995E+03  5.1789232E+07
  4.1499990E+03  5.3811216E+07
  4.1699990E+03  5.2382012E+07
  4.1899995E+03  5.2099856E+07
  4.2099995E+03  5.1680416E+07
  4.2299995E+03  5.0378040E+07
  4.2499995E+03  5.0649612E+07
  4.2699990E+03  4.8672048E+07
  4.2899995E+03  4.9504800E+07
  4.3100000E+03  4.6083428E+07
  4.3299995E+03  3.9903900E+07
  4.3499995E+03  3.4230004E+07
  4.3699995E+03  4.7574712E+07
  4.3899995E+03  4.7009288E+07
  4.4099995E+03  4.5878760E+07
  4.4299995E+03  4.5475032E+07
  4.4499995E+03  4.5850996E+07
  4.4699995E+03  4.5615080E+07
  4.4899995E+03  4.5166636E+07
  4.5099990E+03  4.6578360E+07
  4.5299995E+03  4.4170572E+07
  4.5499990E+03  4.3275408E+07
  4.5699995E+03  4.5164896E+07
  4.5899990E+03  4.2842732E+07
  4.6099990E+03  4.4138132E+07
  4.6299990E+03  4.2539748E+07
  4.6499990E+03  4.2946448E+07
  4.6699990E+03  4.2771136E+07
  4.6899990E+03  4.1569600E+07
  4.7099995E+03  3.9863832E+07
  4.7299990E+03  4.1366236E+07
  4.7499995E+03  4.1416008E+07
  4.7699995E+03  4.0513100E+07
  4.7899990E+03  4.0246104E+07
  4.8099995E+03  3.9563640E+07
  4.8299995E+03  3.8708604E+07
  4.8499990E+03  3.2275168E+07
  4.8700000E+03  2.5885512E+07
  4.8899990E+03  3.6622308E+07
  4.9099990E+03  3.7213732E+07
  4.9299990E+03  3.6329596E+07
  4.9499995E+03  3.7022164E+07
  4.9699995E+03  3.7157952E+07
  4.9899990E+03  3.5334100E+07
  5.0099995E+03  3.3863816E+07
  5.0299995E+03  3.4970904E+07
  5.0499995E+03  3.4360596E+07
  5.0699995E+03  3.4935700E+07
  5.0899995E+03  3.4347604E+07
  5.1099990E+03  3.4196136E+07
  5.1299995E+03  3.3238584E+07
  5.1499985E+03  3.2462480E+07
  5.1700000E+03  3.1951038E+07
  5.1899990E+03  3.1670308E+07
  5.2099990E+03  3.1573352E+07
  5.2299995E+03  3.1354368E+07
  5.2499995E+03  3.1724170E+07
  5.2699995E+03  2.9790956E+07
  5.2899990E+03  3.1075256E+07
  5.3099995E+03  3.0430082E+07
  5.3299990E+03  2.9638548E+07
  5.3499995E+03  3.0366352E+07
  5.3699995E+03  2.9948536E+07
  5.3899995E+03  2.9555526E+07
  5.4099990E+03  2.8894620E+07
  5.4299990E+03  2.8930034E+07
  5.4499990E+03  2.9229240E+07
  5.4699995E+03  2.8727552E+07
  5.4899995E+03  2.8742366E+07
  5.5099995E+03  2.8293356E+07
  5.5299985E+03  2.8031180E+07
  5.5499990E+03  2.8021532E+07
  5.5699990E+03  2.7508590E+07
  5.5899995E+03  2.7345852E+07
  5.6099990E+03  2.7255368E+07
  5.6299995E+03  2.7126248E+07
  5.6499990E+03  2.6762244E+07
  5.6699990E+03  2.6305430E+07
  5.6899995E+03  2.6393110E+07
  5.7099995E+03  2.6114948E+07
  5.7299990E+03  2.6243922E+07
  5.7499990E+03  2.5798458E+07
  5.7699990E+03  2.5667448E+07
  5.7899995E+03  2.5338720E+07
  5.8099985E+03  2.5169042E+07
  5.8300000E+03  2.5008832E+07
  5.8499990E+03  2.4731352E+07
  5.8699985E+03  2.4544528E+07
  5.8899985E+03  2.3979586E+07
  5.9099995E+03  2.4096912E+07
  5.9299985E+03  2.3888584E+07
  5.9499995E+03  2.3673980E+07
  5.9699990E+03  2.3521972E+07
  5.9899990E+03  2.3177214E+07
  6.0099990E+03  2.2850074E+07
  6.0299995E+03  2.2821004E+07
  6.0499990E+03  2.2663170E+07
  6.0699990E+03  2.2578488E+07
  6.0899995E+03  2.2251650E+07
  6.1099985E+03  2.1972006E+07
  6.1299995E+03  2.1585236E+07
  6.1499985E+03  2.1138296E+07
  6.1699985E+03  2.1260758E+07
  6.1900000E+03  2.1349720E+07
  6.2099995E+03  2.1211452E+07
  6.2299985E+03  2.0841566E+07
  6.2499990E+03  2.0140334E+07
  6.2699985E+03  2.0698194E+07
  6.2900000E+03  2.0542962E+07
  6.3099985E+03  2.0081788E+07
  6.3299995E+03  2.0065090E+07
  6.3499985E+03  1.9783806E+07
  6.3699985E+03  1.9657914E+07
  6.3899995E+03  1.9570108E+07
  6.4099990E+03  1.9207952E+07
  6.4299985E+03  1.9198906E+07
  6.4499985E+03  1.8849110E+07
  6.4699990E+03  1.8963146E+07
  6.4899990E+03  1.8497624E+07
  6.5099985E+03  1.8494374E+07
  6.5299990E+03  1.8270816E+07
  6.5499985E+03  1.6490116E+07
  6.5699985E+03  1.3089032E+07
  6.5899995E+03  1.7452100E+07
  6.6099985E+03  1.7807958E+07
  6.6299990E+03  1.7792382E+07
  6.6499985E+03  1.7660818E+07
  6.6699995E+03  1.7503408E+07
  6.6899990E+03  1.7435104E+07
  6.7099995E+03  1.7274426E+07
  6.7299990E+03  1.7130320E+07
  6.7499995E+03  1.6951232E+07
  6.7699985E+03  1.6926028E+07
  6.7899995E+03  1.6763540E+07
  6.8099995E+03  1.6640850E+07
  6.8300000E+03  1.6454698E+07
  6.8499985E+03  1.6325037E+07
  6.8699985E+03  1.6260456E+07
  6.8899985E+03  1.6145559E+07
  6.9099990E+03  1.6005680E+07
  6.9299995E+03  1.5872635E+07
  6.9499990E+03  1.5758015E+07
  6.9699985E+03  1.5610330E+07
  6.9899985E+03  1.5529609E+07
  7.0099985E+03  1.5253293E+07
  7.0299985E+03  1.5225324E+07
  7.0499990E+03  1.5145881E+07
  7.0699980E+03  1.5046749E+07
  7.0899990E+03  1.4934993E+07
  7.1099990E+03  1.4481451E+07
  7.1299995E+03  1.4579659E+07
  7.1499990E+03  1.4529161E+07
  7.1699995E+03  1.4409378E+07
  7.1899985E+03  1.4251353E+07
  7.2099985E+03  1.4182542E+07
  7.2299980E+03  1.4042930E+07
  7.2499990E+03  1.3960539E+07
  7.2699995E+03  1.3920182E+07
  7.2899990E+03  1.3710637E+07
  7.3099980E+03  1.3614571E+07
  7.3299980E+03  1.3567020E+07
  7.3499980E+03  1.3495379E+07
  7.3699985E+03  1.3439570E+07
  7.3899995E+03  1.3253789E+07
  7.4099985E+03  1.3043748E+07
  7.4299995E+03  1.2959969E+07
  7.4500000E+03  1.2908124E+07
  7.4700000E+03  1.2756055E+07
  7.4899990E+03  1.2714216E+07
  7.5099985E+03  1.2657945E+07
  7.5299995E+03  1.2615374E+07
  7.5499980E+03  1.2592251E+07
  7.5699985E+03  1.2459400E+07
  7.5899990E+03  1.2381398E+07
  7.6099980E+03  1.2298842E+07
  7.6299995E+03  1.2213090E+07
  7.6499995E+03  1.2082366E+07
  7.6699980E+03  1.1924024E+07
  7.6899990E+03  1.1914318E+07
  7.7099995E+03  1.1775265E+07
  7.7299985E+03  1.1770526E+07
  7.7499990E+03  1.1660929E+07
  7.7700000E+03  1.1347001E+07
  7.7900000E+03  1.1550172E+07
  7.8099995E+03  1.1449711E+07
  7.8299980E+03  1.1304657E+07
  7.8499980E+03  1.1168262E+07
  7.8699995E+03  1.1145020E+07
  7.8900000E+03  1.1033517E+07
  7.9099995E+03  1.0953107E+07
  7.9300000E+03  1.0884746E+07
  7.9499985E+03  1.0775215E+07
  7.9699990E+03  1.0832109E+07
  7.9900000E+03  1.0623926E+07
  8.0099980E+03  1.0635533E+07
  8.0299985E+03  1.0544057E+07
  8.0500000E+03  1.0494051E+07
  8.0699985E+03  1.0417808E+07
  8.0899990E+03  1.0339883E+07
  8.1099995E+03  1.0310712E+07
  8.1299976E+03  1.0254351E+07
  8.1499976E+03  1.0178561E+07
  8.1699980E+03  1.0110162E+07
  8.1899985E+03  9.8608950E+06
  8.2099990E+03  9.8559460E+06
  8.2300000E+03  9.7930810E+06
  8.2500000E+03  9.7423360E+06
  8.2700000E+03  9.7668800E+06
  8.2899980E+03  9.5794820E+06
  8.3099990E+03  9.3763070E+06
  8.3299980E+03  9.1065650E+06
  8.3500000E+03  9.1526840E+06
  8.3699990E+03  8.9030400E+06
  8.3899990E+03  8.9339660E+06
  8.4099971E+03  8.9399990E+06
  8.4300000E+03  9.2310710E+06
  8.4499990E+03  9.1204210E+06
  8.4699980E+03  8.6016340E+06
  8.4899980E+03  9.7407970E+06
  8.5099990E+03  8.3591775E+06
  8.5299990E+03  9.9748130E+06
  8.5499990E+03  7.8982420E+06
  8.5699990E+03  1.0150188E+07
  8.5900000E+03  9.1175920E+06
  8.6099980E+03  8.7449630E+06
  8.6299990E+03  1.0121836E+07
  8.6499990E+03  9.7050090E+06
  8.6699990E+03  7.5798785E+06
  8.6899990E+03  9.5734670E+06
  8.7099971E+03  9.9824450E+06
  8.7299990E+03  9.6673520E+06
  8.7499980E+03  7.7110665E+06
  8.7699980E+03  9.3369090E+06
  8.7899980E+03  9.8001020E+06
  8.8099990E+03  9.7265320E+06
  8.8299980E+03  9.4336830E+06
  8.8499980E+03  8.8009030E+06
  8.8699980E+03  7.4842035E+06
  8.8899990E+03  9.2619630E+06
  8.9099971E+03  9.3998120E+06
  8.9299980E+03  9.3374400E+06
  8.9499980E+03  9.3714740E+06
  8.9699990E+03  9.2538780E+06
  8.9899990E+03  9.0179030E+06
  9.0099980E+03  7.3731570E+06
  9.0299990E+03  8.1550680E+06
  9.0499990E+03  8.9511630E+06
  9.0699980E+03  8.7413750E+06
  9.0899990E+03  8.6062900E+06
  9.1099980E+03  8.7955150E+06
  9.1299980E+03  8.8135160E+06
  9.1499980E+03  8.8119270E+06
  9.1699980E+03  8.6996080E+06
  9.1899990E+03  8.5466960E+06
  9.2099990E+03  8.1543095E+06
  9.2299980E+03  6.5292590E+06
  9.2499980E+03  7.8637890E+06
  9.2699971E+03  8.1223105E+06
  9.2899990E+03  8.3754750E+06
  9.3099980E+03  8.3590885E+06
  9.3299990E+03  8.2903960E+06
  9.3499980E+03  8.2597100E+06
  9.3699990E+03  8.2223395E+06
  9.3900000E+03  8.0933500E+06
  9.4099980E+03  7.8071160E+06
  9.4299971E+03  7.9773905E+06
  9.4499990E+03  7.9364855E+06
  9.4700000E+03  7.9151785E+06
  9.4899980E+03  7.8693050E+06
  9.5100000E+03  7.7387645E+06
  9.5300000E+03  7.3383805E+06
  9.5500000E+03  5.9903860E+06
  9.5699990E+03  7.3318755E+06
  9.5899980E+03  7.5651310E+06
  9.6099980E+03  7.4932905E+06
  9.6299990E+03  7.3630750E+06
  9.6499990E+03  7.4450525E+06
  9.6699980E+03  7.3216255E+06
  9.6899980E+03  7.3094885E+06
  9.7100000E+03  7.3669115E+06
  9.7299990E+03  7.3040285E+06
  9.7499980E+03  7.2047430E+06
  9.7699961E+03  7.2206670E+06
  9.7899980E+03  7.1750765E+06
  9.8099980E+03  7.1211870E+06
  9.8299990E+03  7.0688455E+06
  9.8499980E+03  6.9648410E+06
  9.8700000E+03  6.9370270E+06
  9.8899980E+03  6.8689445E+06
  9.9099990E+03  6.8489175E+06
  9.9300000E+03  6.8236485E+06
  9.9499980E+03  6.7844500E+06
  9.9699980E+03  6.7663545E+06
  9.9899990E+03  6.7083340E+06
  1.0024998E+04  6.2957155E+06
  1.0074998E+04  5.9884265E+06
  1.0124997E+04  6.3582875E+06
  1.0174997E+04  6.3290650E+06
  1.0224998E+04  6.2619125E+06
  1.0274997E+04  6.1829200E+06
  1.0325000E+04  6.0546210E+06
  1.0374999E+04  5.9778550E+06
  1.0425000E+04  5.8904930E+06
  1.0474998E+04  5.7283025E+06
  1.0524997E+04  5.6672055E+06
  1.0574999E+04  5.6113815E+06
  1.0625000E+04  5.5286575E+06
  1.0674997E+04  5.3483895E+06
  1.0724998E+04  5.3340080E+06
  1.0774999E+04  5.2641760E+06
  1.0824997E+04  5.1915480E+06
  1.0874997E+04  5.0983665E+06
  1.0924999E+04  4.5016455E+06
  1.0974996E+04  4.8251010E+06
  1.1025000E+04  4.9357810E+06
  1.1074998E+04  4.8787235E+06
  1.1124999E+04  4.7920490E+06
  1.1174998E+04  4.7284480E+06
  1.1224999E+04  4.6738595E+06
  1.1274997E+04  4.5086255E+06
  1.1325000E+04  4.4536260E+06
  1.1375000E+04  4.4518275E+06
  1.1425000E+04  4.3566670E+06
  1.1474997E+04  4.3565520E+06
  1.1525000E+04  4.3001110E+06
  1.1574998E+04  4.2301440E+06
  1.1625000E+04  4.1138250E+06
  1.1674998E+04  4.0358255E+06
  1.1724997E+04  4.0661520E+06
  1.1775001E+04  3.9273520E+06
  1.1824999E+04  3.9119928E+06
  1.1875000E+04  3.8291598E+06
  1.1925000E+04  3.8580490E+06
  1.1975001E+04  3.7533892E+06
  1.2024998E+04  3.7355302E+06
  1.2074996E+04  3.6718448E+06
  1.2125000E+04  3.6300902E+06
  1.2175000E+04  3.5957610E+06
  1.2225001E+04  3.5401908E+06
  1.2275001E+04  3.4914065E+06
  1.2324996E+04  3.4462745E+06
  1.2374996E+04  3.4079042E+06
  1.2424998E+04  3.3739418E+06
  1.2475000E+04  3.3174152E+06
  1.2524997E+04  3.2739332E+06
  1.2574997E+04  3.2079255E+06
  1.2624999E+04  3.1844560E+06
  1.2674997E+04  3.1563342E+06
  1.2724999E+04  3.1176185E+06
  1.2774999E+04  3.0397070E+06
  1.2825000E+04  2.6818765E+06
  1.2875001E+04  2.9722168E+06
  1.2924997E+04  2.9562580E+06
  1.2975001E+04  2.9238932E+06
  1.3024998E+04  2.8899420E+06
  1.3074999E+04  2.8575238E+06
  1.3125000E+04  2.8165482E+06
  1.3174998E+04  2.7680820E+06
  1.3224998E+04  2.7499910E+06
  1.3274997E+04  2.7149920E+06
  1.3324997E+04  2.6836215E+06
  1.3374999E+04  2.6488525E+06
  1.3424999E+04  2.6161988E+06
  1.3474999E+04  2.5835408E+06
  1.3525001E+04  2.5438785E+06
  1.3574999E+04  2.5090238E+06
  1.3624997E+04  2.4892230E+06
  1.3674997E+04  2.4535270E+06
  1.3724995E+04  2.3980858E+06
  1.3774998E+04  2.3912298E+06
  1.3824998E+04  2.3647005E+06
  1.3874996E+04  2.3471020E+06
  1.3925000E+04  2.3056012E+06
  1.3974996E+04  2.2856620E+06
  1.4024997E+04  2.2588598E+06
  1.4075001E+04  2.2365625E+06
  1.4124996E+04  2.2033862E+06
  1.4175000E+04  2.1813060E+06
  1.4225000E+04  2.1512905E+06
  1.4274994E+04  2.1242315E+06
  1.4325001E+04  2.1037352E+06
  1.4374998E+04  2.0842042E+06
  1.4424999E+04  2.0127495E+06
  1.4475000E+04  2.0310526E+06
  1.4524997E+04  1.9828095E+06
  1.4569999E+04  1.9851324E+06
  1.4620000E+04  2.0098241E+06
  1.4674998E+04  2.0448192E+06
  1.4725000E+04  1.9795258E+06
  1.4775002E+04  1.9155855E+06
  1.4824998E+04  1.8761181E+06
  1.4874996E+04  1.8270910E+06
  1.4924997E+04  1.8087808E+06
  1.4974999E+04  1.7747144E+06
  1.5024999E+04  1.7355540E+06
  1.5075000E+04  1.7149424E+06
  1.5124999E+04  1.7054341E+06
  1.5175000E+04  1.6948686E+06
  1.5225002E+04  1.7108959E+06
  1.5274998E+04  1.6380358E+06
  1.5324995E+04  1.6365088E+06
  1.5374997E+04  1.6697080E+06
  1.5425001E+04  1.5748546E+06
  1.5474996E+04  1.6428498E+06
  1.5524994E+04  1.6393190E+06
  1.5575001E+04  1.5093351E+06
  1.5624998E+04  1.6454061E+06
  1.5674997E+04  1.5613292E+06
  1.5724994E+04  1.4737620E+06
  1.5774996E+04  1.5827751E+06
  1.5825001E+04  1.5717350E+06
  1.5874995E+04  1.3822114E+06
  1.5925002E+04  1.5152172E+06
  1.5975001E+04  1.5361574E+06
  1.6049998E+04  1.4861509E+06
  1.6150001E+04  1.3888519E+06
  1.6249997E+04  1.4503646E+06
  1.6350000E+04  1.3908352E+06
  1.6449996E+04  1.2992859E+06
  1.6549998E+04  1.3582899E+06
  1.6649994E+04  1.3309754E+06
  1.6749998E+04  1.2760149E+06
  1.6849998E+04  1.1934951E+06
  1.6950000E+04  1.2474305E+06
  1.7049996E+04  1.2154628E+06
  1.7150000E+04  1.1965771E+06
  1.7249992E+04  1.1603735E+06
  1.7349994E+04  1.0564138E+06
  1.7449992E+04  1.1044195E+06
  1.7550000E+04  1.0924312E+06
  1.7649998E+04  1.0686595E+06
  1.7749994E+04  1.0506380E+06
  1.7849994E+04  1.0280094E+06
  1.7949998E+04  1.0130441E+06
  1.8050002E+04  9.8519888E+05
  1.8150002E+04  9.0760819E+05
  1.8249994E+04  9.3794631E+05
  1.8349992E+04  9.3290931E+05
  1.8449992E+04  9.1436850E+05
  1.8549998E+04  8.9394900E+05
  1.8650002E+04  8.7610200E+05
  1.8750002E+04  7.9906769E+05
  1.8850000E+04  8.3936275E+05
  1.8950004E+04  8.2284762E+05
  1.9049996E+04  8.1562325E+05
  1.9149998E+04  7.9941206E+05
  1.9249992E+04  7.8370688E+05
  1.9350000E+04  7.6592750E+05
  1.9449992E+04  7.0205569E+05
  1.9550002E+04  7.3825175E+05
  1.9649992E+04  7.2706944E+05
  1.9749992E+04  7.1170906E+05
  1.9849992E+04  7.0074131E+05
  1.9950002E+04  6.8807281E+05
  2.0050002E+04  6.7592212E+05
  2.0149996E+04  6.6412706E+05
  2.0249994E+04  6.5118975E+05
  2.0349994E+04  6.3870138E+05
  2.0449996E+04  6.2898388E+05
  2.0550000E+04  6.1748881E+05
  2.0649992E+04  6.0526819E+05
  2.0749998E+04  5.9498562E+05
  2.0849992E+04  5.8491594E+05
  2.0950004E+04  5.7434912E+05
  2.1050002E+04  5.6438200E+05
  2.1149992E+04  5.5290175E+05
  2.1250000E+04  5.4366356E+05
  2.1350002E+04  5.3421869E+05
  2.1449996E+04  5.2681762E+05
  2.1550006E+04  5.1656084E+05
  2.1649994E+04  4.7532659E+05
  2.1750002E+04  4.9695897E+05
  2.1849998E+04  4.9135544E+05
  2.1950002E+04  4.8419866E+05
  2.2050000E+04  4.7476484E+05
  2.2149996E+04  4.6632600E+05
  2.2249998E+04  4.6032497E+05
  2.2350004E+04  4.5267747E+05
  2.2449990E+04  4.4525325E+05
  2.2549994E+04  4.3628228E+05
  2.2650000E+04  4.3037472E+05
  2.2750000E+04  4.2363694E+05
  2.2850000E+04  4.1886200E+05
  2.2950004E+04  4.1841684E+05
  2.3050000E+04  4.1020662E+05
  2.3149996E+04  4.0110309E+05
  2.3250000E+04  3.9306028E+05
  2.3349996E+04  3.8491941E+05
  2.3449994E+04  3.7763581E+05
  2.3550002E+04  3.7038675E+05
  2.3649988E+04  3.6396112E+05
  2.3750000E+04  3.5811050E+05
  2.3849990E+04  3.5208734E+05
  2.3950002E+04  3.4665716E+05
  2.4050006E+04  3.4030866E+05
  2.4149992E+04  3.3405362E+05
  2.4249990E+04  3.3435372E+05
  2.4349990E+04  3.2456672E+05
  2.4450002E+04  3.1920706E+05
  2.4549990E+04  3.1940000E+05
  2.4649992E+04  3.1146922E+05
  2.4749992E+04  3.0700166E+05
  2.4850006E+04  3.0843991E+05
  2.4950000E+04  2.8983209E+05
  2.5050006E+04  3.0218356E+05
  2.5149994E+04  2.9619409E+05
  2.5249998E+04  2.7671062E+05
  2.5350004E+04  2.8657897E+05
  2.5449988E+04  2.8423281E+05
  2.5549998E+04  2.7788572E+05
  2.5649990E+04  2.5923794E+05
  2.5749990E+04  2.7046672E+05
  2.5849994E+04  2.6725053E+05
  2.5949990E+04  2.6429416E+05
  2.6049996E+04  2.5749441E+05
  2.6149998E+04  2.4119378E+05
  2.6249988E+04  2.3522650E+05
  2.6350008E+04  2.4739956E+05
  2.6449996E+04  2.4577494E+05
  2.6549994E+04  2.4202977E+05
  2.6649994E+04  2.3710309E+05
  2.6749988E+04  2.2081331E+05
  2.6849986E+04  2.3109148E+05
  2.6949986E+04  2.2935373E+05
  2.7050002E+04  2.2593603E+05
  2.7149998E+04  2.2308398E+05
  2.7249994E+04  2.1997336E+05
  2.7350006E+04  2.1688684E+05
  2.7450004E+04  2.1359958E+05
  2.7549996E+04  1.9920628E+05
  2.7649982E+04  2.0433186E+05
  2.7750004E+04  2.0519023E+05
  2.7850000E+04  2.0259739E+05
  2.7949992E+04  1.9993995E+05
  2.8049994E+04  1.9722406E+05
  2.8150002E+04  1.9454633E+05
  2.8250006E+04  1.9194875E+05
  2.8350000E+04  1.8946277E+05
  2.8450000E+04  1.8656931E+05
  2.8550002E+04  1.8438644E+05
  2.8650002E+04  1.8012280E+05
  2.8749982E+04  1.6871734E+05
  2.8849998E+04  1.7663381E+05
  2.8949986E+04  1.7469211E+05
  2.9049994E+04  1.7269675E+05
  2.9149986E+04  1.7000658E+05
  2.9249984E+04  1.6815481E+05
  2.9349980E+04  1.6607067E+05
  2.9450000E+04  1.6391075E+05
  2.9550004E+04  1.6184972E+05
  2.9649982E+04  1.5979586E+05
  2.9749992E+04  1.5774430E+05
  2.9849994E+04  1.5575897E+05
  2.9949984E+04  1.5370008E+05
  3.0049996E+04  1.5178589E+05
  3.0149994E+04  1.4978606E+05
  3.0249994E+04  1.4779281E+05
  3.0349996E+04  1.3936044E+05
  3.0449996E+04  1.4106731E+05
  3.0549996E+04  1.4238964E+05
  3.0649996E+04  1.4075622E+05
  3.0749994E+04  1.3906930E+05
  3.0849996E+04  1.3706081E+05
  3.0949994E+04  1.3555514E+05
  3.1049996E+04  1.3385889E+05
  3.1149996E+04  1.3193312E+05
  3.1249996E+04  1.3054616E+05
  3.1349996E+04  1.2904002E+05
  3.1449996E+04  1.2743229E+05
  3.1549998E+04  1.2604667E+05
  3.1649996E+04  1.2464597E+05
  3.1749998E+04  1.2297255E+05
  3.1849996E+04  1.2169280E+05
  3.1949994E+04  1.2022733E+05
  3.2099996E+04  1.1806066E+05
  3.2299992E+04  1.1536820E+05
  3.2499994E+04  1.1267220E+05
  3.2699996E+04  1.1000512E+05
  3.2899996E+04  1.0371898E+05
  3.3099996E+04  1.0501391E+05
  3.3299992E+04  1.0306662E+05
  3.3499996E+04  1.0065127E+05
  3.3699996E+04  9.7977344E+04
  3.3899996E+04  9.5634695E+04
  3.4099996E+04  9.3372500E+04
  3.4299996E+04  9.1322930E+04
  3.4499992E+04  8.9390453E+04
  3.4699996E+04  8.7371141E+04
  3.4899996E+04  8.5438531E+04
  3.5099996E+04  8.3660367E+04
  3.5299996E+04  8.1886672E+04
  3.5499996E+04  7.9938266E+04
  3.5699992E+04  7.8054875E+04
  3.5899992E+04  7.7260688E+04
  3.6099996E+04  7.4646469E+04
  3.6299992E+04  7.4160703E+04
  3.6499992E+04  7.1415992E+04
  3.6699992E+04  7.1241109E+04
  3.6899992E+04  6.8132977E+04
  3.7099996E+04  6.8158523E+04
  3.7299996E+04  6.5850914E+04
  3.7499992E+04  6.2827707E+04
  3.7699996E+04  6.4145535E+04
  3.7899996E+04  6.2974625E+04
  3.8099992E+04  6.0638680E+04
  3.8299996E+04  5.9811824E+04
  3.8499996E+04  5.9347059E+04
  3.8699996E+04  5.8066129E+04
  3.8899992E+04  5.6835742E+04
  3.9099996E+04  5.4252367E+04
  3.9299992E+04  5.4809000E+04
  3.9499992E+04  5.3755559E+04
  3.9699992E+04  5.2746801E+04
  3.9900000E+04  5.1594590E+04
  4.0099996E+04  5.0052711E+04
  4.0299992E+04  4.8682637E+04
  4.0499996E+04  4.7337102E+04
  4.0699992E+04  4.7857793E+04
  4.0899992E+04  4.6947230E+04
  4.1099996E+04  4.6165809E+04
  4.1299996E+04  4.5302320E+04
  4.1499992E+04  4.4394246E+04
  4.1699992E+04  4.2253543E+04
  4.1899996E+04  4.2752395E+04
  4.2099996E+04  4.1983691E+04
  4.2299992E+04  4.1318125E+04
  4.2499996E+04  4.0560984E+04
  4.2699992E+04  3.9845129E+04
  4.2899992E+04  3.9132629E+04
  4.3099996E+04  3.8431598E+04
  4.3299996E+04  3.7741832E+04
  4.3499992E+04  3.7077031E+04
  4.3699996E+04  3.5367371E+04
  4.3899996E+04  3.5604926E+04
  4.4099992E+04  3.5133555E+04
  4.4299992E+04  3.4550203E+04
  4.4499996E+04  3.3947355E+04
  4.4699996E+04  3.3517930E+04
  4.4899996E+04  3.2934078E+04
  4.5099992E+04  3.2390738E+04
  4.5299992E+04  3.1831820E+04
  4.5499996E+04  3.1297826E+04
  4.5699992E+04  3.0753910E+04
  4.5899996E+04  3.0234348E+04
  4.6099996E+04  2.9749223E+04
  4.6299992E+04  2.9232674E+04
  4.6499988E+04  2.7908486E+04
  4.6699992E+04  2.7300277E+04
  4.6899992E+04  2.7751316E+04
  4.7099992E+04  2.7366693E+04
  4.7299992E+04  2.6926949E+04
  4.7499996E+04  2.6468578E+04
  4.7699992E+04  2.6050049E+04
  4.7899992E+04  2.5642502E+04
  4.8099996E+04  2.5229412E+04
  4.8299992E+04  2.4825510E+04
  4.8499992E+04  2.4430596E+04
  4.8700000E+04  2.4044490E+04
  4.8899992E+04  2.3663885E+04
  4.9099988E+04  2.3282412E+04
  4.9299988E+04  2.2924941E+04
  4.9499996E+04  2.2567852E+04
  4.9699992E+04  2.2215768E+04
  4.9899988E+04  2.1867080E+04
  5.0099996E+04  2.1533736E+04
  5.0299996E+04  2.1199043E+04
  5.0499996E+04  2.0879305E+04
  5.0699996E+04  2.0563945E+04
  5.0899992E+04  2.0248529E+04
  5.1099992E+04  1.9905664E+04
  5.1299996E+04  1.9009225E+04
  5.1499988E+04  1.9329191E+04
  5.1699996E+04  1.9058713E+04
  5.1899992E+04  1.8775047E+04
  5.2099992E+04  1.8493773E+04
  5.2299996E+04  1.8220377E+04
  5.2499996E+04  1.7953338E+04
  5.2699996E+04  1.7689820E+04
  5.2899992E+04  1.7432461E+04
  5.3099988E+04  1.7177133E+04
  5.3299988E+04  1.6927789E+04
  5.3499992E+04  1.6681686E+04
  5.3699992E+04  1.6436160E+04
  5.3899992E+04  1.6204189E+04
  5.4099992E+04  1.5973902E+04
  5.4299984E+04  1.5741459E+04
  5.4499988E+04  1.5518325E+04
  5.4699996E+04  1.5290469E+04
  5.4899992E+04  1.5084274E+04
  5.5099992E+04  1.4873216E+04
  5.5299988E+04  1.4662349E+04
  5.5499988E+04  1.4457798E+04
  5.5699992E+04  1.4250940E+04
  5.5899992E+04  1.4043053E+04
  5.6099988E+04  1.3861707E+04
  5.6299996E+04  1.3673062E+04
  5.6499988E+04  1.3486747E+04
  5.6699988E+04  1.3301537E+04
  5.6899992E+04  1.3120920E+04
  5.7099996E+04  1.2943659E+04
  5.7299988E+04  1.2766261E+04
  5.7499988E+04  1.2595563E+04
  5.7699988E+04  1.2425793E+04
  5.7899996E+04  1.2255812E+04
  5.8099988E+04  1.2095693E+04
  5.8299996E+04  1.1935255E+04
  5.8499992E+04  1.1802048E+04
  5.8699988E+04  1.1641949E+04
  5.8899988E+04  1.1457685E+04
  5.9099992E+04  1.0980108E+04
  5.9299988E+04  1.1178287E+04
  5.9499996E+04  1.1027708E+04
  5.9699988E+04  1.0901097E+04
  5.9899992E+04  1.0758073E+04
  6.0099992E+04  1.0617754E+04
  6.0299992E+04  1.0484235E+04
  6.0499988E+04  1.0349162E+04
  6.0699992E+04  1.0215227E+04
  6.0899992E+04  1.0082622E+04
  6.1099988E+04  9.9481025E+03
  6.1299992E+04  9.8303564E+03
  6.1499988E+04  9.7055664E+03
  6.1699988E+04  9.5838662E+03
  6.1899996E+04  9.4618574E+03
  6.2099996E+04  9.3447412E+03
  6.2299988E+04  9.2224297E+03
  6.2499992E+04  9.1117100E+03
  6.2699988E+04  8.9964629E+03
  6.2899996E+04  8.8881123E+03
  6.3099984E+04  8.7741445E+03
  6.3299996E+04  8.6679189E+03
  6.3499984E+04  8.5620205E+03
  6.3699984E+04  8.4592256E+03
  6.3900000E+04  8.3547754E+03
  6.4199992E+04  8.2044863E+03
  6.4599984E+04  8.0066958E+03
  6.4999992E+04  7.8147378E+03
  6.5399992E+04  7.6308281E+03
  6.5799992E+04  7.4501904E+03
  6.6199984E+04  7.2743813E+03
  6.6599984E+04  7.1053018E+03
  6.6999992E+04  6.9410703E+03
  6.7399992E+04  6.7803931E+03
  6.7799992E+04  6.6255537E+03
  6.8199992E+04  6.4746797E+03
  6.8599992E+04  6.3273442E+03
  6.8999984E+04  6.1818740E+03
  6.9399984E+04  6.0436284E+03
  6.9800000E+04  5.9096797E+03
  7.0199992E+04  5.7791519E+03
  7.0599984E+04  5.6512700E+03
  7.0999977E+04  5.5298550E+03
  7.1399977E+04  5.4078418E+03
  7.1799984E+04  5.2906802E+03
  7.2199984E+04  5.1724526E+03
  7.2600000E+04  5.0646484E+03
  7.2999984E+04  4.9582583E+03
  7.3400000E+04  4.8522671E+03
  7.3799984E+04  4.7504248E+03
  7.4199992E+04  4.6498716E+03
  7.4599992E+04  4.5195840E+03
  7.5000000E+04  4.3921377E+03
  7.5399992E+04  4.3664019E+03
  7.5799992E+04  4.2768374E+03
  7.6199984E+04  4.1900771E+03
  7.6599992E+04  4.1048877E+03
  7.6999992E+04  4.0219385E+03
  7.7399992E+04  3.9411721E+03
  7.7799984E+04  3.8624106E+03
  7.8199984E+04  3.7854189E+03
  7.8599984E+04  3.7102788E+03
  7.8999984E+04  3.6370657E+03
  7.9399984E+04  3.5655542E+03
  7.9800000E+04  3.4957034E+03
  8.0199992E+04  3.4275352E+03
  8.0599984E+04  3.3611826E+03
  8.0999992E+04  3.2967161E+03
  8.1399977E+04  3.2330112E+03
  8.1799984E+04  3.1714602E+03
  8.2199984E+04  3.1115093E+03
  8.2599992E+04  3.0526226E+03
  8.2999984E+04  2.9950530E+03
  8.3400000E+04  2.9376311E+03
  8.3799992E+04  2.8822405E+03
  8.4199992E+04  2.8296270E+03
  8.4599977E+04  2.7782996E+03
  8.4999977E+04  2.7274441E+03
  8.5399984E+04  2.6772107E+03
  8.5799984E+04  2.6284080E+03
  8.6199992E+04  2.5806465E+03
  8.6599992E+04  2.5344070E+03
  8.6999984E+04  2.4888579E+03
  8.7399992E+04  2.4441812E+03
  8.7799992E+04  2.4007517E+03
  8.8199984E+04  2.3576692E+03
  8.8599977E+04  2.3160813E+03
  8.8999992E+04  2.2754280E+03
  8.9399977E+04  2.2357861E+03
  8.9799977E+04  2.1964783E+03
  9.0199984E+04  2.1586108E+03
  9.0599984E+04  2.1214631E+03
  9.0999992E+04  2.0845198E+03
  9.1400000E+04  2.0490425E+03
  9.1799969E+04  2.0142384E+03
  9.2199969E+04  1.9800029E+03
  9.2599984E+04  1.9465457E+03
  9.3000000E+04  1.9137202E+03
  9.3399984E+04  1.8816013E+03
  9.3799984E+04  1.8501304E+03
  9.4199977E+04  1.8194226E+03
  9.4599984E+04  1.7891664E+03
  9.4999969E+04  1.7596469E+03
  9.5399984E+04  1.7304332E+03
  9.5799984E+04  1.7025082E+03
  9.6199992E+04  1.6745790E+03
  9.6599984E+04  1.6475383E+03
  9.7000000E+04  1.6208848E+03
  9.7399977E+04  1.5945345E+03
  9.7799984E+04  1.5690715E+03
  9.8199977E+04  1.5439308E+03
  9.8599977E+04  1.5194554E+03
  9.8999992E+04  1.4954391E+03
  9.9399984E+04  1.4717605E+03
  9.9799977E+04  1.4484500E+03
  1.0019999E+05  1.4257639E+03
  1.9999991E+05  9.1681831E+01
  3.9999994E+05  5.7173963E+00
  5.9999981E+05  1.1205721E+00
  7.9999994E+05  3.5190991E-01
