  5.0599994E+02  5.6166539E-15
  5.1199994E+02  1.1247641E-14
  5.2000000E+02  2.4208996E-14
  5.2999994E+02  6.0941175E-14
  5.3999994E+02  1.4646856E-13
  5.4999988E+02  3.4263412E-13
  5.5999988E+02  7.7495790E-13
  5.6999988E+02  1.7020826E-12
  5.7999994E+02  3.6159207E-12
  5.8999988E+02  7.5794692E-12
  5.9999988E+02  1.5419898E-11
  6.0999988E+02  3.0715749E-11
  6.1999994E+02  5.9907815E-11
  6.2999988E+02  1.1465255E-10
  6.3999994E+02  2.1569256E-10
  6.4999994E+02  3.9938164E-10
  6.5799994E+02  6.4662520E-10
  6.6499988E+02  9.7755970E-10
  6.7499994E+02  1.7469666E-09
  6.8499988E+02  3.0845189E-09
  6.9499994E+02  5.3798286E-09
  7.0499988E+02  9.2579224E-09
  7.1599988E+02  1.6699815E-08
  7.2599994E+02  2.8195153E-08
  7.3499982E+02  4.4806999E-08
  7.4499994E+02  7.4284344E-08
  7.5499982E+02  1.2205621E-07
  7.6499994E+02  1.9879353E-07
  7.7499994E+02  3.2083076E-07
  7.8499982E+02  5.1335002E-07
  7.9499982E+02  8.1137489E-07
  8.0500000E+02  1.2778198E-06
  8.1499976E+02  1.9931172E-06
  8.2500000E+02  3.0793442E-06
  8.3499994E+02  4.7167214E-06
  8.4499994E+02  7.1634813E-06
  8.5499988E+02  1.0787803E-05
  8.6499994E+02  1.6111573E-05
  8.7499982E+02  2.3855542E-05
  8.8499982E+02  3.5067002E-05
  8.9499988E+02  5.1118404E-05
  9.0499994E+02  7.3922980E-05
  9.1499982E+02  8.9968676E-03
  9.2499988E+02  2.3557020E-02
  9.3499982E+02  3.1177634E-02
  9.4500000E+02  4.0920582E-02
  9.5500000E+02  5.8016118E-02
  9.6499988E+02  7.6420709E-02
  9.7499982E+02  9.5579751E-02
  9.8499976E+02  1.2492216E-01
  9.9499988E+02  1.5389729E-01
  1.0049999E+03  2.1159565E-01
  1.0149997E+03  2.6943707E-01
  1.0249998E+03  2.9233241E-01
  1.0349998E+03  4.2272472E-01
  1.0449998E+03  5.3528005E-01
  1.0549999E+03  6.6612226E-01
  1.0649999E+03  8.0088067E-01
  1.0750000E+03  1.0053169E+00
  1.0849996E+03  1.2405499E+00
  1.0949999E+03  1.4730930E+00
  1.1049999E+03  1.4484642E+01
  1.1149999E+03  2.9163500E+01
  1.1249999E+03  4.0720661E+01
  1.1349996E+03  5.2470245E+01
  1.1449999E+03  6.5934219E+01
  1.1549999E+03  7.0061440E+01
  1.1650000E+03  9.4511841E+01
  1.1749995E+03  1.1036564E+02
  1.1849996E+03  1.0986561E+02
  1.1949998E+03  6.5560455E+01
  1.2049996E+03  6.6632889E+01
  1.2149998E+03  1.1105043E+01
  1.2249996E+03  8.1508690E+01
  1.2349996E+03  1.9236247E+02
  1.2449998E+03  5.6487189E+02
  1.2549996E+03  9.7401331E+02
  1.2650000E+03  9.7748468E+02
  1.2749998E+03  1.5869548E+03
  1.2849995E+03  2.2899800E+03
  1.2949998E+03  2.8217498E+03
  1.3049995E+03  2.3269521E+03
  1.3149998E+03  3.7707625E+03
  1.3249998E+03  4.4854985E+03
  1.3349996E+03  5.0539712E+03
  1.3449995E+03  6.3698076E+03
  1.3549996E+03  6.6169531E+03
  1.3649999E+03  7.4524697E+03
  1.3749999E+03  8.0761611E+03
  1.3849996E+03  8.5680049E+03
  1.3949999E+03  1.0004014E+04
  1.4050001E+03  1.1246690E+04
  1.4149998E+03  1.1768295E+04
  1.4249998E+03  1.3273623E+04
  1.4350000E+03  1.3632257E+04
  1.4419998E+03  1.6344350E+04
  1.4469999E+03  1.7805768E+04
  1.4549994E+03  1.9676387E+04
  1.4650000E+03  1.9777287E+04
  1.4749995E+03  2.1783646E+04
  1.4849996E+03  2.4617559E+04
  1.4949998E+03  2.8574090E+04
  1.5049996E+03  3.2011154E+04
  1.5119995E+03  3.2218059E+04
  1.5169994E+03  3.3520305E+04
  1.5250001E+03  5.4707988E+04
  1.5349994E+03  7.2391117E+04
  1.5449994E+03  1.0203259E+05
  1.5549998E+03  1.0104538E+05
  1.5649999E+03  9.6058883E+04
  1.5750001E+03  1.8102925E+05
  1.5850000E+03  2.3491217E+05
  1.5949996E+03  3.0515978E+05
  1.6049999E+03  2.6919484E+05
  1.6150000E+03  2.5727722E+05
  1.6249996E+03  1.9712462E+05
  1.6350000E+03  2.5096509E+05
  1.6449996E+03  3.9901888E+05
  1.6549999E+03  2.0015223E+05
  1.6649993E+03  4.0109606E+05
  1.6720000E+03  1.8592844E+05
  1.6770001E+03  2.8411078E+06
  1.6849998E+03  2.9813828E+06
  1.6950000E+03  2.1944212E+06
  1.7049995E+03  2.3330822E+06
  1.7150000E+03  3.6161552E+06
  1.7249993E+03  3.9859510E+06
  1.7349994E+03  5.0010420E+06
  1.7449993E+03  4.4658305E+06
  1.7550001E+03  5.8330755E+06
  1.7649998E+03  4.0656422E+06
  1.7749995E+03  5.5243245E+06
  1.7849995E+03  5.1490330E+06
  1.7949999E+03  7.5683935E+06
  1.8050001E+03  6.6071150E+06
  1.8150001E+03  7.4644985E+06
  1.8249994E+03  6.5914815E+06
  1.8349993E+03  5.8122925E+06
  1.8449993E+03  4.9834900E+06
  1.8549998E+03  6.3207720E+06
  1.8650002E+03  7.7896780E+06
  1.8750001E+03  6.9623730E+06
  1.8850000E+03  7.3498045E+06
  1.8950002E+03  8.4407090E+06
  1.9049996E+03  7.7268695E+06
  1.9149999E+03  8.2438555E+06
  1.9249993E+03  7.4039750E+06
  1.9350001E+03  4.1938200E+06
  1.9449993E+03  8.9809900E+06
  1.9550002E+03  9.2609450E+06
  1.9670002E+03  1.0694139E+07
  1.9759990E+03  1.0179177E+07
  1.9839996E+03  1.0379587E+07
  1.9950001E+03  1.0135757E+07
  2.0050002E+03  9.1306550E+06
  2.0149996E+03  8.7959540E+06
  2.0249994E+03  8.0504810E+06
  2.0349995E+03  9.7848890E+06
  2.0449998E+03  1.0942490E+07
  2.0550000E+03  1.0249253E+07
  2.0649993E+03  9.4991140E+06
  2.0739993E+03  1.1908569E+07
  2.0780002E+03  1.3702761E+07
  2.0849993E+03  1.3347471E+07
  2.0950005E+03  1.2401469E+07
  2.1050002E+03  1.0903173E+07
  2.1149990E+03  1.1405864E+07
  2.1250000E+03  1.1484804E+07
  2.1350002E+03  9.0674270E+06
  2.1449998E+03  1.1254441E+07
  2.1550005E+03  1.1396026E+07
  2.1649995E+03  1.0178621E+07
  2.1750002E+03  1.0269992E+07
  2.1849998E+03  1.1172837E+07
  2.1950000E+03  1.2242587E+07
  2.2050000E+03  1.1339125E+07
  2.2149998E+03  9.4155910E+06
  2.2249998E+03  9.1903660E+06
  2.2350005E+03  1.1830916E+07
  2.2449990E+03  1.0742827E+07
  2.2549993E+03  8.9059750E+06
  2.2650000E+03  9.0441330E+06
  2.2750000E+03  1.0184757E+07
  2.2850000E+03  1.1403240E+07
  2.2950002E+03  9.9207540E+06
  2.3050000E+03  1.0844585E+07
  2.3149995E+03  9.8632600E+06
  2.3250000E+03  5.6610055E+06
  2.3349995E+03  6.7881045E+06
  2.3449993E+03  4.9806115E+06
  2.3550000E+03  8.7940200E+06
  2.3649988E+03  5.2038715E+06
  2.3750000E+03  7.0255595E+06
  2.3849990E+03  3.9279915E+06
  2.3950000E+03  5.2667520E+06
  2.4050005E+03  5.1421470E+06
  2.4149993E+03  5.9879665E+06
  2.4249990E+03  9.1783740E+06
  2.4349990E+03  8.8769470E+06
  2.4450000E+03  9.9993270E+06
  2.4549990E+03  1.0084934E+07
  2.4649990E+03  9.7813110E+06
  2.4749993E+03  8.7343980E+06
  2.4850005E+03  8.4751120E+06
  2.4950000E+03  8.0671975E+06
  2.5050005E+03  1.1261716E+07
  2.5129988E+03  6.8901880E+06
  2.5179990E+03  5.8117355E+06
  2.5249998E+03  5.7706890E+06
  2.5350007E+03  6.4562915E+06
  2.5449988E+03  6.8651645E+06
  2.5550000E+03  8.8642720E+06
  2.5649990E+03  7.6523660E+06
  2.5749990E+03  9.0333600E+06
  2.5849993E+03  8.6191320E+06
  2.5949990E+03  7.9687690E+06
  2.6049995E+03  7.1338100E+06
  2.6149998E+03  6.3752735E+06
  2.6249990E+03  8.7679580E+06
  2.6350007E+03  1.0406343E+07
  2.6449995E+03  1.3922814E+07
  2.6549998E+03  1.5046289E+07
  2.6649995E+03  1.1507979E+07
  2.6749988E+03  1.3174249E+07
  2.6849988E+03  1.3079435E+07
  2.6949988E+03  1.1619406E+07
  2.7050000E+03  1.2866132E+07
  2.7150000E+03  1.0982727E+07
  2.7249995E+03  1.1098614E+07
  2.7350007E+03  1.2311944E+07
  2.7450002E+03  7.3186440E+06
  2.7549998E+03  8.7412700E+06
  2.7649983E+03  1.0013572E+07
  2.7750005E+03  1.1614172E+07
  2.7850000E+03  8.5199620E+06
  2.7949993E+03  3.2999738E+06
  2.8049995E+03  4.2622705E+06
  2.8150002E+03  1.1108172E+07
  2.8250007E+03  1.4236364E+07
  2.8350000E+03  1.3717065E+07
  2.8450002E+03  1.3115330E+07
  2.8550005E+03  1.1545988E+07
  2.8650000E+03  1.4533747E+07
  2.8749983E+03  1.4343959E+07
  2.8850000E+03  1.4271382E+07
  2.8949988E+03  1.3626818E+07
  2.9099988E+03  1.6497235E+07
  2.9299983E+03  1.5391178E+07
  2.9499990E+03  1.5185782E+07
  2.9700005E+03  1.6058630E+07
  2.9899980E+03  1.6483803E+07
  3.0099995E+03  1.7100004E+07
  3.0299995E+03  1.6728101E+07
  3.0499995E+03  1.6890116E+07
  3.0699995E+03  1.7214788E+07
  3.0899995E+03  1.7754566E+07
  3.1099995E+03  1.7124196E+07
  3.1299998E+03  1.6989500E+07
  3.1499995E+03  1.7591510E+07
  3.1699995E+03  1.7562558E+07
  3.1899995E+03  1.6097629E+07
  3.2099998E+03  1.7016442E+07
  3.2299993E+03  1.5832118E+07
  3.2499993E+03  1.6933644E+07
  3.2699995E+03  1.7693550E+07
  3.2899995E+03  1.7635710E+07
  3.3099998E+03  1.8218226E+07
  3.3299993E+03  1.7825766E+07
  3.3499995E+03  1.7679350E+07
  3.3699995E+03  1.7288014E+07
  3.3899993E+03  1.7474404E+07
  3.4099993E+03  1.7473492E+07
  3.4299995E+03  1.7614224E+07
  3.4499993E+03  1.7653046E+07
  3.4699998E+03  1.7420726E+07
  3.4899993E+03  1.7473098E+07
  3.5099995E+03  1.7965620E+07
  3.5299995E+03  1.7714248E+07
  3.5499995E+03  1.8621570E+07
  3.5699995E+03  1.7381294E+07
  3.5899995E+03  1.7168000E+07
  3.6099995E+03  1.7401512E+07
  3.6299993E+03  1.7573104E+07
  3.6399993E+03  1.7571364E+07
  3.6499995E+03  1.8586538E+07
  3.6699993E+03  1.7304848E+07
  3.6899995E+03  1.6574641E+07
  3.7099995E+03  2.0082160E+07
  3.7299998E+03  2.0614998E+07
  3.7499993E+03  2.5226720E+07
  3.7699993E+03  2.6935830E+07
  3.7899995E+03  3.2007928E+07
  3.8099993E+03  3.6811424E+07
  3.8299998E+03  2.9560482E+07
  3.8499995E+03  4.0132336E+07
  3.8699995E+03  4.4087904E+07
  3.8899995E+03  2.8140272E+07
  3.9099995E+03  4.2330444E+07
  3.9299993E+03  2.6941048E+07
  3.9499993E+03  3.8246776E+07
  3.9699998E+03  2.2617752E+07
  3.9899995E+03  4.2543124E+07
  4.0099995E+03  4.6864092E+07
  4.0299993E+03  4.7000884E+07
  4.0499993E+03  4.6289772E+07
  4.0699993E+03  4.4914868E+07
  4.0899995E+03  3.8659500E+07
  4.1099995E+03  3.0846346E+07
  4.1299995E+03  4.3723116E+07
  4.1499990E+03  4.6155148E+07
  4.1699990E+03  4.5618144E+07
  4.1899995E+03  4.5398268E+07
  4.2099995E+03  4.5259156E+07
  4.2299995E+03  4.4038412E+07
  4.2499995E+03  4.4382024E+07
  4.2699990E+03  4.2746112E+07
  4.2899995E+03  4.3083344E+07
  4.3100000E+03  3.9739684E+07
  4.3299995E+03  3.3877828E+07
  4.3499995E+03  2.9372142E+07
  4.3699995E+03  4.1571652E+07
  4.3899995E+03  4.1879868E+07
  4.4099995E+03  4.1289716E+07
  4.4299995E+03  4.0741132E+07
  4.4499995E+03  4.1150040E+07
  4.4699995E+03  4.1172924E+07
  4.4899995E+03  4.0691084E+07
  4.5099990E+03  4.2270216E+07
  4.5299995E+03  4.0124352E+07
  4.5499990E+03  3.9770576E+07
  4.5699995E+03  4.1302844E+07
  4.5899990E+03  3.9395140E+07
  4.6099990E+03  4.0161996E+07
  4.6299990E+03  3.8958160E+07
  4.6499990E+03  3.9259704E+07
  4.6699990E+03  3.9330092E+07
  4.6899990E+03  3.8139008E+07
  4.7099995E+03  3.6535336E+07
  4.7299990E+03  3.8153392E+07
  4.7499995E+03  3.8116624E+07
  4.7699995E+03  3.7514520E+07
  4.7899990E+03  3.7155936E+07
  4.8099995E+03  3.6440492E+07
  4.8299995E+03  3.5309292E+07
  4.8499990E+03  2.8706834E+07
  4.8700000E+03  2.3329682E+07
  4.8899990E+03  3.3149922E+07
  4.9099990E+03  3.4339960E+07
  4.9299990E+03  3.3880552E+07
  4.9499995E+03  3.4612856E+07
  4.9699995E+03  3.4764940E+07
  4.9899990E+03  3.3138770E+07
  5.0099995E+03  3.2004172E+07
  5.0299995E+03  3.3051566E+07
  5.0499995E+03  3.2493364E+07
  5.0699995E+03  3.3112482E+07
  5.0899995E+03  3.2521240E+07
  5.1099990E+03  3.2531198E+07
  5.1299995E+03  3.1777000E+07
  5.1499985E+03  3.1005120E+07
  5.1700000E+03  3.0516206E+07
  5.1899990E+03  3.0235322E+07
  5.2099990E+03  3.0292318E+07
  5.2299995E+03  3.0185034E+07
  5.2499995E+03  3.0580134E+07
  5.2699995E+03  2.8621672E+07
  5.2899990E+03  2.9925570E+07
  5.3099995E+03  2.9643106E+07
  5.3299990E+03  2.8532572E+07
  5.3499995E+03  2.9288374E+07
  5.3699995E+03  2.8924298E+07
  5.3899995E+03  2.8632236E+07
  5.4099990E+03  2.7978144E+07
  5.4299990E+03  2.8169794E+07
  5.4499990E+03  2.8349004E+07
  5.4699995E+03  2.7896548E+07
  5.4899995E+03  2.7901154E+07
  5.5099995E+03  2.7615834E+07
  5.5299985E+03  2.7331448E+07
  5.5499990E+03  2.7314606E+07
  5.5699990E+03  2.6790942E+07
  5.5899995E+03  2.6594754E+07
  5.6099990E+03  2.6567072E+07
  5.6299995E+03  2.6514144E+07
  5.6499990E+03  2.6253602E+07
  5.6699990E+03  2.5793334E+07
  5.6899995E+03  2.5850864E+07
  5.7099995E+03  2.5564940E+07
  5.7299990E+03  2.5854946E+07
  5.7499990E+03  2.5350652E+07
  5.7699990E+03  2.5272530E+07
  5.7899995E+03  2.4975742E+07
  5.8099985E+03  2.4863246E+07
  5.8300000E+03  2.4752792E+07
  5.8499990E+03  2.4430824E+07
  5.8699985E+03  2.4263538E+07
  5.8899985E+03  2.3701586E+07
  5.9099995E+03  2.3866092E+07
  5.9299985E+03  2.3683958E+07
  5.9499995E+03  2.3520742E+07
  5.9699990E+03  2.3358134E+07
  5.9899990E+03  2.3064866E+07
  6.0099990E+03  2.2723870E+07
  6.0299995E+03  2.2674914E+07
  6.0499990E+03  2.2613766E+07
  6.0699990E+03  2.2528386E+07
  6.0899995E+03  2.2193750E+07
  6.1099985E+03  2.1951822E+07
  6.1299995E+03  2.1511046E+07
  6.1499985E+03  2.1192084E+07
  6.1699985E+03  2.1173670E+07
  6.1900000E+03  2.1407732E+07
  6.2099995E+03  2.1240760E+07
  6.2299985E+03  2.0905626E+07
  6.2499990E+03  2.0282106E+07
  6.2699985E+03  2.0780608E+07
  6.2900000E+03  2.0630564E+07
  6.3099985E+03  2.0211416E+07
  6.3299995E+03  2.0148768E+07
  6.3499985E+03  1.9901528E+07
  6.3699985E+03  1.9788824E+07
  6.3899995E+03  1.9738950E+07
  6.4099990E+03  1.9356486E+07
  6.4299985E+03  1.9328294E+07
  6.4499985E+03  1.9023882E+07
  6.4699990E+03  1.9028844E+07
  6.4899990E+03  1.8637154E+07
  6.5099985E+03  1.8574378E+07
  6.5299990E+03  1.8087932E+07
  6.5499985E+03  1.5933391E+07
  6.5699985E+03  1.2814980E+07
  6.5899995E+03  1.7125926E+07
  6.6099985E+03  1.7869176E+07
  6.6299990E+03  1.7935508E+07
  6.6499985E+03  1.7854200E+07
  6.6699995E+03  1.7701558E+07
  6.6899990E+03  1.7675844E+07
  6.7099995E+03  1.7525448E+07
  6.7299990E+03  1.7411458E+07
  6.7499995E+03  1.7200112E+07
  6.7699985E+03  1.7196456E+07
  6.7899995E+03  1.7043000E+07
  6.8099995E+03  1.6910548E+07
  6.8300000E+03  1.6759161E+07
  6.8499985E+03  1.6596412E+07
  6.8699985E+03  1.6553401E+07
  6.8899985E+03  1.6447917E+07
  6.9099990E+03  1.6309445E+07
  6.9299995E+03  1.6187201E+07
  6.9499990E+03  1.6075453E+07
  6.9699985E+03  1.5938355E+07
  6.9899985E+03  1.5860387E+07
  7.0099985E+03  1.5566852E+07
  7.0299985E+03  1.5550061E+07
  7.0499990E+03  1.5482421E+07
  7.0699980E+03  1.5379127E+07
  7.0899990E+03  1.5269248E+07
  7.1099990E+03  1.4855560E+07
  7.1299995E+03  1.4922771E+07
  7.1499990E+03  1.4864460E+07
  7.1699995E+03  1.4732549E+07
  7.1899985E+03  1.4580018E+07
  7.2099985E+03  1.4536927E+07
  7.2299980E+03  1.4416976E+07
  7.2499990E+03  1.4322488E+07
  7.2699995E+03  1.4290125E+07
  7.2899990E+03  1.4065083E+07
  7.3099980E+03  1.4018545E+07
  7.3299980E+03  1.3935838E+07
  7.3499980E+03  1.3893572E+07
  7.3699985E+03  1.3813413E+07
  7.3899995E+03  1.3603536E+07
  7.4099985E+03  1.3379944E+07
  7.4299995E+03  1.3347587E+07
  7.4500000E+03  1.3300452E+07
  7.4700000E+03  1.3173290E+07
  7.4899990E+03  1.3106394E+07
  7.5099985E+03  1.3076091E+07
  7.5299995E+03  1.3009377E+07
  7.5499980E+03  1.2983507E+07
  7.5699985E+03  1.2854509E+07
  7.5899990E+03  1.2766579E+07
  7.6099980E+03  1.2677448E+07
  7.6299995E+03  1.2603952E+07
  7.6499995E+03  1.2486636E+07
  7.6699980E+03  1.2294168E+07
  7.6899990E+03  1.2297191E+07
  7.7099995E+03  1.2180872E+07
  7.7299985E+03  1.2167103E+07
  7.7499990E+03  1.2035389E+07
  7.7700000E+03  1.1760719E+07
  7.7900000E+03  1.1953076E+07
  7.8099995E+03  1.1845616E+07
  7.8299980E+03  1.1694240E+07
  7.8499980E+03  1.1580316E+07
  7.8699995E+03  1.1556200E+07
  7.8900000E+03  1.1458349E+07
  7.9099995E+03  1.1360741E+07
  7.9300000E+03  1.1255579E+07
  7.9499985E+03  1.1175776E+07
  7.9699990E+03  1.1234814E+07
  7.9900000E+03  1.1064745E+07
  8.0099980E+03  1.1027767E+07
  8.0299985E+03  1.0943688E+07
  8.0500000E+03  1.0882397E+07
  8.0699985E+03  1.0826793E+07
  8.0899990E+03  1.0729003E+07
  8.1099995E+03  1.0717962E+07
  8.1299976E+03  1.0661879E+07
  8.1499976E+03  1.0584092E+07
  8.1699980E+03  1.0514839E+07
  8.1899985E+03  1.0258544E+07
  8.2099990E+03  1.0249424E+07
  8.2300000E+03  1.0182424E+07
  8.2500000E+03  1.0145845E+07
  8.2700000E+03  1.0202040E+07
  8.2899980E+03  1.0111767E+07
  8.3099990E+03  9.9818640E+06
  8.3299980E+03  9.7836000E+06
  8.3500000E+03  9.7665000E+06
  8.3699990E+03  9.6763290E+06
  8.3899990E+03  9.4975230E+06
  8.4099971E+03  9.4369620E+06
  8.4300000E+03  9.3795070E+06
  8.4499990E+03  9.2396630E+06
  8.4699980E+03  8.9933820E+06
  8.4899980E+03  9.3723230E+06
  8.5099990E+03  8.5839060E+06
  8.5299990E+03  9.4549730E+06
  8.5499990E+03  8.0961350E+06
  8.5699990E+03  9.5746610E+06
  8.5900000E+03  8.8117660E+06
  8.6099980E+03  8.5660790E+06
  8.6299990E+03  9.5466960E+06
  8.6499990E+03  9.1728070E+06
  8.6699990E+03  7.5267535E+06
  8.6899990E+03  9.0955420E+06
  8.7099971E+03  9.4689710E+06
  8.7299990E+03  9.1339840E+06
  8.7499980E+03  7.5363855E+06
  8.7699980E+03  8.8250500E+06
  8.7899980E+03  9.3100720E+06
  8.8099990E+03  9.2867770E+06
  8.8299980E+03  9.0181440E+06
  8.8499980E+03  8.3511645E+06
  8.8699980E+03  7.2510110E+06
  8.8899990E+03  8.7728860E+06
  8.9099971E+03  9.0149550E+06
  8.9299980E+03  8.9902080E+06
  8.9499980E+03  9.0295560E+06
  8.9699990E+03  8.8877310E+06
  8.9899990E+03  8.5843950E+06
  9.0099980E+03  7.0868260E+06
  9.0299990E+03  7.7526510E+06
  9.0499990E+03  8.5606410E+06
  9.0699980E+03  8.4757630E+06
  9.0899990E+03  8.3564365E+06
  9.1099980E+03  8.5385850E+06
  9.1299980E+03  8.5830210E+06
  9.1499980E+03  8.5576890E+06
  9.1699980E+03  8.4406540E+06
  9.1899990E+03  8.2638880E+06
  9.2099990E+03  7.7745750E+06
  9.2299980E+03  6.3315905E+06
  9.2499980E+03  7.5084655E+06
  9.2699971E+03  7.8737345E+06
  9.2899990E+03  8.1449930E+06
  9.3099980E+03  8.1539360E+06
  9.3299990E+03  8.0991070E+06
  9.3499980E+03  8.0692375E+06
  9.3699990E+03  8.0421190E+06
  9.3900000E+03  7.9408145E+06
  9.4099980E+03  7.6462940E+06
  9.4299971E+03  7.8121655E+06
  9.4499990E+03  7.7609915E+06
  9.4700000E+03  7.7517660E+06
  9.4899980E+03  7.6781365E+06
  9.5100000E+03  7.4879980E+06
  9.5300000E+03  7.0119255E+06
  9.5500000E+03  5.8073950E+06
  9.5699990E+03  7.0217185E+06
  9.5899980E+03  7.3467965E+06
  9.6099980E+03  7.3366445E+06
  9.6299990E+03  7.2489220E+06
  9.6499990E+03  7.3164040E+06
  9.6699980E+03  7.2120410E+06
  9.6899980E+03  7.2051705E+06
  9.7100000E+03  7.2646205E+06
  9.7299990E+03  7.2125045E+06
  9.7499980E+03  7.1116120E+06
  9.7699961E+03  7.1279170E+06
  9.7899980E+03  7.0866360E+06
  9.8099980E+03  7.0436760E+06
  9.8299990E+03  6.9959390E+06
  9.8499980E+03  6.9073725E+06
  9.8700000E+03  6.8678035E+06
  9.8899980E+03  6.8053925E+06
  9.9099990E+03  6.7725800E+06
  9.9300000E+03  6.7560225E+06
  9.9499980E+03  6.7144325E+06
  9.9699980E+03  6.6841105E+06
  9.9899990E+03  6.6098095E+06
  1.0024998E+04  6.1191585E+06
  1.0074998E+04  5.8310610E+06
  1.0124997E+04  6.3116160E+06
  1.0174997E+04  6.2904935E+06
  1.0224998E+04  6.2424550E+06
  1.0274997E+04  6.1686460E+06
  1.0325000E+04  6.0514410E+06
  1.0374999E+04  5.9792550E+06
  1.0425000E+04  5.8925720E+06
  1.0474998E+04  5.7430665E+06
  1.0524997E+04  5.6903315E+06
  1.0574999E+04  5.6309200E+06
  1.0625000E+04  5.5486805E+06
  1.0674997E+04  5.3705390E+06
  1.0724998E+04  5.3608645E+06
  1.0774999E+04  5.2917575E+06
  1.0824997E+04  5.2066580E+06
  1.0874997E+04  5.0884915E+06
  1.0924999E+04  4.4233670E+06
  1.0974996E+04  4.7531640E+06
  1.1025000E+04  4.9515885E+06
  1.1074998E+04  4.9186530E+06
  1.1124999E+04  4.8434915E+06
  1.1174998E+04  4.7818440E+06
  1.1224999E+04  4.7321625E+06
  1.1274997E+04  4.5735255E+06
  1.1325000E+04  4.5226535E+06
  1.1375000E+04  4.5164650E+06
  1.1425000E+04  4.4213170E+06
  1.1474997E+04  4.4286500E+06
  1.1525000E+04  4.3744215E+06
  1.1574998E+04  4.3046580E+06
  1.1625000E+04  4.1910448E+06
  1.1674998E+04  4.1157015E+06
  1.1724997E+04  4.1480888E+06
  1.1775001E+04  4.0064210E+06
  1.1824999E+04  3.9909332E+06
  1.1875000E+04  3.9127802E+06
  1.1925000E+04  3.9473275E+06
  1.1975001E+04  3.8382455E+06
  1.2024998E+04  3.8246322E+06
  1.2074996E+04  3.7604690E+06
  1.2125000E+04  3.7215728E+06
  1.2175000E+04  3.6923390E+06
  1.2225001E+04  3.6379972E+06
  1.2275001E+04  3.5891680E+06
  1.2324996E+04  3.5444845E+06
  1.2374996E+04  3.5058140E+06
  1.2424998E+04  3.4717972E+06
  1.2475000E+04  3.4202982E+06
  1.2524997E+04  3.3731142E+06
  1.2574997E+04  3.3098928E+06
  1.2624999E+04  3.2841992E+06
  1.2674997E+04  3.2477885E+06
  1.2724999E+04  3.2016082E+06
  1.2774999E+04  3.0789498E+06
  1.2825000E+04  2.6608045E+06
  1.2875001E+04  3.0242610E+06
  1.2924997E+04  3.0448848E+06
  1.2975001E+04  3.0232510E+06
  1.3024998E+04  2.9912035E+06
  1.3074999E+04  2.9628600E+06
  1.3125000E+04  2.9186778E+06
  1.3174998E+04  2.8720425E+06
  1.3224998E+04  2.8563982E+06
  1.3274997E+04  2.8197435E+06
  1.3324997E+04  2.7892860E+06
  1.3374999E+04  2.7537285E+06
  1.3424999E+04  2.7234302E+06
  1.3474999E+04  2.6903928E+06
  1.3525001E+04  2.6509720E+06
  1.3574999E+04  2.6124678E+06
  1.3624997E+04  2.5959678E+06
  1.3674997E+04  2.5602982E+06
  1.3724995E+04  2.5042808E+06
  1.3774998E+04  2.4962582E+06
  1.3824998E+04  2.4701532E+06
  1.3874996E+04  2.4537528E+06
  1.3925000E+04  2.4105160E+06
  1.3974996E+04  2.3905990E+06
  1.4024997E+04  2.3624752E+06
  1.4075001E+04  2.3409648E+06
  1.4124996E+04  2.3049735E+06
  1.4175000E+04  2.2859280E+06
  1.4225000E+04  2.2512682E+06
  1.4274994E+04  2.2225858E+06
  1.4325001E+04  2.2065445E+06
  1.4374998E+04  2.1881228E+06
  1.4424999E+04  2.1088875E+06
  1.4475000E+04  2.1326412E+06
  1.4524997E+04  2.0817360E+06
  1.4569999E+04  2.0848682E+06
  1.4620000E+04  2.0979510E+06
  1.4674998E+04  2.1314125E+06
  1.4725000E+04  2.0841230E+06
  1.4775002E+04  2.0356979E+06
  1.4824998E+04  2.0057066E+06
  1.4874996E+04  1.9587041E+06
  1.4924997E+04  1.9484772E+06
  1.4974999E+04  1.9044078E+06
  1.5024999E+04  1.8700594E+06
  1.5075000E+04  1.8346318E+06
  1.5124999E+04  1.8233458E+06
  1.5175000E+04  1.7995709E+06
  1.5225002E+04  1.7798062E+06
  1.5274998E+04  1.7505751E+06
  1.5324995E+04  1.7264990E+06
  1.5374997E+04  1.7270809E+06
  1.5425001E+04  1.6685588E+06
  1.5474996E+04  1.6898872E+06
  1.5524994E+04  1.6733932E+06
  1.5575001E+04  1.5985251E+06
  1.5624998E+04  1.6782744E+06
  1.5674997E+04  1.5973610E+06
  1.5724994E+04  1.5416660E+06
  1.5774996E+04  1.6178974E+06
  1.5825001E+04  1.6027245E+06
  1.5874995E+04  1.4362662E+06
  1.5925002E+04  1.5432932E+06
  1.5975001E+04  1.5842822E+06
  1.6049998E+04  1.5202261E+06
  1.6150001E+04  1.4228098E+06
  1.6249997E+04  1.5008691E+06
  1.6350000E+04  1.4199934E+06
  1.6449996E+04  1.3254871E+06
  1.6549998E+04  1.4083005E+06
  1.6649994E+04  1.3817868E+06
  1.6749998E+04  1.3016216E+06
  1.6849998E+04  1.2126288E+06
  1.6950000E+04  1.2950298E+06
  1.7049996E+04  1.2644492E+06
  1.7150000E+04  1.2446609E+06
  1.7249992E+04  1.1996848E+06
  1.7349994E+04  1.0636599E+06
  1.7449992E+04  1.1355725E+06
  1.7550000E+04  1.1354615E+06
  1.7649998E+04  1.1132959E+06
  1.7749994E+04  1.0944621E+06
  1.7849994E+04  1.0710600E+06
  1.7949998E+04  1.0538740E+06
  1.8050002E+04  1.0203972E+06
  1.8150002E+04  9.1520181E+05
  1.8249994E+04  9.5987881E+05
  1.8349992E+04  9.6746975E+05
  1.8449992E+04  9.4902019E+05
  1.8549998E+04  9.2787775E+05
  1.8650002E+04  9.0351569E+05
  1.8750002E+04  8.0379338E+05
  1.8850000E+04  8.6455450E+05
  1.8950004E+04  8.5171875E+05
  1.9049996E+04  8.4807462E+05
  1.9149998E+04  8.3072406E+05
  1.9249992E+04  8.1298656E+05
  1.9350000E+04  7.8856625E+05
  1.9449992E+04  7.0417688E+05
  1.9550002E+04  7.6022269E+05
  1.9649992E+04  7.5412519E+05
  1.9749992E+04  7.3941862E+05
  1.9849992E+04  7.2832544E+05
  1.9950002E+04  7.1510656E+05
  2.0050002E+04  7.0271500E+05
  2.0149996E+04  6.9067319E+05
  2.0249994E+04  6.7656488E+05
  2.0349994E+04  6.6296350E+05
  2.0449996E+04  6.5392806E+05
  2.0550000E+04  6.4183400E+05
  2.0649992E+04  6.2859188E+05
  2.0749998E+04  6.1808500E+05
  2.0849992E+04  6.0758638E+05
  2.0950004E+04  5.9622850E+05
  2.1050002E+04  5.8620712E+05
  2.1149992E+04  5.7440300E+05
  2.1250000E+04  5.6447900E+05
  2.1350002E+04  5.5483956E+05
  2.1449996E+04  5.4622325E+05
  2.1550006E+04  5.3227419E+05
  2.1649994E+04  4.7765741E+05
  2.1750002E+04  5.1020259E+05
  2.1849998E+04  5.0849472E+05
  2.1950002E+04  5.0262856E+05
  2.2050000E+04  4.9233838E+05
  2.2149996E+04  4.8407909E+05
  2.2249998E+04  4.7778941E+05
  2.2350004E+04  4.6979753E+05
  2.2449990E+04  4.6198191E+05
  2.2549994E+04  4.5241103E+05
  2.2650000E+04  4.4636131E+05
  2.2750000E+04  4.3938869E+05
  2.2850000E+04  4.3351650E+05
  2.2950004E+04  4.3161350E+05
  2.3050000E+04  4.2509719E+05
  2.3149996E+04  4.1646984E+05
  2.3250000E+04  4.0926384E+05
  2.3349996E+04  4.0128850E+05
  2.3449994E+04  3.9439316E+05
  2.3550002E+04  3.8723978E+05
  2.3649988E+04  3.8062481E+05
  2.3750000E+04  3.7347869E+05
  2.3849990E+04  3.6704881E+05
  2.3950002E+04  3.6106041E+05
  2.4050006E+04  3.5490506E+05
  2.4149992E+04  3.4872962E+05
  2.4249990E+04  3.4404016E+05
  2.4349990E+04  3.3789706E+05
  2.4450002E+04  3.3219538E+05
  2.4549990E+04  3.2820106E+05
  2.4649992E+04  3.2220784E+05
  2.4749992E+04  3.1756753E+05
  2.4850006E+04  3.1483344E+05
  2.4950000E+04  3.0361231E+05
  2.5050006E+04  3.0977222E+05
  2.5149994E+04  3.0276956E+05
  2.5249998E+04  2.8891262E+05
  2.5350004E+04  2.9267594E+05
  2.5449988E+04  2.9048550E+05
  2.5549998E+04  2.8344322E+05
  2.5649990E+04  2.6912691E+05
  2.5749990E+04  2.7635866E+05
  2.5849994E+04  2.7333941E+05
  2.5949990E+04  2.7013478E+05
  2.6049996E+04  2.6198011E+05
  2.6149998E+04  2.4793708E+05
  2.6249988E+04  2.3543972E+05
  2.6350008E+04  2.5125739E+05
  2.6449996E+04  2.5106836E+05
  2.6549994E+04  2.4754525E+05
  2.6649994E+04  2.4143152E+05
  2.6749988E+04  2.2584127E+05
  2.6849986E+04  2.3549150E+05
  2.6949986E+04  2.3477419E+05
  2.7050002E+04  2.3192912E+05
  2.7149998E+04  2.2888994E+05
  2.7249994E+04  2.2566067E+05
  2.7350006E+04  2.2226066E+05
  2.7450004E+04  2.1803438E+05
  2.7549996E+04  2.0249711E+05
  2.7649982E+04  2.0734761E+05
  2.7750004E+04  2.0973516E+05
  2.7850000E+04  2.0770712E+05
  2.7949992E+04  2.0510484E+05
  2.8049994E+04  2.0230430E+05
  2.8150002E+04  1.9957152E+05
  2.8250006E+04  1.9688178E+05
  2.8350000E+04  1.9433759E+05
  2.8450000E+04  1.9125634E+05
  2.8550002E+04  1.8843061E+05
  2.8650002E+04  1.8268386E+05
  2.8749982E+04  1.7036272E+05
  2.8849998E+04  1.7998327E+05
  2.8949986E+04  1.7888602E+05
  2.9049994E+04  1.7701809E+05
  2.9149986E+04  1.7429828E+05
  2.9249984E+04  1.7230277E+05
  2.9349980E+04  1.7022100E+05
  2.9450000E+04  1.6796344E+05
  2.9550004E+04  1.6586642E+05
  2.9649982E+04  1.6375552E+05
  2.9749992E+04  1.6163055E+05
  2.9849994E+04  1.5959806E+05
  2.9949984E+04  1.5746741E+05
  3.0049996E+04  1.5544058E+05
  3.0149994E+04  1.5331292E+05
  3.0249994E+04  1.5068295E+05
  3.0349996E+04  1.4059969E+05
  3.0449996E+04  1.4240816E+05
  3.0549996E+04  1.4529595E+05
  3.0649996E+04  1.4404862E+05
  3.0749994E+04  1.4241605E+05
  3.0849996E+04  1.4037005E+05
  3.0949994E+04  1.3877227E+05
  3.1049996E+04  1.3708658E+05
  3.1149996E+04  1.3499258E+05
  3.1249996E+04  1.3366708E+05
  3.1349996E+04  1.3211805E+05
  3.1449996E+04  1.3048317E+05
  3.1549998E+04  1.2898363E+05
  3.1649996E+04  1.2759070E+05
  3.1749998E+04  1.2586514E+05
  3.1849996E+04  1.2455610E+05
  3.1949994E+04  1.2306905E+05
  3.2099996E+04  1.2083934E+05
  3.2299992E+04  1.1806201E+05
  3.2499994E+04  1.1527232E+05
  3.2699996E+04  1.1241499E+05
  3.2899996E+04  1.0472833E+05
  3.3099996E+04  1.0646841E+05
  3.3299992E+04  1.0528512E+05
  3.3499996E+04  1.0299441E+05
  3.3699996E+04  1.0027949E+05
  3.3899996E+04  9.7978602E+04
  3.4099996E+04  9.5734359E+04
  3.4299996E+04  9.3689336E+04
  3.4499992E+04  9.1688352E+04
  3.4699996E+04  8.9573797E+04
  3.4899996E+04  8.7591273E+04
  3.5099996E+04  8.5681617E+04
  3.5299996E+04  8.3788336E+04
  3.5499996E+04  8.1965047E+04
  3.5699992E+04  8.0088570E+04
  3.5899992E+04  7.8576078E+04
  3.6099996E+04  7.6678703E+04
  3.6299992E+04  7.5384367E+04
  3.6499992E+04  7.3367180E+04
  3.6699992E+04  7.2306789E+04
  3.6899992E+04  6.9978445E+04
  3.7099996E+04  6.9138391E+04
  3.7299996E+04  6.6454758E+04
  3.7499992E+04  6.3899301E+04
  3.7699996E+04  6.5099766E+04
  3.7899996E+04  6.3963398E+04
  3.8099992E+04  6.1988219E+04
  3.8299996E+04  6.0946988E+04
  3.8499996E+04  6.0366250E+04
  3.8699996E+04  5.9077336E+04
  3.8899992E+04  5.7689684E+04
  3.9099996E+04  5.5590434E+04
  3.9299992E+04  5.5674910E+04
  3.9499992E+04  5.4670676E+04
  3.9699992E+04  5.3655121E+04
  3.9900000E+04  5.2465426E+04
  4.0099996E+04  5.0809445E+04
  4.0299992E+04  4.9601227E+04
  4.0499996E+04  4.7690812E+04
  4.0699992E+04  4.8551449E+04
  4.0899992E+04  4.7737715E+04
  4.1099996E+04  4.6944160E+04
  4.1299996E+04  4.6073152E+04
  4.1499992E+04  4.5046105E+04
  4.1699992E+04  4.2953328E+04
  4.1899996E+04  4.3366113E+04
  4.2099996E+04  4.2668117E+04
  4.2299992E+04  4.2015043E+04
  4.2499996E+04  4.1232586E+04
  4.2699992E+04  4.0512516E+04
  4.2899992E+04  3.9785621E+04
  4.3099996E+04  3.9070434E+04
  4.3299996E+04  3.8358703E+04
  4.3499992E+04  3.7640461E+04
  4.3699996E+04  3.5840824E+04
  4.3899996E+04  3.6025207E+04
  4.4099992E+04  3.5693383E+04
  4.4299992E+04  3.5112664E+04
  4.4499996E+04  3.4504773E+04
  4.4699996E+04  3.4000609E+04
  4.4899996E+04  3.3412469E+04
  4.5099992E+04  3.2853781E+04
  4.5299992E+04  3.2290783E+04
  4.5499996E+04  3.1745484E+04
  4.5699992E+04  3.1195854E+04
  4.5899996E+04  3.0665297E+04
  4.6099996E+04  3.0167580E+04
  4.6299992E+04  2.9585912E+04
  4.6499988E+04  2.7920684E+04
  4.6699992E+04  2.7490295E+04
  4.6899992E+04  2.8044191E+04
  4.7099992E+04  2.7743695E+04
  4.7299992E+04  2.7304141E+04
  4.7499996E+04  2.6844268E+04
  4.7699992E+04  2.6414318E+04
  4.7899992E+04  2.6000449E+04
  4.8099996E+04  2.5579506E+04
  4.8299992E+04  2.5169479E+04
  4.8499992E+04  2.4766928E+04
  4.8700000E+04  2.4374891E+04
  4.8899992E+04  2.3990012E+04
  4.9099988E+04  2.3599641E+04
  4.9299988E+04  2.3239596E+04
  4.9499996E+04  2.2873820E+04
  4.9699992E+04  2.2520805E+04
  4.9899988E+04  2.2168162E+04
  5.0099996E+04  2.1826416E+04
  5.0299996E+04  2.1489398E+04
  5.0499996E+04  2.1162936E+04
  5.0699996E+04  2.0842410E+04
  5.0899992E+04  2.0518994E+04
  5.1099992E+04  2.0116305E+04
  5.1299996E+04  1.9110863E+04
  5.1499988E+04  1.9553621E+04
  5.1699996E+04  1.9312418E+04
  5.1899992E+04  1.9028197E+04
  5.2099992E+04  1.8739434E+04
  5.2299996E+04  1.8462785E+04
  5.2499996E+04  1.8193898E+04
  5.2699996E+04  1.7925848E+04
  5.2899992E+04  1.7664014E+04
  5.3099988E+04  1.7404273E+04
  5.3299988E+04  1.7151902E+04
  5.3499992E+04  1.6902811E+04
  5.3699992E+04  1.6651721E+04
  5.3899992E+04  1.6416857E+04
  5.4099992E+04  1.6185001E+04
  5.4299984E+04  1.5945895E+04
  5.4499988E+04  1.5722530E+04
  5.4699996E+04  1.5488148E+04
  5.4899992E+04  1.5280515E+04
  5.5099992E+04  1.5068034E+04
  5.5299988E+04  1.4853297E+04
  5.5499988E+04  1.4647370E+04
  5.5699992E+04  1.4437942E+04
  5.5899992E+04  1.4226308E+04
  5.6099988E+04  1.4043655E+04
  5.6299996E+04  1.3850156E+04
  5.6499988E+04  1.3662590E+04
  5.6699988E+04  1.3473799E+04
  5.6899992E+04  1.3289646E+04
  5.7099996E+04  1.3110049E+04
  5.7299988E+04  1.2931488E+04
  5.7499988E+04  1.2757367E+04
  5.7699988E+04  1.2584214E+04
  5.7899996E+04  1.2412016E+04
  5.8099988E+04  1.2249707E+04
  5.8299996E+04  1.2087104E+04
  5.8499992E+04  1.1939651E+04
  5.8699988E+04  1.1776431E+04
  5.8899988E+04  1.1556506E+04
  5.9099992E+04  1.1018938E+04
  5.9299988E+04  1.1288635E+04
  5.9499996E+04  1.1152213E+04
  5.9699988E+04  1.1027940E+04
  5.9899992E+04  1.0883021E+04
  6.0099992E+04  1.0738741E+04
  6.0299992E+04  1.0605458E+04
  6.0499988E+04  1.0469585E+04
  6.0699992E+04  1.0332198E+04
  6.0899992E+04  1.0198421E+04
  6.1099988E+04  1.0060823E+04
  6.1299992E+04  9.9433467E+03
  6.1499988E+04  9.8177217E+03
  6.1699988E+04  9.6941094E+03
  6.1899996E+04  9.5706025E+03
  6.2099996E+04  9.4521025E+03
  6.2299988E+04  9.3257051E+03
  6.2499992E+04  9.2151934E+03
  6.2699988E+04  9.0987139E+03
  6.2899996E+04  8.9897129E+03
  6.3099984E+04  8.8727373E+03
  6.3299996E+04  8.7674873E+03
  6.3499984E+04  8.6600283E+03
  6.3699984E+04  8.5552266E+03
  6.3900000E+04  8.4497158E+03
  6.4199992E+04  8.2978096E+03
  6.4599984E+04  8.0969702E+03
  6.4999992E+04  7.9023896E+03
  6.5399992E+04  7.7169702E+03
  6.5799992E+04  7.5345054E+03
  6.6199984E+04  7.3565630E+03
  6.6599984E+04  7.1856499E+03
  6.6999992E+04  7.0187837E+03
  6.7399992E+04  6.8560259E+03
  6.7799992E+04  6.6998052E+03
  6.8199992E+04  6.5469287E+03
  6.8599992E+04  6.3978726E+03
  6.8999984E+04  6.2516660E+03
  6.9399984E+04  6.1115229E+03
  6.9800000E+04  5.9758711E+03
  7.0199992E+04  5.8428320E+03
  7.0599984E+04  5.7140791E+03
  7.0999977E+04  5.5909868E+03
  7.1399977E+04  5.4679951E+03
  7.1799984E+04  5.3490693E+03
  7.2199984E+04  5.2301968E+03
  7.2600000E+04  5.1206855E+03
  7.2999984E+04  5.0129756E+03
  7.3400000E+04  4.9055513E+03
  7.3799984E+04  4.8026484E+03
  7.4199992E+04  4.6984546E+03
  7.4599992E+04  4.5132881E+03
  7.5000000E+04  4.4087471E+03
  7.5399992E+04  4.4109331E+03
  7.5799992E+04  4.3231943E+03
  7.6199984E+04  4.2353638E+03
  7.6599992E+04  4.1491899E+03
  7.6999992E+04  4.0648281E+03
  7.7399992E+04  3.9833682E+03
  7.7799984E+04  3.9036140E+03
  7.8199984E+04  3.8257708E+03
  7.8599984E+04  3.7497329E+03
  7.8999984E+04  3.6756382E+03
  7.9399984E+04  3.6032012E+03
  7.9800000E+04  3.5326780E+03
  8.0199992E+04  3.4635564E+03
  8.0599984E+04  3.3963838E+03
  8.0999992E+04  3.3312827E+03
  8.1399977E+04  3.2666140E+03
  8.1799984E+04  3.2043972E+03
  8.2199984E+04  3.1439592E+03
  8.2599992E+04  3.0843171E+03
  8.2999984E+04  3.0261694E+03
  8.3400000E+04  2.9681248E+03
  8.3799992E+04  2.9124436E+03
  8.4199992E+04  2.8590657E+03
  8.4599977E+04  2.8069866E+03
  8.4999977E+04  2.7554976E+03
  8.5399984E+04  2.7047432E+03
  8.5799984E+04  2.6553767E+03
  8.6199992E+04  2.6070618E+03
  8.6599992E+04  2.5603276E+03
  8.6999984E+04  2.5142917E+03
  8.7399992E+04  2.4690874E+03
  8.7799992E+04  2.4251870E+03
  8.8199984E+04  2.3815444E+03
  8.8599977E+04  2.3396453E+03
  8.8999992E+04  2.2984478E+03
  8.9399977E+04  2.2583647E+03
  8.9799977E+04  2.2185291E+03
  9.0199984E+04  2.1802812E+03
  9.0599984E+04  2.1428511E+03
  9.0999992E+04  2.1054016E+03
  9.1400000E+04  2.0695161E+03
  9.1799969E+04  2.0344000E+03
  9.2199969E+04  1.9998571E+03
  9.2599984E+04  1.9660088E+03
  9.3000000E+04  1.9328420E+03
  9.3399984E+04  1.9003008E+03
  9.3799984E+04  1.8685422E+03
  9.4199977E+04  1.8374658E+03
  9.4599984E+04  1.8069312E+03
  9.4999969E+04  1.7770541E+03
  9.5399984E+04  1.7475292E+03
  9.5799984E+04  1.7193381E+03
  9.6199992E+04  1.6910659E+03
  9.6599984E+04  1.6637678E+03
  9.7000000E+04  1.6368606E+03
  9.7399977E+04  1.6101017E+03
  9.7799984E+04  1.5844325E+03
  9.8199977E+04  1.5590498E+03
  9.8599977E+04  1.5343358E+03
  9.8999992E+04  1.5100840E+03
  9.9399984E+04  1.4861353E+03
  9.9799977E+04  1.4626343E+03
  1.0019999E+05  1.4397225E+03
  1.9999991E+05  9.2519127E+01
  3.9999994E+05  5.7710810E+00
  5.9999981E+05  1.1312462E+00
  7.9999994E+05  3.5532993E-01
