  5.0599994E+02  9.1099213E-14
  5.1199994E+02  1.7782957E-13
  5.2000000E+02  3.7008723E-13
  5.2999994E+02  8.9566982E-13
  5.3999994E+02  2.0721610E-12
  5.4999988E+02  4.6748538E-12
  5.5999988E+02  1.0213481E-11
  5.6999988E+02  2.1703030E-11
  5.7999994E+02  4.4676016E-11
  5.8999988E+02  9.0865100E-11
  5.9999988E+02  1.7962848E-10
  6.0999988E+02  3.4815165E-10
  6.1999994E+02  6.6146838E-10
  6.2999988E+02  1.2346103E-09
  6.3999994E+02  2.2672046E-09
  6.4999994E+02  4.1014419E-09
  6.5799994E+02  6.5215047E-09
  6.6499988E+02  9.7074428E-09
  6.7499994E+02  1.6975211E-08
  6.8499988E+02  2.9338175E-08
  6.9499994E+02  5.0101349E-08
  7.0499988E+02  8.4438554E-08
  7.1599988E+02  1.4884698E-07
  7.2599994E+02  2.4610628E-07
  7.3499982E+02  3.8380099E-07
  7.4499994E+02  6.2304088E-07
  7.5499982E+02  1.0023967E-06
  7.6499994E+02  1.5982146E-06
  7.7499994E+02  2.5249349E-06
  7.8499982E+02  3.9548045E-06
  7.9499982E+02  6.1198843E-06
  8.0500000E+02  9.4330771E-06
  8.1499976E+02  1.4404030E-05
  8.2500000E+02  2.1787830E-05
  8.3499994E+02  3.2678210E-05
  8.4499994E+02  4.8604779E-05
  8.5499988E+02  7.1705676E-05
  8.6499994E+02  1.0492486E-04
  8.7499982E+02  1.5225309E-04
  8.8499982E+02  2.1940445E-04
  8.9499988E+02  3.1362404E-04
  9.0499994E+02  4.4483042E-04
  9.1499982E+02  4.6982244E-02
  9.2499988E+02  1.3627335E-01
  9.3499982E+02  1.8022083E-01
  9.4500000E+02  2.3521319E-01
  9.5500000E+02  3.3073938E-01
  9.6499988E+02  4.3028629E-01
  9.7499982E+02  5.2838743E-01
  9.8499976E+02  6.8572843E-01
  9.9499988E+02  8.3312994E-01
  1.0049999E+03  1.1321110E+00
  1.0149997E+03  1.4247280E+00
  1.0249998E+03  1.5264037E+00
  1.0349998E+03  2.1833627E+00
  1.0449998E+03  2.7337024E+00
  1.0549999E+03  3.3611081E+00
  1.0649999E+03  3.9970961E+00
  1.0750000E+03  4.9656219E+00
  1.0849996E+03  6.0592222E+00
  1.0949999E+03  7.1159906E+00
  1.1049999E+03  5.4330524E+01
  1.1149999E+03  1.0495102E+02
  1.1249999E+03  1.4409398E+02
  1.1349996E+03  1.8492970E+02
  1.1449999E+03  2.2871083E+02
  1.1549999E+03  2.4172878E+02
  1.1650000E+03  3.2154398E+02
  1.1749995E+03  3.7375220E+02
  1.1849996E+03  3.7313150E+02
  1.1949998E+03  2.3137027E+02
  1.2049996E+03  2.3740529E+02
  1.2149998E+03  4.4420174E+01
  1.2249996E+03  2.8644907E+02
  1.2349996E+03  6.3835132E+02
  1.2449998E+03  1.7344757E+03
  1.2549996E+03  2.8540376E+03
  1.2650000E+03  2.8422864E+03
  1.2749998E+03  4.3788530E+03
  1.2849995E+03  6.1220518E+03
  1.2949998E+03  7.4089756E+03
  1.3049995E+03  6.3835776E+03
  1.3149998E+03  9.7260322E+03
  1.3249998E+03  1.1419641E+04
  1.3349996E+03  1.2747913E+04
  1.3449995E+03  1.5831743E+04
  1.3549996E+03  1.6360383E+04
  1.3649999E+03  1.8306855E+04
  1.3749999E+03  1.9812996E+04
  1.3849996E+03  2.0837697E+04
  1.3949999E+03  2.4113703E+04
  1.4050001E+03  2.6880527E+04
  1.4149998E+03  2.8165262E+04
  1.4249998E+03  3.1563490E+04
  1.4350000E+03  3.2321586E+04
  1.4419998E+03  3.8389617E+04
  1.4469999E+03  4.1633340E+04
  1.4549994E+03  4.5921062E+04
  1.4650000E+03  4.5836898E+04
  1.4749995E+03  5.0265152E+04
  1.4849996E+03  5.6511043E+04
  1.4949998E+03  6.4657469E+04
  1.5049996E+03  7.2084148E+04
  1.5119995E+03  7.2787664E+04
  1.5169994E+03  7.5238977E+04
  1.5250001E+03  1.4920286E+05
  1.5349994E+03  2.2047027E+05
  1.5449994E+03  3.2355800E+05
  1.5549998E+03  2.9878150E+05
  1.5649999E+03  2.8185475E+05
  1.5750001E+03  5.8817800E+05
  1.5850000E+03  7.5890206E+05
  1.5949996E+03  9.7335112E+05
  1.6049999E+03  8.7033856E+05
  1.6150000E+03  8.3745088E+05
  1.6249996E+03  5.9702356E+05
  1.6350000E+03  7.9198875E+05
  1.6449996E+03  1.3221320E+06
  1.6549999E+03  6.1974025E+05
  1.6649993E+03  1.3374035E+06
  1.6720000E+03  6.2345381E+05
  1.6770001E+03  5.9635255E+06
  1.6849998E+03  6.2453920E+06
  1.6950000E+03  4.4280500E+06
  1.7049995E+03  4.9077280E+06
  1.7150000E+03  7.0085420E+06
  1.7249993E+03  7.4667420E+06
  1.7349994E+03  9.0998680E+06
  1.7449993E+03  8.4621400E+06
  1.7550001E+03  1.0502202E+07
  1.7649998E+03  7.3471565E+06
  1.7749995E+03  9.7913270E+06
  1.7849995E+03  9.4916820E+06
  1.7949999E+03  1.3060446E+07
  1.8050001E+03  1.1377178E+07
  1.8150001E+03  1.2386509E+07
  1.8249994E+03  1.1142425E+07
  1.8349993E+03  9.9225170E+06
  1.8449993E+03  8.3114245E+06
  1.8549998E+03  1.0368680E+07
  1.8650002E+03  1.2568503E+07
  1.8750001E+03  1.1507869E+07
  1.8850000E+03  1.2028611E+07
  1.8950002E+03  1.3502911E+07
  1.9049996E+03  1.2391934E+07
  1.9149999E+03  1.3457596E+07
  1.9249993E+03  1.2417394E+07
  1.9350001E+03  7.7535520E+06
  1.9449993E+03  1.4471720E+07
  1.9550002E+03  1.4805054E+07
  1.9670002E+03  1.6940422E+07
  1.9759990E+03  1.6228791E+07
  1.9839996E+03  1.6189092E+07
  1.9950001E+03  1.5788610E+07
  2.0050002E+03  1.4281088E+07
  2.0149996E+03  1.4069183E+07
  2.0249994E+03  1.2830865E+07
  2.0349995E+03  1.5289569E+07
  2.0449998E+03  1.6974508E+07
  2.0550000E+03  1.6181672E+07
  2.0649993E+03  1.5143631E+07
  2.0739993E+03  1.8444838E+07
  2.0780002E+03  2.0428508E+07
  2.0849993E+03  1.9740426E+07
  2.0950005E+03  1.8431392E+07
  2.1050002E+03  1.6337754E+07
  2.1149990E+03  1.6992994E+07
  2.1250000E+03  1.7367366E+07
  2.1350002E+03  1.3794125E+07
  2.1449998E+03  1.6885348E+07
  2.1550005E+03  1.6925304E+07
  2.1649995E+03  1.5301689E+07
  2.1750002E+03  1.5306237E+07
  2.1849998E+03  1.6563953E+07
  2.1950000E+03  1.8032734E+07
  2.2050000E+03  1.6824274E+07
  2.2149998E+03  1.4355284E+07
  2.2249998E+03  1.4082712E+07
  2.2350005E+03  1.7542366E+07
  2.2449990E+03  1.5853369E+07
  2.2549993E+03  1.3758661E+07
  2.2650000E+03  1.3853327E+07
  2.2750000E+03  1.5220360E+07
  2.2850000E+03  1.6866032E+07
  2.2950002E+03  1.4806742E+07
  2.3050000E+03  1.5950629E+07
  2.3149995E+03  1.4814223E+07
  2.3250000E+03  9.3688000E+06
  2.3349995E+03  1.1237268E+07
  2.3449993E+03  8.5074600E+06
  2.3550000E+03  1.3791518E+07
  2.3649988E+03  9.0006910E+06
  2.3750000E+03  1.1474390E+07
  2.3849990E+03  7.1767240E+06
  2.3950000E+03  9.1043410E+06
  2.4050005E+03  8.9362940E+06
  2.4149993E+03  9.6543860E+06
  2.4249990E+03  1.3548786E+07
  2.4349990E+03  1.3021555E+07
  2.4450000E+03  1.4614885E+07
  2.4549990E+03  1.4606716E+07
  2.4649990E+03  1.4480384E+07
  2.4749993E+03  1.2919554E+07
  2.4850005E+03  1.2682166E+07
  2.4950000E+03  1.1951315E+07
  2.5050005E+03  1.6164927E+07
  2.5129988E+03  1.0636542E+07
  2.5179990E+03  8.9199230E+06
  2.5249998E+03  8.8090750E+06
  2.5350007E+03  9.6220030E+06
  2.5449988E+03  1.0133431E+07
  2.5550000E+03  1.2763168E+07
  2.5649990E+03  1.1507179E+07
  2.5749990E+03  1.3409985E+07
  2.5849993E+03  1.3209462E+07
  2.5949990E+03  1.2533301E+07
  2.6049995E+03  1.1454067E+07
  2.6149998E+03  1.0312715E+07
  2.6249990E+03  1.3696758E+07
  2.6350007E+03  1.5155638E+07
  2.6449995E+03  1.9299696E+07
  2.6549998E+03  2.0589574E+07
  2.6649995E+03  1.6204528E+07
  2.6749988E+03  1.8333282E+07
  2.6849988E+03  1.8285290E+07
  2.6949988E+03  1.6256068E+07
  2.7050000E+03  1.7754842E+07
  2.7150000E+03  1.5517083E+07
  2.7249995E+03  1.5774276E+07
  2.7350007E+03  1.7493878E+07
  2.7450002E+03  1.1372947E+07
  2.7549998E+03  1.2995016E+07
  2.7649983E+03  1.4400699E+07
  2.7750005E+03  1.6194775E+07
  2.7850000E+03  1.2155067E+07
  2.7949993E+03  5.0963950E+06
  2.8049995E+03  6.4620920E+06
  2.8150002E+03  1.5578063E+07
  2.8250007E+03  1.9282206E+07
  2.8350000E+03  1.8694564E+07
  2.8450002E+03  1.7854500E+07
  2.8550005E+03  1.5956212E+07
  2.8650000E+03  1.9623270E+07
  2.8749983E+03  1.9371708E+07
  2.8850000E+03  1.9289224E+07
  2.8949988E+03  1.8418568E+07
  2.9099988E+03  2.1947082E+07
  2.9299983E+03  2.0555800E+07
  2.9499990E+03  2.0289700E+07
  2.9700005E+03  2.1223442E+07
  2.9899980E+03  2.1729778E+07
  3.0099995E+03  2.2351754E+07
  3.0299995E+03  2.1932500E+07
  3.0499995E+03  2.2084398E+07
  3.0699995E+03  2.2456732E+07
  3.0899995E+03  2.2970300E+07
  3.1099995E+03  2.2208796E+07
  3.1299998E+03  2.2075470E+07
  3.1499995E+03  2.2716750E+07
  3.1699995E+03  2.2649200E+07
  3.1899995E+03  2.0860058E+07
  3.2099998E+03  2.1911658E+07
  3.2299993E+03  2.0521738E+07
  3.2499993E+03  2.1697690E+07
  3.2699995E+03  2.2595038E+07
  3.2899995E+03  2.2526160E+07
  3.3099998E+03  2.3164610E+07
  3.3299993E+03  2.2662968E+07
  3.3499995E+03  2.2442854E+07
  3.3699995E+03  2.2027654E+07
  3.3899993E+03  2.2138618E+07
  3.4099993E+03  2.2089954E+07
  3.4299995E+03  2.2194300E+07
  3.4499993E+03  2.2196316E+07
  3.4699998E+03  2.1928668E+07
  3.4899993E+03  2.2005306E+07
  3.5099995E+03  2.2498000E+07
  3.5299995E+03  2.2188462E+07
  3.5499995E+03  2.3104104E+07
  3.5699995E+03  2.1747528E+07
  3.5899995E+03  2.1443630E+07
  3.6099995E+03  2.1657362E+07
  3.6299993E+03  2.1829932E+07
  3.6399993E+03  2.1821612E+07
  3.6499995E+03  2.2993092E+07
  3.6699993E+03  2.1801680E+07
  3.6899995E+03  2.0034550E+07
  3.7099995E+03  2.2629004E+07
  3.7299998E+03  2.3013294E+07
  3.7499993E+03  2.7952594E+07
  3.7699993E+03  2.9684544E+07
  3.7899995E+03  3.5309960E+07
  3.8099993E+03  4.0688772E+07
  3.8299998E+03  3.2632100E+07
  3.8499995E+03  4.4732688E+07
  3.8699995E+03  4.9488528E+07
  3.8899995E+03  3.0774300E+07
  3.9099995E+03  4.8111520E+07
  3.9299993E+03  3.2282908E+07
  3.9499993E+03  4.4044156E+07
  3.9699998E+03  2.5829600E+07
  3.9899995E+03  4.8033172E+07
  4.0099995E+03  5.3815332E+07
  4.0299993E+03  5.4189508E+07
  4.0499993E+03  5.3354740E+07
  4.0699993E+03  5.1230556E+07
  4.0899995E+03  4.2557884E+07
  4.1099995E+03  3.3616292E+07
  4.1299995E+03  4.9554044E+07
  4.1499990E+03  5.2636556E+07
  4.1699990E+03  5.2438340E+07
  4.1899995E+03  5.2024752E+07
  4.2099995E+03  5.1952484E+07
  4.2299995E+03  5.0447520E+07
  4.2499995E+03  5.0797700E+07
  4.2699990E+03  4.8936532E+07
  4.2899995E+03  4.9246872E+07
  4.3100000E+03  4.5122136E+07
  4.3299995E+03  3.7038552E+07
  4.3499995E+03  3.2012110E+07
  4.3699995E+03  4.6612012E+07
  4.3899995E+03  4.7636784E+07
  4.4099995E+03  4.7089456E+07
  4.4299995E+03  4.6465584E+07
  4.4499995E+03  4.7013396E+07
  4.4699995E+03  4.6946220E+07
  4.4899995E+03  4.6343920E+07
  4.5099990E+03  4.7895256E+07
  4.5299995E+03  4.5749400E+07
  4.5499990E+03  4.5300788E+07
  4.5699995E+03  4.6757696E+07
  4.5899990E+03  4.4857996E+07
  4.6099990E+03  4.5519052E+07
  4.6299990E+03  4.4219832E+07
  4.6499990E+03  4.4493632E+07
  4.6699990E+03  4.4521020E+07
  4.6899990E+03  4.3124756E+07
  4.7099995E+03  4.1288632E+07
  4.7299990E+03  4.3105692E+07
  4.7499995E+03  4.2977212E+07
  4.7699995E+03  4.2332780E+07
  4.7899990E+03  4.1822392E+07
  4.8099995E+03  4.0869564E+07
  4.8299995E+03  3.9146236E+07
  4.8499990E+03  3.1126830E+07
  4.8700000E+03  2.5267602E+07
  4.8899990E+03  3.6649088E+07
  4.9099990E+03  3.8471692E+07
  4.9299990E+03  3.8130728E+07
  4.9499995E+03  3.8884112E+07
  4.9699995E+03  3.9058324E+07
  4.9899990E+03  3.7437140E+07
  5.0099995E+03  3.6269796E+07
  5.0299995E+03  3.7295248E+07
  5.0499995E+03  3.6625204E+07
  5.0699995E+03  3.7216184E+07
  5.0899995E+03  3.6616024E+07
  5.1099990E+03  3.6598320E+07
  5.1299995E+03  3.5828220E+07
  5.1499985E+03  3.4975220E+07
  5.1700000E+03  3.4330204E+07
  5.1899990E+03  3.4026976E+07
  5.2099990E+03  3.4125704E+07
  5.2299995E+03  3.3921664E+07
  5.2499995E+03  3.4397696E+07
  5.2699995E+03  3.2334350E+07
  5.2899990E+03  3.3614268E+07
  5.3099995E+03  3.3305404E+07
  5.3299990E+03  3.2090528E+07
  5.3499995E+03  3.2830300E+07
  5.3699995E+03  3.2385024E+07
  5.3899995E+03  3.2089374E+07
  5.4099990E+03  3.1377586E+07
  5.4299990E+03  3.1568516E+07
  5.4499990E+03  3.1673362E+07
  5.4699995E+03  3.1210488E+07
  5.4899995E+03  3.1184746E+07
  5.5099995E+03  3.0919064E+07
  5.5299985E+03  3.0534450E+07
  5.5499990E+03  3.0504346E+07
  5.5699990E+03  2.9926250E+07
  5.5899995E+03  2.9698016E+07
  5.6099990E+03  2.9629096E+07
  5.6299995E+03  2.9561582E+07
  5.6499990E+03  2.9293664E+07
  5.6699990E+03  2.8789724E+07
  5.6899995E+03  2.8804120E+07
  5.7099995E+03  2.8490610E+07
  5.7299990E+03  2.8723510E+07
  5.7499990E+03  2.8194738E+07
  5.7699990E+03  2.8085616E+07
  5.7899995E+03  2.7779542E+07
  5.8099985E+03  2.7625456E+07
  5.8300000E+03  2.7478346E+07
  5.8499990E+03  2.7144382E+07
  5.8699985E+03  2.6924740E+07
  5.8899985E+03  2.6330634E+07
  5.9099995E+03  2.6481688E+07
  5.9299985E+03  2.6277656E+07
  5.9499995E+03  2.6087456E+07
  5.9699990E+03  2.5897106E+07
  5.9899990E+03  2.5584812E+07
  6.0099990E+03  2.5221858E+07
  6.0299995E+03  2.5134602E+07
  6.0499990E+03  2.5053100E+07
  6.0699990E+03  2.4941448E+07
  6.0899995E+03  2.4602164E+07
  6.1099985E+03  2.4341468E+07
  6.1299995E+03  2.3870082E+07
  6.1499985E+03  2.3514884E+07
  6.1699985E+03  2.3485398E+07
  6.1900000E+03  2.3691760E+07
  6.2099995E+03  2.3495446E+07
  6.2299985E+03  2.3145860E+07
  6.2499990E+03  2.2524422E+07
  6.2699985E+03  2.2967436E+07
  6.2900000E+03  2.2796840E+07
  6.3099985E+03  2.2372498E+07
  6.3299995E+03  2.2275532E+07
  6.3499985E+03  2.1974740E+07
  6.3699985E+03  2.1853678E+07
  6.3899995E+03  2.1790900E+07
  6.4099990E+03  2.1381900E+07
  6.4299985E+03  2.1332014E+07
  6.4499985E+03  2.0985314E+07
  6.4699990E+03  2.0956566E+07
  6.4899990E+03  2.0531550E+07
  6.5099985E+03  2.0363810E+07
  6.5299990E+03  1.9657914E+07
  6.5499985E+03  1.7045964E+07
  6.5699985E+03  1.3693866E+07
  6.5899995E+03  1.8505230E+07
  6.6099985E+03  1.9516928E+07
  6.6299990E+03  1.9665038E+07
  6.6499985E+03  1.9613382E+07
  6.6699995E+03  1.9470526E+07
  6.6899990E+03  1.9427520E+07
  6.7099995E+03  1.9265858E+07
  6.7299990E+03  1.9143204E+07
  6.7499995E+03  1.8924920E+07
  6.7699985E+03  1.8903690E+07
  6.7899995E+03  1.8738556E+07
  6.8099995E+03  1.8588036E+07
  6.8300000E+03  1.8421184E+07
  6.8499985E+03  1.8247140E+07
  6.8699985E+03  1.8184156E+07
  6.8899985E+03  1.8061284E+07
  6.9099990E+03  1.7909538E+07
  6.9299995E+03  1.7771796E+07
  6.9499990E+03  1.7646264E+07
  6.9699985E+03  1.7493960E+07
  6.9899985E+03  1.7400934E+07
  7.0099985E+03  1.7101688E+07
  7.0299985E+03  1.7064742E+07
  7.0499990E+03  1.6980938E+07
  7.0699980E+03  1.6864658E+07
  7.0899990E+03  1.6741912E+07
  7.1099990E+03  1.6299084E+07
  7.1299995E+03  1.6370806E+07
  7.1499990E+03  1.6296299E+07
  7.1699995E+03  1.6151283E+07
  7.1899985E+03  1.5995242E+07
  7.2099985E+03  1.5936338E+07
  7.2299980E+03  1.5808656E+07
  7.2499990E+03  1.5690733E+07
  7.2699995E+03  1.5647287E+07
  7.2899990E+03  1.5415519E+07
  7.3099980E+03  1.5361600E+07
  7.3299980E+03  1.5256851E+07
  7.3499980E+03  1.5206012E+07
  7.3699985E+03  1.5106252E+07
  7.3899995E+03  1.4890766E+07
  7.4099985E+03  1.4645828E+07
  7.4299995E+03  1.4610759E+07
  7.4500000E+03  1.4555494E+07
  7.4700000E+03  1.4406093E+07
  7.4899990E+03  1.4329935E+07
  7.5099985E+03  1.4291788E+07
  7.5299995E+03  1.4215966E+07
  7.5499980E+03  1.4172478E+07
  7.5699985E+03  1.4037863E+07
  7.5899990E+03  1.3939781E+07
  7.6099980E+03  1.3837987E+07
  7.6299995E+03  1.3753236E+07
  7.6499995E+03  1.3630563E+07
  7.6699980E+03  1.3426374E+07
  7.6899990E+03  1.3415233E+07
  7.7099995E+03  1.3294389E+07
  7.7299985E+03  1.3271081E+07
  7.7499990E+03  1.3129286E+07
  7.7700000E+03  1.2815295E+07
  7.7900000E+03  1.3024595E+07
  7.8099995E+03  1.2906094E+07
  7.8299980E+03  1.2746851E+07
  7.8499980E+03  1.2625735E+07
  7.8699995E+03  1.2583538E+07
  7.8900000E+03  1.2478066E+07
  7.9099995E+03  1.2375910E+07
  7.9300000E+03  1.2260840E+07
  7.9499985E+03  1.2169430E+07
  7.9699990E+03  1.2222302E+07
  7.9900000E+03  1.2035491E+07
  8.0099980E+03  1.1999545E+07
  8.0299985E+03  1.1908294E+07
  8.0500000E+03  1.1838146E+07
  8.0699985E+03  1.1774918E+07
  8.0899990E+03  1.1671870E+07
  8.1099995E+03  1.1647020E+07
  8.1299976E+03  1.1583522E+07
  8.1499976E+03  1.1497816E+07
  8.1699980E+03  1.1420707E+07
  8.1899985E+03  1.1155500E+07
  8.2099990E+03  1.1140338E+07
  8.2300000E+03  1.1062894E+07
  8.2500000E+03  1.1021498E+07
  8.2700000E+03  1.1074566E+07
  8.2899980E+03  1.0985020E+07
  8.3099990E+03  1.0862376E+07
  8.3299980E+03  1.0668576E+07
  8.3500000E+03  1.0660750E+07
  8.3699990E+03  1.0582443E+07
  8.3899990E+03  1.0384337E+07
  8.4099971E+03  1.0311573E+07
  8.4300000E+03  1.0199080E+07
  8.4499990E+03  1.0020539E+07
  8.4699980E+03  9.8488190E+06
  8.4899980E+03  1.0041327E+07
  8.5099990E+03  9.3943850E+06
  8.5299990E+03  1.0079919E+07
  8.5499990E+03  8.8650370E+06
  8.5699990E+03  1.0181476E+07
  8.5900000E+03  9.4423080E+06
  8.6099980E+03  9.2313020E+06
  8.6299990E+03  1.0154210E+07
  8.6499990E+03  9.7382400E+06
  8.6699990E+03  8.1326835E+06
  8.6899990E+03  9.6956910E+06
  8.7099971E+03  1.0089709E+07
  8.7299990E+03  9.6955280E+06
  8.7499980E+03  8.0377945E+06
  8.7699980E+03  9.3481760E+06
  8.7899980E+03  9.9234620E+06
  8.8099990E+03  9.9197130E+06
  8.8299980E+03  9.6153610E+06
  8.8499980E+03  8.8273580E+06
  8.8699980E+03  7.6786115E+06
  8.8899990E+03  9.3091550E+06
  8.9099971E+03  9.6219010E+06
  8.9299980E+03  9.6312860E+06
  8.9499980E+03  9.6752970E+06
  8.9699990E+03  9.4931380E+06
  8.9899990E+03  9.1041390E+06
  9.0099980E+03  7.4687555E+06
  9.0299990E+03  8.1564540E+06
  9.0499990E+03  9.0932960E+06
  9.0699980E+03  9.0683520E+06
  9.0899990E+03  8.9678490E+06
  9.1099980E+03  9.1718290E+06
  9.1299980E+03  9.2130410E+06
  9.1499980E+03  9.1737100E+06
  9.1699980E+03  9.0320370E+06
  9.1899990E+03  8.8005090E+06
  9.2099990E+03  8.2133790E+06
  9.2299980E+03  6.6327370E+06
  9.2499980E+03  7.9236700E+06
  9.2699971E+03  8.3814070E+06
  9.2899990E+03  8.7072280E+06
  9.3099980E+03  8.7376650E+06
  9.3299990E+03  8.6915870E+06
  9.3499980E+03  8.6630640E+06
  9.3699990E+03  8.6338430E+06
  9.3900000E+03  8.5270290E+06
  9.4099980E+03  8.2147035E+06
  9.4299971E+03  8.3870635E+06
  9.4499990E+03  8.3288160E+06
  9.4700000E+03  8.2987125E+06
  9.4899980E+03  8.1922435E+06
  9.5100000E+03  7.9495410E+06
  9.5300000E+03  7.3707355E+06
  9.5500000E+03  6.0589565E+06
  9.5699990E+03  7.3972805E+06
  9.5899980E+03  7.8051770E+06
  9.6099980E+03  7.8347290E+06
  9.6299990E+03  7.7660635E+06
  9.6499990E+03  7.8435415E+06
  9.6699980E+03  7.7378055E+06
  9.6899980E+03  7.7315760E+06
  9.7100000E+03  7.7876610E+06
  9.7299990E+03  7.7345900E+06
  9.7499980E+03  7.6355210E+06
  9.7699961E+03  7.6465265E+06
  9.7899980E+03  7.6015555E+06
  9.8099980E+03  7.5541505E+06
  9.8299990E+03  7.4992685E+06
  9.8499980E+03  7.4098265E+06
  9.8700000E+03  7.3624215E+06
  9.8899980E+03  7.2872280E+06
  9.9099990E+03  7.2543905E+06
  9.9300000E+03  7.2316920E+06
  9.9499980E+03  7.1821025E+06
  9.9699980E+03  7.1362620E+06
  9.9899990E+03  7.0386355E+06
  1.0024998E+04  6.4422840E+06
  1.0074998E+04  6.1320600E+06
  1.0124997E+04  6.7301860E+06
  1.0174997E+04  6.7260640E+06
  1.0224998E+04  6.6773795E+06
  1.0274997E+04  6.5968510E+06
  1.0325000E+04  6.4772750E+06
  1.0374999E+04  6.3950445E+06
  1.0425000E+04  6.2995300E+06
  1.0474998E+04  6.1423725E+06
  1.0524997E+04  6.0834720E+06
  1.0574999E+04  6.0169825E+06
  1.0625000E+04  5.9261120E+06
  1.0674997E+04  5.7328725E+06
  1.0724998E+04  5.7211380E+06
  1.0774999E+04  5.6422045E+06
  1.0824997E+04  5.5451950E+06
  1.0874997E+04  5.3933425E+06
  1.0924999E+04  4.6203260E+06
  1.0974996E+04  4.9958735E+06
  1.1025000E+04  5.2534690E+06
  1.1074998E+04  5.2322500E+06
  1.1124999E+04  5.1579280E+06
  1.1174998E+04  5.0937755E+06
  1.1224999E+04  5.0377335E+06
  1.1274997E+04  4.8719480E+06
  1.1325000E+04  4.8158025E+06
  1.1375000E+04  4.8067515E+06
  1.1425000E+04  4.7090680E+06
  1.1474997E+04  4.7096070E+06
  1.1525000E+04  4.6512445E+06
  1.1574998E+04  4.5788135E+06
  1.1625000E+04  4.4597805E+06
  1.1674998E+04  4.3777180E+06
  1.1724997E+04  4.4078750E+06
  1.1775001E+04  4.2569410E+06
  1.1824999E+04  4.2414950E+06
  1.1875000E+04  4.1588318E+06
  1.1925000E+04  4.1902608E+06
  1.1975001E+04  4.0775775E+06
  1.2024998E+04  4.0596335E+06
  1.2074996E+04  3.9912030E+06
  1.2125000E+04  3.9486132E+06
  1.2175000E+04  3.9162478E+06
  1.2225001E+04  3.8585658E+06
  1.2275001E+04  3.8046930E+06
  1.2324996E+04  3.7572725E+06
  1.2374996E+04  3.7156562E+06
  1.2424998E+04  3.6782455E+06
  1.2475000E+04  3.6231582E+06
  1.2524997E+04  3.5733975E+06
  1.2574997E+04  3.5047748E+06
  1.2624999E+04  3.4716315E+06
  1.2674997E+04  3.4328068E+06
  1.2724999E+04  3.3742405E+06
  1.2774999E+04  3.2195318E+06
  1.2825000E+04  2.7537960E+06
  1.2875001E+04  3.1676675E+06
  1.2924997E+04  3.2104118E+06
  1.2975001E+04  3.1919805E+06
  1.3024998E+04  3.1595280E+06
  1.3074999E+04  3.1305610E+06
  1.3125000E+04  3.0844472E+06
  1.3174998E+04  3.0354710E+06
  1.3224998E+04  3.0175158E+06
  1.3274997E+04  2.9787948E+06
  1.3324997E+04  2.9456608E+06
  1.3374999E+04  2.9076728E+06
  1.3424999E+04  2.8747668E+06
  1.3474999E+04  2.8395710E+06
  1.3525001E+04  2.7976075E+06
  1.3574999E+04  2.7578208E+06
  1.3624997E+04  2.7382265E+06
  1.3674997E+04  2.7007128E+06
  1.3724995E+04  2.6430740E+06
  1.3774998E+04  2.6326558E+06
  1.3824998E+04  2.6043838E+06
  1.3874996E+04  2.5856478E+06
  1.3925000E+04  2.5406882E+06
  1.3974996E+04  2.5188770E+06
  1.4024997E+04  2.4892655E+06
  1.4075001E+04  2.4653345E+06
  1.4124996E+04  2.4278978E+06
  1.4175000E+04  2.4068615E+06
  1.4225000E+04  2.3711672E+06
  1.4274994E+04  2.3407220E+06
  1.4325001E+04  2.3225722E+06
  1.4374998E+04  2.3018862E+06
  1.4424999E+04  2.2209585E+06
  1.4475000E+04  2.2439392E+06
  1.4524997E+04  2.1915545E+06
  1.4569999E+04  2.1929448E+06
  1.4620000E+04  2.2054660E+06
  1.4674998E+04  2.2403968E+06
  1.4725000E+04  2.1949748E+06
  1.4775002E+04  2.1468365E+06
  1.4824998E+04  2.1172965E+06
  1.4874996E+04  2.0678426E+06
  1.4924997E+04  2.0580695E+06
  1.4974999E+04  2.0127654E+06
  1.5024999E+04  1.9753609E+06
  1.5075000E+04  1.9397334E+06
  1.5124999E+04  1.9251185E+06
  1.5175000E+04  1.8982200E+06
  1.5225002E+04  1.8714701E+06
  1.5274998E+04  1.8472910E+06
  1.5324995E+04  1.8179330E+06
  1.5374997E+04  1.8102715E+06
  1.5425001E+04  1.7599194E+06
  1.5474996E+04  1.7680732E+06
  1.5524994E+04  1.7460748E+06
  1.5575001E+04  1.6899981E+06
  1.5624998E+04  1.7438560E+06
  1.5674997E+04  1.6694249E+06
  1.5724994E+04  1.6259175E+06
  1.5774996E+04  1.6826921E+06
  1.5825001E+04  1.6650042E+06
  1.5874995E+04  1.5170048E+06
  1.5925002E+04  1.6059815E+06
  1.5975001E+04  1.6496790E+06
  1.6049998E+04  1.5796020E+06
  1.6150001E+04  1.4848470E+06
  1.6249997E+04  1.5617885E+06
  1.6350000E+04  1.4721369E+06
  1.6449996E+04  1.3783351E+06
  1.6549998E+04  1.4667561E+06
  1.6649994E+04  1.4394065E+06
  1.6749998E+04  1.3469404E+06
  1.6849998E+04  1.2563232E+06
  1.6950000E+04  1.3479924E+06
  1.7049996E+04  1.3195266E+06
  1.7150000E+04  1.2975225E+06
  1.7249992E+04  1.2474661E+06
  1.7349994E+04  1.0974259E+06
  1.7449992E+04  1.1775759E+06
  1.7550000E+04  1.1832624E+06
  1.7649998E+04  1.1612699E+06
  1.7749994E+04  1.1419809E+06
  1.7849994E+04  1.1175512E+06
  1.7949998E+04  1.0978609E+06
  1.8050002E+04  1.0612618E+06
  1.8150002E+04  9.4291162E+05
  1.8249994E+04  9.9299794E+05
  1.8349992E+04  1.0073335E+06
  1.8449992E+04  9.8892881E+05
  1.8549998E+04  9.6664556E+05
  1.8650002E+04  9.3804550E+05
  1.8750002E+04  8.2654331E+05
  1.8850000E+04  8.9643638E+05
  1.8950004E+04  8.8719919E+05
  1.9049996E+04  8.8200006E+05
  1.9149998E+04  8.6428588E+05
  1.9249992E+04  8.4539744E+05
  1.9350000E+04  8.1702081E+05
  1.9449992E+04  7.2313794E+05
  1.9550002E+04  7.8738838E+05
  1.9649992E+04  7.8375669E+05
  1.9749992E+04  7.6936906E+05
  1.9849992E+04  7.5786000E+05
  1.9950002E+04  7.4405225E+05
  2.0050002E+04  7.3092294E+05
  2.0149996E+04  7.1824931E+05
  2.0249994E+04  7.0367625E+05
  2.0349994E+04  6.8956356E+05
  2.0449996E+04  6.7977319E+05
  2.0550000E+04  6.6714269E+05
  2.0649992E+04  6.5341756E+05
  2.0749998E+04  6.4243569E+05
  2.0849992E+04  6.3140075E+05
  2.0950004E+04  6.1964438E+05
  2.1050002E+04  6.0905238E+05
  2.1149992E+04  5.9677175E+05
  2.1250000E+04  5.8632906E+05
  2.1350002E+04  5.7617956E+05
  2.1449996E+04  5.6637394E+05
  2.1550006E+04  5.5037250E+05
  2.1649994E+04  4.9003509E+05
  2.1750002E+04  5.2676712E+05
  2.1849998E+04  5.2711738E+05
  2.1950002E+04  5.2140259E+05
  2.2050000E+04  5.1111294E+05
  2.2149996E+04  5.0247722E+05
  2.2249998E+04  4.9578662E+05
  2.2350004E+04  4.8746062E+05
  2.2449990E+04  4.7934594E+05
  2.2549994E+04  4.6962138E+05
  2.2650000E+04  4.6314831E+05
  2.2750000E+04  4.5581009E+05
  2.2850000E+04  4.4957800E+05
  2.2950004E+04  4.4732078E+05
  2.3050000E+04  4.4083869E+05
  2.3149996E+04  4.3214584E+05
  2.3250000E+04  4.2480538E+05
  2.3349996E+04  4.1672481E+05
  2.3449994E+04  4.0963641E+05
  2.3550002E+04  4.0234712E+05
  2.3649988E+04  3.9549694E+05
  2.3750000E+04  3.8823241E+05
  2.3849990E+04  3.8158634E+05
  2.3950002E+04  3.7523384E+05
  2.4050006E+04  3.6899988E+05
  2.4149992E+04  3.6254656E+05
  2.4249990E+04  3.5702578E+05
  2.4349990E+04  3.5118928E+05
  2.4450002E+04  3.4523416E+05
  2.4549990E+04  3.4046500E+05
  2.4649992E+04  3.3459569E+05
  2.4749992E+04  3.2986166E+05
  2.4850006E+04  3.2580866E+05
  2.4950000E+04  3.1684175E+05
  2.5050006E+04  3.2072897E+05
  2.5149994E+04  3.1333559E+05
  2.5249998E+04  3.0148688E+05
  2.5350004E+04  3.0287653E+05
  2.5449988E+04  3.0049562E+05
  2.5549998E+04  2.9320200E+05
  2.5649990E+04  2.8091694E+05
  2.5749990E+04  2.8585281E+05
  2.5849994E+04  2.8297450E+05
  2.5949990E+04  2.7939366E+05
  2.6049996E+04  2.7066281E+05
  2.6149998E+04  2.5764984E+05
  2.6249988E+04  2.4136083E+05
  2.6350008E+04  2.5890791E+05
  2.6449996E+04  2.5974355E+05
  2.6549994E+04  2.5623002E+05
  2.6649994E+04  2.4956853E+05
  2.6749988E+04  2.3489681E+05
  2.6849986E+04  2.4335098E+05
  2.6949986E+04  2.4307858E+05
  2.7050002E+04  2.4025459E+05
  2.7149998E+04  2.3727683E+05
  2.7249994E+04  2.3385933E+05
  2.7350006E+04  2.3009730E+05
  2.7450004E+04  2.2541402E+05
  2.7549996E+04  2.0985800E+05
  2.7649982E+04  2.1403450E+05
  2.7750004E+04  2.1708817E+05
  2.7850000E+04  2.1515317E+05
  2.7949992E+04  2.1265683E+05
  2.8049994E+04  2.0979777E+05
  2.8150002E+04  2.0696905E+05
  2.8250006E+04  2.0418453E+05
  2.8350000E+04  2.0151864E+05
  2.8450000E+04  1.9816358E+05
  2.8550002E+04  1.9506305E+05
  2.8650002E+04  1.8838427E+05
  2.8749982E+04  1.7596430E+05
  2.8849998E+04  1.8602136E+05
  2.8949986E+04  1.8526452E+05
  2.9049994E+04  1.8356705E+05
  2.9149986E+04  1.8081127E+05
  2.9249984E+04  1.7874484E+05
  2.9349980E+04  1.7657555E+05
  2.9450000E+04  1.7425317E+05
  2.9550004E+04  1.7206188E+05
  2.9649982E+04  1.6987069E+05
  2.9749992E+04  1.6767914E+05
  2.9849994E+04  1.6556814E+05
  2.9949984E+04  1.6336409E+05
  3.0049996E+04  1.6123548E+05
  3.0149994E+04  1.5879595E+05
  3.0249994E+04  1.5586219E+05
  3.0349996E+04  1.4489820E+05
  3.0449996E+04  1.4661753E+05
  3.0549996E+04  1.5039009E+05
  3.0649996E+04  1.4928203E+05
  3.0749994E+04  1.4774294E+05
  3.0849996E+04  1.4563080E+05
  3.0949994E+04  1.4398336E+05
  3.1049996E+04  1.4223288E+05
  3.1149996E+04  1.4009814E+05
  3.1249996E+04  1.3867830E+05
  3.1349996E+04  1.3707434E+05
  3.1449996E+04  1.3536609E+05
  3.1549998E+04  1.3380539E+05
  3.1649996E+04  1.3234442E+05
  3.1749998E+04  1.3057026E+05
  3.1849996E+04  1.2919088E+05
  3.1949994E+04  1.2764535E+05
  3.2099996E+04  1.2533275E+05
  3.2299992E+04  1.2243857E+05
  3.2499994E+04  1.1953810E+05
  3.2699996E+04  1.1643851E+05
  3.2899996E+04  1.0787123E+05
  3.3099996E+04  1.0990700E+05
  3.3299992E+04  1.0912077E+05
  3.3499996E+04  1.0683812E+05
  3.3699996E+04  1.0404121E+05
  3.3899996E+04  1.0165017E+05
  3.4099996E+04  9.9327344E+04
  3.4299996E+04  9.7198922E+04
  3.4499992E+04  9.5116227E+04
  3.4699996E+04  9.2924727E+04
  3.4899996E+04  9.0876055E+04
  3.5099996E+04  8.8867930E+04
  3.5299996E+04  8.6887242E+04
  3.5499996E+04  8.5014180E+04
  3.5699992E+04  8.3074078E+04
  3.5899992E+04  8.1391039E+04
  3.6099996E+04  7.9552164E+04
  3.6299992E+04  7.8043289E+04
  3.6499992E+04  7.6132766E+04
  3.6699992E+04  7.4840922E+04
  3.6899992E+04  7.2642898E+04
  3.7099996E+04  7.1549750E+04
  3.7299996E+04  6.8466641E+04
  3.7499992E+04  6.6007664E+04
  3.7699996E+04  6.7355461E+04
  3.7899996E+04  6.6184859E+04
  3.8099992E+04  6.4272066E+04
  3.8299996E+04  6.3150547E+04
  3.8499996E+04  6.2475797E+04
  3.8699996E+04  6.1172680E+04
  3.8899992E+04  5.9691348E+04
  3.9099996E+04  5.7709672E+04
  3.9299992E+04  5.7601887E+04
  3.9499992E+04  5.6626477E+04
  3.9699992E+04  5.5574527E+04
  3.9900000E+04  5.4356172E+04
  4.0099996E+04  5.2585328E+04
  4.0299992E+04  5.1368805E+04
  4.0499996E+04  4.9052812E+04
  4.0699992E+04  5.0184387E+04
  4.0899992E+04  4.9440301E+04
  4.1099996E+04  4.8612375E+04
  4.1299996E+04  4.7698746E+04
  4.1499992E+04  4.6568570E+04
  4.1699992E+04  4.4487223E+04
  4.1899996E+04  4.4825309E+04
  4.2099996E+04  4.4177254E+04
  4.2299992E+04  4.3501520E+04
  4.2499996E+04  4.2694676E+04
  4.2699992E+04  4.1942348E+04
  4.2899992E+04  4.1191914E+04
  4.3099996E+04  4.0449512E+04
  4.3299996E+04  3.9713008E+04
  4.3499992E+04  3.8916652E+04
  4.3699996E+04  3.7059980E+04
  4.3899996E+04  3.7192230E+04
  4.4099992E+04  3.6938953E+04
  4.4299992E+04  3.6348934E+04
  4.4499996E+04  3.5718539E+04
  4.4699996E+04  3.5195996E+04
  4.4899996E+04  3.4586020E+04
  4.5099992E+04  3.4005832E+04
  4.5299992E+04  3.3421664E+04
  4.5499996E+04  3.2857352E+04
  4.5699992E+04  3.2288988E+04
  4.5899996E+04  3.1741777E+04
  4.6099996E+04  3.1215232E+04
  4.6299992E+04  3.0561271E+04
  4.6499988E+04  2.8673365E+04
  4.6699992E+04  2.8321191E+04
  4.6899992E+04  2.8946797E+04
  4.7099992E+04  2.8696393E+04
  4.7299992E+04  2.8257217E+04
  4.7499996E+04  2.7782656E+04
  4.7699992E+04  2.7336578E+04
  4.7899992E+04  2.6905170E+04
  4.8099996E+04  2.6471830E+04
  4.8299992E+04  2.6046355E+04
  4.8499992E+04  2.5630186E+04
  4.8700000E+04  2.5224715E+04
  4.8899992E+04  2.4825023E+04
  4.9099988E+04  2.4423174E+04
  4.9299988E+04  2.4048711E+04
  4.9499996E+04  2.3668723E+04
  4.9699992E+04  2.3303223E+04
  4.9899988E+04  2.2938271E+04
  5.0099996E+04  2.2585885E+04
  5.0299996E+04  2.2235393E+04
  5.0499996E+04  2.1897123E+04
  5.0699996E+04  2.1564955E+04
  5.0899992E+04  2.1225693E+04
  5.1099992E+04  2.0761217E+04
  5.1299996E+04  1.9663432E+04
  5.1499988E+04  2.0185713E+04
  5.1699996E+04  1.9980500E+04
  5.1899992E+04  1.9685547E+04
  5.2099992E+04  1.9387584E+04
  5.2299996E+04  1.9101854E+04
  5.2499996E+04  1.8822645E+04
  5.2699996E+04  1.8544402E+04
  5.2899992E+04  1.8273859E+04
  5.3099988E+04  1.8005525E+04
  5.3299988E+04  1.7743346E+04
  5.3499992E+04  1.7485893E+04
  5.3699992E+04  1.7226549E+04
  5.3899992E+04  1.6983535E+04
  5.4099992E+04  1.6742350E+04
  5.4299984E+04  1.6496590E+04
  5.4499988E+04  1.6264117E+04
  5.4699996E+04  1.6023266E+04
  5.4899992E+04  1.5806739E+04
  5.5099992E+04  1.5585482E+04
  5.5299988E+04  1.5364543E+04
  5.5499988E+04  1.5151272E+04
  5.5699992E+04  1.4934587E+04
  5.5899992E+04  1.4716995E+04
  5.6099988E+04  1.4526063E+04
  5.6299996E+04  1.4325576E+04
  5.6499988E+04  1.4131107E+04
  5.6699988E+04  1.3935502E+04
  5.6899992E+04  1.3745782E+04
  5.7099996E+04  1.3559528E+04
  5.7299988E+04  1.3374395E+04
  5.7499988E+04  1.3194919E+04
  5.7699988E+04  1.3015342E+04
  5.7899996E+04  1.2837925E+04
  5.8099988E+04  1.2668223E+04
  5.8299996E+04  1.2500539E+04
  5.8499992E+04  1.2348062E+04
  5.8699988E+04  1.2174409E+04
  5.8899988E+04  1.1920292E+04
  5.9099992E+04  1.1319866E+04
  5.9299988E+04  1.1648604E+04
  5.9499996E+04  1.1534240E+04
  5.9699988E+04  1.1404241E+04
  5.9899992E+04  1.1254713E+04
  6.0099992E+04  1.1105879E+04
  6.0299992E+04  1.0967055E+04
  6.0499988E+04  1.0825708E+04
  6.0699992E+04  1.0684955E+04
  6.0899992E+04  1.0545817E+04
  6.1099988E+04  1.0405243E+04
  6.1299992E+04  1.0282313E+04
  6.1499988E+04  1.0151799E+04
  6.1699988E+04  1.0023748E+04
  6.1899996E+04  9.8961484E+03
  6.2099996E+04  9.7738926E+03
  6.2299988E+04  9.6436875E+03
  6.2499992E+04  9.5285391E+03
  6.2699988E+04  9.4083389E+03
  6.2899996E+04  9.2951816E+03
  6.3099984E+04  9.1753262E+03
  6.3299996E+04  9.0653477E+03
  6.3499984E+04  8.9541465E+03
  6.3699984E+04  8.8455498E+03
  6.3900000E+04  8.7368418E+03
  6.4199992E+04  8.5792422E+03
  6.4599984E+04  8.3714980E+03
  6.4999992E+04  8.1703374E+03
  6.5399992E+04  7.9783047E+03
  6.5799992E+04  7.7894526E+03
  6.6199984E+04  7.6056016E+03
  6.6599984E+04  7.4286479E+03
  6.6999992E+04  7.2560352E+03
  6.7399992E+04  7.0877329E+03
  6.7799992E+04  6.9260820E+03
  6.8199992E+04  6.7678862E+03
  6.8599992E+04  6.6136997E+03
  6.8999984E+04  6.4627031E+03
  6.9399984E+04  6.3177090E+03
  6.9800000E+04  6.1772261E+03
  7.0199992E+04  6.0396831E+03
  7.0599984E+04  5.9064385E+03
  7.0999977E+04  5.7788682E+03
  7.1399977E+04  5.6517080E+03
  7.1799984E+04  5.5288408E+03
  7.2199984E+04  5.4063193E+03
  7.2600000E+04  5.2926567E+03
  7.2999984E+04  5.1810171E+03
  7.3400000E+04  5.0700181E+03
  7.3799984E+04  4.9635391E+03
  7.4199992E+04  4.8525518E+03
  7.4599992E+04  4.6366284E+03
  7.5000000E+04  4.5323159E+03
  7.5399992E+04  4.5547969E+03
  7.5799992E+04  4.4679038E+03
  7.6199984E+04  4.3770664E+03
  7.6599992E+04  4.2879395E+03
  7.6999992E+04  4.2008057E+03
  7.7399992E+04  4.1164971E+03
  7.7799984E+04  4.0340085E+03
  7.8199984E+04  3.9534788E+03
  7.8599984E+04  3.8749253E+03
  7.8999984E+04  3.7982986E+03
  7.9399984E+04  3.7234934E+03
  7.9800000E+04  3.6505244E+03
  8.0199992E+04  3.5791177E+03
  8.0599984E+04  3.5096990E+03
  8.0999992E+04  3.4423335E+03
  8.1399977E+04  3.3754956E+03
  8.1799984E+04  3.3111470E+03
  8.2199984E+04  3.2486128E+03
  8.2599992E+04  3.1869658E+03
  8.2999984E+04  3.1268469E+03
  8.3400000E+04  3.0670259E+03
  8.3799992E+04  3.0094377E+03
  8.4199992E+04  2.9542371E+03
  8.4599977E+04  2.9002600E+03
  8.4999977E+04  2.8470083E+03
  8.5399984E+04  2.7946240E+03
  8.5799984E+04  2.7435518E+03
  8.6199992E+04  2.6936089E+03
  8.6599992E+04  2.6452734E+03
  8.6999984E+04  2.5976619E+03
  8.7399992E+04  2.5509561E+03
  8.7799992E+04  2.5055789E+03
  8.8199984E+04  2.4605789E+03
  8.8599977E+04  2.4172478E+03
  8.8999992E+04  2.3746409E+03
  8.9399977E+04  2.3332178E+03
  8.9799977E+04  2.2920627E+03
  9.0199984E+04  2.2525161E+03
  9.0599984E+04  2.2138069E+03
  9.0999992E+04  2.1751890E+03
  9.1400000E+04  2.1380625E+03
  9.1799969E+04  2.1017695E+03
  9.2199969E+04  2.0660225E+03
  9.2599984E+04  2.0310332E+03
  9.3000000E+04  1.9967852E+03
  9.3399984E+04  1.9631792E+03
  9.3799984E+04  1.9303290E+03
  9.4199977E+04  1.8982197E+03
  9.4599984E+04  1.8666669E+03
  9.4999969E+04  1.8357867E+03
  9.5399984E+04  1.8052737E+03
  9.5799984E+04  1.7760679E+03
  9.6199992E+04  1.7469178E+03
  9.6599984E+04  1.7187139E+03
  9.7000000E+04  1.6908740E+03
  9.7399977E+04  1.6632750E+03
  9.7799984E+04  1.6367389E+03
  9.8199977E+04  1.6105011E+03
  9.8599977E+04  1.5849443E+03
  9.8999992E+04  1.5599000E+03
  9.9399984E+04  1.5351315E+03
  9.9799977E+04  1.5108605E+03
  1.0019999E+05  1.4871892E+03
  1.9999991E+05  9.5445396E+01
  3.9999994E+05  5.9483809E+00
  5.9999981E+05  1.1656754E+00
  7.9999994E+05  3.6607271E-01
