  5.0599994E+02  3.7691552E-15
  5.1199994E+02  7.6739482E-15
  5.2000000E+02  1.6859637E-14
  5.2999994E+02  4.3471164E-14
  5.3999994E+02  1.0682631E-13
  5.4999988E+02  2.5561812E-13
  5.5999988E+02  5.9045959E-13
  5.6999988E+02  1.3223345E-12
  5.7999994E+02  2.8603266E-12
  5.8999988E+02  6.0982942E-12
  5.9999988E+02  1.2599631E-11
  6.0999988E+02  2.5451004E-11
  6.1999994E+02  5.0256233E-11
  6.2999988E+02  9.7225443E-11
  6.3999994E+02  1.8453115E-10
  6.4999994E+02  3.4425826E-10
  6.5799994E+02  5.5997806E-10
  6.6499988E+02  8.4916912E-10
  6.7499994E+02  1.5222291E-09
  6.8499988E+02  2.6917482E-09
  6.9499994E+02  4.6945687E-09
  7.0499988E+02  8.0641094E-09
  7.1599988E+02  1.4506977E-08
  7.2599994E+02  2.4396201E-08
  7.3499982E+02  3.8606043E-08
  7.4499994E+02  6.3653481E-08
  7.5499982E+02  1.0398041E-07
  7.6499994E+02  1.6830596E-07
  7.7499994E+02  2.6991179E-07
  7.8499982E+02  4.2916619E-07
  7.9499982E+02  6.7338402E-07
  8.0500000E+02  1.0546954E-06
  8.1499976E+02  1.6361358E-06
  8.2500000E+02  2.5141549E-06
  8.3499994E+02  3.8314952E-06
  8.4499994E+02  5.7921998E-06
  8.5499988E+02  8.6867249E-06
  8.6499994E+02  1.2924403E-05
  8.7499982E+02  1.9067804E-05
  8.8499982E+02  2.7952496E-05
  8.9499988E+02  4.0644514E-05
  9.0499994E+02  5.8614933E-05
  9.1499982E+02  2.4976499E-02
  9.2499988E+02  6.0845286E-02
  9.3499982E+02  7.8998789E-02
  9.4500000E+02  1.0354595E-01
  9.5500000E+02  1.4887154E-01
  9.6499988E+02  1.9645262E-01
  9.7499982E+02  2.4497713E-01
  9.8499976E+02  3.2137209E-01
  9.9499988E+02  3.9316243E-01
  1.0049999E+03  5.4673433E-01
  1.0149997E+03  6.9812071E-01
  1.0249998E+03  7.2368628E-01
  1.0349998E+03  1.0901164E+00
  1.0449998E+03  1.3933634E+00
  1.0549999E+03  1.7356071E+00
  1.0649999E+03  2.0766697E+00
  1.0750000E+03  2.6155906E+00
  1.0849996E+03  3.2168214E+00
  1.0949999E+03  3.7958448E+00
  1.1049999E+03  2.3789852E+01
  1.1149999E+03  4.5611908E+01
  1.1249999E+03  6.2810432E+01
  1.1349996E+03  7.7599930E+01
  1.1449999E+03  9.6603897E+01
  1.1549999E+03  1.0265926E+02
  1.1650000E+03  1.3473537E+02
  1.1749995E+03  1.5215591E+02
  1.1849996E+03  1.4480980E+02
  1.1949998E+03  7.7405708E+01
  1.2049996E+03  7.4995087E+01
  1.2149998E+03  1.4211343E+01
  1.2249996E+03  9.2457024E+01
  1.2349996E+03  2.3212236E+02
  1.2449998E+03  6.0930139E+02
  1.2549996E+03  1.1084153E+03
  1.2650000E+03  1.1622227E+03
  1.2749998E+03  2.1481062E+03
  1.2849995E+03  3.3680066E+03
  1.2949998E+03  4.3893135E+03
  1.3049995E+03  3.0905830E+03
  1.3149998E+03  6.1116943E+03
  1.3249998E+03  7.6746807E+03
  1.3349996E+03  8.2691172E+03
  1.3449995E+03  1.1661702E+04
  1.3549996E+03  1.2121165E+04
  1.3649999E+03  1.3317716E+04
  1.3749999E+03  1.4888592E+04
  1.3849996E+03  1.6440766E+04
  1.3949999E+03  1.9552697E+04
  1.4050001E+03  2.2271621E+04
  1.4149998E+03  2.2426463E+04
  1.4249998E+03  2.6504205E+04
  1.4350000E+03  2.6719693E+04
  1.4419998E+03  3.2269455E+04
  1.4469999E+03  4.1181727E+04
  1.4549994E+03  4.7141828E+04
  1.4650000E+03  4.5382262E+04
  1.4749995E+03  5.0303250E+04
  1.4849996E+03  5.9425516E+04
  1.4949998E+03  7.1388031E+04
  1.5049996E+03  8.2035445E+04
  1.5119995E+03  7.9296859E+04
  1.5169994E+03  8.1039062E+04
  1.5250001E+03  3.6009234E+05
  1.5349994E+03  4.6749800E+05
  1.5449994E+03  1.0332991E+06
  1.5549998E+03  8.1849019E+05
  1.5649999E+03  6.4594019E+05
  1.5750001E+03  1.2760588E+06
  1.5850000E+03  1.6003721E+06
  1.5949996E+03  2.2772585E+06
  1.6049999E+03  1.7757178E+06
  1.6150000E+03  1.4722808E+06
  1.6249996E+03  1.0835935E+06
  1.6350000E+03  1.2679599E+06
  1.6449996E+03  1.9098219E+06
  1.6549999E+03  1.0084498E+06
  1.6649993E+03  1.7268260E+06
  1.6720000E+03  4.1948106E+05
  1.6770001E+03  4.0654800E+06
  1.6849998E+03  4.8212445E+06
  1.6950000E+03  4.1772025E+06
  1.7049995E+03  3.4565332E+06
  1.7150000E+03  4.6603215E+06
  1.7249993E+03  5.0793240E+06
  1.7349994E+03  6.3578060E+06
  1.7449993E+03  5.5998560E+06
  1.7550001E+03  7.5270140E+06
  1.7649998E+03  5.4668915E+06
  1.7749995E+03  7.1904700E+06
  1.7849995E+03  6.1210690E+06
  1.7949999E+03  9.1914200E+06
  1.8050001E+03  9.0269520E+06
  1.8150001E+03  1.0061536E+07
  1.8249994E+03  8.5732010E+06
  1.8349993E+03  7.4232880E+06
  1.8449993E+03  6.7730710E+06
  1.8549998E+03  8.0038515E+06
  1.8650002E+03  9.1029600E+06
  1.8750001E+03  8.3850240E+06
  1.8850000E+03  8.7663070E+06
  1.8950002E+03  9.8644370E+06
  1.9049996E+03  8.8343270E+06
  1.9149999E+03  9.3446050E+06
  1.9249993E+03  9.2109720E+06
  1.9350001E+03  6.4163505E+06
  1.9449993E+03  1.0346902E+07
  1.9550002E+03  1.0489705E+07
  1.9670002E+03  1.1723339E+07
  1.9759990E+03  1.1492338E+07
  1.9839996E+03  1.1212250E+07
  1.9950001E+03  1.0850409E+07
  2.0050002E+03  9.9130740E+06
  2.0149996E+03  9.0587240E+06
  2.0249994E+03  8.7096640E+06
  2.0349995E+03  1.0141496E+07
  2.0449998E+03  1.1397414E+07
  2.0550000E+03  1.0199297E+07
  2.0649993E+03  9.5565400E+06
  2.0739993E+03  1.2334219E+07
  2.0780002E+03  1.3011778E+07
  2.0849993E+03  1.2337874E+07
  2.0950005E+03  1.1583460E+07
  2.1050002E+03  1.0376889E+07
  2.1149990E+03  1.0600724E+07
  2.1250000E+03  1.0931671E+07
  2.1350002E+03  8.2624240E+06
  2.1449998E+03  1.0199004E+07
  2.1550005E+03  1.0525587E+07
  2.1649995E+03  9.1184820E+06
  2.1750002E+03  9.2450630E+06
  2.1849998E+03  9.8100650E+06
  2.1950000E+03  1.1122871E+07
  2.2050000E+03  1.0196998E+07
  2.2149998E+03  8.4058460E+06
  2.2249998E+03  7.9956260E+06
  2.2350005E+03  1.0591788E+07
  2.2449990E+03  9.4362270E+06
  2.2549993E+03  7.8383845E+06
  2.2650000E+03  7.9242645E+06
  2.2750000E+03  9.1147460E+06
  2.2850000E+03  1.0016438E+07
  2.2950002E+03  8.8900540E+06
  2.3050000E+03  9.4207620E+06
  2.3149995E+03  8.4242980E+06
  2.3250000E+03  3.7314902E+06
  2.3349995E+03  5.3012015E+06
  2.3449993E+03  4.2057735E+06
  2.3550000E+03  7.3389920E+06
  2.3649988E+03  4.1921948E+06
  2.3750000E+03  5.8259575E+06
  2.3849990E+03  3.2297908E+06
  2.3950000E+03  4.4067590E+06
  2.4050005E+03  4.1878782E+06
  2.4149993E+03  5.3135295E+06
  2.4249990E+03  8.4326760E+06
  2.4349990E+03  8.0858940E+06
  2.4450000E+03  8.9008950E+06
  2.4549990E+03  8.8791680E+06
  2.4649990E+03  8.5102860E+06
  2.4749993E+03  7.8844520E+06
  2.4850005E+03  8.0810065E+06
  2.4950000E+03  7.7173980E+06
  2.5050005E+03  1.0275910E+07
  2.5129988E+03  7.2833170E+06
  2.5179990E+03  7.3999950E+06
  2.5249998E+03  6.2599510E+06
  2.5350007E+03  6.4809140E+06
  2.5449988E+03  6.7075375E+06
  2.5550000E+03  8.1757905E+06
  2.5649990E+03  7.0642950E+06
  2.5749990E+03  8.2311025E+06
  2.5849993E+03  7.5874065E+06
  2.5949990E+03  6.7553275E+06
  2.6049995E+03  5.9474315E+06
  2.6149998E+03  5.4520930E+06
  2.6249990E+03  7.2770180E+06
  2.6350007E+03  8.8339160E+06
  2.6449995E+03  1.2619653E+07
  2.6549998E+03  1.3002030E+07
  2.6649995E+03  1.0359037E+07
  2.6749988E+03  1.1624802E+07
  2.6849988E+03  1.1294855E+07
  2.6949988E+03  1.0556589E+07
  2.7050000E+03  1.1327179E+07
  2.7150000E+03  9.7116570E+06
  2.7249995E+03  9.8622210E+06
  2.7350007E+03  1.0745124E+07
  2.7450002E+03  6.2186980E+06
  2.7549998E+03  7.4998920E+06
  2.7649983E+03  8.7220230E+06
  2.7750005E+03  1.0522714E+07
  2.7850000E+03  8.4796460E+06
  2.7949993E+03  3.2912450E+06
  2.8049995E+03  4.2801305E+06
  2.8150002E+03  1.0327058E+07
  2.8250007E+03  1.2682817E+07
  2.8350000E+03  1.1986028E+07
  2.8450002E+03  1.1452292E+07
  2.8550005E+03  1.0556437E+07
  2.8650000E+03  1.2619843E+07
  2.8749983E+03  1.2141614E+07
  2.8850000E+03  1.2400214E+07
  2.8949988E+03  1.1706073E+07
  2.9099988E+03  1.4109983E+07
  2.9299983E+03  1.3329542E+07
  2.9499990E+03  1.3193132E+07
  2.9700005E+03  1.3868933E+07
  2.9899980E+03  1.4338892E+07
  3.0099995E+03  1.4875806E+07
  3.0299995E+03  1.4604568E+07
  3.0499995E+03  1.4627087E+07
  3.0699995E+03  1.4817659E+07
  3.0899995E+03  1.5398232E+07
  3.1099995E+03  1.4740816E+07
  3.1299998E+03  1.4683011E+07
  3.1499995E+03  1.5387114E+07
  3.1699995E+03  1.5334155E+07
  3.1899995E+03  1.4213244E+07
  3.2099998E+03  1.5004828E+07
  3.2299993E+03  1.4321270E+07
  3.2499993E+03  1.5086091E+07
  3.2699995E+03  1.5439403E+07
  3.2899995E+03  1.5592306E+07
  3.3099998E+03  1.6075655E+07
  3.3299993E+03  1.5652795E+07
  3.3499995E+03  1.5539634E+07
  3.3699995E+03  1.5321235E+07
  3.3899993E+03  1.5473726E+07
  3.4099993E+03  1.5810151E+07
  3.4299995E+03  1.6060205E+07
  3.4499993E+03  1.5946709E+07
  3.4699998E+03  1.5701148E+07
  3.4899993E+03  1.5571819E+07
  3.5099995E+03  1.6188077E+07
  3.5299995E+03  1.6231006E+07
  3.5499995E+03  1.6741568E+07
  3.5699995E+03  1.5933467E+07
  3.5899995E+03  1.5902879E+07
  3.6099995E+03  1.6035606E+07
  3.6299993E+03  1.6273668E+07
  3.6399993E+03  1.6157932E+07
  3.6499995E+03  1.6669575E+07
  3.6699993E+03  1.5667729E+07
  3.6899995E+03  1.8889088E+07
  3.7099995E+03  2.6796742E+07
  3.7299998E+03  2.8634950E+07
  3.7499993E+03  3.8092576E+07
  3.7699993E+03  4.0668808E+07
  3.7899995E+03  5.1172300E+07
  3.8099993E+03  5.8894644E+07
  3.8299998E+03  4.5881668E+07
  3.8499995E+03  6.2854512E+07
  3.8699995E+03  6.8550440E+07
  3.8899995E+03  4.1902940E+07
  3.9099995E+03  6.5065388E+07
  3.9299993E+03  4.4398456E+07
  3.9499993E+03  6.1552200E+07
  3.9699998E+03  3.4140676E+07
  3.9899995E+03  6.4721020E+07
  4.0099995E+03  6.7659248E+07
  4.0299993E+03  6.6653024E+07
  4.0499993E+03  6.5844756E+07
  4.0699993E+03  6.4198536E+07
  4.0899995E+03  5.7131200E+07
  4.1099995E+03  4.3998024E+07
  4.1299995E+03  6.1796780E+07
  4.1499990E+03  6.3650352E+07
  4.1699990E+03  6.2016504E+07
  4.1899995E+03  6.1483796E+07
  4.2099995E+03  6.1043428E+07
  4.2299995E+03  5.9543232E+07
  4.2499995E+03  5.9563980E+07
  4.2699990E+03  5.7401860E+07
  4.2899995E+03  5.8394952E+07
  4.3100000E+03  5.4609364E+07
  4.3299995E+03  4.6888440E+07
  4.3499995E+03  4.0105224E+07
  4.3699995E+03  5.5692560E+07
  4.3899995E+03  5.4961460E+07
  4.4099995E+03  5.3613680E+07
  4.4299995E+03  5.3349520E+07
  4.4499995E+03  5.3666276E+07
  4.4699995E+03  5.3183344E+07
  4.4899995E+03  5.2622776E+07
  4.5099990E+03  5.3812936E+07
  4.5299995E+03  5.1424016E+07
  4.5499990E+03  5.0157692E+07
  4.5699995E+03  5.2088084E+07
  4.5899990E+03  4.9678900E+07
  4.6099990E+03  5.1076428E+07
  4.6299990E+03  4.9221408E+07
  4.6499990E+03  4.9678776E+07
  4.6699990E+03  4.9267992E+07
  4.6899990E+03  4.8045420E+07
  4.7099995E+03  4.6087780E+07
  4.7299990E+03  4.7635332E+07
  4.7499995E+03  4.7607376E+07
  4.7699995E+03  4.6647684E+07
  4.7899990E+03  4.6272104E+07
  4.8099995E+03  4.5454956E+07
  4.8299995E+03  4.4447876E+07
  4.8499990E+03  3.7119968E+07
  4.8700000E+03  2.9624742E+07
  4.8899990E+03  4.2180640E+07
  4.9099990E+03  4.2772192E+07
  4.9299990E+03  4.1795004E+07
  4.9499995E+03  4.2312804E+07
  4.9699995E+03  4.2436592E+07
  4.9899990E+03  4.0673404E+07
  5.0099995E+03  3.9079524E+07
  5.0299995E+03  4.0048424E+07
  5.0499995E+03  3.9347756E+07
  5.0699995E+03  3.9813240E+07
  5.0899995E+03  3.9247964E+07
  5.1099990E+03  3.8975976E+07
  5.1299995E+03  3.7986956E+07
  5.1499985E+03  3.7145632E+07
  5.1700000E+03  3.6437344E+07
  5.1899990E+03  3.6140288E+07
  5.2099990E+03  3.6035452E+07
  5.2299995E+03  3.5603356E+07
  5.2499995E+03  3.6055664E+07
  5.2699995E+03  3.4104552E+07
  5.2899990E+03  3.5299760E+07
  5.3099995E+03  3.4487868E+07
  5.3299990E+03  3.3736228E+07
  5.3499995E+03  3.4446612E+07
  5.3699995E+03  3.3886108E+07
  5.3899995E+03  3.3469118E+07
  5.4099990E+03  3.2756158E+07
  5.4299990E+03  3.2692906E+07
  5.4499990E+03  3.2948060E+07
  5.4699995E+03  3.2460776E+07
  5.4899995E+03  3.2424686E+07
  5.5099995E+03  3.1935348E+07
  5.5299985E+03  3.1569264E+07
  5.5499990E+03  3.1553730E+07
  5.5699990E+03  3.0997256E+07
  5.5899995E+03  3.0816832E+07
  5.6099990E+03  3.0658548E+07
  5.6299995E+03  3.0468444E+07
  5.6499990E+03  3.0057222E+07
  5.6699990E+03  2.9598292E+07
  5.6899995E+03  2.9619816E+07
  5.7099995E+03  2.9323710E+07
  5.7299990E+03  2.9313286E+07
  5.7499990E+03  2.8872716E+07
  5.7699990E+03  2.8680824E+07
  5.7899995E+03  2.8332438E+07
  5.8099985E+03  2.8115400E+07
  5.8300000E+03  2.7891778E+07
  5.8499990E+03  2.7615538E+07
  5.8699985E+03  2.7368640E+07
  5.8899985E+03  2.6766090E+07
  5.9099995E+03  2.6855960E+07
  5.9299985E+03  2.6617270E+07
  5.9499995E+03  2.6340720E+07
  5.9699990E+03  2.6159248E+07
  5.9899990E+03  2.5781160E+07
  6.0099990E+03  2.5466964E+07
  6.0299995E+03  2.5389480E+07
  6.0499990E+03  2.5173524E+07
  6.0699990E+03  2.5041652E+07
  6.0899995E+03  2.4723040E+07
  6.1099985E+03  2.4425228E+07
  6.1299995E+03  2.4039516E+07
  6.1499985E+03  2.3486996E+07
  6.1699985E+03  2.3662536E+07
  6.1900000E+03  2.3654396E+07
  6.2099995E+03  2.3492516E+07
  6.2299985E+03  2.3126448E+07
  6.2499990E+03  2.2407726E+07
  6.2699985E+03  2.2895562E+07
  6.2900000E+03  2.2714950E+07
  6.3099985E+03  2.2256118E+07
  6.3299995E+03  2.2205954E+07
  6.3499985E+03  2.1852348E+07
  6.3699985E+03  2.1711630E+07
  6.3899995E+03  2.1617444E+07
  6.4099990E+03  2.1250784E+07
  6.4299985E+03  2.1213562E+07
  6.4499985E+03  2.0799676E+07
  6.4699990E+03  2.0934968E+07
  6.4899990E+03  2.0436740E+07
  6.5099985E+03  2.0384260E+07
  6.5299990E+03  2.0124404E+07
  6.5499985E+03  1.8117264E+07
  6.5699985E+03  1.4315283E+07
  6.5899995E+03  1.9226112E+07
  6.6099985E+03  1.9588496E+07
  6.6299990E+03  1.9552764E+07
  6.6499985E+03  1.9409776E+07
  6.6699995E+03  1.9241046E+07
  6.6899990E+03  1.9138802E+07
  6.7099995E+03  1.8972164E+07
  6.7299990E+03  1.8788870E+07
  6.7499995E+03  1.8616506E+07
  6.7699985E+03  1.8551888E+07
  6.7899995E+03  1.8375750E+07
  6.8099995E+03  1.8235480E+07
  6.8300000E+03  1.8027078E+07
  6.8499985E+03  1.7895478E+07
  6.8699985E+03  1.7795424E+07
  6.8899985E+03  1.7660522E+07
  6.9099990E+03  1.7507148E+07
  6.9299995E+03  1.7355252E+07
  6.9499990E+03  1.7222754E+07
  6.9699985E+03  1.7062796E+07
  6.9899985E+03  1.6960668E+07
  7.0099985E+03  1.6688464E+07
  7.0299985E+03  1.6631757E+07
  7.0499990E+03  1.6532218E+07
  7.0699980E+03  1.6420733E+07
  7.0899990E+03  1.6292991E+07
  7.1099990E+03  1.5820641E+07
  7.1299995E+03  1.5917275E+07
  7.1499990E+03  1.5850461E+07
  7.1699995E+03  1.5721852E+07
  7.1899985E+03  1.5558724E+07
  7.2099985E+03  1.5463104E+07
  7.2299980E+03  1.5306325E+07
  7.2499990E+03  1.5211954E+07
  7.2699995E+03  1.5152607E+07
  7.2899990E+03  1.4945525E+07
  7.3099980E+03  1.4821557E+07
  7.3299980E+03  1.4766730E+07
  7.3499980E+03  1.4674621E+07
  7.3699985E+03  1.4602017E+07
  7.3899995E+03  1.4420988E+07
  7.4099985E+03  1.4200539E+07
  7.4299995E+03  1.4099622E+07
  7.4500000E+03  1.4034200E+07
  7.4700000E+03  1.3853828E+07
  7.4899990E+03  1.3812180E+07
  7.5099985E+03  1.3735374E+07
  7.5299995E+03  1.3687087E+07
  7.5499980E+03  1.3643092E+07
  7.5699985E+03  1.3506010E+07
  7.5899990E+03  1.3418576E+07
  7.6099980E+03  1.3324721E+07
  7.6299995E+03  1.3224539E+07
  7.6499995E+03  1.3085958E+07
  7.6699980E+03  1.2937758E+07
  7.6899990E+03  1.2900487E+07
  7.7099995E+03  1.2742383E+07
  7.7299985E+03  1.2735170E+07
  7.7499990E+03  1.2621852E+07
  7.7700000E+03  1.2259926E+07
  7.7900000E+03  1.2475179E+07
  7.8099995E+03  1.2369370E+07
  7.8299980E+03  1.2225768E+07
  7.8499980E+03  1.2081018E+07
  7.8699995E+03  1.2028204E+07
  7.8900000E+03  1.1909203E+07
  7.9099995E+03  1.1834607E+07
  7.9300000E+03  1.1766597E+07
  7.9499985E+03  1.1634753E+07
  7.9699990E+03  1.1675477E+07
  7.9900000E+03  1.1438290E+07
  8.0099980E+03  1.1470498E+07
  8.0299985E+03  1.1374283E+07
  8.0500000E+03  1.1313762E+07
  8.0699985E+03  1.1223628E+07
  8.0899990E+03  1.1145177E+07
  8.1099995E+03  1.1095429E+07
  8.1299976E+03  1.1028941E+07
  8.1499976E+03  1.0948788E+07
  8.1699980E+03  1.0870977E+07
  8.1899985E+03  1.0624178E+07
  8.2099990E+03  1.0609926E+07
  8.2300000E+03  1.0536725E+07
  8.2500000E+03  1.0480719E+07
  8.2700000E+03  1.0491230E+07
  8.2899980E+03  1.0285540E+07
  8.3099990E+03  1.0064241E+07
  8.3299980E+03  9.7645960E+06
  8.3500000E+03  9.7935180E+06
  8.3699990E+03  9.5123150E+06
  8.3899990E+03  9.5612110E+06
  8.4099971E+03  9.5605370E+06
  8.4300000E+03  9.9128130E+06
  8.4499990E+03  9.8094910E+06
  8.4699980E+03  9.1992320E+06
  8.4899980E+03  1.0556146E+07
  8.5099990E+03  8.9948680E+06
  8.5299990E+03  1.0844147E+07
  8.5499990E+03  8.4919230E+06
  8.5699990E+03  1.1059642E+07
  8.5900000E+03  9.8487150E+06
  8.6099980E+03  9.4305140E+06
  8.6299990E+03  1.1053591E+07
  8.6499990E+03  1.0548880E+07
  8.6699990E+03  8.1582425E+06
  8.6899990E+03  1.0459474E+07
  8.7099971E+03  1.0896667E+07
  8.7299990E+03  1.0533889E+07
  8.7499980E+03  8.2493800E+06
  8.7699980E+03  1.0135803E+07
  8.7899980E+03  1.0688493E+07
  8.8099990E+03  1.0604585E+07
  8.8299980E+03  1.0292784E+07
  8.8499980E+03  9.5426080E+06
  8.8699980E+03  8.0176270E+06
  8.8899990E+03  1.0083765E+07
  8.9099971E+03  1.0228370E+07
  8.9299980E+03  1.0167013E+07
  8.9499980E+03  1.0199697E+07
  8.9699990E+03  1.0073260E+07
  8.9899990E+03  9.8010150E+06
  9.0099980E+03  7.9100875E+06
  9.0299990E+03  8.7898790E+06
  9.0499990E+03  9.7161050E+06
  9.0699980E+03  9.4951620E+06
  9.0899990E+03  9.3604120E+06
  9.1099980E+03  9.5581300E+06
  9.1299980E+03  9.5691800E+06
  9.1499980E+03  9.5566410E+06
  9.1699980E+03  9.4348050E+06
  9.1899990E+03  9.2613000E+06
  9.2099990E+03  8.8262850E+06
  9.2299980E+03  6.9528990E+06
  9.2499980E+03  8.5070690E+06
  9.2699971E+03  8.7921920E+06
  9.2899990E+03  9.0669190E+06
  9.3099980E+03  9.0458270E+06
  9.3299990E+03  8.9724630E+06
  9.3499980E+03  8.9362750E+06
  9.3699990E+03  8.8913000E+06
  9.3900000E+03  8.7453640E+06
  9.4099980E+03  8.4682750E+06
  9.4299971E+03  8.6357480E+06
  9.4499990E+03  8.5929020E+06
  9.4700000E+03  8.5499210E+06
  9.4899980E+03  8.4946830E+06
  9.5100000E+03  8.3577650E+06
  9.5300000E+03  7.8971275E+06
  9.5500000E+03  6.3604995E+06
  9.5699990E+03  7.9003585E+06
  9.5899980E+03  8.1615600E+06
  9.6099980E+03  8.0864225E+06
  9.6299990E+03  7.9480575E+06
  9.6499990E+03  8.0389420E+06
  9.6699980E+03  7.9062115E+06
  9.6899980E+03  7.8948735E+06
  9.7100000E+03  7.9359020E+06
  9.7299990E+03  7.8682955E+06
  9.7499980E+03  7.7770010E+06
  9.7699961E+03  7.7755865E+06
  9.7899980E+03  7.7237995E+06
  9.8099980E+03  7.6621960E+06
  9.8299990E+03  7.6029760E+06
  9.8499980E+03  7.4964165E+06
  9.8700000E+03  7.4668360E+06
  9.8899980E+03  7.3877550E+06
  9.9099990E+03  7.3748440E+06
  9.9300000E+03  7.3329385E+06
  9.9499980E+03  7.2935985E+06
  9.9699980E+03  7.2708085E+06
  9.9899990E+03  7.2058625E+06
  1.0024998E+04  6.7406700E+06
  1.0074998E+04  6.3992845E+06
  1.0124997E+04  6.8227925E+06
  1.0174997E+04  6.7904725E+06
  1.0224998E+04  6.7098095E+06
  1.0274997E+04  6.6171905E+06
  1.0325000E+04  6.4846960E+06
  1.0374999E+04  6.3960950E+06
  1.0425000E+04  6.2995300E+06
  1.0474998E+04  6.1310420E+06
  1.0524997E+04  6.0586455E+06
  1.0574999E+04  5.9937375E+06
  1.0625000E+04  5.9027515E+06
  1.0674997E+04  5.7094005E+06
  1.0724998E+04  5.6916610E+06
  1.0774999E+04  5.6152720E+06
  1.0824997E+04  5.5384440E+06
  1.0874997E+04  5.4334795E+06
  1.0924999E+04  4.7667825E+06
  1.0974996E+04  5.1334915E+06
  1.1025000E+04  5.2482005E+06
  1.1074998E+04  5.1837205E+06
  1.1124999E+04  5.0943100E+06
  1.1174998E+04  5.0237875E+06
  1.1224999E+04  4.9599955E+06
  1.1274997E+04  4.7883775E+06
  1.1325000E+04  4.7279755E+06
  1.1375000E+04  4.7226055E+06
  1.1425000E+04  4.6282555E+06
  1.1474997E+04  4.6131895E+06
  1.1525000E+04  4.5516905E+06
  1.1574998E+04  4.4781490E+06
  1.1625000E+04  4.3597015E+06
  1.1674998E+04  4.2754545E+06
  1.1724997E+04  4.2979865E+06
  1.1775001E+04  4.1539615E+06
  1.1824999E+04  4.1361510E+06
  1.1875000E+04  4.0492972E+06
  1.1925000E+04  4.0694562E+06
  1.1975001E+04  3.9656615E+06
  1.2024998E+04  3.9413515E+06
  1.2074996E+04  3.8731230E+06
  1.2125000E+04  3.8263805E+06
  1.2175000E+04  3.7876468E+06
  1.2225001E+04  3.7289978E+06
  1.2275001E+04  3.6741782E+06
  1.2324996E+04  3.6265740E+06
  1.2374996E+04  3.5847815E+06
  1.2424998E+04  3.5464698E+06
  1.2475000E+04  3.4851748E+06
  1.2524997E+04  3.4422768E+06
  1.2574997E+04  3.3708830E+06
  1.2624999E+04  3.3435252E+06
  1.2674997E+04  3.3134475E+06
  1.2724999E+04  3.2700095E+06
  1.2774999E+04  3.1869832E+06
  1.2825000E+04  2.8048730E+06
  1.2875001E+04  3.1158502E+06
  1.2924997E+04  3.0987825E+06
  1.2975001E+04  3.0626360E+06
  1.3024998E+04  3.0267335E+06
  1.3074999E+04  2.9901858E+06
  1.3125000E+04  2.9484202E+06
  1.3174998E+04  2.8967845E+06
  1.3224998E+04  2.8755682E+06
  1.3274997E+04  2.8389835E+06
  1.3324997E+04  2.8047750E+06
  1.3374999E+04  2.7678380E+06
  1.3424999E+04  2.7322095E+06
  1.3474999E+04  2.6972395E+06
  1.3525001E+04  2.6561202E+06
  1.3574999E+04  2.6208498E+06
  1.3624997E+04  2.5969825E+06
  1.3674997E+04  2.5596938E+06
  1.3724995E+04  2.5044805E+06
  1.3774998E+04  2.4952652E+06
  1.3824998E+04  2.4662110E+06
  1.3874996E+04  2.4449470E+06
  1.3925000E+04  2.4035218E+06
  1.3974996E+04  2.3811470E+06
  1.4024997E+04  2.3530908E+06
  1.4075001E+04  2.3276530E+06
  1.4124996E+04  2.2945880E+06
  1.4175000E+04  2.2698032E+06
  1.4225000E+04  2.2397255E+06
  1.4274994E+04  2.2118630E+06
  1.4325001E+04  2.1881858E+06
  1.4374998E+04  2.1656982E+06
  1.4424999E+04  2.0967572E+06
  1.4475000E+04  2.1112448E+06
  1.4524997E+04  2.0635220E+06
  1.4569999E+04  2.0628622E+06
  1.4620000E+04  2.0905485E+06
  1.4674998E+04  2.1284382E+06
  1.4725000E+04  2.0596242E+06
  1.4775002E+04  1.9910010E+06
  1.4824998E+04  1.9477690E+06
  1.4874996E+04  1.8965581E+06
  1.4924997E+04  1.8742320E+06
  1.4974999E+04  1.8388890E+06
  1.5024999E+04  1.7981341E+06
  1.5075000E+04  1.7789315E+06
  1.5124999E+04  1.7663664E+06
  1.5175000E+04  1.7555632E+06
  1.5225002E+04  1.7742804E+06
  1.5274998E+04  1.6958394E+06
  1.5324995E+04  1.6953792E+06
  1.5374997E+04  1.7312245E+06
  1.5425001E+04  1.6324578E+06
  1.5474996E+04  1.7043604E+06
  1.5524994E+04  1.7001214E+06
  1.5575001E+04  1.5629610E+06
  1.5624998E+04  1.7071302E+06
  1.5674997E+04  1.6183668E+06
  1.5724994E+04  1.5268878E+06
  1.5774996E+04  1.6442391E+06
  1.5825001E+04  1.6310061E+06
  1.5874995E+04  1.4324244E+06
  1.5925002E+04  1.5704780E+06
  1.5975001E+04  1.5924015E+06
  1.6049998E+04  1.5402619E+06
  1.6150001E+04  1.4383372E+06
  1.6249997E+04  1.5018680E+06
  1.6350000E+04  1.4405689E+06
  1.6449996E+04  1.3455905E+06
  1.6549998E+04  1.4062372E+06
  1.6649994E+04  1.3768946E+06
  1.6749998E+04  1.3204072E+06
  1.6849998E+04  1.2350134E+06
  1.6950000E+04  1.2902438E+06
  1.7049996E+04  1.2583065E+06
  1.7150000E+04  1.2375265E+06
  1.7249992E+04  1.2014320E+06
  1.7349994E+04  1.0933709E+06
  1.7449992E+04  1.1433918E+06
  1.7550000E+04  1.1303245E+06
  1.7649998E+04  1.1058342E+06
  1.7749994E+04  1.0867614E+06
  1.7849994E+04  1.0635400E+06
  1.7949998E+04  1.0471041E+06
  1.8050002E+04  1.0190906E+06
  1.8150002E+04  9.3821131E+05
  1.8249994E+04  9.6977606E+05
  1.8349992E+04  9.6440425E+05
  1.8449992E+04  9.4541212E+05
  1.8549998E+04  9.2442894E+05
  1.8650002E+04  9.0579025E+05
  1.8750002E+04  8.2623269E+05
  1.8850000E+04  8.6776700E+05
  1.8950004E+04  8.5182369E+05
  1.9049996E+04  8.4243769E+05
  1.9149998E+04  8.2594706E+05
  1.9249992E+04  8.0975356E+05
  1.9350000E+04  7.9151438E+05
  1.9449992E+04  7.2536856E+05
  1.9550002E+04  7.6265738E+05
  1.9649992E+04  7.5109075E+05
  1.9749992E+04  7.3535250E+05
  1.9849992E+04  7.2368825E+05
  1.9950002E+04  7.1051569E+05
  2.0050002E+04  6.9784188E+05
  2.0149996E+04  6.8544006E+05
  2.0249994E+04  6.7235712E+05
  2.0349994E+04  6.5968850E+05
  2.0449996E+04  6.4902756E+05
  2.0550000E+04  6.3725756E+05
  2.0649992E+04  6.2483719E+05
  2.0749998E+04  6.1417388E+05
  2.0849992E+04  6.0366931E+05
  2.0950004E+04  5.9287238E+05
  2.1050002E+04  5.8239806E+05
  2.1149992E+04  5.7065531E+05
  2.1250000E+04  5.6108344E+05
  2.1350002E+04  5.5136000E+05
  2.1449996E+04  5.4345569E+05
  2.1550006E+04  5.3285012E+05
  2.1649994E+04  4.9036462E+05
  2.1750002E+04  5.1285456E+05
  2.1849998E+04  5.0699538E+05
  2.1950002E+04  4.9934447E+05
  2.2050000E+04  4.8998288E+05
  2.2149996E+04  4.8106144E+05
  2.2249998E+04  4.7469984E+05
  2.2350004E+04  4.6679591E+05
  2.2449990E+04  4.5914150E+05
  2.2549994E+04  4.5033659E+05
  2.2650000E+04  4.4396738E+05
  2.2750000E+04  4.3688475E+05
  2.2850000E+04  4.3209509E+05
  2.2950004E+04  4.3207844E+05
  2.3050000E+04  4.2323231E+05
  2.3149996E+04  4.1379856E+05
  2.3250000E+04  4.0531231E+05
  2.3349996E+04  3.9680409E+05
  2.3449994E+04  3.8930294E+05
  2.3550002E+04  3.8164247E+05
  2.3649988E+04  3.7498722E+05
  2.3750000E+04  3.6896372E+05
  2.3849990E+04  3.6282328E+05
  2.3950002E+04  3.5719853E+05
  2.4050006E+04  3.5069091E+05
  2.4149992E+04  3.4415631E+05
  2.4249990E+04  3.4471275E+05
  2.4349990E+04  3.3454222E+05
  2.4450002E+04  3.2892466E+05
  2.4549990E+04  3.2945747E+05
  2.4649992E+04  3.2103600E+05
  2.4749992E+04  3.1646053E+05
  2.4850006E+04  3.1837188E+05
  2.4950000E+04  2.9857709E+05
  2.5050006E+04  3.1180147E+05
  2.5149994E+04  3.0567016E+05
  2.5249998E+04  2.8493591E+05
  2.5350004E+04  2.9564819E+05
  2.5449988E+04  2.9332391E+05
  2.5549998E+04  2.8676731E+05
  2.5649990E+04  2.6710559E+05
  2.5749990E+04  2.7905181E+05
  2.5849994E+04  2.7594409E+05
  2.5949990E+04  2.7266909E+05
  2.6049996E+04  2.6550538E+05
  2.6149998E+04  2.4843841E+05
  2.6249988E+04  2.4242697E+05
  2.6350008E+04  2.5520203E+05
  2.6449996E+04  2.5362083E+05
  2.6549994E+04  2.4974719E+05
  2.6649994E+04  2.4473619E+05
  2.6749988E+04  2.2737861E+05
  2.6849986E+04  2.3834998E+05
  2.6949986E+04  2.3655848E+05
  2.7050002E+04  2.3305672E+05
  2.7149998E+04  2.3009098E+05
  2.7249994E+04  2.2689858E+05
  2.7350006E+04  2.2371616E+05
  2.7450004E+04  2.2025427E+05
  2.7549996E+04  2.0518238E+05
  2.7649982E+04  2.1062452E+05
  2.7750004E+04  2.1161375E+05
  2.7850000E+04  2.0892631E+05
  2.7949992E+04  2.0616095E+05
  2.8049994E+04  2.0337684E+05
  2.8150002E+04  2.0060794E+05
  2.8250006E+04  1.9792503E+05
  2.8350000E+04  1.9535006E+05
  2.8450000E+04  1.9241531E+05
  2.8550002E+04  1.9011761E+05
  2.8650002E+04  1.8565339E+05
  2.8749982E+04  1.7379022E+05
  2.8849998E+04  1.8212875E+05
  2.8949986E+04  1.8011766E+05
  2.9049994E+04  1.7804930E+05
  2.9149986E+04  1.7532247E+05
  2.9249984E+04  1.7339920E+05
  2.9349980E+04  1.7121816E+05
  2.9450000E+04  1.6900595E+05
  2.9550004E+04  1.6686734E+05
  2.9649982E+04  1.6474114E+05
  2.9749992E+04  1.6262658E+05
  2.9849994E+04  1.6057898E+05
  2.9949984E+04  1.5848380E+05
  3.0049996E+04  1.5648775E+05
  3.0149994E+04  1.5444019E+05
  3.0249994E+04  1.5235448E+05
  3.0349996E+04  1.4358534E+05
  3.0449996E+04  1.4529297E+05
  3.0549996E+04  1.4679352E+05
  3.0649996E+04  1.4512739E+05
  3.0749994E+04  1.4335631E+05
  3.0849996E+04  1.4132403E+05
  3.0949994E+04  1.3977122E+05
  3.1049996E+04  1.3801267E+05
  3.1149996E+04  1.3611852E+05
  3.1249996E+04  1.3459294E+05
  3.1349996E+04  1.3305334E+05
  3.1449996E+04  1.3137062E+05
  3.1549998E+04  1.2995252E+05
  3.1649996E+04  1.2847073E+05
  3.1749998E+04  1.2678448E+05
  3.1849996E+04  1.2542884E+05
  3.1949994E+04  1.2391052E+05
  3.2099996E+04  1.2169487E+05
  3.2299992E+04  1.1889616E+05
  3.2499994E+04  1.1612477E+05
  3.2699996E+04  1.1339093E+05
  3.2899996E+04  1.0680619E+05
  3.3099996E+04  1.0829774E+05
  3.3299992E+04  1.0631794E+05
  3.3499996E+04  1.0378665E+05
  3.3699996E+04  1.0102919E+05
  3.3899996E+04  9.8585062E+04
  3.4099996E+04  9.6265695E+04
  3.4299996E+04  9.4112031E+04
  3.4499992E+04  9.2080836E+04
  3.4699996E+04  8.9999320E+04
  3.4899996E+04  8.7996453E+04
  3.5099996E+04  8.6170883E+04
  3.5299996E+04  8.4353703E+04
  3.5499996E+04  8.2329742E+04
  3.5699992E+04  8.0390078E+04
  3.5899992E+04  7.9631328E+04
  3.6099996E+04  7.6860820E+04
  3.6299992E+04  7.6433641E+04
  3.6499992E+04  7.3531188E+04
  3.6699992E+04  7.3439594E+04
  3.6899992E+04  7.0172125E+04
  3.7099996E+04  7.0293438E+04
  3.7299996E+04  6.7849266E+04
  3.7499992E+04  6.4619949E+04
  3.7699996E+04  6.6146766E+04
  3.7899996E+04  6.4941680E+04
  3.8099992E+04  6.2455371E+04
  3.8299996E+04  6.1604461E+04
  3.8499996E+04  6.1187191E+04
  3.8699996E+04  5.9872203E+04
  3.8899992E+04  5.8585953E+04
  3.9099996E+04  5.5827004E+04
  3.9299992E+04  5.6494488E+04
  3.9499992E+04  5.5411949E+04
  3.9699992E+04  5.4376992E+04
  3.9900000E+04  5.3208473E+04
  4.0099996E+04  5.1561504E+04
  4.0299992E+04  5.0120824E+04
  4.0499996E+04  4.8733559E+04
  4.0699992E+04  4.9320164E+04
  4.0899992E+04  4.8397578E+04
  4.1099996E+04  4.7575316E+04
  4.1299996E+04  4.6687172E+04
  4.1499992E+04  4.5750465E+04
  4.1699992E+04  4.3464629E+04
  4.1899996E+04  4.4059238E+04
  4.2099996E+04  4.3282395E+04
  4.2299992E+04  4.2575105E+04
  4.2499996E+04  4.1797816E+04
  4.2699992E+04  4.1053871E+04
  4.2899992E+04  4.0319887E+04
  4.3099996E+04  3.9597730E+04
  4.3299996E+04  3.8889172E+04
  4.3499992E+04  3.8201910E+04
  4.3699996E+04  3.6389250E+04
  4.3899996E+04  3.6666383E+04
  4.4099992E+04  3.6208656E+04
  4.4299992E+04  3.5598344E+04
  4.4499996E+04  3.4978488E+04
  4.4699996E+04  3.4551164E+04
  4.4899996E+04  3.3948785E+04
  4.5099992E+04  3.3385355E+04
  4.5299992E+04  3.2810324E+04
  4.5499996E+04  3.2258652E+04
  4.5699992E+04  3.1700934E+04
  4.5899996E+04  3.1164197E+04
  4.6099996E+04  3.0660383E+04
  4.6299992E+04  3.0121922E+04
  4.6499988E+04  2.8741314E+04
  4.6699992E+04  2.8067256E+04
  4.6899992E+04  2.8587125E+04
  4.7099992E+04  2.8203912E+04
  4.7299992E+04  2.7750365E+04
  4.7499996E+04  2.7278396E+04
  4.7699992E+04  2.6848127E+04
  4.7899992E+04  2.6424076E+04
  4.8099996E+04  2.5999615E+04
  4.8299992E+04  2.5582887E+04
  4.8499992E+04  2.5175334E+04
  4.8700000E+04  2.4776770E+04
  4.8899992E+04  2.4385459E+04
  4.9099988E+04  2.3993436E+04
  4.9299988E+04  2.3624004E+04
  4.9499996E+04  2.3255127E+04
  4.9699992E+04  2.2892949E+04
  4.9899988E+04  2.2532789E+04
  5.0099996E+04  2.2189641E+04
  5.0299996E+04  2.1843783E+04
  5.0499996E+04  2.1514518E+04
  5.0699996E+04  2.1188297E+04
  5.0899992E+04  2.0863617E+04
  5.1099992E+04  2.0502963E+04
  5.1299996E+04  1.9536025E+04
  5.1499988E+04  1.9912988E+04
  5.1699996E+04  1.9636594E+04
  5.1899992E+04  1.9344283E+04
  5.2099992E+04  1.9054486E+04
  5.2299996E+04  1.8772678E+04
  5.2499996E+04  1.8497338E+04
  5.2699996E+04  1.8224271E+04
  5.2899992E+04  1.7958842E+04
  5.3099988E+04  1.7696883E+04
  5.3299988E+04  1.7439666E+04
  5.3499992E+04  1.7185797E+04
  5.3699992E+04  1.6933910E+04
  5.3899992E+04  1.6693064E+04
  5.4099992E+04  1.6456598E+04
  5.4299984E+04  1.6218047E+04
  5.4499988E+04  1.5986349E+04
  5.4699996E+04  1.5755076E+04
  5.4899992E+04  1.5539253E+04
  5.5099992E+04  1.5321173E+04
  5.5299988E+04  1.5104608E+04
  5.5499988E+04  1.4894431E+04
  5.5699992E+04  1.4680799E+04
  5.5899992E+04  1.4468637E+04
  5.6099988E+04  1.4279473E+04
  5.6299996E+04  1.4085488E+04
  5.6499988E+04  1.3892718E+04
  5.6699988E+04  1.3701135E+04
  5.6899992E+04  1.3515386E+04
  5.7099996E+04  1.3331899E+04
  5.7299988E+04  1.3149501E+04
  5.7499988E+04  1.2973865E+04
  5.7699988E+04  1.2798080E+04
  5.7899996E+04  1.2624408E+04
  5.8099988E+04  1.2457291E+04
  5.8299996E+04  1.2292159E+04
  5.8499992E+04  1.2158718E+04
  5.8699988E+04  1.1996192E+04
  5.8899988E+04  1.1800840E+04
  5.9099992E+04  1.1290744E+04
  5.9299988E+04  1.1512545E+04
  5.9499996E+04  1.1366105E+04
  5.9699988E+04  1.1230890E+04
  5.9899992E+04  1.1083566E+04
  6.0099992E+04  1.0938998E+04
  6.0299992E+04  1.0800244E+04
  6.0499988E+04  1.0661025E+04
  6.0699992E+04  1.0523403E+04
  6.0899992E+04  1.0387355E+04
  6.1099988E+04  1.0250844E+04
  6.1299992E+04  1.0126917E+04
  6.1499988E+04  9.9984072E+03
  6.1699988E+04  9.8729297E+03
  6.1899996E+04  9.7476816E+03
  6.2099996E+04  9.6263818E+03
  6.2299988E+04  9.5018760E+03
  6.2499992E+04  9.3864766E+03
  6.2699988E+04  9.2680439E+03
  6.2899996E+04  9.1556826E+03
  6.3099984E+04  9.0396436E+03
  6.3299996E+04  8.9290166E+03
  6.3499984E+04  8.8200732E+03
  6.3699984E+04  8.7136182E+03
  6.3900000E+04  8.6064717E+03
  6.4199992E+04  8.4510029E+03
  6.4599984E+04  8.2473691E+03
  6.4999992E+04  8.0501396E+03
  6.5399992E+04  7.8599253E+03
  6.5799992E+04  7.6736392E+03
  6.6199984E+04  7.4925591E+03
  6.6599984E+04  7.3182334E+03
  6.6999992E+04  7.1488652E+03
  6.7399992E+04  6.9835728E+03
  6.7799992E+04  6.8236387E+03
  6.8199992E+04  6.6680991E+03
  6.8599992E+04  6.5163535E+03
  6.8999984E+04  6.3669565E+03
  6.9399984E+04  6.2243936E+03
  6.9800000E+04  6.0862139E+03
  7.0199992E+04  5.9518452E+03
  7.0599984E+04  5.8199707E+03
  7.0999977E+04  5.6944189E+03
  7.1399977E+04  5.5688677E+03
  7.1799984E+04  5.4482363E+03
  7.2199984E+04  5.3268940E+03
  7.2600000E+04  5.2154629E+03
  7.2999984E+04  5.1055156E+03
  7.3400000E+04  4.9965259E+03
  7.3799984E+04  4.8913940E+03
  7.4199992E+04  4.7879570E+03
  7.4599992E+04  4.6480015E+03
  7.5000000E+04  4.5151704E+03
  7.5399992E+04  4.4951572E+03
  7.5799992E+04  4.4037783E+03
  7.6199984E+04  4.3143257E+03
  7.6599992E+04  4.2264941E+03
  7.6999992E+04  4.1411406E+03
  7.7399992E+04  4.0578250E+03
  7.7799984E+04  3.9766848E+03
  7.8199984E+04  3.8973567E+03
  7.8599984E+04  3.8199819E+03
  7.8999984E+04  3.7445745E+03
  7.9399984E+04  3.6709070E+03
  7.9800000E+04  3.5989961E+03
  8.0199992E+04  3.5288633E+03
  8.0599984E+04  3.4604639E+03
  8.0999992E+04  3.3939854E+03
  8.1399977E+04  3.3285879E+03
  8.1799984E+04  3.2650916E+03
  8.2199984E+04  3.2032834E+03
  8.2599992E+04  3.1426816E+03
  8.2999984E+04  3.0833711E+03
  8.3400000E+04  3.0245083E+03
  8.3799992E+04  2.9674858E+03
  8.4199992E+04  2.9131074E+03
  8.4599977E+04  2.8601501E+03
  8.4999977E+04  2.8077444E+03
  8.5399984E+04  2.7560371E+03
  8.5799984E+04  2.7058867E+03
  8.6199992E+04  2.6566477E+03
  8.6599992E+04  2.6090046E+03
  8.6999984E+04  2.5620742E+03
  8.7399992E+04  2.5160881E+03
  8.7799992E+04  2.4713694E+03
  8.8199984E+04  2.4271636E+03
  8.8599977E+04  2.3842295E+03
  8.8999992E+04  2.3423943E+03
  8.9399977E+04  2.3015420E+03
  8.9799977E+04  2.2611824E+03
  9.0199984E+04  2.2220942E+03
  9.0599984E+04  2.1837905E+03
  9.0999992E+04  2.1459363E+03
  9.1400000E+04  2.1092910E+03
  9.1799969E+04  2.0733821E+03
  9.2199969E+04  2.0381472E+03
  9.2599984E+04  2.0036614E+03
  9.3000000E+04  1.9698662E+03
  9.3399984E+04  1.9368358E+03
  9.3799984E+04  1.9044237E+03
  9.4199977E+04  1.8727465E+03
  9.4599984E+04  1.8416191E+03
  9.4999969E+04  1.8112415E+03
  9.5399984E+04  1.7812238E+03
  9.5799984E+04  1.7523416E+03
  9.6199992E+04  1.7236735E+03
  9.6599984E+04  1.6957423E+03
  9.7000000E+04  1.6683318E+03
  9.7399977E+04  1.6412750E+03
  9.7799984E+04  1.6149972E+03
  9.8199977E+04  1.5891313E+03
  9.8599977E+04  1.5639026E+03
  9.8999992E+04  1.5391434E+03
  9.9399984E+04  1.5148086E+03
  9.9799977E+04  1.4908134E+03
  1.0019999E+05  1.4674519E+03
  1.9999991E+05  9.4296356E+01
  3.9999994E+05  5.8770366E+00
  5.9999981E+05  1.1516526E+00
  7.9999994E+05  3.6161667E-01
