  5.0599994E+02  1.8062991E-14
  5.1199994E+02  3.5890704E-14
  5.2000000E+02  7.6388752E-14
  5.2999994E+02  1.8976137E-13
  5.3999994E+02  4.4994799E-13
  5.4999988E+02  1.0394099E-12
  5.5999988E+02  2.3216661E-12
  5.6999988E+02  5.0351680E-12
  5.7999994E+02  1.0561629E-11
  5.8999988E+02  2.1861565E-11
  5.9999988E+02  4.3912440E-11
  6.0999988E+02  8.6346923E-11
  6.1999994E+02  1.6618788E-10
  6.2999988E+02  3.1376393E-10
  6.3999994E+02  5.8197719E-10
  6.4999994E+02  1.0623427E-09
  6.5799994E+02  1.6996166E-09
  6.6499988E+02  2.5421660E-09
  6.7499994E+02  4.4728399E-09
  6.8499988E+02  7.7726368E-09
  6.9499994E+02  1.3337065E-08
  7.0499988E+02  2.2567985E-08
  7.1599988E+02  3.9972267E-08
  7.2599994E+02  6.6353351E-08
  7.3499982E+02  1.0385834E-07
  7.4499994E+02  1.6929825E-07
  7.5499982E+02  2.7361526E-07
  7.6499994E+02  4.3842590E-07
  7.7499994E+02  6.9641914E-07
  7.8499982E+02  1.0972017E-06
  7.9499982E+02  1.7073327E-06
  8.0500000E+02  2.6509238E-06
  8.1499976E+02  4.0784003E-06
  8.2500000E+02  6.2170288E-06
  8.3499994E+02  9.4012394E-06
  8.4499994E+02  1.4102197E-05
  8.5499988E+02  2.0988626E-05
  8.6499994E+02  3.0994095E-05
  8.7499982E+02  4.5392011E-05
  8.8499982E+02  6.6046450E-05
  8.9499988E+02  9.5332602E-05
  9.0499994E+02  1.3652131E-04
  9.1499982E+02  2.9495632E-02
  9.2499988E+02  7.5357631E-02
  9.3499982E+02  9.8395117E-02
  9.4500000E+02  1.2833032E-01
  9.5500000E+02  1.8187197E-01
  9.6499988E+02  2.3838896E-01
  9.7499982E+02  2.9611179E-01
  9.8499976E+02  3.8534364E-01
  9.9499988E+02  4.7029567E-01
  1.0049999E+03  6.4598805E-01
  1.0149997E+03  8.1963634E-01
  1.0249998E+03  8.6934149E-01
  1.0349998E+03  1.2703193E+00
  1.0449998E+03  1.6060125E+00
  1.0549999E+03  1.9886863E+00
  1.0649999E+03  2.3745086E+00
  1.0750000E+03  2.9713862E+00
  1.0849996E+03  3.6430852E+00
  1.0949999E+03  4.2916512E+00
  1.1049999E+03  3.2905617E+01
  1.1149999E+03  6.3872425E+01
  1.1249999E+03  8.7936378E+01
  1.1349996E+03  1.1090050E+02
  1.1449999E+03  1.3781963E+02
  1.1549999E+03  1.4596016E+02
  1.1650000E+03  1.9421432E+02
  1.1749995E+03  2.2324442E+02
  1.1849996E+03  2.1904977E+02
  1.1949998E+03  1.2692889E+02
  1.2049996E+03  1.2675610E+02
  1.2149998E+03  2.2527559E+01
  1.2249996E+03  1.5468500E+02
  1.2349996E+03  3.6652588E+02
  1.2449998E+03  1.0523568E+03
  1.2549996E+03  1.8711266E+03
  1.2650000E+03  1.8877555E+03
  1.2749998E+03  3.2249868E+03
  1.2849995E+03  4.7825601E+03
  1.2949998E+03  5.9921465E+03
  1.3049995E+03  4.5961675E+03
  1.3149998E+03  7.9700620E+03
  1.3249998E+03  9.6278447E+03
  1.3349996E+03  1.0614630E+04
  1.3449995E+03  1.3882503E+04
  1.3549996E+03  1.4294737E+04
  1.3649999E+03  1.5841503E+04
  1.3749999E+03  1.7340135E+04
  1.3849996E+03  1.8577172E+04
  1.3949999E+03  2.1771254E+04
  1.4050001E+03  2.4489238E+04
  1.4149998E+03  2.5038084E+04
  1.4249998E+03  2.8691553E+04
  1.4350000E+03  2.9081564E+04
  1.4419998E+03  3.4769699E+04
  1.4469999E+03  3.9805281E+04
  1.4549994E+03  4.4086355E+04
  1.4650000E+03  4.3337309E+04
  1.4749995E+03  4.7646965E+04
  1.4849996E+03  5.4336293E+04
  1.4949998E+03  6.3330914E+04
  1.5049996E+03  7.1126109E+04
  1.5119995E+03  7.0970031E+04
  1.5169994E+03  7.3654305E+04
  1.5250001E+03  2.4852836E+05
  1.5349994E+03  3.7413909E+05
  1.5449994E+03  6.9784106E+05
  1.5549998E+03  5.6886425E+05
  1.5649999E+03  4.9841412E+05
  1.5750001E+03  1.0494685E+06
  1.5850000E+03  1.3314489E+06
  1.5949996E+03  1.7953886E+06
  1.6049999E+03  1.4852734E+06
  1.6150000E+03  1.2978690E+06
  1.6249996E+03  9.0832562E+05
  1.6350000E+03  1.1393348E+06
  1.6449996E+03  1.8310232E+06
  1.6549999E+03  8.7085200E+05
  1.6649993E+03  1.7272339E+06
  1.6720000E+03  5.8909000E+05
  1.6770001E+03  5.8938680E+06
  1.6849998E+03  6.4115185E+06
  1.6950000E+03  5.0300565E+06
  1.7049995E+03  4.7277220E+06
  1.7150000E+03  6.5233480E+06
  1.7249993E+03  6.9468955E+06
  1.7349994E+03  8.5341850E+06
  1.7449993E+03  7.7099175E+06
  1.7550001E+03  9.9005350E+06
  1.7649998E+03  6.9798820E+06
  1.7749995E+03  9.2543190E+06
  1.7849995E+03  8.3207705E+06
  1.7949999E+03  1.1955511E+07
  1.8050001E+03  1.0878918E+07
  1.8150001E+03  1.2001110E+07
  1.8249994E+03  1.0440679E+07
  1.8349993E+03  9.1390050E+06
  1.8449993E+03  8.0450345E+06
  1.8549998E+03  9.6632820E+06
  1.8650002E+03  1.1282843E+07
  1.8750001E+03  1.0298252E+07
  1.8850000E+03  1.0741459E+07
  1.8950002E+03  1.2110761E+07
  1.9049996E+03  1.0914701E+07
  1.9149999E+03  1.1634143E+07
  1.9249993E+03  1.0988996E+07
  1.9350001E+03  7.1851655E+06
  1.9449993E+03  1.2575618E+07
  1.9550002E+03  1.2763691E+07
  1.9670002E+03  1.4407829E+07
  1.9759990E+03  1.3940165E+07
  1.9839996E+03  1.3787767E+07
  1.9950001E+03  1.3335128E+07
  2.0050002E+03  1.2135035E+07
  2.0149996E+03  1.1422918E+07
  2.0249994E+03  1.0753635E+07
  2.0349995E+03  1.2578620E+07
  2.0449998E+03  1.4035971E+07
  2.0550000E+03  1.2971921E+07
  2.0649993E+03  1.2138935E+07
  2.0739993E+03  1.5204291E+07
  2.0780002E+03  1.6419581E+07
  2.0849993E+03  1.5651778E+07
  2.0950005E+03  1.4619452E+07
  2.1050002E+03  1.2968347E+07
  2.1149990E+03  1.3338706E+07
  2.1250000E+03  1.3715689E+07
  2.1350002E+03  1.0597260E+07
  2.1449998E+03  1.3041887E+07
  2.1550005E+03  1.3216405E+07
  2.1649995E+03  1.1759587E+07
  2.1750002E+03  1.1806986E+07
  2.1849998E+03  1.2627144E+07
  2.1950000E+03  1.4020681E+07
  2.2050000E+03  1.2976378E+07
  2.2149998E+03  1.0912166E+07
  2.2249998E+03  1.0506102E+07
  2.2350005E+03  1.3432806E+07
  2.2449990E+03  1.2072599E+07
  2.2549993E+03  1.0261764E+07
  2.2650000E+03  1.0412208E+07
  2.2750000E+03  1.1663119E+07
  2.2850000E+03  1.2821069E+07
  2.2950002E+03  1.1304081E+07
  2.3050000E+03  1.2088301E+07
  2.3149995E+03  1.1032286E+07
  2.3250000E+03  5.8138415E+06
  2.3349995E+03  7.6925855E+06
  2.3449993E+03  5.9681700E+06
  2.3550000E+03  9.9664660E+06
  2.3649988E+03  6.1171420E+06
  2.3750000E+03  8.1142235E+06
  2.3849990E+03  4.7768660E+06
  2.3950000E+03  6.3037480E+06
  2.4050005E+03  6.0824120E+06
  2.4149993E+03  7.0957730E+06
  2.4249990E+03  1.0489754E+07
  2.4349990E+03  1.0104509E+07
  2.4450000E+03  1.1187877E+07
  2.4549990E+03  1.1175688E+07
  2.4649990E+03  1.0907873E+07
  2.4749993E+03  9.9139920E+06
  2.4850005E+03  9.9819890E+06
  2.4950000E+03  9.4524820E+06
  2.5050005E+03  1.2680987E+07
  2.5129988E+03  8.7359240E+06
  2.5179990E+03  8.1148015E+06
  2.5249998E+03  7.3554720E+06
  2.5350007E+03  7.7817870E+06
  2.5449988E+03  8.1395500E+06
  2.5550000E+03  1.0010395E+07
  2.5649990E+03  8.8725990E+06
  2.5749990E+03  1.0329360E+07
  2.5849993E+03  9.8718610E+06
  2.5949990E+03  9.0753560E+06
  2.6049995E+03  8.1675175E+06
  2.6149998E+03  7.4308405E+06
  2.6249990E+03  9.8931350E+06
  2.6350007E+03  1.1384633E+07
  2.6449995E+03  1.5306210E+07
  2.6549998E+03  1.6037689E+07
  2.6649995E+03  1.2717391E+07
  2.6749988E+03  1.4319356E+07
  2.6849988E+03  1.4061348E+07
  2.6949988E+03  1.2835759E+07
  2.7050000E+03  1.3938097E+07
  2.7150000E+03  1.2082585E+07
  2.7249995E+03  1.2254339E+07
  2.7350007E+03  1.3500027E+07
  2.7450002E+03  8.3355940E+06
  2.7549998E+03  9.7707080E+06
  2.7649983E+03  1.1045924E+07
  2.7750005E+03  1.2995252E+07
  2.7850000E+03  1.0307885E+07
  2.7949993E+03  4.1693220E+06
  2.8049995E+03  5.3699145E+06
  2.8150002E+03  1.2742187E+07
  2.8250007E+03  1.5496763E+07
  2.8350000E+03  1.4768439E+07
  2.8450002E+03  1.4076476E+07
  2.8550005E+03  1.2865080E+07
  2.8650000E+03  1.5422314E+07
  2.8749983E+03  1.5034927E+07
  2.8850000E+03  1.5201534E+07
  2.8949988E+03  1.4373900E+07
  2.9099988E+03  1.7241530E+07
  2.9299983E+03  1.6232419E+07
  2.9499990E+03  1.6048122E+07
  2.9700005E+03  1.6826968E+07
  2.9899980E+03  1.7319854E+07
  3.0099995E+03  1.7885894E+07
  3.0299995E+03  1.7556588E+07
  3.0499995E+03  1.7635282E+07
  3.0699995E+03  1.7903108E+07
  3.0899995E+03  1.8473066E+07
  3.1099995E+03  1.7758700E+07
  3.1299998E+03  1.7671680E+07
  3.1499995E+03  1.8400980E+07
  3.1699995E+03  1.8314982E+07
  3.1899995E+03  1.6947642E+07
  3.2099998E+03  1.7819332E+07
  3.2299993E+03  1.6868116E+07
  3.2499993E+03  1.7807844E+07
  3.2699995E+03  1.8385156E+07
  3.2899995E+03  1.8452584E+07
  3.3099998E+03  1.8988466E+07
  3.3299993E+03  1.8535820E+07
  3.3499995E+03  1.8381956E+07
  3.3699995E+03  1.8096420E+07
  3.3899993E+03  1.8248716E+07
  3.4099993E+03  1.8412724E+07
  3.4299995E+03  1.8614264E+07
  3.4499993E+03  1.8544672E+07
  3.4699998E+03  1.8280200E+07
  3.4899993E+03  1.8238932E+07
  3.5099995E+03  1.8805006E+07
  3.5299995E+03  1.8712246E+07
  3.5499995E+03  1.9398206E+07
  3.5699995E+03  1.8359414E+07
  3.5899995E+03  1.8223534E+07
  3.6099995E+03  1.8387858E+07
  3.6299993E+03  1.8621514E+07
  3.6399993E+03  1.8513936E+07
  3.6499995E+03  1.9377756E+07
  3.6699993E+03  1.7860064E+07
  3.6899995E+03  1.8231692E+07
  3.7099995E+03  2.3515540E+07
  3.7299998E+03  2.4585170E+07
  3.7499993E+03  3.0977178E+07
  3.7699993E+03  3.3045558E+07
  3.7899995E+03  4.0576424E+07
  3.8099993E+03  4.7672664E+07
  3.8299998E+03  3.7552856E+07
  3.8499995E+03  5.2642236E+07
  3.8699995E+03  5.9039604E+07
  3.8899995E+03  3.4374304E+07
  3.9099995E+03  5.6933444E+07
  3.9299993E+03  3.8498012E+07
  3.9499993E+03  5.2693140E+07
  3.9699998E+03  2.8494786E+07
  3.9899995E+03  5.6322660E+07
  4.0099995E+03  6.2811884E+07
  4.0299993E+03  6.2626092E+07
  4.0499993E+03  6.1733476E+07
  4.0699993E+03  5.9358860E+07
  4.0899995E+03  4.8681336E+07
  4.1099995E+03  3.7510280E+07
  4.1299995E+03  5.6599744E+07
  4.1499990E+03  5.9968880E+07
  4.1699990E+03  5.9141532E+07
  4.1899995E+03  5.8642644E+07
  4.2099995E+03  5.8367372E+07
  4.2299995E+03  5.6747148E+07
  4.2499995E+03  5.6921372E+07
  4.2699990E+03  5.4597996E+07
  4.2899995E+03  5.5271220E+07
  4.3100000E+03  5.0699276E+07
  4.3299995E+03  4.1009048E+07
  4.3499995E+03  3.5090084E+07
  4.3699995E+03  5.1855568E+07
  4.3899995E+03  5.2570724E+07
  4.4099995E+03  5.1602944E+07
  4.4299995E+03  5.1024800E+07
  4.4499995E+03  5.1565964E+07
  4.4699995E+03  5.1216800E+07
  4.4899995E+03  5.0600832E+07
  4.5099990E+03  5.2095976E+07
  4.5299995E+03  4.9657924E+07
  4.5499990E+03  4.8776500E+07
  4.5699995E+03  5.0549396E+07
  4.5899990E+03  4.8273400E+07
  4.6099990E+03  4.9259428E+07
  4.6299990E+03  4.7641496E+07
  4.6499990E+03  4.7955620E+07
  4.6699990E+03  4.7749580E+07
  4.6899990E+03  4.6317280E+07
  4.7099995E+03  4.4377680E+07
  4.7299990E+03  4.6128256E+07
  4.7499995E+03  4.6019460E+07
  4.7699995E+03  4.5159156E+07
  4.7899990E+03  4.4687608E+07
  4.8099995E+03  4.3732176E+07
  4.8299995E+03  4.2104692E+07
  4.8499990E+03  3.3551634E+07
  4.8700000E+03  2.6898950E+07
  4.8899990E+03  3.9440860E+07
  4.9099990E+03  4.1037616E+07
  4.9299990E+03  4.0412376E+07
  4.9499995E+03  4.1101228E+07
  4.9699995E+03  4.1234752E+07
  4.9899990E+03  3.9464532E+07
  5.0099995E+03  3.8046888E+07
  5.0299995E+03  3.9080572E+07
  5.0499995E+03  3.8318124E+07
  5.0699995E+03  3.8922152E+07
  5.0899995E+03  3.8292616E+07
  5.1099990E+03  3.8172364E+07
  5.1299995E+03  3.7268336E+07
  5.1499985E+03  3.6367236E+07
  5.1700000E+03  3.5762212E+07
  5.1899990E+03  3.5406012E+07
  5.2099990E+03  3.5374812E+07
  5.2299995E+03  3.5067584E+07
  5.2499995E+03  3.5511664E+07
  5.2699995E+03  3.3429028E+07
  5.2899990E+03  3.4711452E+07
  5.3099995E+03  3.4149836E+07
  5.3299990E+03  3.3114282E+07
  5.3499995E+03  3.3864844E+07
  5.3699995E+03  3.3375294E+07
  5.3899995E+03  3.3000992E+07
  5.4099990E+03  3.2288910E+07
  5.4299990E+03  3.2346642E+07
  5.4499990E+03  3.2519352E+07
  5.4699995E+03  3.2011278E+07
  5.4899995E+03  3.1993458E+07
  5.5099995E+03  3.1610234E+07
  5.5299985E+03  3.1231716E+07
  5.5499990E+03  3.1190482E+07
  5.5699990E+03  3.0613536E+07
  5.5899995E+03  3.0396072E+07
  5.6099990E+03  3.0292254E+07
  5.6299995E+03  3.0168932E+07
  5.6499990E+03  2.9818832E+07
  5.6699990E+03  2.9329940E+07
  5.6899995E+03  2.9344036E+07
  5.7099995E+03  2.9032532E+07
  5.7299990E+03  2.9164124E+07
  5.7499990E+03  2.8658494E+07
  5.7699990E+03  2.8513352E+07
  5.7899995E+03  2.8172860E+07
  5.8099985E+03  2.7988170E+07
  5.8300000E+03  2.7807544E+07
  5.8499990E+03  2.7487842E+07
  5.8699985E+03  2.7258214E+07
  5.8899985E+03  2.6654240E+07
  5.9099995E+03  2.6769670E+07
  5.9299985E+03  2.6550846E+07
  5.9499995E+03  2.6308794E+07
  5.9699990E+03  2.6121196E+07
  5.9899990E+03  2.5765408E+07
  6.0099990E+03  2.5405428E+07
  6.0299995E+03  2.5337674E+07
  6.0499990E+03  2.5188962E+07
  6.0699990E+03  2.5074370E+07
  6.0899995E+03  2.4723040E+07
  6.1099985E+03  2.4446418E+07
  6.1299995E+03  2.4009438E+07
  6.1499985E+03  2.3550742E+07
  6.1699985E+03  2.3622952E+07
  6.1900000E+03  2.3736004E+07
  6.2099995E+03  2.3552106E+07
  6.2299985E+03  2.3185656E+07
  6.2499990E+03  2.2504168E+07
  6.2699985E+03  2.2992352E+07
  6.2900000E+03  2.2806362E+07
  6.3099985E+03  2.2362090E+07
  6.3299995E+03  2.2293396E+07
  6.3499985E+03  2.1952320E+07
  6.3699985E+03  2.1831396E+07
  6.3899995E+03  2.1747534E+07
  6.4099990E+03  2.1357142E+07
  6.4299985E+03  2.1321994E+07
  6.4499985E+03  2.0931888E+07
  6.4699990E+03  2.0993466E+07
  6.4899990E+03  2.0539598E+07
  6.5099985E+03  2.0458038E+07
  6.5299990E+03  1.9979508E+07
  6.5499985E+03  1.7620250E+07
  6.5699985E+03  1.4038612E+07
  6.5899995E+03  1.8939842E+07
  6.6099985E+03  1.9634194E+07
  6.6299990E+03  1.9667610E+07
  6.6499985E+03  1.9553750E+07
  6.6699995E+03  1.9390082E+07
  6.6899990E+03  1.9323986E+07
  6.7099995E+03  1.9157080E+07
  6.7299990E+03  1.8997644E+07
  6.7499995E+03  1.8794278E+07
  6.7699985E+03  1.8756558E+07
  6.7899995E+03  1.8584936E+07
  6.8099995E+03  1.8437754E+07
  6.8300000E+03  1.8253204E+07
  6.8499985E+03  1.8095396E+07
  6.8699985E+03  1.8016532E+07
  6.8899985E+03  1.7885900E+07
  6.9099990E+03  1.7732804E+07
  6.9299995E+03  1.7587450E+07
  6.9499990E+03  1.7458298E+07
  6.9699985E+03  1.7300092E+07
  6.9899985E+03  1.7203546E+07
  7.0099985E+03  1.6913092E+07
  7.0299985E+03  1.6867306E+07
  7.0499990E+03  1.6777044E+07
  7.0699980E+03  1.6664175E+07
  7.0899990E+03  1.6538062E+07
  7.1099990E+03  1.6062846E+07
  7.1299995E+03  1.6156638E+07
  7.1499990E+03  1.6089961E+07
  7.1699995E+03  1.5952689E+07
  7.1899985E+03  1.5795565E+07
  7.2099985E+03  1.5719650E+07
  7.2299980E+03  1.5572986E+07
  7.2499990E+03  1.5459228E+07
  7.2699995E+03  1.5416340E+07
  7.2899990E+03  1.5194344E+07
  7.3099980E+03  1.5109204E+07
  7.3299980E+03  1.5023358E+07
  7.3499980E+03  1.4957749E+07
  7.3699985E+03  1.4871126E+07
  7.3899995E+03  1.4672779E+07
  7.4099985E+03  1.4437249E+07
  7.4299995E+03  1.4366450E+07
  7.4500000E+03  1.4300955E+07
  7.4700000E+03  1.4132660E+07
  7.4899990E+03  1.4080123E+07
  7.5099985E+03  1.4033285E+07
  7.5299995E+03  1.3962821E+07
  7.5499980E+03  1.3922656E+07
  7.5699985E+03  1.3787387E+07
  7.5899990E+03  1.3692584E+07
  7.6099980E+03  1.3595341E+07
  7.6299995E+03  1.3502154E+07
  7.6499995E+03  1.3366630E+07
  7.6699980E+03  1.3188150E+07
  7.6899990E+03  1.3168691E+07
  7.7099995E+03  1.3035181E+07
  7.7299985E+03  1.3014475E+07
  7.7499990E+03  1.2887802E+07
  7.7700000E+03  1.2550091E+07
  7.7900000E+03  1.2761992E+07
  7.8099995E+03  1.2649776E+07
  7.8299980E+03  1.2494912E+07
  7.8499980E+03  1.2357350E+07
  7.8699995E+03  1.2317731E+07
  7.8900000E+03  1.2202106E+07
  7.9099995E+03  1.2108569E+07
  7.9300000E+03  1.2018811E+07
  7.9499985E+03  1.1908350E+07
  7.9699990E+03  1.1960158E+07
  7.9900000E+03  1.1745743E+07
  8.0099980E+03  1.1743535E+07
  8.0299985E+03  1.1646547E+07
  8.0500000E+03  1.1584674E+07
  8.0699985E+03  1.1506504E+07
  8.0899990E+03  1.1416294E+07
  8.1099995E+03  1.1381821E+07
  8.1299976E+03  1.1316206E+07
  8.1499976E+03  1.1232376E+07
  8.1699980E+03  1.1156566E+07
  8.1899985E+03  1.0893208E+07
  8.2099990E+03  1.0882119E+07
  8.2300000E+03  1.0809821E+07
  8.2500000E+03  1.0761901E+07
  8.2700000E+03  1.0814571E+07
  8.2899980E+03  1.0692840E+07
  8.3099990E+03  1.0541049E+07
  8.3299980E+03  1.0279838E+07
  8.3500000E+03  1.0229566E+07
  8.3699990E+03  1.0067276E+07
  8.3899990E+03  9.9053400E+06
  8.4099971E+03  9.8311230E+06
  8.4300000E+03  9.8841850E+06
  8.4499990E+03  9.7741410E+06
  8.4699980E+03  9.3389170E+06
  8.4899980E+03  1.0127043E+07
  8.5099990E+03  8.9829030E+06
  8.5299990E+03  1.0306184E+07
  8.5499990E+03  8.4481180E+06
  8.5699990E+03  1.0498478E+07
  8.5900000E+03  9.4652830E+06
  8.6099980E+03  9.1322050E+06
  8.6299990E+03  1.0522966E+07
  8.6499990E+03  1.0029265E+07
  8.6699990E+03  7.9682950E+06
  8.6899990E+03  9.9890320E+06
  8.7099971E+03  1.0467117E+07
  8.7299990E+03  1.0042044E+07
  8.7499980E+03  7.9915410E+06
  8.7699980E+03  9.6445150E+06
  8.7899980E+03  1.0288668E+07
  8.8099990E+03  1.0270643E+07
  8.8299980E+03  9.9299130E+06
  8.8499980E+03  9.0947950E+06
  8.8699980E+03  7.7355925E+06
  8.8899990E+03  9.6437870E+06
  8.9099971E+03  9.9313040E+06
  8.9299980E+03  9.9175750E+06
  8.9499980E+03  9.9579560E+06
  8.9699990E+03  9.7899880E+06
  8.9899990E+03  9.4243750E+06
  9.0099980E+03  7.6084420E+06
  9.0299990E+03  8.3994760E+06
  9.0499990E+03  9.3936610E+06
  9.0699980E+03  9.2959530E+06
  9.0899990E+03  9.1844200E+06
  9.1099980E+03  9.3892660E+06
  9.1299980E+03  9.4073810E+06
  9.1499980E+03  9.3874500E+06
  9.1699980E+03  9.2524620E+06
  9.1899990E+03  9.0391570E+06
  9.2099990E+03  8.4865230E+06
  9.2299980E+03  6.7335615E+06
  9.2499980E+03  8.1728800E+06
  9.2699971E+03  8.5887720E+06
  9.2899990E+03  8.9080270E+06
  9.3099980E+03  8.9123910E+06
  9.3299990E+03  8.8499860E+06
  9.3499980E+03  8.8169070E+06
  9.3699990E+03  8.7788780E+06
  9.3900000E+03  8.6556370E+06
  9.4099980E+03  8.3589325E+06
  9.4299971E+03  8.5222090E+06
  9.4499990E+03  8.4747810E+06
  9.4700000E+03  8.4444810E+06
  9.4899980E+03  8.3620785E+06
  9.5100000E+03  8.1603175E+06
  9.5300000E+03  7.6017840E+06
  9.5500000E+03  6.1675940E+06
  9.5699990E+03  7.6251670E+06
  9.5899980E+03  7.9936100E+06
  9.6099980E+03  7.9775050E+06
  9.6299990E+03  7.8700605E+06
  9.6499990E+03  7.9511525E+06
  9.6699980E+03  7.8328865E+06
  9.6899980E+03  7.8242585E+06
  9.7100000E+03  7.8799620E+06
  9.7299990E+03  7.8153700E+06
  9.7499980E+03  7.7159705E+06
  9.7699961E+03  7.7258575E+06
  9.7899980E+03  7.6774180E+06
  9.8099980E+03  7.6246145E+06
  9.8299990E+03  7.5663270E+06
  9.8499980E+03  7.4641875E+06
  9.8700000E+03  7.4281645E+06
  9.8899980E+03  7.3534765E+06
  9.9099990E+03  7.3257415E+06
  9.9300000E+03  7.2939675E+06
  9.9499980E+03  7.2483145E+06
  9.9699980E+03  7.2196420E+06
  9.9899990E+03  7.1398020E+06
  1.0024998E+04  6.5847300E+06
  1.0074998E+04  6.2556505E+06
  1.0124997E+04  6.7911885E+06
  1.0174997E+04  6.7708225E+06
  1.0224998E+04  6.7083685E+06
  1.0274997E+04  6.6189750E+06
  1.0325000E+04  6.4931770E+06
  1.0374999E+04  6.4062450E+06
  1.0425000E+04  6.3095830E+06
  1.0474998E+04  6.1437460E+06
  1.0524997E+04  6.0780305E+06
  1.0574999E+04  6.0136135E+06
  1.0625000E+04  5.9254445E+06
  1.0674997E+04  5.7328725E+06
  1.0724998E+04  5.7162250E+06
  1.0774999E+04  5.6405820E+06
  1.0824997E+04  5.5525895E+06
  1.0874997E+04  5.4302935E+06
  1.0924999E+04  4.6875570E+06
  1.0974996E+04  5.0690610E+06
  1.1025000E+04  5.2652465E+06
  1.1074998E+04  5.2196565E+06
  1.1124999E+04  5.1350990E+06
  1.1174998E+04  5.0672280E+06
  1.1224999E+04  5.0078345E+06
  1.1274997E+04  4.8360895E+06
  1.1325000E+04  4.7773235E+06
  1.1375000E+04  4.7715205E+06
  1.1425000E+04  4.6732795E+06
  1.1474997E+04  4.6686940E+06
  1.1525000E+04  4.6087000E+06
  1.1574998E+04  4.5349490E+06
  1.1625000E+04  4.4140620E+06
  1.1674998E+04  4.3304555E+06
  1.1724997E+04  4.3582740E+06
  1.1775001E+04  4.2110215E+06
  1.1824999E+04  4.1927295E+06
  1.1875000E+04  4.1078045E+06
  1.1925000E+04  4.1351562E+06
  1.1975001E+04  4.0255600E+06
  1.2024998E+04  4.0046612E+06
  1.2074996E+04  3.9364265E+06
  1.2125000E+04  3.8919818E+06
  1.2175000E+04  3.8557595E+06
  1.2225001E+04  3.7968068E+06
  1.2275001E+04  3.7436862E+06
  1.2324996E+04  3.6957672E+06
  1.2374996E+04  3.6539090E+06
  1.2424998E+04  3.6167502E+06
  1.2475000E+04  3.5577975E+06
  1.2524997E+04  3.5107188E+06
  1.2574997E+04  3.4414022E+06
  1.2624999E+04  3.4144328E+06
  1.2674997E+04  3.3793412E+06
  1.2724999E+04  3.3300352E+06
  1.2774999E+04  3.2139915E+06
  1.2825000E+04  2.7773875E+06
  1.2875001E+04  3.1524408E+06
  1.2924997E+04  3.1603478E+06
  1.2975001E+04  3.1326788E+06
  1.3024998E+04  3.0975722E+06
  1.3074999E+04  3.0635690E+06
  1.3125000E+04  3.0192768E+06
  1.3174998E+04  2.9686238E+06
  1.3224998E+04  2.9488038E+06
  1.3274997E+04  2.9108132E+06
  1.3324997E+04  2.8773398E+06
  1.3374999E+04  2.8398612E+06
  1.3424999E+04  2.8053692E+06
  1.3474999E+04  2.7702725E+06
  1.3525001E+04  2.7282025E+06
  1.3574999E+04  2.6905618E+06
  1.3624997E+04  2.6690250E+06
  1.3674997E+04  2.6316132E+06
  1.3724995E+04  2.5738772E+06
  1.3774998E+04  2.5643578E+06
  1.3824998E+04  2.5357900E+06
  1.3874996E+04  2.5165695E+06
  1.3925000E+04  2.4724938E+06
  1.3974996E+04  2.4505908E+06
  1.4024997E+04  2.4218485E+06
  1.4075001E+04  2.3974445E+06
  1.4124996E+04  2.3619982E+06
  1.4175000E+04  2.3388010E+06
  1.4225000E+04  2.3061910E+06
  1.4274994E+04  2.2767548E+06
  1.4325001E+04  2.2553790E+06
  1.4374998E+04  2.2340658E+06
  1.4424999E+04  2.1586768E+06
  1.4475000E+04  2.1772325E+06
  1.4524997E+04  2.1265562E+06
  1.4569999E+04  2.1278148E+06
  1.4620000E+04  2.1497698E+06
  1.4674998E+04  2.1898410E+06
  1.4725000E+04  2.1355525E+06
  1.4775002E+04  2.0759078E+06
  1.4824998E+04  2.0393036E+06
  1.4874996E+04  1.9864569E+06
  1.4924997E+04  1.9691104E+06
  1.4974999E+04  1.9240631E+06
  1.5024999E+04  1.8882494E+06
  1.5075000E+04  1.8523698E+06
  1.5124999E+04  1.8388259E+06
  1.5175000E+04  1.8160942E+06
  1.5225002E+04  1.8088982E+06
  1.5274998E+04  1.7636536E+06
  1.5324995E+04  1.7462295E+06
  1.5374997E+04  1.7595921E+06
  1.5425001E+04  1.6820174E+06
  1.5474996E+04  1.7252834E+06
  1.5524994E+04  1.7141888E+06
  1.5575001E+04  1.6067561E+06
  1.5624998E+04  1.7259560E+06
  1.5674997E+04  1.6320130E+06
  1.5724994E+04  1.5558349E+06
  1.5774996E+04  1.6658878E+06
  1.5825001E+04  1.6496601E+06
  1.5874995E+04  1.4507516E+06
  1.5925002E+04  1.5832532E+06
  1.5975001E+04  1.6244355E+06
  1.6049998E+04  1.5601512E+06
  1.6150001E+04  1.4530700E+06
  1.6249997E+04  1.5361082E+06
  1.6350000E+04  1.4577621E+06
  1.6449996E+04  1.3572294E+06
  1.6549998E+04  1.4393851E+06
  1.6649994E+04  1.4110044E+06
  1.6749998E+04  1.3362250E+06
  1.6849998E+04  1.2439035E+06
  1.6950000E+04  1.3217666E+06
  1.7049996E+04  1.2912104E+06
  1.7150000E+04  1.2703551E+06
  1.7249992E+04  1.2276901E+06
  1.7349994E+04  1.0943096E+06
  1.7449992E+04  1.1641892E+06
  1.7550000E+04  1.1591051E+06
  1.7649998E+04  1.1350638E+06
  1.7749994E+04  1.1156505E+06
  1.7849994E+04  1.0916570E+06
  1.7949998E+04  1.0746398E+06
  1.8050002E+04  1.0425641E+06
  1.8150002E+04  9.4120769E+05
  1.8249994E+04  9.8452588E+05
  1.8349992E+04  9.8805612E+05
  1.8449992E+04  9.6941712E+05
  1.8549998E+04  9.4729994E+05
  1.8650002E+04  9.2473400E+05
  1.8750002E+04  8.2788288E+05
  1.8850000E+04  8.8510219E+05
  1.8950004E+04  8.7156775E+05
  1.9049996E+04  8.6459100E+05
  1.9149998E+04  8.4724294E+05
  1.9249992E+04  8.3006638E+05
  1.9350000E+04  8.0724088E+05
  1.9449992E+04  7.2502006E+05
  1.9550002E+04  7.7789619E+05
  1.9649992E+04  7.6976538E+05
  1.9749992E+04  7.5400262E+05
  1.9849992E+04  7.4238044E+05
  1.9950002E+04  7.2883162E+05
  2.0050002E+04  7.1590994E+05
  2.0149996E+04  7.0337569E+05
  2.0249994E+04  6.8955562E+05
  2.0349994E+04  6.7620894E+05
  2.0449996E+04  6.6596325E+05
  2.0550000E+04  6.5373450E+05
  2.0649992E+04  6.4071319E+05
  2.0749998E+04  6.2980094E+05
  2.0849992E+04  6.1905156E+05
  2.0950004E+04  6.0779912E+05
  2.1050002E+04  5.9727688E+05
  2.1149992E+04  5.8517469E+05
  2.1250000E+04  5.7520794E+05
  2.1350002E+04  5.6526162E+05
  2.1449996E+04  5.5698231E+05
  2.1550006E+04  5.4378544E+05
  2.1649994E+04  4.9094331E+05
  2.1750002E+04  5.2190931E+05
  2.1849998E+04  5.1891075E+05
  2.1950002E+04  5.1196475E+05
  2.2050000E+04  5.0192328E+05
  2.2149996E+04  4.9310153E+05
  2.2249998E+04  4.8663206E+05
  2.2350004E+04  4.7851591E+05
  2.2449990E+04  4.7060788E+05
  2.2549994E+04  4.6119028E+05
  2.2650000E+04  4.5482094E+05
  2.2750000E+04  4.4765034E+05
  2.2850000E+04  4.4223272E+05
  2.2950004E+04  4.4159866E+05
  2.3050000E+04  4.3385428E+05
  2.3149996E+04  4.2492647E+05
  2.3250000E+04  4.1695094E+05
  2.3349996E+04  4.0862662E+05
  2.3449994E+04  4.0111388E+05
  2.3550002E+04  3.9365906E+05
  2.3649988E+04  3.8655884E+05
  2.3750000E+04  3.7946303E+05
  2.3849990E+04  3.7287044E+05
  2.3950002E+04  3.6680072E+05
  2.4050006E+04  3.6032416E+05
  2.4149992E+04  3.5395538E+05
  2.4249990E+04  3.5052338E+05
  2.4349990E+04  3.4339947E+05
  2.4450002E+04  3.3738819E+05
  2.4549990E+04  3.3495184E+05
  2.4649992E+04  3.2772594E+05
  2.4749992E+04  3.2309653E+05
  2.4850006E+04  3.2259356E+05
  2.4950000E+04  3.0670481E+05
  2.5050006E+04  3.1740291E+05
  2.5149994E+04  3.1014909E+05
  2.5249998E+04  2.9166028E+05
  2.5350004E+04  2.9962288E+05
  2.5449988E+04  2.9779678E+05
  2.5549998E+04  2.9043191E+05
  2.5649990E+04  2.7201288E+05
  2.5749990E+04  2.8307447E+05
  2.5849994E+04  2.8027397E+05
  2.5949990E+04  2.7691528E+05
  2.6049996E+04  2.6829784E+05
  2.6149998E+04  2.5147398E+05
  2.6249988E+04  2.4205520E+05
  2.6350008E+04  2.5793669E+05
  2.6449996E+04  2.5748725E+05
  2.6549994E+04  2.5370744E+05
  2.6649994E+04  2.4772789E+05
  2.6749988E+04  2.2929500E+05
  2.6849986E+04  2.4138089E+05
  2.6949986E+04  2.4060434E+05
  2.7050002E+04  2.3742797E+05
  2.7149998E+04  2.3433298E+05
  2.7249994E+04  2.3106388E+05
  2.7350006E+04  2.2769994E+05
  2.7450004E+04  2.2347911E+05
  2.7549996E+04  2.0655230E+05
  2.7649982E+04  2.1244286E+05
  2.7750004E+04  2.1494048E+05
  2.7850000E+04  2.1270519E+05
  2.7949992E+04  2.0994662E+05
  2.8049994E+04  2.0708767E+05
  2.8150002E+04  2.0427817E+05
  2.8250006E+04  2.0153628E+05
  2.8350000E+04  1.9891245E+05
  2.8450000E+04  1.9584564E+05
  2.8550002E+04  1.9313111E+05
  2.8650002E+04  1.8737912E+05
  2.8749982E+04  1.7418219E+05
  2.8849998E+04  1.8455934E+05
  2.8949986E+04  1.8322378E+05
  2.9049994E+04  1.8123675E+05
  2.9149986E+04  1.7843041E+05
  2.9249984E+04  1.7644191E+05
  2.9349980E+04  1.7426203E+05
  2.9450000E+04  1.7198575E+05
  2.9550004E+04  1.6981408E+05
  2.9649982E+04  1.6764661E+05
  2.9749992E+04  1.6548700E+05
  2.9849994E+04  1.6339489E+05
  2.9949984E+04  1.6123053E+05
  3.0049996E+04  1.5918286E+05
  3.0149994E+04  1.5705944E+05
  3.0249994E+04  1.5447064E+05
  3.0349996E+04  1.4409658E+05
  3.0449996E+04  1.4606900E+05
  3.0549996E+04  1.4891675E+05
  3.0649996E+04  1.4756964E+05
  3.0749994E+04  1.4582255E+05
  3.0849996E+04  1.4373472E+05
  3.0949994E+04  1.4213883E+05
  3.1049996E+04  1.4036505E+05
  3.1149996E+04  1.3833158E+05
  3.1249996E+04  1.3687673E+05
  3.1349996E+04  1.3529575E+05
  3.1449996E+04  1.3359880E+05
  3.1549998E+04  1.3212117E+05
  3.1649996E+04  1.3065204E+05
  3.1749998E+04  1.2889974E+05
  3.1849996E+04  1.2754570E+05
  3.1949994E+04  1.2601044E+05
  3.2099996E+04  1.2373500E+05
  3.2299992E+04  1.2089666E+05
  3.2499994E+04  1.1805434E+05
  3.2699996E+04  1.1517015E+05
  3.2899996E+04  1.0737352E+05
  3.3099996E+04  1.0935683E+05
  3.3299992E+04  1.0798945E+05
  3.3499996E+04  1.0552220E+05
  3.3699996E+04  1.0278067E+05
  3.3899996E+04  1.0035529E+05
  3.4099996E+04  9.8070289E+04
  3.4299996E+04  9.5857203E+04
  3.4499992E+04  9.3809008E+04
  3.4699996E+04  9.1623148E+04
  3.4899996E+04  8.9573898E+04
  3.5099996E+04  8.7632547E+04
  3.5299996E+04  8.5729312E+04
  3.5499996E+04  8.3800508E+04
  3.5699992E+04  8.1853281E+04
  3.5899992E+04  8.0552109E+04
  3.6099996E+04  7.8309117E+04
  3.6299992E+04  7.7305648E+04
  3.6499992E+04  7.4913977E+04
  3.6699992E+04  7.4228367E+04
  3.6899992E+04  7.1419953E+04
  3.7099996E+04  7.1005070E+04
  3.7299996E+04  6.8255438E+04
  3.7499992E+04  6.5337918E+04
  3.7699996E+04  6.6849188E+04
  3.7899996E+04  6.5704898E+04
  3.8099992E+04  6.3348148E+04
  3.8299996E+04  6.2351816E+04
  3.8499996E+04  6.1964934E+04
  3.8699996E+04  6.0649477E+04
  3.8899992E+04  5.9215832E+04
  3.9099996E+04  5.6595836E+04
  3.9299992E+04  5.7155512E+04
  3.9499992E+04  5.6129082E+04
  3.9699992E+04  5.5074961E+04
  3.9900000E+04  5.3873430E+04
  4.0099996E+04  5.2034758E+04
  4.0299992E+04  5.0670586E+04
  4.0499996E+04  4.8949461E+04
  4.0699992E+04  4.9861441E+04
  4.0899992E+04  4.9007898E+04
  4.1099996E+04  4.8181941E+04
  4.1299996E+04  4.7281305E+04
  4.1499992E+04  4.6247020E+04
  4.1699992E+04  4.3811270E+04
  4.1899996E+04  4.4516305E+04
  4.2099996E+04  4.3809531E+04
  4.2299992E+04  4.3116215E+04
  4.2499996E+04  4.2321332E+04
  4.2699992E+04  4.1574555E+04
  4.2899992E+04  4.0829598E+04
  4.3099996E+04  4.0096633E+04
  4.3299996E+04  3.9373430E+04
  4.3499992E+04  3.8635926E+04
  4.3699996E+04  3.6643734E+04
  4.3899996E+04  3.6959609E+04
  4.4099992E+04  3.6642574E+04
  4.4299992E+04  3.6037945E+04
  4.4499996E+04  3.5408438E+04
  4.4699996E+04  3.4935801E+04
  4.4899996E+04  3.4326270E+04
  4.5099992E+04  3.3755789E+04
  4.5299992E+04  3.3175664E+04
  4.5499996E+04  3.2617141E+04
  4.5699992E+04  3.2050879E+04
  4.5899996E+04  3.1507523E+04
  4.6099996E+04  3.0995420E+04
  4.6299992E+04  3.0404865E+04
  4.6499988E+04  2.8701240E+04
  4.6699992E+04  2.8141537E+04
  4.6899992E+04  2.8811494E+04
  4.7099992E+04  2.8504496E+04
  4.7299992E+04  2.8051783E+04
  4.7499996E+04  2.7577281E+04
  4.7699992E+04  2.7137885E+04
  4.7899992E+04  2.6711418E+04
  4.8099996E+04  2.6279689E+04
  4.8299992E+04  2.5859031E+04
  4.8499992E+04  2.5446004E+04
  4.8700000E+04  2.5043631E+04
  4.8899992E+04  2.4646992E+04
  4.9099988E+04  2.4248154E+04
  4.9299988E+04  2.3876658E+04
  4.9499996E+04  2.3501131E+04
  4.9699992E+04  2.3135451E+04
  4.9899988E+04  2.2773354E+04
  5.0099996E+04  2.2423783E+04
  5.0299996E+04  2.2076068E+04
  5.0499996E+04  2.1742012E+04
  5.0699996E+04  2.1411066E+04
  5.0899992E+04  2.1080281E+04
  5.1099992E+04  2.0665996E+04
  5.1299996E+04  1.9581836E+04
  5.1499988E+04  2.0086281E+04
  5.1699996E+04  1.9840963E+04
  5.1899992E+04  1.9547086E+04
  5.2099992E+04  1.9251570E+04
  5.2299996E+04  1.8968254E+04
  5.2499996E+04  1.8690061E+04
  5.2699996E+04  1.8414180E+04
  5.2899992E+04  1.8144621E+04
  5.3099988E+04  1.7879932E+04
  5.3299988E+04  1.7620020E+04
  5.3499992E+04  1.7363484E+04
  5.3699992E+04  1.7106357E+04
  5.3899992E+04  1.6865531E+04
  5.4099992E+04  1.6625219E+04
  5.4299984E+04  1.6382872E+04
  5.4499988E+04  1.6151234E+04
  5.4699996E+04  1.5913723E+04
  5.4899992E+04  1.5697994E+04
  5.5099992E+04  1.5477525E+04
  5.5299988E+04  1.5258599E+04
  5.5499988E+04  1.5046091E+04
  5.5699992E+04  1.4830156E+04
  5.5899992E+04  1.4614518E+04
  5.6099988E+04  1.4424314E+04
  5.6299996E+04  1.4226926E+04
  5.6499988E+04  1.4033155E+04
  5.6699988E+04  1.3839412E+04
  5.6899992E+04  1.3651528E+04
  5.7099996E+04  1.3467090E+04
  5.7299988E+04  1.3282602E+04
  5.7499988E+04  1.3103763E+04
  5.7699988E+04  1.2925948E+04
  5.7899996E+04  1.2750270E+04
  5.8099988E+04  1.2582288E+04
  5.8299996E+04  1.2415192E+04
  5.8499992E+04  1.2272104E+04
  5.8699988E+04  1.2105528E+04
  5.8899988E+04  1.1877942E+04
  5.9099992E+04  1.1295059E+04
  5.9299988E+04  1.1599322E+04
  5.9499996E+04  1.1466136E+04
  5.9699988E+04  1.1334478E+04
  5.9899992E+04  1.1185415E+04
  6.0099992E+04  1.1039126E+04
  6.0299992E+04  1.0899709E+04
  6.0499988E+04  1.0759835E+04
  6.0699992E+04  1.0620539E+04
  6.0899992E+04  1.0481822E+04
  6.1099988E+04  1.0342676E+04
  6.1299992E+04  1.0219152E+04
  6.1499988E+04  1.0090044E+04
  6.1699988E+04  9.9633799E+03
  6.1899996E+04  9.8361709E+03
  6.2099996E+04  9.7142051E+03
  6.2299988E+04  9.5867109E+03
  6.2499992E+04  9.4714443E+03
  6.2699988E+04  9.3517988E+03
  6.2899996E+04  9.2389053E+03
  6.3099984E+04  9.1206377E+03
  6.3299996E+04  9.0098750E+03
  6.3499984E+04  8.8996768E+03
  6.3699984E+04  8.7924434E+03
  6.3900000E+04  8.6839736E+03
  6.4199992E+04  8.5274160E+03
  6.4599984E+04  8.3214854E+03
  6.4999992E+04  8.1218311E+03
  6.5399992E+04  7.9303892E+03
  6.5799992E+04  7.7425527E+03
  6.6199984E+04  7.5597827E+03
  6.6599984E+04  7.3838027E+03
  6.6999992E+04  7.2126475E+03
  6.7399992E+04  7.0456045E+03
  6.7799992E+04  6.8845312E+03
  6.8199992E+04  6.7274692E+03
  6.8599992E+04  6.5742329E+03
  6.8999984E+04  6.4234551E+03
  6.9399984E+04  6.2795381E+03
  6.9800000E+04  6.1399551E+03
  7.0199992E+04  6.0039058E+03
  7.0599984E+04  5.8712168E+03
  7.0999977E+04  5.7446401E+03
  7.1399977E+04  5.6179365E+03
  7.1799984E+04  5.4960288E+03
  7.2199984E+04  5.3735811E+03
  7.2600000E+04  5.2610649E+03
  7.2999984E+04  5.1502651E+03
  7.3400000E+04  5.0400898E+03
  7.3799984E+04  4.9341416E+03
  7.4199992E+04  4.8270283E+03
  7.4599992E+04  4.6360869E+03
  7.5000000E+04  4.5236089E+03
  7.5399992E+04  4.5310737E+03
  7.5799992E+04  4.4416768E+03
  7.6199984E+04  4.3514380E+03
  7.6599992E+04  4.2628350E+03
  7.6999992E+04  4.1764697E+03
  7.7399992E+04  4.0926006E+03
  7.7799984E+04  4.0106060E+03
  7.8199984E+04  3.9305623E+03
  7.8599984E+04  3.8524841E+03
  7.8999984E+04  3.7763865E+03
  7.9399984E+04  3.7020405E+03
  7.9800000E+04  3.6294636E+03
  8.0199992E+04  3.5585593E+03
  8.0599984E+04  3.4895762E+03
  8.0999992E+04  3.4225227E+03
  8.1399977E+04  3.3563342E+03
  8.1799984E+04  3.2923418E+03
  8.2199984E+04  3.2300461E+03
  8.2599992E+04  3.1687996E+03
  8.2999984E+04  3.1090740E+03
  8.3400000E+04  3.0494775E+03
  8.3799992E+04  2.9920559E+03
  8.4199992E+04  2.9372854E+03
  8.4599977E+04  2.8837844E+03
  8.4999977E+04  2.8309482E+03
  8.5399984E+04  2.7787659E+03
  8.5799984E+04  2.7280967E+03
  8.6199992E+04  2.6784492E+03
  8.6599992E+04  2.6304043E+03
  8.6999984E+04  2.5830784E+03
  8.7399992E+04  2.5366538E+03
  8.7799992E+04  2.4915527E+03
  8.8199984E+04  2.4468254E+03
  8.8599977E+04  2.4036658E+03
  8.8999992E+04  2.3613708E+03
  8.9399977E+04  2.3202080E+03
  8.9799977E+04  2.2794487E+03
  9.0199984E+04  2.2400139E+03
  9.0599984E+04  2.2014607E+03
  9.0999992E+04  2.1630874E+03
  9.1400000E+04  2.1262024E+03
  9.1799969E+04  2.0900569E+03
  9.2199969E+04  2.0545002E+03
  9.2599984E+04  2.0197417E+03
  9.3000000E+04  1.9856780E+03
  9.3399984E+04  1.9522964E+03
  9.3799984E+04  1.9195814E+03
  9.4199977E+04  1.8876907E+03
  9.4599984E+04  1.8563110E+03
  9.4999969E+04  1.8256428E+03
  9.5399984E+04  1.7953391E+03
  9.5799984E+04  1.7662573E+03
  9.6199992E+04  1.7373105E+03
  9.6599984E+04  1.7091862E+03
  9.7000000E+04  1.6815447E+03
  9.7399977E+04  1.6541812E+03
  9.7799984E+04  1.6277192E+03
  9.8199977E+04  1.6016328E+03
  9.8599977E+04  1.5762252E+03
  9.8999992E+04  1.5512899E+03
  9.9399984E+04  1.5267051E+03
  9.9799977E+04  1.5025391E+03
  1.0019999E+05  1.4789717E+03
  1.9999991E+05  9.4965065E+01
  3.9999994E+05  5.9184775E+00
  5.9999981E+05  1.1597105E+00
  7.9999994E+05  3.6417729E-01
