  5.0599994E+02  1.3763245E-13
  5.1199994E+02  2.6912996E-13
  5.2000000E+02  5.6051577E-13
  5.2999994E+02  1.3573925E-12
  5.3999994E+02  3.1393132E-12
  5.4999988E+02  7.0847004E-12
  5.5999988E+02  1.5472968E-11
  5.6999988E+02  3.2842690E-11
  5.7999994E+02  6.7484941E-11
  5.8999988E+02  1.3694863E-10
  5.9999988E+02  2.6991884E-10
  6.0999988E+02  5.2116944E-10
  6.1999994E+02  9.8564112E-10
  6.2999988E+02  1.8296569E-09
  6.3999994E+02  3.3382634E-09
  6.4999994E+02  5.9969665E-09
  6.5799994E+02  9.4756683E-09
  6.6499988E+02  1.4020632E-08
  6.7499994E+02  2.4294478E-08
  6.8499988E+02  4.1582954E-08
  6.9499994E+02  7.0283988E-08
  7.0499988E+02  1.1715282E-07
  7.1599988E+02  2.0405743E-07
  7.2599994E+02  3.3360729E-07
  7.3499982E+02  5.1496801E-07
  7.4499994E+02  8.2653548E-07
  7.5499982E+02  1.3150054E-06
  7.6499994E+02  2.0738744E-06
  7.7499994E+02  3.2420528E-06
  7.8499982E+02  5.0266958E-06
  7.9499982E+02  7.6970946E-06
  8.0500000E+02  1.1759663E-05
  8.1499976E+02  1.7802555E-05
  8.2500000E+02  2.6705215E-05
  8.3499994E+02  3.9739265E-05
  8.4499994E+02  5.8676495E-05
  8.5499988E+02  8.5965388E-05
  8.6499994E+02  1.2497937E-04
  8.7499982E+02  1.8024146E-04
  8.8499982E+02  2.5830793E-04
  8.9499988E+02  3.6730568E-04
  9.0499994E+02  5.1825668E-04
  9.1499982E+02  1.3508351E-01
  9.2499988E+02  3.5800487E-01
  9.3499982E+02  4.6282294E-01
  9.4500000E+02  5.9845299E-01
  9.5500000E+02  8.4357792E-01
  9.6499988E+02  1.0937589E+00
  9.7499982E+02  1.3373556E+00
  9.8499976E+02  1.7267463E+00
  9.9499988E+02  2.0784106E+00
  1.0049999E+03  2.8312843E+00
  1.0149997E+03  3.5571573E+00
  1.0249998E+03  3.6905062E+00
  1.0349998E+03  5.3923774E+00
  1.0449998E+03  6.7606878E+00
  1.0549999E+03  8.2835417E+00
  1.0649999E+03  9.7775059E+00
  1.0750000E+03  1.2133043E+01
  1.0849996E+03  1.4696829E+01
  1.0949999E+03  1.7131414E+01
  1.1049999E+03  1.0406383E+02
  1.1149999E+03  1.9472334E+02
  1.1249999E+03  2.6454141E+02
  1.1349996E+03  3.2856049E+02
  1.1449999E+03  4.0232950E+02
  1.1549999E+03  4.2453690E+02
  1.1650000E+03  5.5509637E+02
  1.1749995E+03  6.3030603E+02
  1.1849996E+03  6.1225439E+02
  1.1949998E+03  3.4789169E+02
  1.2049996E+03  3.4258264E+02
  1.2149998E+03  6.5548218E+01
  1.2249996E+03  4.1222559E+02
  1.2349996E+03  9.7750940E+02
  1.2449998E+03  2.6485129E+03
  1.2549996E+03  4.6077930E+03
  1.2650000E+03  4.6282202E+03
  1.2749998E+03  7.8754468E+03
  1.2849995E+03  1.1616452E+04
  1.2949998E+03  1.4487723E+04
  1.3049995E+03  1.0960941E+04
  1.3149998E+03  1.9511541E+04
  1.3249998E+03  2.4029379E+04
  1.3349996E+03  2.6135473E+04
  1.3449995E+03  3.6208797E+04
  1.3549996E+03  3.7274738E+04
  1.3649999E+03  4.0869492E+04
  1.3749999E+03  4.5739012E+04
  1.3849996E+03  4.8386273E+04
  1.3949999E+03  5.6557633E+04
  1.4050001E+03  6.4186922E+04
  1.4149998E+03  6.5561508E+04
  1.4249998E+03  7.6635102E+04
  1.4350000E+03  7.6565953E+04
  1.4419998E+03  9.5050938E+04
  1.4469999E+03  1.3300755E+05
  1.4549994E+03  1.5980636E+05
  1.4650000E+03  1.4533419E+05
  1.4749995E+03  1.6014270E+05
  1.4849996E+03  1.9102950E+05
  1.4949998E+03  2.3122895E+05
  1.5049996E+03  2.6590584E+05
  1.5119995E+03  2.4746484E+05
  1.5169994E+03  2.3768380E+05
  1.5250001E+03  1.1925051E+06
  1.5349994E+03  1.5334108E+06
  1.5449994E+03  2.8661105E+06
  1.5549998E+03  2.2800065E+06
  1.5649999E+03  1.9311758E+06
  1.5750001E+03  3.6315192E+06
  1.5850000E+03  4.3588845E+06
  1.5949996E+03  5.7325370E+06
  1.6049999E+03  4.8119285E+06
  1.6150000E+03  4.1567052E+06
  1.6249996E+03  3.0298442E+06
  1.6350000E+03  3.7422098E+06
  1.6449996E+03  5.4006280E+06
  1.6549999E+03  2.8130248E+06
  1.6649993E+03  5.1947475E+06
  1.6720000E+03  1.8363750E+06
  1.6770001E+03  1.0419761E+07
  1.6849998E+03  1.1504244E+07
  1.6950000E+03  9.3514990E+06
  1.7049995E+03  8.6452210E+06
  1.7150000E+03  1.0826563E+07
  1.7249993E+03  1.1198341E+07
  1.7349994E+03  1.3444992E+07
  1.7449993E+03  1.2480968E+07
  1.7550001E+03  1.5565795E+07
  1.7649998E+03  1.1218580E+07
  1.7749995E+03  1.4445750E+07
  1.7849995E+03  1.3187097E+07
  1.7949999E+03  1.8078838E+07
  1.8050001E+03  1.6585142E+07
  1.8150001E+03  1.7738634E+07
  1.8249994E+03  1.5699929E+07
  1.8349993E+03  1.3898037E+07
  1.8449993E+03  1.2253703E+07
  1.8549998E+03  1.4278751E+07
  1.8650002E+03  1.6109217E+07
  1.8750001E+03  1.5142722E+07
  1.8850000E+03  1.5634543E+07
  1.8950002E+03  1.7260772E+07
  1.9049996E+03  1.5561287E+07
  1.9149999E+03  1.6728510E+07
  1.9249993E+03  1.6387421E+07
  1.9350001E+03  1.1924129E+07
  1.9449993E+03  1.7917370E+07
  1.9550002E+03  1.8054872E+07
  1.9670002E+03  2.0044574E+07
  1.9759990E+03  1.9553668E+07
  1.9839996E+03  1.9016322E+07
  1.9950001E+03  1.8365144E+07
  2.0050002E+03  1.6928510E+07
  2.0149996E+03  1.6030683E+07
  2.0249994E+03  1.5199328E+07
  2.0349995E+03  1.7320052E+07
  2.0449998E+03  1.9228406E+07
  2.0550000E+03  1.7844530E+07
  2.0649993E+03  1.6858454E+07
  2.0739993E+03  2.0652786E+07
  2.0780002E+03  2.1596724E+07
  2.0849993E+03  2.0571502E+07
  2.0950005E+03  1.9330946E+07
  2.1050002E+03  1.7329956E+07
  2.1149990E+03  1.7683594E+07
  2.1250000E+03  1.8391872E+07
  2.1350002E+03  1.4209023E+07
  2.1449998E+03  1.7272638E+07
  2.1550005E+03  1.7482614E+07
  2.1649995E+03  1.5669001E+07
  2.1750002E+03  1.5635138E+07
  2.1849998E+03  1.6541858E+07
  2.1950000E+03  1.8323610E+07
  2.2050000E+03  1.7085398E+07
  2.2149998E+03  1.4649377E+07
  2.2249998E+03  1.4088039E+07
  2.2350005E+03  1.7583844E+07
  2.2449990E+03  1.5685185E+07
  2.2549993E+03  1.3840156E+07
  2.2650000E+03  1.4021490E+07
  2.2750000E+03  1.5457654E+07
  2.2850000E+03  1.6744812E+07
  2.2950002E+03  1.4961956E+07
  2.3050000E+03  1.5727980E+07
  2.3149995E+03  1.4497889E+07
  2.3250000E+03  7.8676170E+06
  2.3349995E+03  1.0770172E+07
  2.3449993E+03  8.6554400E+06
  2.3550000E+03  1.3494670E+07
  2.3649988E+03  8.8700220E+06
  2.3750000E+03  1.1322110E+07
  2.3849990E+03  7.2111640E+06
  2.3950000E+03  9.2173080E+06
  2.4050005E+03  8.8418500E+06
  2.4149993E+03  9.9405420E+06
  2.4249990E+03  1.3766600E+07
  2.4349990E+03  1.3238857E+07
  2.4450000E+03  1.4517205E+07
  2.4549990E+03  1.4373564E+07
  2.4649990E+03  1.4163556E+07
  2.4749993E+03  1.2979210E+07
  2.4850005E+03  1.3303218E+07
  2.4950000E+03  1.2569216E+07
  2.5050005E+03  1.6298209E+07
  2.5129988E+03  1.2007420E+07
  2.5179990E+03  1.1572370E+07
  2.5249998E+03  1.0267999E+07
  2.5350007E+03  1.0558233E+07
  2.5449988E+03  1.0882009E+07
  2.5550000E+03  1.2998047E+07
  2.5649990E+03  1.1900563E+07
  2.5749990E+03  1.3694642E+07
  2.5849993E+03  1.3285010E+07
  2.5949990E+03  1.2323508E+07
  2.6049995E+03  1.1259205E+07
  2.6149998E+03  1.0359543E+07
  2.6249990E+03  1.3328260E+07
  2.6350007E+03  1.4647231E+07
  2.6449995E+03  1.9174226E+07
  2.6549998E+03  1.9678342E+07
  2.6649995E+03  1.6086770E+07
  2.6749988E+03  1.7838912E+07
  2.6849988E+03  1.7494640E+07
  2.6949988E+03  1.6178781E+07
  2.7050000E+03  1.7274466E+07
  2.7150000E+03  1.5278405E+07
  2.7249995E+03  1.5544451E+07
  2.7350007E+03  1.7121184E+07
  2.7450002E+03  1.1242453E+07
  2.7549998E+03  1.2787043E+07
  2.7649983E+03  1.4134112E+07
  2.7750005E+03  1.6444279E+07
  2.7850000E+03  1.3708390E+07
  2.7949993E+03  5.9610655E+06
  2.8049995E+03  7.5839570E+06
  2.8150002E+03  1.6363457E+07
  2.8250007E+03  1.9069778E+07
  2.8350000E+03  1.8141458E+07
  2.8450002E+03  1.7276414E+07
  2.8550005E+03  1.6086550E+07
  2.8650000E+03  1.8751684E+07
  2.8749983E+03  1.8198064E+07
  2.8850000E+03  1.8468608E+07
  2.8949988E+03  1.7448534E+07
  2.9099988E+03  2.0671596E+07
  2.9299983E+03  1.9574130E+07
  2.9499990E+03  1.9366318E+07
  2.9700005E+03  2.0121548E+07
  2.9899980E+03  2.0691456E+07
  3.0099995E+03  2.1263564E+07
  3.0299995E+03  2.0900896E+07
  3.0499995E+03  2.0914410E+07
  3.0699995E+03  2.1165232E+07
  3.0899995E+03  2.1754256E+07
  3.1099995E+03  2.0910964E+07
  3.1299998E+03  2.0855314E+07
  3.1499995E+03  2.1638470E+07
  3.1699995E+03  2.1536498E+07
  3.1899995E+03  2.0073726E+07
  3.2099998E+03  2.0981168E+07
  3.2299993E+03  2.0042918E+07
  3.2499993E+03  2.0945474E+07
  3.2699995E+03  2.1454930E+07
  3.2899995E+03  2.1594780E+07
  3.3099998E+03  2.2118252E+07
  3.3299993E+03  2.1581238E+07
  3.3499995E+03  2.1379038E+07
  3.3699995E+03  2.1135322E+07
  3.3899993E+03  2.1219740E+07
  3.4099993E+03  2.1491880E+07
  3.4299995E+03  2.1706608E+07
  3.4499993E+03  2.1556954E+07
  3.4699998E+03  2.1248784E+07
  3.4899993E+03  2.1159674E+07
  3.5099995E+03  2.1786432E+07
  3.5299995E+03  2.1744334E+07
  3.5499995E+03  2.2308638E+07
  3.5699995E+03  2.1315074E+07
  3.5899995E+03  2.1170904E+07
  3.6099995E+03  2.1298036E+07
  3.6299993E+03  2.1543742E+07
  3.6399993E+03  2.1388568E+07
  3.6499995E+03  2.2245424E+07
  3.6699993E+03  2.0544402E+07
  3.6899995E+03  2.0878156E+07
  3.7099995E+03  2.7011598E+07
  3.7299998E+03  2.8461652E+07
  3.7499993E+03  3.6458392E+07
  3.7699993E+03  3.8842516E+07
  3.7899995E+03  4.8473496E+07
  3.8099993E+03  5.7129856E+07
  3.8299998E+03  4.4597548E+07
  3.8499995E+03  6.3118836E+07
  3.8699995E+03  7.0957712E+07
  3.8899995E+03  4.0105424E+07
  3.9099995E+03  6.8840576E+07
  3.9299993E+03  4.9754952E+07
  3.9499993E+03  6.5137832E+07
  3.9699998E+03  3.4465760E+07
  3.9899995E+03  6.7652984E+07
  4.0099995E+03  7.4739352E+07
  4.0299993E+03  7.4284688E+07
  4.0499993E+03  7.3375960E+07
  4.0699993E+03  7.0423248E+07
  4.0899995E+03  5.7171740E+07
  4.1099995E+03  4.3413708E+07
  4.1299995E+03  6.6905468E+07
  4.1499990E+03  7.0383320E+07
  4.1699990E+03  6.9441152E+07
  4.1899995E+03  6.8610264E+07
  4.2099995E+03  6.8346784E+07
  4.2299995E+03  6.6421864E+07
  4.2499995E+03  6.6426000E+07
  4.2699990E+03  6.3860888E+07
  4.2899995E+03  6.4689496E+07
  4.3100000E+03  5.9616620E+07
  4.3299995E+03  4.7326484E+07
  4.3499995E+03  4.0258524E+07
  4.3699995E+03  6.0294968E+07
  4.3899995E+03  6.1068296E+07
  4.4099995E+03  5.9876388E+07
  4.4299995E+03  5.9312008E+07
  4.4499995E+03  5.9877784E+07
  4.4699995E+03  5.9277172E+07
  4.4899995E+03  5.8524144E+07
  4.5099990E+03  5.9808404E+07
  4.5299995E+03  5.7374000E+07
  4.5499990E+03  5.6126464E+07
  4.5699995E+03  5.7916336E+07
  4.5899990E+03  5.5585224E+07
  4.6099990E+03  5.6600120E+07
  4.6299990E+03  5.4781828E+07
  4.6499990E+03  5.5100876E+07
  4.6699990E+03  5.4662744E+07
  4.6899990E+03  5.3140788E+07
  4.7099995E+03  5.0953156E+07
  4.7299990E+03  5.2772856E+07
  4.7499995E+03  5.2584840E+07
  4.7699995E+03  5.1624896E+07
  4.7899990E+03  5.1068276E+07
  4.8099995E+03  4.9954036E+07
  4.8299995E+03  4.8055516E+07
  4.8499990E+03  3.7955996E+07
  4.8700000E+03  3.0234710E+07
  4.8899990E+03  4.5070092E+07
  4.9099990E+03  4.6891428E+07
  4.9299990E+03  4.6161436E+07
  4.9499995E+03  4.6708600E+07
  4.9699995E+03  4.6826064E+07
  4.9899990E+03  4.5088272E+07
  5.0099995E+03  4.3537260E+07
  5.0299995E+03  4.4464832E+07
  5.0499995E+03  4.3587436E+07
  5.0699995E+03  4.4106004E+07
  5.0899995E+03  4.3486704E+07
  5.1099990E+03  4.3230652E+07
  5.1299995E+03  4.2291552E+07
  5.1499985E+03  4.1324536E+07
  5.1700000E+03  4.0520548E+07
  5.1899990E+03  4.0136144E+07
  5.2099990E+03  4.0117268E+07
  5.2299995E+03  3.9589276E+07
  5.2499995E+03  4.0096020E+07
  5.2699995E+03  3.7978648E+07
  5.2899990E+03  3.9168852E+07
  5.3099995E+03  3.8444112E+07
  5.3299990E+03  3.7451984E+07
  5.3499995E+03  3.8153068E+07
  5.3699995E+03  3.7544104E+07
  5.3899995E+03  3.7144108E+07
  5.4099990E+03  3.6383428E+07
  5.4299990E+03  3.6358672E+07
  5.4499990E+03  3.6460132E+07
  5.4699995E+03  3.5953508E+07
  5.4899995E+03  3.5884520E+07
  5.5099995E+03  3.5448280E+07
  5.5299985E+03  3.4979232E+07
  5.5499990E+03  3.4914700E+07
  5.5699990E+03  3.4301340E+07
  5.5899995E+03  3.4053920E+07
  5.6099990E+03  3.3889356E+07
  5.6299995E+03  3.3703672E+07
  5.6499990E+03  3.3302632E+07
  5.6699990E+03  3.2798582E+07
  5.6899995E+03  3.2742958E+07
  5.7099995E+03  3.2406524E+07
  5.7299990E+03  3.2412480E+07
  5.7499990E+03  3.1903672E+07
  5.7699990E+03  3.1696464E+07
  5.7899995E+03  3.1329526E+07
  5.8099985E+03  3.1088542E+07
  5.8300000E+03  3.0855642E+07
  5.8499990E+03  3.0525046E+07
  5.8699985E+03  3.0239764E+07
  5.8899985E+03  2.9596036E+07
  5.9099995E+03  2.9682962E+07
  5.9299985E+03  2.9428444E+07
  5.9499995E+03  2.9129836E+07
  5.9699990E+03  2.8909630E+07
  5.9899990E+03  2.8519500E+07
  6.0099990E+03  2.8153738E+07
  6.0299995E+03  2.8048098E+07
  6.0499990E+03  2.7839296E+07
  6.0699990E+03  2.7679658E+07
  6.0899995E+03  2.7327498E+07
  6.1099985E+03  2.7025776E+07
  6.1299995E+03  2.6592048E+07
  6.1499985E+03  2.6029928E+07
  6.1699985E+03  2.6152394E+07
  6.1900000E+03  2.6164568E+07
  6.2099995E+03  2.5959192E+07
  6.2299985E+03  2.5583136E+07
  6.2499990E+03  2.4885362E+07
  6.2699985E+03  2.5305672E+07
  6.2900000E+03  2.5094522E+07
  6.3099985E+03  2.4643338E+07
  6.3299995E+03  2.4545204E+07
  6.3499985E+03  2.4131104E+07
  6.3699985E+03  2.3994668E+07
  6.3899995E+03  2.3901898E+07
  6.4099990E+03  2.3499002E+07
  6.4299985E+03  2.3443260E+07
  6.4499985E+03  2.2989306E+07
  6.4699990E+03  2.3060682E+07
  6.4899990E+03  2.2578890E+07
  6.5099985E+03  2.2444818E+07
  6.5299990E+03  2.1897592E+07
  6.5499985E+03  1.9205248E+07
  6.5699985E+03  1.5230826E+07
  6.5899995E+03  2.0733806E+07
  6.6099985E+03  2.1491472E+07
  6.6299990E+03  2.1517126E+07
  6.6499985E+03  2.1387898E+07
  6.6699995E+03  2.1214942E+07
  6.6899990E+03  2.1115222E+07
  6.7099995E+03  2.0937656E+07
  6.7299990E+03  2.0742698E+07
  6.7499995E+03  2.0542234E+07
  6.7699985E+03  2.0467902E+07
  6.7899995E+03  2.0282942E+07
  6.8099995E+03  2.0117680E+07
  6.8300000E+03  1.9907962E+07
  6.8499985E+03  1.9746928E+07
  6.8699985E+03  1.9633716E+07
  6.8899985E+03  1.9481806E+07
  6.9099990E+03  1.9313962E+07
  6.9299995E+03  1.9147728E+07
  6.9499990E+03  1.9000250E+07
  6.9699985E+03  1.8827002E+07
  6.9899985E+03  1.8709398E+07
  7.0099985E+03  1.8421860E+07
  7.0299985E+03  1.8344636E+07
  7.0499990E+03  1.8233874E+07
  7.0699980E+03  1.8106748E+07
  7.0899990E+03  1.7965760E+07
  7.1099990E+03  1.7462400E+07
  7.1299995E+03  1.7560954E+07
  7.1499990E+03  1.7477584E+07
  7.1699995E+03  1.7330386E+07
  7.1899985E+03  1.7167066E+07
  7.2099985E+03  1.7066158E+07
  7.2299980E+03  1.6901244E+07
  7.2499990E+03  1.6771567E+07
  7.2699995E+03  1.6707925E+07
  7.2899990E+03  1.6488778E+07
  7.3099980E+03  1.6374708E+07
  7.3299980E+03  1.6280564E+07
  7.3499980E+03  1.6193479E+07
  7.3699985E+03  1.6091140E+07
  7.3899995E+03  1.5897924E+07
  7.4099985E+03  1.5648930E+07
  7.4299995E+03  1.5557966E+07
  7.4500000E+03  1.5477939E+07
  7.4700000E+03  1.5279046E+07
  7.4899990E+03  1.5228453E+07
  7.5099985E+03  1.5164818E+07
  7.5299995E+03  1.5086360E+07
  7.5499980E+03  1.5025708E+07
  7.5699985E+03  1.4884618E+07
  7.5899990E+03  1.4778810E+07
  7.6099980E+03  1.4671310E+07
  7.6299995E+03  1.4563431E+07
  7.6499995E+03  1.4417857E+07
  7.6699980E+03  1.4247991E+07
  7.6899990E+03  1.4202003E+07
  7.7099995E+03  1.4054266E+07
  7.7299985E+03  1.4023251E+07
  7.7499990E+03  1.3893258E+07
  7.7700000E+03  1.3507323E+07
  7.7900000E+03  1.3731697E+07
  7.8099995E+03  1.3613905E+07
  7.8299980E+03  1.3458423E+07
  7.8499980E+03  1.3305565E+07
  7.8699995E+03  1.3243492E+07
  7.8900000E+03  1.3115918E+07
  7.9099995E+03  1.3026797E+07
  7.9300000E+03  1.2940800E+07
  7.9499985E+03  1.2804844E+07
  7.9699990E+03  1.2843855E+07
  7.9900000E+03  1.2599056E+07
  8.0099980E+03  1.2617254E+07
  8.0299985E+03  1.2512998E+07
  8.0500000E+03  1.2441593E+07
  8.0699985E+03  1.2347611E+07
  8.0899990E+03  1.2256701E+07
  8.1099995E+03  1.2203195E+07
  8.1299976E+03  1.2127275E+07
  8.1499976E+03  1.2037767E+07
  8.1699980E+03  1.1952940E+07
  8.1899985E+03  1.1687943E+07
  8.2099990E+03  1.1670750E+07
  8.2300000E+03  1.1587951E+07
  8.2500000E+03  1.1534601E+07
  8.2700000E+03  1.1582987E+07
  8.2899980E+03  1.1446042E+07
  8.3099990E+03  1.1292812E+07
  8.3299980E+03  1.1000849E+07
  8.3500000E+03  1.0915788E+07
  8.3699990E+03  1.0730325E+07
  8.3899990E+03  1.0553993E+07
  8.4099971E+03  1.0454323E+07
  8.4300000E+03  1.0526697E+07
  8.4499990E+03  1.0427333E+07
  8.4699980E+03  9.9113090E+06
  8.4899980E+03  1.0852494E+07
  8.5099990E+03  9.5790590E+06
  8.5299990E+03  1.1079213E+07
  8.5499990E+03  8.9964500E+06
  8.5699990E+03  1.1323296E+07
  8.5900000E+03  1.0116759E+07
  8.6099980E+03  9.7476260E+06
  8.6299990E+03  1.1394526E+07
  8.6499990E+03  1.0789553E+07
  8.6699990E+03  8.4890230E+06
  8.6899990E+03  1.0809187E+07
  8.7099971E+03  1.1359488E+07
  8.7299990E+03  1.0846792E+07
  8.7499980E+03  8.4698230E+06
  8.7699980E+03  1.0365528E+07
  8.7899980E+03  1.1162432E+07
  8.8099990E+03  1.1151123E+07
  8.8299980E+03  1.0767270E+07
  8.8499980E+03  9.7576170E+06
  8.8699980E+03  8.2086825E+06
  8.8899990E+03  1.0416014E+07
  8.9099971E+03  1.0760811E+07
  8.9299980E+03  1.0758959E+07
  8.9499980E+03  1.0799818E+07
  8.9699990E+03  1.0610776E+07
  8.9899990E+03  1.0171594E+07
  9.0099980E+03  8.0887555E+06
  9.0299990E+03  8.9649850E+06
  9.0499990E+03  1.0141584E+07
  9.0699980E+03  1.0059816E+07
  9.0899990E+03  9.9549550E+06
  9.1099980E+03  1.0170948E+07
  9.1299980E+03  1.0175699E+07
  9.1499980E+03  1.0149713E+07
  9.1699980E+03  1.0001099E+07
  9.1899990E+03  9.7533150E+06
  9.2099990E+03  9.1127520E+06
  9.2299980E+03  7.1138630E+06
  9.2499980E+03  8.7611240E+06
  9.2699971E+03  9.2568990E+06
  9.2899990E+03  9.6130040E+06
  9.3099980E+03  9.6178200E+06
  9.3299990E+03  9.5519600E+06
  9.3499980E+03  9.5150200E+06
  9.3699990E+03  9.4680060E+06
  9.3900000E+03  9.3294420E+06
  9.4099980E+03  9.0362600E+06
  9.4299971E+03  9.1966650E+06
  9.4499990E+03  9.1468070E+06
  9.4700000E+03  9.0968680E+06
  9.4899980E+03  9.0004240E+06
  9.5100000E+03  8.7759860E+06
  9.5300000E+03  8.1144875E+06
  9.5500000E+03  6.5005315E+06
  9.5699990E+03  8.1545715E+06
  9.5899980E+03  8.5908570E+06
  9.6099980E+03  8.5849150E+06
  9.6299990E+03  8.4684510E+06
  9.6499990E+03  8.5596060E+06
  9.6699980E+03  8.4327820E+06
  9.6899980E+03  8.4272960E+06
  9.7100000E+03  8.4681320E+06
  9.7299990E+03  8.3991350E+06
  9.7499980E+03  8.3032885E+06
  9.7699961E+03  8.2997210E+06
  9.7899980E+03  8.2461885E+06
  9.8099980E+03  8.1855870E+06
  9.8299990E+03  8.1187820E+06
  9.8499980E+03  8.0147890E+06
  9.8700000E+03  7.9746030E+06
  9.8899980E+03  7.8888485E+06
  9.9099990E+03  7.8673945E+06
  9.9300000E+03  7.8196865E+06
  9.9499980E+03  7.7719225E+06
  9.9699980E+03  7.7369825E+06
  9.9899990E+03  7.6479010E+06
  1.0024998E+04  7.0101920E+06
  1.0074998E+04  6.6483225E+06
  1.0124997E+04  7.2659845E+06
  1.0174997E+04  7.2467850E+06
  1.0224998E+04  7.1714000E+06
  1.0274997E+04  7.0700175E+06
  1.0325000E+04  6.9380950E+06
  1.0374999E+04  6.8377840E+06
  1.0425000E+04  6.7324865E+06
  1.0474998E+04  6.5578145E+06
  1.0524997E+04  6.4806930E+06
  1.0574999E+04  6.4084355E+06
  1.0625000E+04  6.3122200E+06
  1.0674997E+04  6.1061160E+06
  1.0724998E+04  6.0853410E+06
  1.0774999E+04  6.0030365E+06
  1.0824997E+04  5.9078450E+06
  1.0874997E+04  5.7714595E+06
  1.0924999E+04  4.9378590E+06
  1.0974996E+04  5.3677570E+06
  1.1025000E+04  5.5860340E+06
  1.1074998E+04  5.5347900E+06
  1.1124999E+04  5.4471005E+06
  1.1174998E+04  5.3719200E+06
  1.1224999E+04  5.3041365E+06
  1.1274997E+04  5.1253250E+06
  1.1325000E+04  5.0598975E+06
  1.1375000E+04  5.0510340E+06
  1.1425000E+04  4.9512175E+06
  1.1474997E+04  4.9342015E+06
  1.1525000E+04  4.8687885E+06
  1.1574998E+04  4.7911075E+06
  1.1625000E+04  4.6674645E+06
  1.1674998E+04  4.5772705E+06
  1.1724997E+04  4.5977820E+06
  1.1775001E+04  4.4455110E+06
  1.1824999E+04  4.4236235E+06
  1.1875000E+04  4.3354225E+06
  1.1925000E+04  4.3545115E+06
  1.1975001E+04  4.2438750E+06
  1.2024998E+04  4.2175170E+06
  1.2074996E+04  4.1444225E+06
  1.2125000E+04  4.0949340E+06
  1.2175000E+04  4.0542535E+06
  1.2225001E+04  3.9914115E+06
  1.2275001E+04  3.9332085E+06
  1.2324996E+04  3.8820192E+06
  1.2374996E+04  3.8369362E+06
  1.2424998E+04  3.7956235E+06
  1.2475000E+04  3.7316085E+06
  1.2524997E+04  3.6843460E+06
  1.2574997E+04  3.6096012E+06
  1.2624999E+04  3.5796472E+06
  1.2674997E+04  3.5418480E+06
  1.2724999E+04  3.4870795E+06
  1.2774999E+04  3.3610368E+06
  1.2825000E+04  2.8935128E+06
  1.2875001E+04  3.2972105E+06
  1.2924997E+04  3.3069315E+06
  1.2975001E+04  3.2763450E+06
  1.3024998E+04  3.2390272E+06
  1.3074999E+04  3.2008582E+06
  1.3125000E+04  3.1555225E+06
  1.3174998E+04  3.1018840E+06
  1.3224998E+04  3.0784738E+06
  1.3274997E+04  3.0388668E+06
  1.3324997E+04  3.0023125E+06
  1.3374999E+04  2.9628480E+06
  1.3424999E+04  2.9253515E+06
  1.3474999E+04  2.8879138E+06
  1.3525001E+04  2.8439458E+06
  1.3574999E+04  2.8058630E+06
  1.3624997E+04  2.7802342E+06
  1.3674997E+04  2.7410040E+06
  1.3724995E+04  2.6828720E+06
  1.3774998E+04  2.6711728E+06
  1.3824998E+04  2.6400600E+06
  1.3874996E+04  2.6171540E+06
  1.3925000E+04  2.5727455E+06
  1.3974996E+04  2.5487765E+06
  1.4024997E+04  2.5185690E+06
  1.4075001E+04  2.4913875E+06
  1.4124996E+04  2.4556548E+06
  1.4175000E+04  2.4295485E+06
  1.4225000E+04  2.3970460E+06
  1.4274994E+04  2.3666045E+06
  1.4325001E+04  2.3416655E+06
  1.4374998E+04  2.3179300E+06
  1.4424999E+04  2.2443142E+06
  1.4475000E+04  2.2592228E+06
  1.4524997E+04  2.2088755E+06
  1.4569999E+04  2.2073195E+06
  1.4620000E+04  2.2331378E+06
  1.4674998E+04  2.2778332E+06
  1.4725000E+04  2.2210370E+06
  1.4775002E+04  2.1559828E+06
  1.4824998E+04  2.1148968E+06
  1.4874996E+04  2.0608619E+06
  1.4924997E+04  2.0379439E+06
  1.4974999E+04  1.9917659E+06
  1.5024999E+04  1.9528319E+06
  1.5075000E+04  1.9171878E+06
  1.5124999E+04  1.8999224E+06
  1.5175000E+04  1.8764618E+06
  1.5225002E+04  1.8701699E+06
  1.5274998E+04  1.8211341E+06
  1.5324995E+04  1.8038169E+06
  1.5374997E+04  1.8188775E+06
  1.5425001E+04  1.7374354E+06
  1.5474996E+04  1.7842768E+06
  1.5524994E+04  1.7726464E+06
  1.5575001E+04  1.6578506E+06
  1.5624998E+04  1.7870628E+06
  1.5674997E+04  1.6865974E+06
  1.5724994E+04  1.6061116E+06
  1.5774996E+04  1.7273519E+06
  1.5825001E+04  1.7087805E+06
  1.5874995E+04  1.4972722E+06
  1.5925002E+04  1.6368802E+06
  1.5975001E+04  1.6820081E+06
  1.6049998E+04  1.6141161E+06
  1.6150001E+04  1.5011686E+06
  1.6249997E+04  1.5890381E+06
  1.6350000E+04  1.5069461E+06
  1.6449996E+04  1.4025038E+06
  1.6549998E+04  1.4884879E+06
  1.6649994E+04  1.4584320E+06
  1.6749998E+04  1.3803758E+06
  1.6849998E+04  1.2846391E+06
  1.6950000E+04  1.3655632E+06
  1.7049996E+04  1.3352075E+06
  1.7150000E+04  1.3125086E+06
  1.7249992E+04  1.2693564E+06
  1.7349994E+04  1.1299025E+06
  1.7449992E+04  1.2032479E+06
  1.7550000E+04  1.1978545E+06
  1.7649998E+04  1.1730972E+06
  1.7749994E+04  1.1527066E+06
  1.7849994E+04  1.1280271E+06
  1.7949998E+04  1.1098106E+06
  1.8050002E+04  1.0769761E+06
  1.8150002E+04  9.7122750E+05
  1.8249994E+04  1.0164233E+06
  1.8349992E+04  1.0203006E+06
  1.8449992E+04  1.0013351E+06
  1.8549998E+04  9.7832738E+05
  1.8650002E+04  9.5495294E+05
  1.8750002E+04  8.5444769E+05
  1.8850000E+04  9.1364438E+05
  1.8950004E+04  9.0088975E+05
  1.9049996E+04  8.9172725E+05
  1.9149998E+04  8.7398362E+05
  1.9249992E+04  8.5619425E+05
  1.9350000E+04  8.3278750E+05
  1.9449992E+04  7.4751638E+05
  1.9550002E+04  8.0220319E+05
  1.9649992E+04  7.9395256E+05
  1.9749992E+04  7.7776200E+05
  1.9849992E+04  7.6532731E+05
  1.9950002E+04  7.5129350E+05
  2.0050002E+04  7.3779219E+05
  2.0149996E+04  7.2463294E+05
  2.0249994E+04  7.1069531E+05
  2.0349994E+04  6.9714144E+05
  2.0449996E+04  6.8594394E+05
  2.0550000E+04  6.7337844E+05
  2.0649992E+04  6.6022031E+05
  2.0749998E+04  6.4884931E+05
  2.0849992E+04  6.3765769E+05
  2.0950004E+04  6.2616788E+05
  2.1050002E+04  6.1510594E+05
  2.1149992E+04  6.0270081E+05
  2.1250000E+04  5.9241100E+05
  2.1350002E+04  5.8215506E+05
  2.1449996E+04  5.7334206E+05
  2.1550006E+04  5.5978269E+05
  2.1649994E+04  5.0544291E+05
  2.1750002E+04  5.3735081E+05
  2.1849998E+04  5.3430606E+05
  2.1950002E+04  5.2684475E+05
  2.2050000E+04  5.1687009E+05
  2.2149996E+04  5.0759891E+05
  2.2249998E+04  5.0074822E+05
  2.2350004E+04  4.9237034E+05
  2.2449990E+04  4.8422703E+05
  2.2549994E+04  4.7492600E+05
  2.2650000E+04  4.6813450E+05
  2.2750000E+04  4.6062150E+05
  2.2850000E+04  4.5518444E+05
  2.2950004E+04  4.5498847E+05
  2.3050000E+04  4.4672397E+05
  2.3149996E+04  4.3755166E+05
  2.3250000E+04  4.2911931E+05
  2.3349996E+04  4.2053206E+05
  2.3449994E+04  4.1267134E+05
  2.3550002E+04  4.0511859E+05
  2.3649988E+04  3.9747716E+05
  2.3750000E+04  3.9030956E+05
  2.3849990E+04  3.8338784E+05
  2.3950002E+04  3.7718447E+05
  2.4050006E+04  3.7057612E+05
  2.4149992E+04  3.6394181E+05
  2.4249990E+04  3.6051081E+05
  2.4349990E+04  3.5325428E+05
  2.4450002E+04  3.4694197E+05
  2.4549990E+04  3.4471550E+05
  2.4649992E+04  3.3701372E+05
  2.4749992E+04  3.3232784E+05
  2.4850006E+04  3.3224488E+05
  2.4950000E+04  3.1517747E+05
  2.5050006E+04  3.2697278E+05
  2.5149994E+04  3.1944647E+05
  2.5249998E+04  2.9956647E+05
  2.5350004E+04  3.0845756E+05
  2.5449988E+04  3.0680647E+05
  2.5549998E+04  2.9909997E+05
  2.5649990E+04  2.7950262E+05
  2.5749990E+04  2.9151181E+05
  2.5849994E+04  2.8890550E+05
  2.5949990E+04  2.8527344E+05
  2.6049996E+04  2.7607562E+05
  2.6149998E+04  2.5840459E+05
  2.6249988E+04  2.4903697E+05
  2.6350008E+04  2.6561434E+05
  2.6449996E+04  2.6534388E+05
  2.6549994E+04  2.6144089E+05
  2.6649994E+04  2.5526020E+05
  2.6749988E+04  2.3557073E+05
  2.6849986E+04  2.4855580E+05
  2.6949986E+04  2.4787655E+05
  2.7050002E+04  2.4466709E+05
  2.7149998E+04  2.4146775E+05
  2.7249994E+04  2.3807534E+05
  2.7350006E+04  2.3459475E+05
  2.7450004E+04  2.3017380E+05
  2.7549996E+04  2.1237948E+05
  2.7649982E+04  2.1858277E+05
  2.7750004E+04  2.2145206E+05
  2.7850000E+04  2.1916520E+05
  2.7949992E+04  2.1631711E+05
  2.8049994E+04  2.1338409E+05
  2.8150002E+04  2.1047766E+05
  2.8250006E+04  2.0765417E+05
  2.8350000E+04  2.0494038E+05
  2.8450000E+04  2.0183128E+05
  2.8550002E+04  1.9894084E+05
  2.8650002E+04  1.9286383E+05
  2.8749982E+04  1.7908641E+05
  2.8849998E+04  1.9012216E+05
  2.8949986E+04  1.8879317E+05
  2.9049994E+04  1.8675447E+05
  2.9149986E+04  1.8389262E+05
  2.9249984E+04  1.8186242E+05
  2.9349980E+04  1.7957569E+05
  2.9450000E+04  1.7725034E+05
  2.9550004E+04  1.7500428E+05
  2.9649982E+04  1.7276758E+05
  2.9749992E+04  1.7054381E+05
  2.9849994E+04  1.6839675E+05
  2.9949984E+04  1.6619064E+05
  3.0049996E+04  1.6408912E+05
  3.0149994E+04  1.6185447E+05
  3.0249994E+04  1.5915580E+05
  3.0349996E+04  1.4823152E+05
  3.0449996E+04  1.5026214E+05
  3.0549996E+04  1.5344981E+05
  3.0649996E+04  1.5211327E+05
  3.0749994E+04  1.5028888E+05
  3.0849996E+04  1.4816420E+05
  3.0949994E+04  1.4652006E+05
  3.1049996E+04  1.4467905E+05
  3.1149996E+04  1.4266452E+05
  3.1249996E+04  1.4108552E+05
  3.1349996E+04  1.3946242E+05
  3.1449996E+04  1.3769711E+05
  3.1549998E+04  1.3618598E+05
  3.1649996E+04  1.3463478E+05
  3.1749998E+04  1.3286117E+05
  3.1849996E+04  1.3143400E+05
  3.1949994E+04  1.2984492E+05
  3.2099996E+04  1.2750816E+05
  3.2299992E+04  1.2456544E+05
  3.2499994E+04  1.2164245E+05
  3.2699996E+04  1.1866517E+05
  3.2899996E+04  1.1048159E+05
  3.3099996E+04  1.1267848E+05
  3.3299992E+04  1.1135626E+05
  3.3499996E+04  1.0880193E+05
  3.3699996E+04  1.0596853E+05
  3.3899996E+04  1.0346629E+05
  3.4099996E+04  1.0106391E+05
  3.4299996E+04  9.8793609E+04
  3.4499992E+04  9.6635508E+04
  3.4699996E+04  9.4357711E+04
  3.4899996E+04  9.2246266E+04
  3.5099996E+04  9.0228680E+04
  3.5299996E+04  8.8287039E+04
  3.5499996E+04  8.6287641E+04
  3.5699992E+04  8.4280109E+04
  3.5899992E+04  8.2972438E+04
  3.6099996E+04  8.0610203E+04
  3.6299992E+04  7.9627188E+04
  3.6499992E+04  7.7108344E+04
  3.6699992E+04  7.6493984E+04
  3.6899992E+04  7.3514445E+04
  3.7099996E+04  7.3186523E+04
  3.7299996E+04  7.0261914E+04
  3.7499992E+04  6.7175711E+04
  3.7699996E+04  6.8898133E+04
  3.7899996E+04  6.7727031E+04
  3.8099992E+04  6.5195988E+04
  3.8299996E+04  6.4175270E+04
  3.8499996E+04  6.3858449E+04
  3.8699996E+04  6.2523469E+04
  3.8899992E+04  6.0993426E+04
  3.9099996E+04  5.8170484E+04
  3.9299992E+04  5.8887352E+04
  3.9499992E+04  5.7853074E+04
  3.9699992E+04  5.6772070E+04
  3.9900000E+04  5.5553574E+04
  4.0099996E+04  5.3552930E+04
  4.0299992E+04  5.2118051E+04
  4.0499996E+04  5.0345918E+04
  4.0699992E+04  5.1369293E+04
  4.0899992E+04  5.0516805E+04
  4.1099996E+04  4.9653891E+04
  4.1299996E+04  4.8723574E+04
  4.1499992E+04  4.7638234E+04
  4.1699992E+04  4.5013688E+04
  4.1899996E+04  4.5859629E+04
  4.2099996E+04  4.5159254E+04
  4.2299992E+04  4.4425828E+04
  4.2499996E+04  4.3612391E+04
  4.2699992E+04  4.2834953E+04
  4.2899992E+04  4.2068031E+04
  4.3099996E+04  4.1313461E+04
  4.3299996E+04  4.0569000E+04
  4.3499992E+04  3.9802613E+04
  4.3699996E+04  3.7665613E+04
  4.3899996E+04  3.8034754E+04
  4.4099992E+04  3.7758352E+04
  4.4299992E+04  3.7130242E+04
  4.4499996E+04  3.6483324E+04
  4.4699996E+04  3.6012402E+04
  4.4899996E+04  3.5383957E+04
  4.5099992E+04  3.4794855E+04
  4.5299992E+04  3.4194562E+04
  4.5499996E+04  3.3618004E+04
  4.5699992E+04  3.3037590E+04
  4.5899996E+04  3.2476711E+04
  4.6099996E+04  3.1949127E+04
  4.6299992E+04  3.1318713E+04
  4.6499988E+04  2.9488768E+04
  4.6699992E+04  2.8899879E+04
  4.6899992E+04  2.9666143E+04
  4.7099992E+04  2.9377377E+04
  4.7299992E+04  2.8910562E+04
  4.7499996E+04  2.8422164E+04
  4.7699992E+04  2.7970730E+04
  4.7899992E+04  2.7527473E+04
  4.8099996E+04  2.7084084E+04
  4.8299992E+04  2.6648703E+04
  4.8499992E+04  2.6224371E+04
  4.8700000E+04  2.5807678E+04
  4.8899992E+04  2.5400076E+04
  4.9099988E+04  2.4991990E+04
  4.9299988E+04  2.4605172E+04
  4.9499996E+04  2.4219158E+04
  4.9699992E+04  2.3841609E+04
  4.9899988E+04  2.3467812E+04
  5.0099996E+04  2.3108203E+04
  5.0299996E+04  2.2749104E+04
  5.0499996E+04  2.2403818E+04
  5.0699996E+04  2.2063262E+04
  5.0899992E+04  2.1723000E+04
  5.1099992E+04  2.1274838E+04
  5.1299996E+04  2.0108635E+04
  5.1499988E+04  2.0682859E+04
  5.1699996E+04  2.0444213E+04
  5.1899992E+04  2.0140098E+04
  5.2099992E+04  1.9837264E+04
  5.2299996E+04  1.9545346E+04
  5.2499996E+04  1.9257297E+04
  5.2699996E+04  1.8973049E+04
  5.2899992E+04  1.8695232E+04
  5.3099988E+04  1.8421059E+04
  5.3299988E+04  1.8153115E+04
  5.3499992E+04  1.7889971E+04
  5.3699992E+04  1.7626316E+04
  5.3899992E+04  1.7376451E+04
  5.4099992E+04  1.7128506E+04
  5.4299984E+04  1.6879904E+04
  5.4499988E+04  1.6639551E+04
  5.4699996E+04  1.6397217E+04
  5.4899992E+04  1.6172973E+04
  5.5099992E+04  1.5945339E+04
  5.5299988E+04  1.5719340E+04
  5.5499988E+04  1.5499845E+04
  5.5699992E+04  1.5278230E+04
  5.5899992E+04  1.5058185E+04
  5.6099988E+04  1.4860037E+04
  5.6299996E+04  1.4655991E+04
  5.6499988E+04  1.4455649E+04
  5.6699988E+04  1.4256587E+04
  5.6899992E+04  1.4062284E+04
  5.7099996E+04  1.3871509E+04
  5.7299988E+04  1.3681904E+04
  5.7499988E+04  1.3498014E+04
  5.7699988E+04  1.3315209E+04
  5.7899996E+04  1.3134600E+04
  5.8099988E+04  1.2960628E+04
  5.8299996E+04  1.2788723E+04
  5.8499992E+04  1.2645287E+04
  5.8699988E+04  1.2473985E+04
  5.8899988E+04  1.2226526E+04
  5.9099992E+04  1.1595987E+04
  5.9299988E+04  1.1942148E+04
  5.9499996E+04  1.1818367E+04
  5.9699988E+04  1.1678011E+04
  5.9899992E+04  1.1525607E+04
  6.0099992E+04  1.1374973E+04
  6.0299992E+04  1.1230223E+04
  6.0499988E+04  1.1086108E+04
  6.0699992E+04  1.0942622E+04
  6.0899992E+04  1.0800778E+04
  6.1099988E+04  1.0657527E+04
  6.1299992E+04  1.0528945E+04
  6.1499988E+04  1.0394837E+04
  6.1699988E+04  1.0264222E+04
  6.1899996E+04  1.0134089E+04
  6.2099996E+04  1.0008350E+04
  6.2299988E+04  9.8781934E+03
  6.2499992E+04  9.7581709E+03
  6.2699988E+04  9.6346875E+03
  6.2899996E+04  9.5178076E+03
  6.3099984E+04  9.3969238E+03
  6.3299996E+04  9.2819727E+03
  6.3499984E+04  9.1685684E+03
  6.3699984E+04  9.0576064E+03
  6.3900000E+04  8.9460039E+03
  6.4199992E+04  8.7844424E+03
  6.4599984E+04  8.5721797E+03
  6.4999992E+04  8.3668633E+03
  6.5399992E+04  8.1689976E+03
  6.5799992E+04  7.9752236E+03
  6.6199984E+04  7.7868999E+03
  6.6599984E+04  7.6053970E+03
  6.6999992E+04  7.4290859E+03
  6.7399992E+04  7.2571602E+03
  6.7799992E+04  7.0908110E+03
  6.8199992E+04  6.9289883E+03
  6.8599992E+04  6.7710864E+03
  6.8999984E+04  6.6159756E+03
  6.9399984E+04  6.4676558E+03
  6.9800000E+04  6.3236812E+03
  7.0199992E+04  6.1837080E+03
  7.0599984E+04  6.0467207E+03
  7.0999977E+04  5.9160044E+03
  7.1399977E+04  5.7854653E+03
  7.1799984E+04  5.6599424E+03
  7.2199984E+04  5.5340928E+03
  7.2600000E+04  5.4178833E+03
  7.2999984E+04  5.3034609E+03
  7.3400000E+04  5.1900815E+03
  7.3799984E+04  5.0807827E+03
  7.4199992E+04  4.9691509E+03
  7.4599992E+04  4.7708677E+03
  7.5000000E+04  4.6478472E+03
  7.5399992E+04  4.6647319E+03
  7.5799992E+04  4.5736006E+03
  7.6199984E+04  4.4805532E+03
  7.6599992E+04  4.3892563E+03
  7.6999992E+04  4.3004375E+03
  7.7399992E+04  4.2139072E+03
  7.7799984E+04  4.1294854E+03
  7.8199984E+04  4.0470581E+03
  7.8599984E+04  3.9665784E+03
  7.8999984E+04  3.8881812E+03
  7.9399984E+04  3.8116357E+03
  7.9800000E+04  3.7368984E+03
  8.0199992E+04  3.6639875E+03
  8.0599984E+04  3.5929167E+03
  8.0999992E+04  3.5238123E+03
  8.1399977E+04  3.4557776E+03
  8.1799984E+04  3.3898010E+03
  8.2199984E+04  3.3255559E+03
  8.2599992E+04  3.2626130E+03
  8.2999984E+04  3.2010012E+03
  8.3400000E+04  3.1398750E+03
  8.3799992E+04  3.0806274E+03
  8.4199992E+04  3.0241140E+03
  8.4599977E+04  2.9689514E+03
  8.4999977E+04  2.9144812E+03
  8.5399984E+04  2.8607947E+03
  8.5799984E+04  2.8086465E+03
  8.6199992E+04  2.7574924E+03
  8.6599992E+04  2.7079658E+03
  8.6999984E+04  2.6592312E+03
  8.7399992E+04  2.6114209E+03
  8.7799992E+04  2.5649561E+03
  8.8199984E+04  2.5190315E+03
  8.8599977E+04  2.4745020E+03
  8.8999992E+04  2.4310007E+03
  8.9399977E+04  2.3885093E+03
  8.9799977E+04  2.3466289E+03
  9.0199984E+04  2.3059512E+03
  9.0599984E+04  2.2662205E+03
  9.0999992E+04  2.2268696E+03
  9.1400000E+04  2.1887959E+03
  9.1799969E+04  2.1515251E+03
  9.2199969E+04  2.1149045E+03
  9.2599984E+04  2.0790981E+03
  9.3000000E+04  2.0440020E+03
  9.3399984E+04  2.0096901E+03
  9.3799984E+04  1.9760587E+03
  9.4199977E+04  1.9431372E+03
  9.4599984E+04  1.9108265E+03
  9.4999969E+04  1.8792831E+03
  9.5399984E+04  1.8481165E+03
  9.5799984E+04  1.8181432E+03
  9.6199992E+04  1.7883589E+03
  9.6599984E+04  1.7593685E+03
  9.7000000E+04  1.7308738E+03
  9.7399977E+04  1.7027881E+03
  9.7799984E+04  1.6755354E+03
  9.8199977E+04  1.6486696E+03
  9.8599977E+04  1.6224935E+03
  9.8999992E+04  1.5967623E+03
  9.9399984E+04  1.5715070E+03
  9.9799977E+04  1.5466046E+03
  1.0019999E+05  1.5223484E+03
  1.9999991E+05  9.7639862E+01
  3.9999994E+05  6.0797663E+00
  5.9999981E+05  1.1908957E+00
  7.9999994E+05  3.7389579E-01
