  5.0599994E+02  3.6689530E-14
  5.1199994E+02  7.3480088E-14
  5.2000000E+02  1.5793806E-13
  5.2999994E+02  3.9694441E-13
  5.3999994E+02  9.5180656E-13
  5.4999988E+02  2.2256524E-12
  5.5999988E+02  5.0307575E-12
  5.6999988E+02  1.1037388E-11
  5.7999994E+02  2.3419268E-11
  5.8999988E+02  4.9024017E-11
  5.9999988E+02  9.9574765E-11
  6.0999988E+02  1.9794436E-10
  6.1999994E+02  3.8503412E-10
  6.2999988E+02  7.3440665E-10
  6.3999994E+02  1.3753149E-09
  6.4999994E+02  2.5336082E-09
  6.5799994E+02  4.0813246E-09
  6.6499988E+02  6.1383925E-09
  6.7499994E+02  1.0877200E-08
  6.8499988E+02  1.9017907E-08
  6.9499994E+02  3.2799040E-08
  7.0499988E+02  5.5724900E-08
  7.1599988E+02  9.8979022E-08
  7.2599994E+02  1.6453785E-07
  7.3499982E+02  2.5759908E-07
  7.4499994E+02  4.1956670E-07
  7.5499982E+02  6.7676820E-07
  7.6499994E+02  1.0810336E-06
  7.7499994E+02  1.7102822E-06
  7.8499982E+02  2.6813489E-06
  7.9499982E+02  4.1482526E-06
  8.0500000E+02  6.4001442E-06
  8.1499976E+02  9.7781331E-06
  8.2500000E+02  1.4794226E-05
  8.3499994E+02  2.2193062E-05
  8.4499994E+02  3.3021031E-05
  8.5499988E+02  4.8731414E-05
  8.6499994E+02  7.1341252E-05
  8.7499982E+02  1.0355887E-04
  8.8499982E+02  1.4936089E-04
  8.9499988E+02  2.1368236E-04
  9.0499994E+02  3.0319876E-04
  9.1499982E+02  1.3565049E-01
  9.2499988E+02  3.4297737E-01
  9.3499982E+02  4.3778571E-01
  9.4500000E+02  5.6672895E-01
  9.5500000E+02  8.1073862E-01
  9.6499988E+02  1.0549619E+00
  9.7499982E+02  1.2863122E+00
  9.8499976E+02  1.6730454E+00
  9.9499988E+02  2.0116279E+00
  1.0049999E+03  2.7648914E+00
  1.0149997E+03  3.4863620E+00
  1.0249998E+03  3.4874425E+00
  1.0349998E+03  5.2907410E+00
  1.0449998E+03  6.6951408E+00
  1.0549999E+03  8.2337856E+00
  1.0649999E+03  9.7064266E+00
  1.0750000E+03  1.2100118E+01
  1.0849996E+03  1.4637306E+01
  1.0949999E+03  1.7043125E+01
  1.1049999E+03  9.0056183E+01
  1.1149999E+03  1.6738103E+02
  1.1249999E+03  2.2833337E+02
  1.1349996E+03  2.7567789E+02
  1.1449999E+03  3.3727167E+02
  1.1549999E+03  3.5628003E+02
  1.1650000E+03  4.5691776E+02
  1.1749995E+03  5.0500339E+02
  1.1849996E+03  4.6939233E+02
  1.1949998E+03  2.3821098E+02
  1.2049996E+03  2.2489185E+02
  1.2149998E+03  4.5716595E+01
  1.2249996E+03  2.7271658E+02
  1.2349996E+03  6.9911371E+02
  1.2449998E+03  1.7358613E+03
  1.2549996E+03  3.0724199E+03
  1.2650000E+03  3.1855359E+03
  1.2749998E+03  5.8467358E+03
  1.2849995E+03  9.0869092E+03
  1.2949998E+03  1.1838052E+04
  1.3049995E+03  8.1796157E+03
  1.3149998E+03  1.8015697E+04
  1.3249998E+03  2.4902744E+04
  1.3349996E+03  2.6118562E+04
  1.3449995E+03  4.6073699E+04
  1.3549996E+03  5.0090879E+04
  1.3649999E+03  5.4556008E+04
  1.3749999E+03  6.5960297E+04
  1.3849996E+03  7.1949961E+04
  1.3949999E+03  8.6823664E+04
  1.4050001E+03  1.0441706E+05
  1.4149998E+03  1.0439530E+05
  1.4249998E+03  1.3669906E+05
  1.4350000E+03  1.3211656E+05
  1.4419998E+03  1.7373253E+05
  1.4469999E+03  3.3252334E+05
  1.4549994E+03  3.9833250E+05
  1.4650000E+03  3.5643703E+05
  1.4749995E+03  3.8540428E+05
  1.4849996E+03  4.9423034E+05
  1.4949998E+03  5.9858600E+05
  1.5049996E+03  7.0036669E+05
  1.5119995E+03  5.9948888E+05
  1.5169994E+03  5.8937200E+05
  1.5250001E+03  1.7838574E+06
  1.5349994E+03  1.9469624E+06
  1.5449994E+03  3.9347470E+06
  1.5549998E+03  3.1362942E+06
  1.5649999E+03  2.4633832E+06
  1.5750001E+03  4.1805300E+06
  1.5850000E+03  5.0606965E+06
  1.5949996E+03  6.7728380E+06
  1.6049999E+03  5.4634545E+06
  1.6150000E+03  4.6395695E+06
  1.6249996E+03  3.5816850E+06
  1.6350000E+03  4.1222935E+06
  1.6449996E+03  5.5355320E+06
  1.6549999E+03  3.2054340E+06
  1.6649993E+03  5.2101040E+06
  1.6720000E+03  1.4072990E+06
  1.6770001E+03  7.9593600E+06
  1.6849998E+03  9.4136000E+06
  1.6950000E+03  8.4079050E+06
  1.7049995E+03  7.0320340E+06
  1.7150000E+03  8.5208670E+06
  1.7249993E+03  8.9394290E+06
  1.7349994E+03  1.0887153E+07
  1.7449993E+03  9.8843120E+06
  1.7550001E+03  1.2821048E+07
  1.7649998E+03  9.4802900E+06
  1.7749995E+03  1.2057855E+07
  1.7849995E+03  1.0512669E+07
  1.7949999E+03  1.4913696E+07
  1.8050001E+03  1.4402005E+07
  1.8150001E+03  1.5426241E+07
  1.8249994E+03  1.3539491E+07
  1.8349993E+03  1.1921073E+07
  1.8449993E+03  1.0766591E+07
  1.8549998E+03  1.2390170E+07
  1.8650002E+03  1.3612631E+07
  1.8750001E+03  1.2988815E+07
  1.8850000E+03  1.3345449E+07
  1.8950002E+03  1.4674752E+07
  1.9049996E+03  1.3171556E+07
  1.9149999E+03  1.4077056E+07
  1.9249993E+03  1.4351067E+07
  1.9350001E+03  1.1078946E+07
  1.9449993E+03  1.5323173E+07
  1.9550002E+03  1.5420123E+07
  1.9670002E+03  1.6930684E+07
  1.9759990E+03  1.6696745E+07
  1.9839996E+03  1.6081899E+07
  1.9950001E+03  1.5556702E+07
  2.0050002E+03  1.4442277E+07
  2.0149996E+03  1.3335244E+07
  2.0249994E+03  1.2922736E+07
  2.0349995E+03  1.4561799E+07
  2.0449998E+03  1.6270052E+07
  2.0550000E+03  1.4683846E+07
  2.0649993E+03  1.3890864E+07
  2.0739993E+03  1.7316780E+07
  2.0780002E+03  1.7876580E+07
  2.0849993E+03  1.7020148E+07
  2.0950005E+03  1.6084659E+07
  2.1050002E+03  1.4551450E+07
  2.1149990E+03  1.4760333E+07
  2.1250000E+03  1.5344217E+07
  2.1350002E+03  1.1645250E+07
  2.1449998E+03  1.4180023E+07
  2.1550005E+03  1.4614138E+07
  2.1649995E+03  1.2898492E+07
  2.1750002E+03  1.2915534E+07
  2.1849998E+03  1.3559070E+07
  2.1950000E+03  1.5203735E+07
  2.2050000E+03  1.4112306E+07
  2.2149998E+03  1.1919607E+07
  2.2249998E+03  1.1324917E+07
  2.2350005E+03  1.4478108E+07
  2.2449990E+03  1.2836528E+07
  2.2549993E+03  1.1158955E+07
  2.2650000E+03  1.1312509E+07
  2.2750000E+03  1.2677082E+07
  2.2850000E+03  1.3763404E+07
  2.2950002E+03  1.2349086E+07
  2.3050000E+03  1.2841337E+07
  2.3149995E+03  1.1649487E+07
  2.3250000E+03  5.4784795E+06
  2.3349995E+03  8.0125050E+06
  2.3449993E+03  6.5757770E+06
  2.3550000E+03  1.0610427E+07
  2.3649988E+03  6.5850595E+06
  2.3750000E+03  8.7467170E+06
  2.3849990E+03  5.2849195E+06
  2.3950000E+03  6.9881830E+06
  2.4050005E+03  6.6064745E+06
  2.4149993E+03  7.9174230E+06
  2.4249990E+03  1.1532709E+07
  2.4349990E+03  1.1055677E+07
  2.4450000E+03  1.2061329E+07
  2.4549990E+03  1.1913899E+07
  2.4649990E+03  1.1542147E+07
  2.4749993E+03  1.0775009E+07
  2.4850005E+03  1.1227145E+07
  2.4950000E+03  1.0670125E+07
  2.5050005E+03  1.3708218E+07
  2.5129988E+03  1.0279207E+07
  2.5179990E+03  1.0638904E+07
  2.5249998E+03  9.0217980E+06
  2.5350007E+03  9.1647340E+06
  2.5449988E+03  9.3557710E+06
  2.5550000E+03  1.1092459E+07
  2.5649990E+03  9.9468150E+06
  2.5749990E+03  1.1459454E+07
  2.5849993E+03  1.0790264E+07
  2.5949990E+03  9.7617980E+06
  2.6049995E+03  8.7665350E+06
  2.6149998E+03  8.1261040E+06
  2.6249990E+03  1.0468300E+07
  2.6350007E+03  1.1950555E+07
  2.6449995E+03  1.6375663E+07
  2.6549998E+03  1.6540603E+07
  2.6649995E+03  1.3600049E+07
  2.6749988E+03  1.5011156E+07
  2.6849988E+03  1.4564582E+07
  2.6949988E+03  1.3766825E+07
  2.7050000E+03  1.4559031E+07
  2.7150000E+03  1.2795550E+07
  2.7249995E+03  1.3037675E+07
  2.7350007E+03  1.4250951E+07
  2.7450002E+03  8.9045670E+06
  2.7549998E+03  1.0357892E+07
  2.7649983E+03  1.1679626E+07
  2.7750005E+03  1.3898357E+07
  2.7850000E+03  1.1854408E+07
  2.7949993E+03  5.0033215E+06
  2.8049995E+03  6.4343210E+06
  2.8150002E+03  1.3876063E+07
  2.8250007E+03  1.6204850E+07
  2.8350000E+03  1.5277955E+07
  2.8450002E+03  1.4593120E+07
  2.8550005E+03  1.3633243E+07
  2.8650000E+03  1.5921673E+07
  2.8749983E+03  1.5245043E+07
  2.8850000E+03  1.5593056E+07
  2.8949988E+03  1.4709234E+07
  2.9099988E+03  1.7512910E+07
  2.9299983E+03  1.6604990E+07
  2.9499990E+03  1.6463276E+07
  2.9700005E+03  1.7155400E+07
  2.9899980E+03  1.7715970E+07
  3.0099995E+03  1.8288404E+07
  3.0299995E+03  1.7967752E+07
  3.0499995E+03  1.7911478E+07
  3.0699995E+03  1.8072190E+07
  3.0899995E+03  1.8715722E+07
  3.1099995E+03  1.7931640E+07
  3.1299998E+03  1.7875874E+07
  3.1499995E+03  1.8655740E+07
  3.1699995E+03  1.8589408E+07
  3.1899995E+03  1.7359318E+07
  3.2099998E+03  1.8212368E+07
  3.2299993E+03  1.7531822E+07
  3.2499993E+03  1.8259032E+07
  3.2699995E+03  1.8546520E+07
  3.2899995E+03  1.8775224E+07
  3.3099998E+03  1.9241546E+07
  3.3299993E+03  1.8748498E+07
  3.3499995E+03  1.8584046E+07
  3.3699995E+03  1.8399944E+07
  3.3899993E+03  1.8504414E+07
  3.4099993E+03  1.8955722E+07
  3.4299995E+03  1.9178810E+07
  3.4499993E+03  1.9023246E+07
  3.4699998E+03  1.8734188E+07
  3.4899993E+03  1.8556894E+07
  3.5099995E+03  1.9232496E+07
  3.5299995E+03  1.9327794E+07
  3.5499995E+03  1.9747062E+07
  3.5699995E+03  1.8955042E+07
  3.5899995E+03  1.8907540E+07
  3.6099995E+03  1.9021812E+07
  3.6299993E+03  1.9247930E+07
  3.6399993E+03  1.9112746E+07
  3.6499995E+03  1.9612180E+07
  3.6699993E+03  1.8391506E+07
  3.6899995E+03  2.2244964E+07
  3.7099995E+03  3.2029198E+07
  3.7299998E+03  3.4759988E+07
  3.7499993E+03  4.7292232E+07
  3.7699993E+03  4.9977864E+07
  3.7899995E+03  6.2678256E+07
  3.8099993E+03  7.1159936E+07
  3.8299998E+03  5.5371332E+07
  3.8499995E+03  7.5336456E+07
  3.8699995E+03  8.1170336E+07
  3.8899995E+03  5.0756064E+07
  3.9099995E+03  7.7753688E+07
  3.9299993E+03  5.8097044E+07
  3.9499993E+03  7.5300744E+07
  3.9699998E+03  4.3345732E+07
  3.9899995E+03  7.7023928E+07
  4.0099995E+03  7.9099400E+07
  4.0299993E+03  7.7778096E+07
  4.0499993E+03  7.7030184E+07
  4.0699993E+03  7.5042328E+07
  4.0899995E+03  6.7405280E+07
  4.1099995E+03  5.1765924E+07
  4.1299995E+03  7.2089248E+07
  4.1499990E+03  7.3671048E+07
  4.1699990E+03  7.1772320E+07
  4.1899995E+03  7.1035112E+07
  4.2099995E+03  7.0557352E+07
  4.2299995E+03  6.8887400E+07
  4.2499995E+03  6.8511712E+07
  4.2699990E+03  6.6336224E+07
  4.2899995E+03  6.7299424E+07
  4.3100000E+03  6.3407052E+07
  4.3299995E+03  5.4656624E+07
  4.3499995E+03  4.6725056E+07
  4.3699995E+03  6.4035296E+07
  4.3899995E+03  6.2993776E+07
  4.4099995E+03  6.1499692E+07
  4.4299995E+03  6.1437080E+07
  4.4499995E+03  6.1563348E+07
  4.4699995E+03  6.0862848E+07
  4.4899995E+03  6.0101332E+07
  4.5099990E+03  6.0993796E+07
  4.5299995E+03  5.8705000E+07
  4.5499990E+03  5.7101844E+07
  4.5699995E+03  5.8971596E+07
  4.5899990E+03  5.6554412E+07
  4.6099990E+03  5.8020040E+07
  4.6299990E+03  5.5888996E+07
  4.6499990E+03  5.6416332E+07
  4.6699990E+03  5.5747580E+07
  4.6899990E+03  5.4591468E+07
  4.7099995E+03  5.2381352E+07
  4.7299990E+03  5.3917896E+07
  4.7499995E+03  5.3777028E+07
  4.7699995E+03  5.2822008E+07
  4.7899990E+03  5.2312880E+07
  4.8099995E+03  5.1362552E+07
  4.8299995E+03  5.0280820E+07
  4.8499990E+03  4.2448444E+07
  4.8700000E+03  3.3857980E+07
  4.8899990E+03  4.7899676E+07
  4.9099990E+03  4.8379104E+07
  4.9299990E+03  4.7313108E+07
  4.9499995E+03  4.7606520E+07
  4.9699995E+03  4.7703036E+07
  4.9899990E+03  4.6083812E+07
  5.0099995E+03  4.4400292E+07
  5.0299995E+03  4.5127444E+07
  5.0499995E+03  4.4391052E+07
  5.0699995E+03  4.4708376E+07
  5.0899995E+03  4.4155600E+07
  5.1099990E+03  4.3748604E+07
  5.1299995E+03  4.2758232E+07
  5.1499985E+03  4.1892704E+07
  5.1700000E+03  4.0960304E+07
  5.1899990E+03  4.0648036E+07
  5.2099990E+03  4.0579440E+07
  5.2299995E+03  3.9889532E+07
  5.2499995E+03  4.0377584E+07
  5.2699995E+03  3.8480548E+07
  5.2899990E+03  3.9536380E+07
  5.3099995E+03  3.8575056E+07
  5.3299990E+03  3.7900208E+07
  5.3499995E+03  3.8554512E+07
  5.3699995E+03  3.7861564E+07
  5.3899995E+03  3.7430688E+07
  5.4099990E+03  3.6676912E+07
  5.4299990E+03  3.6496664E+07
  5.4499990E+03  3.6668144E+07
  5.4699995E+03  3.6206584E+07
  5.4899995E+03  3.6095756E+07
  5.5099995E+03  3.5577336E+07
  5.5299985E+03  3.5115972E+07
  5.5499990E+03  3.5082264E+07
  5.5699990E+03  3.4508988E+07
  5.5899995E+03  3.4304688E+07
  5.6099990E+03  3.4068912E+07
  5.6299995E+03  3.3799948E+07
  5.6499990E+03  3.3349842E+07
  5.6699990E+03  3.2909908E+07
  5.6899995E+03  3.2839536E+07
  5.7099995E+03  3.2517450E+07
  5.7299990E+03  3.2374618E+07
  5.7499990E+03  3.1936714E+07
  5.7699990E+03  3.1682886E+07
  5.7899995E+03  3.1313794E+07
  5.8099985E+03  3.1050598E+07
  5.8300000E+03  3.0763648E+07
  5.8499990E+03  3.0489820E+07
  5.8699985E+03  3.0185100E+07
  5.8899985E+03  2.9544994E+07
  5.9099995E+03  2.9602066E+07
  5.9299985E+03  2.9335240E+07
  5.9499995E+03  2.8992562E+07
  5.9699990E+03  2.8788072E+07
  5.9899990E+03  2.8378804E+07
  6.0099990E+03  2.8092196E+07
  6.0299995E+03  2.7952776E+07
  6.0499990E+03  2.7679758E+07
  6.0699990E+03  2.7500722E+07
  6.0899995E+03  2.7184270E+07
  6.1099985E+03  2.6873400E+07
  6.1299995E+03  2.6503822E+07
  6.1499985E+03  2.5850638E+07
  6.1699985E+03  2.6054422E+07
  6.1900000E+03  2.5962022E+07
  6.2099995E+03  2.5763810E+07
  6.2299985E+03  2.5407452E+07
  6.2499990E+03  2.4688618E+07
  6.2699985E+03  2.5087182E+07
  6.2900000E+03  2.4871706E+07
  6.3099985E+03  2.4432342E+07
  6.3299995E+03  2.4343060E+07
  6.3499985E+03  2.3916216E+07
  6.3699985E+03  2.3756988E+07
  6.3899995E+03  2.3669394E+07
  6.4099990E+03  2.3308288E+07
  6.4299985E+03  2.3230950E+07
  6.4499985E+03  2.2758388E+07
  6.4699990E+03  2.2904090E+07
  6.4899990E+03  2.2391956E+07
  6.5099985E+03  2.2285698E+07
  6.5299990E+03  2.1993894E+07
  6.5499985E+03  1.9832222E+07
  6.5699985E+03  1.5657613E+07
  6.5899995E+03  2.1039162E+07
  6.6099985E+03  2.1378516E+07
  6.6299990E+03  2.1313148E+07
  6.6499985E+03  2.1162142E+07
  6.6699995E+03  2.0971064E+07
  6.6899990E+03  2.0836602E+07
  6.7099995E+03  2.0662370E+07
  6.7299990E+03  2.0442432E+07
  6.7499995E+03  2.0280124E+07
  6.7699985E+03  2.0169524E+07
  6.7899995E+03  1.9983052E+07
  6.8099995E+03  1.9821984E+07
  6.8300000E+03  1.9599462E+07
  6.8499985E+03  1.9456284E+07
  6.8699985E+03  1.9327202E+07
  6.8899985E+03  1.9173098E+07
  6.9099990E+03  1.9002306E+07
  6.9299995E+03  1.8834732E+07
  6.9499990E+03  1.8685150E+07
  6.9699985E+03  1.8511384E+07
  6.9899985E+03  1.8389414E+07
  7.0099985E+03  1.8118268E+07
  7.0299985E+03  1.8041242E+07
  7.0499990E+03  1.7916282E+07
  7.0699980E+03  1.7788688E+07
  7.0899990E+03  1.7647992E+07
  7.1099990E+03  1.7182936E+07
  7.1299995E+03  1.7261562E+07
  7.1499990E+03  1.7167340E+07
  7.1699995E+03  1.7034326E+07
  7.1899985E+03  1.6864636E+07
  7.2099985E+03  1.6745839E+07
  7.2299980E+03  1.6568999E+07
  7.2499990E+03  1.6463372E+07
  7.2699995E+03  1.6383602E+07
  7.2899990E+03  1.6183246E+07
  7.3099980E+03  1.6031365E+07
  7.3299980E+03  1.5967140E+07
  7.3499980E+03  1.5855954E+07
  7.3699985E+03  1.5765158E+07
  7.3899995E+03  1.5588878E+07
  7.4099985E+03  1.5358015E+07
  7.4299995E+03  1.5245417E+07
  7.4500000E+03  1.5165027E+07
  7.4700000E+03  1.4964432E+07
  7.4899990E+03  1.4916186E+07
  7.5099985E+03  1.4818145E+07
  7.5299995E+03  1.4761456E+07
  7.5499980E+03  1.4695255E+07
  7.5699985E+03  1.4555252E+07
  7.5899990E+03  1.4456408E+07
  7.6099980E+03  1.4351251E+07
  7.6299995E+03  1.4237282E+07
  7.6499995E+03  1.4090836E+07
  7.6699980E+03  1.3952773E+07
  7.6899990E+03  1.3889207E+07
  7.7099995E+03  1.3714572E+07
  7.7299985E+03  1.3697920E+07
  7.7499990E+03  1.3581523E+07
  7.7700000E+03  1.3177222E+07
  7.7900000E+03  1.3401428E+07
  7.8099995E+03  1.3292116E+07
  7.8299980E+03  1.3149951E+07
  7.8499980E+03  1.2999887E+07
  7.8699995E+03  1.2916253E+07
  7.8900000E+03  1.2791546E+07
  7.9099995E+03  1.2725739E+07
  7.9300000E+03  1.2653839E+07
  7.9499985E+03  1.2498462E+07
  7.9699990E+03  1.2522995E+07
  7.9900000E+03  1.2259147E+07
  8.0099980E+03  1.2311335E+07
  8.0299985E+03  1.2208017E+07
  8.0500000E+03  1.2137544E+07
  8.0699985E+03  1.2035233E+07
  8.0899990E+03  1.1952198E+07
  8.1099995E+03  1.1883008E+07
  8.1299976E+03  1.1808091E+07
  8.1499976E+03  1.1720716E+07
  8.1699980E+03  1.1635744E+07
  8.1899985E+03  1.1397009E+07
  8.2099990E+03  1.1384026E+07
  8.2300000E+03  1.1297056E+07
  8.2500000E+03  1.1236814E+07
  8.2700000E+03  1.1235410E+07
  8.2899980E+03  1.0999822E+07
  8.3099990E+03  1.0753267E+07
  8.3299980E+03  1.0429144E+07
  8.3500000E+03  1.0453263E+07
  8.3699990E+03  1.0147400E+07
  8.3899990E+03  1.0226990E+07
  8.4099971E+03  1.0230078E+07
  8.4300000E+03  1.0649157E+07
  8.4499990E+03  1.0554489E+07
  8.4699980E+03  9.8488190E+06
  8.4899980E+03  1.1426896E+07
  8.5099990E+03  9.6857000E+06
  8.5299990E+03  1.1756972E+07
  8.5499990E+03  9.1546620E+06
  8.5699990E+03  1.1995256E+07
  8.5900000E+03  1.0619661E+07
  8.6099980E+03  1.0160277E+07
  8.6299990E+03  1.1984335E+07
  8.6499990E+03  1.1416414E+07
  8.6699990E+03  8.7932410E+06
  8.6899990E+03  1.1360946E+07
  8.7099971E+03  1.1791024E+07
  8.7299990E+03  1.1406852E+07
  8.7499980E+03  8.8275500E+06
  8.7699980E+03  1.0952329E+07
  8.7899980E+03  1.1550554E+07
  8.8099990E+03  1.1450118E+07
  8.8299980E+03  1.1143670E+07
  8.8499980E+03  1.0313174E+07
  8.8699980E+03  8.5879210E+06
  8.8899990E+03  1.0902708E+07
  8.9099971E+03  1.1027031E+07
  8.9299980E+03  1.0961628E+07
  8.9499980E+03  1.0989354E+07
  8.9699990E+03  1.0862209E+07
  8.9899990E+03  1.0576668E+07
  9.0099980E+03  8.4790380E+06
  9.0299990E+03  9.4473300E+06
  9.0499990E+03  1.0464029E+07
  9.0699980E+03  1.0225137E+07
  9.0899990E+03  1.0093104E+07
  9.1099980E+03  1.0291696E+07
  9.1299980E+03  1.0288687E+07
  9.1499980E+03  1.0268956E+07
  9.1699980E+03  1.0138192E+07
  9.1899990E+03  9.9540450E+06
  9.2099990E+03  9.5035910E+06
  9.2299980E+03  7.4052815E+06
  9.2499980E+03  9.1640000E+06
  9.2699971E+03  9.4440990E+06
  9.2899990E+03  9.7273720E+06
  9.3099980E+03  9.7043140E+06
  9.3299990E+03  9.6238020E+06
  9.3499980E+03  9.5787980E+06
  9.3699990E+03  9.5246470E+06
  9.3900000E+03  9.3674680E+06
  9.4099980E+03  9.1077360E+06
  9.4299971E+03  9.2631790E+06
  9.4499990E+03  9.2197880E+06
  9.4700000E+03  9.1590390E+06
  9.4899980E+03  9.0932900E+06
  9.5100000E+03  8.9576040E+06
  9.5300000E+03  8.4650010E+06
  9.5500000E+03  6.7558105E+06
  9.5699990E+03  8.4729560E+06
  9.5899980E+03  8.7391450E+06
  9.6099980E+03  8.6563030E+06
  9.6299990E+03  8.5127310E+06
  9.6499990E+03  8.6061290E+06
  9.6699980E+03  8.4694450E+06
  9.6899980E+03  8.4589940E+06
  9.7100000E+03  8.4773220E+06
  9.7299990E+03  8.4062990E+06
  9.7499980E+03  8.3223100E+06
  9.7699961E+03  8.3032735E+06
  9.7899980E+03  8.2454020E+06
  9.8099980E+03  8.1781500E+06
  9.8299990E+03  8.1109845E+06
  9.8499980E+03  8.0070235E+06
  9.8700000E+03  7.9746030E+06
  9.8899980E+03  7.8861525E+06
  9.9099990E+03  7.8777515E+06
  9.9300000E+03  7.8193040E+06
  9.9499980E+03  7.7829590E+06
  9.9699980E+03  7.7544175E+06
  9.9899990E+03  7.6833845E+06
  1.0024998E+04  7.1852495E+06
  1.0074998E+04  6.8134815E+06
  1.0124997E+04  7.2711300E+06
  1.0174997E+04  7.2315015E+06
  1.0224998E+04  7.1375280E+06
  1.0274997E+04  7.0318360E+06
  1.0325000E+04  6.8956880E+06
  1.0374999E+04  6.7961350E+06
  1.0425000E+04  6.6912355E+06
  1.0474998E+04  6.5207340E+06
  1.0524997E+04  6.4364825E+06
  1.0574999E+04  6.3616095E+06
  1.0625000E+04  6.2631640E+06
  1.0674997E+04  6.0608240E+06
  1.0724998E+04  6.0358855E+06
  1.0774999E+04  5.9543625E+06
  1.0824997E+04  5.8721585E+06
  1.0874997E+04  5.7596730E+06
  1.0924999E+04  5.0410725E+06
  1.0974996E+04  5.4412580E+06
  1.1025000E+04  5.5500810E+06
  1.1074998E+04  5.4773530E+06
  1.1124999E+04  5.3856140E+06
  1.1174998E+04  5.3085685E+06
  1.1224999E+04  5.2356670E+06
  1.1274997E+04  5.0607205E+06
  1.1325000E+04  4.9961570E+06
  1.1375000E+04  4.9852320E+06
  1.1425000E+04  4.8929165E+06
  1.1474997E+04  4.8612440E+06
  1.1525000E+04  4.7939105E+06
  1.1574998E+04  4.7177185E+06
  1.1625000E+04  4.6005595E+06
  1.1674998E+04  4.5106610E+06
  1.1724997E+04  4.5218745E+06
  1.1775001E+04  4.3762235E+06
  1.1824999E+04  4.3551905E+06
  1.1875000E+04  4.2659615E+06
  1.1925000E+04  4.2745050E+06
  1.1975001E+04  4.1732052E+06
  1.2024998E+04  4.1422230E+06
  1.2074996E+04  4.0702670E+06
  1.2125000E+04  4.0193395E+06
  1.2175000E+04  3.9754655E+06
  1.2225001E+04  3.9145278E+06
  1.2275001E+04  3.8539488E+06
  1.2324996E+04  3.8038978E+06
  1.2374996E+04  3.7587070E+06
  1.2424998E+04  3.7155818E+06
  1.2475000E+04  3.6502708E+06
  1.2524997E+04  3.6082190E+06
  1.2574997E+04  3.5324108E+06
  1.2624999E+04  3.5009398E+06
  1.2674997E+04  3.4686848E+06
  1.2724999E+04  3.4214698E+06
  1.2774999E+04  3.3356445E+06
  1.2825000E+04  2.9363442E+06
  1.2875001E+04  3.2601655E+06
  1.2924997E+04  3.2410815E+06
  1.2975001E+04  3.2009312E+06
  1.3024998E+04  3.1621928E+06
  1.3074999E+04  3.1224072E+06
  1.3125000E+04  3.0794170E+06
  1.3174998E+04  3.0254872E+06
  1.3224998E+04  3.0013610E+06
  1.3274997E+04  2.9625480E+06
  1.3324997E+04  2.9252918E+06
  1.3374999E+04  2.8870345E+06
  1.3424999E+04  2.8490562E+06
  1.3474999E+04  2.8113538E+06
  1.3525001E+04  2.7693922E+06
  1.3574999E+04  2.7334932E+06
  1.3624997E+04  2.7055535E+06
  1.3674997E+04  2.6670695E+06
  1.3724995E+04  2.6132755E+06
  1.3774998E+04  2.6006905E+06
  1.3824998E+04  2.5691015E+06
  1.3874996E+04  2.5443572E+06
  1.3925000E+04  2.5031910E+06
  1.3974996E+04  2.4781752E+06
  1.4024997E+04  2.4486620E+06
  1.4075001E+04  2.4206450E+06
  1.4124996E+04  2.3873008E+06
  1.4175000E+04  2.3599878E+06
  1.4225000E+04  2.3298358E+06
  1.4274994E+04  2.3006038E+06
  1.4325001E+04  2.2742888E+06
  1.4374998E+04  2.2493800E+06
  1.4424999E+04  2.1840242E+06
  1.4475000E+04  2.1930550E+06
  1.4524997E+04  2.1470915E+06
  1.4569999E+04  2.1428995E+06
  1.4620000E+04  2.1730352E+06
  1.4674998E+04  2.2117075E+06
  1.4725000E+04  2.1400702E+06
  1.4775002E+04  2.0688322E+06
  1.4824998E+04  2.0219908E+06
  1.4874996E+04  1.9680686E+06
  1.4924997E+04  1.9423889E+06
  1.4974999E+04  1.9074315E+06
  1.5024999E+04  1.8652199E+06
  1.5075000E+04  1.8468991E+06
  1.5124999E+04  1.8319092E+06
  1.5175000E+04  1.8213292E+06
  1.5225002E+04  1.8428658E+06
  1.5274998E+04  1.7588096E+06
  1.5324995E+04  1.7600249E+06
  1.5374997E+04  1.7976814E+06
  1.5425001E+04  1.6957926E+06
  1.5474996E+04  1.7705902E+06
  1.5524994E+04  1.7654565E+06
  1.5575001E+04  1.6219758E+06
  1.5624998E+04  1.7711689E+06
  1.5674997E+04  1.6800044E+06
  1.5724994E+04  1.5853915E+06
  1.5774996E+04  1.7078228E+06
  1.5825001E+04  1.6922328E+06
  1.5874995E+04  1.4882731E+06
  1.5925002E+04  1.6291556E+06
  1.5975001E+04  1.6496790E+06
  1.6049998E+04  1.5970054E+06
  1.6150001E+04  1.4912022E+06
  1.6249997E+04  1.5550831E+06
  1.6350000E+04  1.4924305E+06
  1.6449996E+04  1.3951250E+06
  1.6549998E+04  1.4550651E+06
  1.6649994E+04  1.4241862E+06
  1.6749998E+04  1.3669478E+06
  1.6849998E+04  1.2794775E+06
  1.6950000E+04  1.3338304E+06
  1.7049996E+04  1.3022908E+06
  1.7150000E+04  1.2791932E+06
  1.7249992E+04  1.2434652E+06
  1.7349994E+04  1.1334192E+06
  1.7449992E+04  1.1842071E+06
  1.7550000E+04  1.1691716E+06
  1.7649998E+04  1.1442305E+06
  1.7749994E+04  1.1239490E+06
  1.7849994E+04  1.1002058E+06
  1.7949998E+04  1.0821464E+06
  1.8050002E+04  1.0538612E+06
  1.8150002E+04  9.7112462E+05
  1.8249994E+04  1.0030422E+06
  1.8349992E+04  9.9682775E+05
  1.8449992E+04  9.7729706E+05
  1.8549998E+04  9.5569731E+05
  1.8650002E+04  9.3645338E+05
  1.8750002E+04  8.5555150E+05
  1.8850000E+04  8.9693469E+05
  1.8950004E+04  8.8147119E+05
  1.9049996E+04  8.6979194E+05
  1.9149998E+04  8.5283156E+05
  1.9249992E+04  8.3616619E+05
  1.9350000E+04  8.1772512E+05
  1.9449992E+04  7.5044419E+05
  1.9550002E+04  7.8756575E+05
  1.9649992E+04  7.7535606E+05
  1.9749992E+04  7.5945962E+05
  1.9849992E+04  7.4696981E+05
  1.9950002E+04  7.3332775E+05
  2.0050002E+04  7.2004275E+05
  2.0149996E+04  7.0708712E+05
  2.0249994E+04  6.9385525E+05
  2.0349994E+04  6.8093944E+05
  2.0449996E+04  6.6944950E+05
  2.0550000E+04  6.5732962E+05
  2.0649992E+04  6.4480369E+05
  2.0749998E+04  6.3368594E+05
  2.0849992E+04  6.2271731E+05
  2.0950004E+04  6.1168744E+05
  2.1050002E+04  6.0075425E+05
  2.1149992E+04  5.8880456E+05
  2.1250000E+04  5.7880375E+05
  2.1350002E+04  5.6888162E+05
  2.1449996E+04  5.6032306E+05
  2.1550006E+04  5.4959375E+05
  2.1649994E+04  5.0658422E+05
  2.1750002E+04  5.2909250E+05
  2.1849998E+04  5.2294309E+05
  2.1950002E+04  5.1469366E+05
  2.2050000E+04  5.0538684E+05
  2.2149996E+04  4.9609625E+05
  2.2249998E+04  4.8928022E+05
  2.2350004E+04  4.8111788E+05
  2.2449990E+04  4.7322403E+05
  2.2549994E+04  4.6455384E+05
  2.2650000E+04  4.5765547E+05
  2.2750000E+04  4.5027081E+05
  2.2850000E+04  4.4542194E+05
  2.2950004E+04  4.4557553E+05
  2.3050000E+04  4.3619419E+05
  2.3149996E+04  4.2648706E+05
  2.3250000E+04  4.1766181E+05
  2.3349996E+04  4.0899288E+05
  2.3449994E+04  4.0094262E+05
  2.3550002E+04  3.9315638E+05
  2.3649988E+04  3.8632312E+05
  2.3750000E+04  3.8020438E+05
  2.3849990E+04  3.7389700E+05
  2.3950002E+04  3.6809456E+05
  2.4050006E+04  3.6137278E+05
  2.4149992E+04  3.5462719E+05
  2.4249990E+04  3.5541138E+05
  2.4349990E+04  3.4486722E+05
  2.4450002E+04  3.3905822E+05
  2.4549990E+04  3.3977119E+05
  2.4649992E+04  3.3097481E+05
  2.4749992E+04  3.2626997E+05
  2.4850006E+04  3.2846853E+05
  2.4950000E+04  3.0789706E+05
  2.5050006E+04  3.2143138E+05
  2.5149994E+04  3.1521172E+05
  2.5249998E+04  2.9372844E+05
  2.5350004E+04  3.0486978E+05
  2.5449988E+04  3.0251975E+05
  2.5549998E+04  2.9578166E+05
  2.5649990E+04  2.7553441E+05
  2.5749990E+04  2.8780162E+05
  2.5849994E+04  2.8462638E+05
  2.5949990E+04  2.8111675E+05
  2.6049996E+04  2.7376059E+05
  2.6149998E+04  2.5622295E+05
  2.6249988E+04  2.5016325E+05
  2.6350008E+04  2.6317809E+05
  2.6449996E+04  2.6148286E+05
  2.6549994E+04  2.5757686E+05
  2.6649994E+04  2.5250191E+05
  2.6749988E+04  2.3450720E+05
  2.6849986E+04  2.4576525E+05
  2.6949986E+04  2.4381512E+05
  2.7050002E+04  2.4026491E+05
  2.7149998E+04  2.3715930E+05
  2.7249994E+04  2.3385933E+05
  2.7350006E+04  2.3059084E+05
  2.7450004E+04  2.2705392E+05
  2.7549996E+04  2.1159525E+05
  2.7649982E+04  2.1717344E+05
  2.7750004E+04  2.1815470E+05
  2.7850000E+04  2.1533291E+05
  2.7949992E+04  2.1247359E+05
  2.8049994E+04  2.0959666E+05
  2.8150002E+04  2.0675984E+05
  2.8250006E+04  2.0398627E+05
  2.8350000E+04  2.0131706E+05
  2.8450000E+04  1.9836369E+05
  2.8550002E+04  1.9593197E+05
  2.8650002E+04  1.9137216E+05
  2.8749982E+04  1.7920038E+05
  2.8849998E+04  1.8774134E+05
  2.8949986E+04  1.8566009E+05
  2.9049994E+04  1.8349561E+05
  2.9149986E+04  1.8074031E+05
  2.9249984E+04  1.7872284E+05
  2.9349980E+04  1.7645747E+05
  2.9450000E+04  1.7418802E+05
  2.9550004E+04  1.7197127E+05
  2.9649982E+04  1.6977211E+05
  2.9749992E+04  1.6760678E+05
  2.9849994E+04  1.6549203E+05
  2.9949984E+04  1.6335569E+05
  3.0049996E+04  1.6128556E+05
  3.0149994E+04  1.5921038E+05
  3.0249994E+04  1.5702730E+05
  3.0349996E+04  1.4803928E+05
  3.0449996E+04  1.4974612E+05
  3.0549996E+04  1.5132658E+05
  3.0649996E+04  1.4959081E+05
  3.0749994E+04  1.4774294E+05
  3.0849996E+04  1.4569414E+05
  3.0949994E+04  1.4407773E+05
  3.1049996E+04  1.4227197E+05
  3.1149996E+04  1.4040098E+05
  3.1249996E+04  1.3875158E+05
  3.1349996E+04  1.3716252E+05
  3.1449996E+04  1.3541942E+05
  3.1549998E+04  1.3394541E+05
  3.1649996E+04  1.3239331E+05
  3.1749998E+04  1.3069359E+05
  3.1849996E+04  1.2925031E+05
  3.1949994E+04  1.2768595E+05
  3.2099996E+04  1.2541318E+05
  3.2299992E+04  1.2251079E+05
  3.2499994E+04  1.1965224E+05
  3.2699996E+04  1.1684720E+05
  3.2899996E+04  1.1008482E+05
  3.3099996E+04  1.1166754E+05
  3.3299992E+04  1.0962698E+05
  3.3499996E+04  1.0697576E+05
  3.3699996E+04  1.0415399E+05
  3.3899996E+04  1.0162395E+05
  3.4099996E+04  9.9220438E+04
  3.4299996E+04  9.6958758E+04
  3.4499992E+04  9.4844023E+04
  3.4699996E+04  9.2708836E+04
  3.4899996E+04  9.0634812E+04
  3.5099996E+04  8.8754789E+04
  3.5299996E+04  8.6893281E+04
  3.5499996E+04  8.4792969E+04
  3.5699992E+04  8.2802133E+04
  3.5899992E+04  8.2066273E+04
  3.6099996E+04  7.9153234E+04
  3.6299992E+04  7.8760906E+04
  3.6499992E+04  7.5725555E+04
  3.6699992E+04  7.5694023E+04
  3.6899992E+04  7.2294273E+04
  3.7099996E+04  7.2466672E+04
  3.7299996E+04  6.9936984E+04
  3.7499992E+04  6.6578297E+04
  3.7699996E+04  6.8187766E+04
  3.7899996E+04  6.6940203E+04
  3.8099992E+04  6.4342137E+04
  3.8299996E+04  6.3458730E+04
  3.8499996E+04  6.3050207E+04
  3.8699996E+04  6.1718531E+04
  3.8899992E+04  6.0380977E+04
  3.9099996E+04  5.7480492E+04
  3.9299992E+04  5.8214129E+04
  3.9499992E+04  5.7099734E+04
  3.9699992E+04  5.6026297E+04
  3.9900000E+04  5.4850754E+04
  4.0099996E+04  5.3126527E+04
  4.0299992E+04  5.1623969E+04
  4.0499996E+04  5.0203512E+04
  4.0699992E+04  5.0825734E+04
  4.0899992E+04  4.9881715E+04
  4.1099996E+04  4.9011586E+04
  4.1299996E+04  4.8098520E+04
  4.1499992E+04  4.7139496E+04
  4.1699992E+04  4.4742875E+04
  4.1899996E+04  4.5398266E+04
  4.2099996E+04  4.4606605E+04
  4.2299992E+04  4.3855242E+04
  4.2499996E+04  4.3057586E+04
  4.2699992E+04  4.2289473E+04
  4.2899992E+04  4.1531723E+04
  4.3099996E+04  4.0788195E+04
  4.3299996E+04  4.0060629E+04
  4.3499992E+04  3.9350672E+04
  4.3699996E+04  3.7466367E+04
  4.3899996E+04  3.7753258E+04
  4.4099992E+04  3.7303129E+04
  4.4299992E+04  3.6669516E+04
  4.4499996E+04  3.6030539E+04
  4.4699996E+04  3.5599484E+04
  4.4899996E+04  3.4978445E+04
  4.5099992E+04  3.4394789E+04
  4.5299992E+04  3.3801684E+04
  4.5499996E+04  3.3234039E+04
  4.5699992E+04  3.2662387E+04
  4.5899996E+04  3.2110139E+04
  4.6099996E+04  3.1587500E+04
  4.6299992E+04  3.1028740E+04
  4.6499988E+04  2.9622928E+04
  4.6699992E+04  2.8889512E+04
  4.6899992E+04  2.9446914E+04
  4.7099992E+04  2.9056412E+04
  4.7299992E+04  2.8587256E+04
  4.7499996E+04  2.8103246E+04
  4.7699992E+04  2.7657797E+04
  4.7899992E+04  2.7220428E+04
  4.8099996E+04  2.6782844E+04
  4.8299992E+04  2.6353182E+04
  4.8499992E+04  2.5934484E+04
  4.8700000E+04  2.5523344E+04
  4.8899992E+04  2.5119639E+04
  4.9099988E+04  2.4718520E+04
  4.9299988E+04  2.4333916E+04
  4.9499996E+04  2.3954703E+04
  4.9699992E+04  2.3580805E+04
  4.9899988E+04  2.3212119E+04
  5.0099996E+04  2.2856049E+04
  5.0299996E+04  2.2501928E+04
  5.0499996E+04  2.2160072E+04
  5.0699996E+04  2.1824369E+04
  5.0899992E+04  2.1490342E+04
  5.1099992E+04  2.1114691E+04
  5.1299996E+04  2.0104342E+04
  5.1499988E+04  2.0508146E+04
  5.1699996E+04  2.0224338E+04
  5.1899992E+04  1.9923312E+04
  5.2099992E+04  1.9624914E+04
  5.2299996E+04  1.9334617E+04
  5.2499996E+04  1.9050904E+04
  5.2699996E+04  1.8769576E+04
  5.2899992E+04  1.8495988E+04
  5.3099988E+04  1.8225984E+04
  5.3299988E+04  1.7959504E+04
  5.3499992E+04  1.7700434E+04
  5.3699992E+04  1.7440803E+04
  5.3899992E+04  1.7192312E+04
  5.4099992E+04  1.6947012E+04
  5.4299984E+04  1.6702303E+04
  5.4499988E+04  1.6464518E+04
  5.4699996E+04  1.6228497E+04
  5.4899992E+04  1.6002980E+04
  5.5099992E+04  1.5777817E+04
  5.5299988E+04  1.5555493E+04
  5.5499988E+04  1.5338399E+04
  5.5699992E+04  1.5120373E+04
  5.5899992E+04  1.4903864E+04
  5.6099988E+04  1.4705617E+04
  5.6299996E+04  1.4505046E+04
  5.6499988E+04  1.4305771E+04
  5.6699988E+04  1.4108934E+04
  5.6899992E+04  1.3917996E+04
  5.7099996E+04  1.3728229E+04
  5.7299988E+04  1.3540771E+04
  5.7499988E+04  1.3359000E+04
  5.7699988E+04  1.3178288E+04
  5.7899996E+04  1.2999746E+04
  5.8099988E+04  1.2827816E+04
  5.8299996E+04  1.2656823E+04
  5.8499992E+04  1.2521994E+04
  5.8699988E+04  1.2354810E+04
  5.8899988E+04  1.2152684E+04
  5.9099992E+04  1.1615402E+04
  5.9299988E+04  1.1855371E+04
  5.9499996E+04  1.1709824E+04
  5.9699988E+04  1.1565966E+04
  5.9899992E+04  1.1415359E+04
  6.0099992E+04  1.1266500E+04
  6.0299992E+04  1.1122469E+04
  6.0499988E+04  1.0979065E+04
  6.0699992E+04  1.0838328E+04
  6.0899992E+04  1.0699200E+04
  6.1099988E+04  1.0558632E+04
  6.1299992E+04  1.0429691E+04
  6.1499988E+04  1.0296228E+04
  6.1699988E+04  1.0167240E+04
  6.1899996E+04  1.0038717E+04
  6.2099996E+04  9.9126143E+03
  6.2299988E+04  9.7859834E+03
  6.2499992E+04  9.6665498E+03
  6.2699988E+04  9.5447041E+03
  6.2899996E+04  9.4282051E+03
  6.3099984E+04  9.3095898E+03
  6.3299996E+04  9.1951904E+03
  6.3499984E+04  9.0827061E+03
  6.3699984E+04  8.9727471E+03
  6.3900000E+04  8.8625039E+03
  6.4199992E+04  8.7020879E+03
  6.4599984E+04  8.4923760E+03
  6.4999992E+04  8.2891992E+03
  6.5399992E+04  8.0928960E+03
  6.5799992E+04  7.9011768E+03
  6.6199984E+04  7.7148618E+03
  6.6599984E+04  7.5351567E+03
  6.6999992E+04  7.3606045E+03
  6.7399992E+04  7.1904844E+03
  6.7799992E+04  7.0255752E+03
  6.8199992E+04  6.8654062E+03
  6.8599992E+04  6.7089648E+03
  6.8999984E+04  6.5559170E+03
  6.9399984E+04  6.4089136E+03
  6.9800000E+04  6.2664600E+03
  7.0199992E+04  6.1279785E+03
  7.0599984E+04  5.9920732E+03
  7.0999977E+04  5.8623457E+03
  7.1399977E+04  5.7331445E+03
  7.1799984E+04  5.6090806E+03
  7.2199984E+04  5.4848047E+03
  7.2600000E+04  5.3692798E+03
  7.2999984E+04  5.2557422E+03
  7.3400000E+04  5.1437207E+03
  7.3799984E+04  5.0352002E+03
  7.4199992E+04  4.9287109E+03
  7.4599992E+04  4.7676182E+03
  7.5000000E+04  4.6385376E+03
  7.5399992E+04  4.6270933E+03
  7.5799992E+04  4.5331450E+03
  7.6199984E+04  4.4409751E+03
  7.6599992E+04  4.3504756E+03
  7.6999992E+04  4.2625674E+03
  7.7399992E+04  4.1768047E+03
  7.7799984E+04  4.0931370E+03
  7.8199984E+04  4.0115117E+03
  7.8599984E+04  3.9318198E+03
  7.8999984E+04  3.8541960E+03
  7.9399984E+04  3.7784106E+03
  7.9800000E+04  3.7043604E+03
  8.0199992E+04  3.6321831E+03
  8.0599984E+04  3.5618333E+03
  8.0999992E+04  3.4933223E+03
  8.1399977E+04  3.4260413E+03
  8.1799984E+04  3.3606931E+03
  8.2199984E+04  3.2969531E+03
  8.2599992E+04  3.2345630E+03
  8.2999984E+04  3.1736584E+03
  8.3400000E+04  3.1132812E+03
  8.3799992E+04  3.0546084E+03
  8.4199992E+04  2.9985012E+03
  8.4599977E+04  2.9437383E+03
  8.4999977E+04  2.8897656E+03
  8.5399984E+04  2.8365686E+03
  8.5799984E+04  2.7849526E+03
  8.6199992E+04  2.7342712E+03
  8.6599992E+04  2.6851091E+03
  8.6999984E+04  2.6367834E+03
  8.7399992E+04  2.5895232E+03
  8.7799992E+04  2.5434043E+03
  8.8199984E+04  2.4980137E+03
  8.8599977E+04  2.4538174E+03
  8.8999992E+04  2.4107397E+03
  8.9399977E+04  2.3686172E+03
  8.9799977E+04  2.3271477E+03
  9.0199984E+04  2.2868738E+03
  9.0599984E+04  2.2473572E+03
  9.0999992E+04  2.2084448E+03
  9.1400000E+04  2.1707122E+03
  9.1799969E+04  2.1337329E+03
  9.2199969E+04  2.0973992E+03
  9.2599984E+04  2.0619192E+03
  9.3000000E+04  2.0271451E+03
  9.3399984E+04  1.9931068E+03
  9.3799984E+04  1.9597878E+03
  9.4199977E+04  1.9271742E+03
  9.4599984E+04  1.8951665E+03
  9.4999969E+04  1.8639219E+03
  9.5399984E+04  1.8330903E+03
  9.5799984E+04  1.8032423E+03
  9.6199992E+04  1.7737853E+03
  9.6599984E+04  1.7449960E+03
  9.7000000E+04  1.7167797E+03
  9.7399977E+04  1.6890082E+03
  9.7799984E+04  1.6619468E+03
  9.8199977E+04  1.6353086E+03
  9.8599977E+04  1.6093573E+03
  9.8999992E+04  1.5838472E+03
  9.9399984E+04  1.5588099E+03
  9.9799977E+04  1.5341603E+03
  1.0019999E+05  1.5101157E+03
  1.9999991E+05  9.6952332E+01
  3.9999994E+05  6.0390315E+00
  5.9999981E+05  1.1830471E+00
  7.9999994E+05  3.7143528E-01
