  5.0599994E+02  6.5583545E-14
  5.1199994E+02  1.2984835E-13
  5.2000000E+02  2.7470582E-13
  5.2999994E+02  6.7766355E-13
  5.3999994E+02  1.5954311E-12
  5.4999988E+02  3.6640877E-12
  5.5999988E+02  8.1379651E-12
  5.6999988E+02  1.7553053E-11
  5.7999994E+02  3.6628443E-11
  5.8999988E+02  7.5444040E-11
  5.9999988E+02  1.5082931E-10
  6.0999988E+02  2.9522071E-10
  6.1999994E+02  5.6566801E-10
  6.2999988E+02  1.0631866E-09
  6.3999994E+02  1.9630406E-09
  6.4999994E+02  3.5665255E-09
  6.5799994E+02  5.6840088E-09
  6.6499988E+02  8.4712468E-09
  6.7499994E+02  1.4823749E-08
  6.8499988E+02  2.5607978E-08
  6.9499994E+02  4.3662116E-08
  7.0499988E+02  7.3372860E-08
  7.1599988E+02  1.2888070E-07
  7.2599994E+02  2.1219807E-07
  7.3499982E+02  3.2954611E-07
  7.4499994E+02  5.3223533E-07
  7.5499982E+02  8.5184229E-07
  7.6499994E+02  1.3509539E-06
  7.7499994E+02  2.1230028E-06
  7.8499982E+02  3.3081728E-06
  7.9499982E+02  5.0887365E-06
  8.0500000E+02  7.8110943E-06
  8.1499976E+02  1.1876688E-05
  8.2500000E+02  1.7891116E-05
  8.3499994E+02  2.6731313E-05
  8.4499994E+02  3.9625236E-05
  8.5499988E+02  5.8275684E-05
  8.6499994E+02  8.5046595E-05
  8.7499982E+02  1.2308873E-04
  8.8499982E+02  1.7704259E-04
  8.9499988E+02  2.5263376E-04
  9.0499994E+02  3.5764169E-04
  9.1499982E+02  1.3066472E-01
  9.2499988E+02  3.3454999E-01
  9.3499982E+02  4.2985651E-01
  9.4500000E+02  5.5635113E-01
  9.5500000E+02  7.8872180E-01
  9.6499988E+02  1.0251867E+00
  9.7499982E+02  1.2540534E+00
  9.8499976E+02  1.6237317E+00
  9.9499988E+02  1.9554237E+00
  1.0049999E+03  2.6770141E+00
  1.0149997E+03  3.3702948E+00
  1.0249998E+03  3.4456677E+00
  1.0349998E+03  5.1191187E+00
  1.0449998E+03  6.4495106E+00
  1.0549999E+03  7.9203558E+00
  1.0649999E+03  9.3467073E+00
  1.0750000E+03  1.1629049E+01
  1.0849996E+03  1.4093914E+01
  1.0949999E+03  1.6423208E+01
  1.1049999E+03  9.2937935E+01
  1.1149999E+03  1.7327193E+02
  1.1249999E+03  2.3583154E+02
  1.1349996E+03  2.8931161E+02
  1.1449999E+03  3.5434073E+02
  1.1549999E+03  3.7435385E+02
  1.1650000E+03  4.8567462E+02
  1.1749995E+03  5.4568854E+02
  1.1849996E+03  5.2036658E+02
  1.1949998E+03  2.8061908E+02
  1.2049996E+03  2.7086966E+02
  1.2149998E+03  5.2852001E+01
  1.2249996E+03  3.2711929E+02
  1.2349996E+03  8.0680646E+02
  1.2449998E+03  2.1060503E+03
  1.2549996E+03  3.7144109E+03
  1.2650000E+03  3.7945806E+03
  1.2749998E+03  6.7301543E+03
  1.2849995E+03  1.0208286E+04
  1.2949998E+03  1.3005973E+04
  1.3049995E+03  9.3735078E+03
  1.3149998E+03  1.8406760E+04
  1.3249998E+03  2.3718227E+04
  1.3349996E+03  2.5408316E+04
  1.3449995E+03  3.8757805E+04
  1.3549996E+03  4.0547512E+04
  1.3649999E+03  4.4250180E+04
  1.3749999E+03  5.0957727E+04
  1.3849996E+03  5.4397977E+04
  1.3949999E+03  6.4279980E+04
  1.4050001E+03  7.4444852E+04
  1.4149998E+03  7.5343812E+04
  1.4249998E+03  9.1981789E+04
  1.4350000E+03  9.0570695E+04
  1.4419998E+03  1.1594067E+05
  1.4469999E+03  1.9500503E+05
  1.4549994E+03  2.3744417E+05
  1.4650000E+03  2.1188572E+05
  1.4749995E+03  2.3168934E+05
  1.4849996E+03  2.8676634E+05
  1.4949998E+03  3.5060231E+05
  1.5049996E+03  4.0700038E+05
  1.5119995E+03  3.6281775E+05
  1.5169994E+03  3.4658056E+05
  1.5250001E+03  1.4828274E+06
  1.5349994E+03  1.7520581E+06
  1.5449994E+03  3.4243390E+06
  1.5549998E+03  2.7151615E+06
  1.5649999E+03  2.2235825E+06
  1.5750001E+03  3.9671525E+06
  1.5850000E+03  4.7702245E+06
  1.5949996E+03  6.3420575E+06
  1.6049999E+03  5.1956780E+06
  1.6150000E+03  4.4295530E+06
  1.6249996E+03  3.3293048E+06
  1.6350000E+03  3.9588162E+06
  1.6449996E+03  5.4865265E+06
  1.6549999E+03  3.0079230E+06
  1.6649993E+03  5.2147240E+06
  1.6720000E+03  1.6186028E+06
  1.6770001E+03  9.1073780E+06
  1.6849998E+03  1.0375594E+07
  1.6950000E+03  8.8663270E+06
  1.7049995E+03  7.7654070E+06
  1.7150000E+03  9.5632400E+06
  1.7249993E+03  9.9515200E+06
  1.7349994E+03  1.2027655E+07
  1.7449993E+03  1.1041969E+07
  1.7550001E+03  1.4044196E+07
  1.7649998E+03  1.0245674E+07
  1.7749995E+03  1.3122063E+07
  1.7849995E+03  1.1691976E+07
  1.7949999E+03  1.6314451E+07
  1.8050001E+03  1.5336313E+07
  1.8150001E+03  1.6445203E+07
  1.8249994E+03  1.4461354E+07
  1.8349993E+03  1.2759072E+07
  1.8449993E+03  1.1413696E+07
  1.8549998E+03  1.3205818E+07
  1.8650002E+03  1.4692498E+07
  1.8750001E+03  1.3884669E+07
  1.8850000E+03  1.4318765E+07
  1.8950002E+03  1.5789940E+07
  1.9049996E+03  1.4204475E+07
  1.9149999E+03  1.5205029E+07
  1.9249993E+03  1.5193871E+07
  1.9350001E+03  1.1365705E+07
  1.9449993E+03  1.6429565E+07
  1.9550002E+03  1.6539867E+07
  1.9670002E+03  1.8267572E+07
  1.9759990E+03  1.7916316E+07
  1.9839996E+03  1.7337596E+07
  1.9950001E+03  1.6753152E+07
  2.0050002E+03  1.5496559E+07
  2.0149996E+03  1.4485793E+07
  2.0249994E+03  1.3873614E+07
  2.0349995E+03  1.5736239E+07
  2.0449998E+03  1.7524920E+07
  2.0550000E+03  1.6055885E+07
  2.0649993E+03  1.5159534E+07
  2.0739993E+03  1.8761008E+07
  2.0780002E+03  1.9479278E+07
  2.0849993E+03  1.8527178E+07
  2.0950005E+03  1.7466606E+07
  2.1050002E+03  1.5719647E+07
  2.1149990E+03  1.6003413E+07
  2.1250000E+03  1.6639033E+07
  2.1350002E+03  1.2737044E+07
  2.1449998E+03  1.5488470E+07
  2.1550005E+03  1.5822856E+07
  2.1649995E+03  1.4063924E+07
  2.1750002E+03  1.4071068E+07
  2.1849998E+03  1.4812155E+07
  2.1950000E+03  1.6522839E+07
  2.2050000E+03  1.5379183E+07
  2.2149998E+03  1.3081391E+07
  2.2249998E+03  1.2505198E+07
  2.2350005E+03  1.5799442E+07
  2.2449990E+03  1.4053429E+07
  2.2549993E+03  1.2311005E+07
  2.2650000E+03  1.2472033E+07
  2.2750000E+03  1.3875931E+07
  2.2850000E+03  1.5030430E+07
  2.2950002E+03  1.3461325E+07
  2.3050000E+03  1.4080800E+07
  2.3149995E+03  1.2880373E+07
  2.3250000E+03  6.4707650E+06
  2.3349995E+03  9.2030480E+06
  2.3449993E+03  7.4763975E+06
  2.3550000E+03  1.1856915E+07
  2.3649988E+03  7.5619810E+06
  2.3750000E+03  9.8647680E+06
  2.3849990E+03  6.0964400E+06
  2.3950000E+03  7.9444605E+06
  2.4050005E+03  7.5645850E+06
  2.4149993E+03  8.7791220E+06
  2.4249990E+03  1.2477644E+07
  2.4349990E+03  1.1998586E+07
  2.4450000E+03  1.3117539E+07
  2.4549990E+03  1.2968398E+07
  2.4649990E+03  1.2674288E+07
  2.4749993E+03  1.1715362E+07
  2.4850005E+03  1.2103818E+07
  2.4950000E+03  1.1488344E+07
  2.5050005E+03  1.4821301E+07
  2.5129988E+03  1.1023109E+07
  2.5179990E+03  1.1044139E+07
  2.5249998E+03  9.5577410E+06
  2.5350007E+03  9.7386660E+06
  2.5449988E+03  1.0008377E+07
  2.5550000E+03  1.1889436E+07
  2.5649990E+03  1.0776529E+07
  2.5749990E+03  1.2413413E+07
  2.5849993E+03  1.1858635E+07
  2.5949990E+03  1.0869505E+07
  2.6049995E+03  9.8418810E+06
  2.6149998E+03  9.0852600E+06
  2.6249990E+03  1.1703916E+07
  2.6350007E+03  1.3109529E+07
  2.6449995E+03  1.7570046E+07
  2.6549998E+03  1.7894890E+07
  2.6649995E+03  1.4666241E+07
  2.6749988E+03  1.6233659E+07
  2.6849988E+03  1.5828159E+07
  2.6949988E+03  1.4799558E+07
  2.7050000E+03  1.5720580E+07
  2.7150000E+03  1.3871897E+07
  2.7249995E+03  1.4119835E+07
  2.7350007E+03  1.5494434E+07
  2.7450002E+03  9.9110190E+06
  2.7549998E+03  1.1411650E+07
  2.7649983E+03  1.2743515E+07
  2.7750005E+03  1.5011833E+07
  2.7850000E+03  1.2697127E+07
  2.7949993E+03  5.4421665E+06
  2.8049995E+03  6.9696365E+06
  2.8150002E+03  1.4993772E+07
  2.8250007E+03  1.7472330E+07
  2.8350000E+03  1.6532289E+07
  2.8450002E+03  1.5751149E+07
  2.8550005E+03  1.4701827E+07
  2.8650000E+03  1.7139780E+07
  2.8749983E+03  1.6519869E+07
  2.8850000E+03  1.6840048E+07
  2.8949988E+03  1.5892336E+07
  2.9099988E+03  1.8877816E+07
  2.9299983E+03  1.7897348E+07
  2.9499990E+03  1.7713064E+07
  2.9700005E+03  1.8432828E+07
  2.9899980E+03  1.8994910E+07
  3.0099995E+03  1.9569948E+07
  3.0299995E+03  1.9227098E+07
  3.0499995E+03  1.9209846E+07
  3.0699995E+03  1.9420848E+07
  3.0899995E+03  2.0026858E+07
  3.1099995E+03  1.9219344E+07
  3.1299998E+03  1.9169090E+07
  3.1499995E+03  1.9942462E+07
  3.1699995E+03  1.9873816E+07
  3.1899995E+03  1.8538820E+07
  3.2099998E+03  1.9408658E+07
  3.2299993E+03  1.8611874E+07
  3.2499993E+03  1.9425342E+07
  3.2699995E+03  1.9813464E+07
  3.2899995E+03  1.9998622E+07
  3.3099998E+03  2.0496622E+07
  3.3299993E+03  1.9978352E+07
  3.3499995E+03  1.9805302E+07
  3.3699995E+03  1.9590826E+07
  3.3899993E+03  1.9679318E+07
  3.4099993E+03  2.0051440E+07
  3.4299995E+03  2.0285800E+07
  3.4499993E+03  2.0123454E+07
  3.4699998E+03  1.9824252E+07
  3.4899993E+03  1.9692034E+07
  3.5099995E+03  2.0345560E+07
  3.5299995E+03  2.0373562E+07
  3.5499995E+03  2.0863286E+07
  3.5699995E+03  1.9977506E+07
  3.5899995E+03  1.9889414E+07
  3.6099995E+03  2.0006422E+07
  3.6299993E+03  2.0255744E+07
  3.6399993E+03  2.0100530E+07
  3.6499995E+03  2.0792502E+07
  3.6699993E+03  1.9174122E+07
  3.6899995E+03  2.1183334E+07
  3.7099995E+03  2.8897990E+07
  3.7299998E+03  3.0814726E+07
  3.7499993E+03  4.0642972E+07
  3.7699993E+03  4.3391020E+07
  3.7899995E+03  5.5011988E+07
  3.8099993E+03  6.4150080E+07
  3.8299998E+03  4.9708352E+07
  3.8499995E+03  6.9589832E+07
  3.8699995E+03  7.6992216E+07
  3.8899995E+03  4.4606676E+07
  3.9099995E+03  7.4079520E+07
  3.9299993E+03  5.4240660E+07
  3.9499993E+03  7.0913472E+07
  3.9699998E+03  3.8158776E+07
  3.9899995E+03  7.3005776E+07
  4.0099995E+03  7.7564832E+07
  4.0299993E+03  7.6585784E+07
  4.0499993E+03  7.5750872E+07
  4.0699993E+03  7.3347984E+07
  4.0899995E+03  6.2360572E+07
  4.1099995E+03  4.7354524E+07
  4.1299995E+03  7.0088192E+07
  4.1499990E+03  7.2507328E+07
  4.1699990E+03  7.1055208E+07
  4.1899995E+03  7.0200368E+07
  4.2099995E+03  6.9858048E+07
  4.2299995E+03  6.8007304E+07
  4.2499995E+03  6.7871400E+07
  4.2699990E+03  6.5427092E+07
  4.2899995E+03  6.6415124E+07
  4.3100000E+03  6.1963084E+07
  4.3299995E+03  5.0939312E+07
  4.3499995E+03  4.3330528E+07
  4.3699995E+03  6.2638588E+07
  4.3899995E+03  6.2385836E+07
  4.4099995E+03  6.0988296E+07
  4.4299995E+03  6.0613544E+07
  4.4499995E+03  6.0990716E+07
  4.4699995E+03  6.0327376E+07
  4.4899995E+03  5.9581836E+07
  4.5099990E+03  6.0691896E+07
  4.5299995E+03  5.8295600E+07
  4.5499990E+03  5.6832524E+07
  4.5699995E+03  5.8706420E+07
  4.5899990E+03  5.6286180E+07
  4.6099990E+03  5.7541416E+07
  4.6299990E+03  5.5579700E+07
  4.6499990E+03  5.5985976E+07
  4.6699990E+03  5.5422820E+07
  4.6899990E+03  5.4048532E+07
  4.7099995E+03  5.1856608E+07
  4.7299990E+03  5.3545756E+07
  4.7499995E+03  5.3387980E+07
  4.7699995E+03  5.2403100E+07
  4.7899990E+03  5.1897464E+07
  4.8099995E+03  5.0880564E+07
  4.8299995E+03  4.9445924E+07
  4.8499990E+03  4.0135756E+07
  4.8700000E+03  3.1889886E+07
  4.8899990E+03  4.6725932E+07
  4.9099990E+03  4.7835288E+07
  4.9299990E+03  4.6897696E+07
  4.9499995E+03  4.7303624E+07
  4.9699995E+03  4.7422404E+07
  4.9899990E+03  4.5701028E+07
  5.0099995E+03  4.4061084E+07
  5.0299995E+03  4.4930896E+07
  5.0499995E+03  4.4092652E+07
  5.0699995E+03  4.4528104E+07
  5.0899995E+03  4.3940388E+07
  5.1099990E+03  4.3607212E+07
  5.1299995E+03  4.2632260E+07
  5.1499985E+03  4.1708048E+07
  5.1700000E+03  4.0840496E+07
  5.1899990E+03  4.0482996E+07
  5.2099990E+03  4.0430936E+07
  5.2299995E+03  3.9838572E+07
  5.2499995E+03  4.0332480E+07
  5.2699995E+03  3.8305564E+07
  5.2899990E+03  3.9435408E+07
  5.3099995E+03  3.8587080E+07
  5.3299990E+03  3.7743728E+07
  5.3499995E+03  3.8429472E+07
  5.3699995E+03  3.7771424E+07
  5.3899995E+03  3.7355476E+07
  5.4099990E+03  3.6589380E+07
  5.4299990E+03  3.6492832E+07
  5.4499990E+03  3.6640240E+07
  5.4699995E+03  3.6156224E+07
  5.4899995E+03  3.6064512E+07
  5.5099995E+03  3.5581052E+07
  5.5299985E+03  3.5109812E+07
  5.5499990E+03  3.5065140E+07
  5.5699990E+03  3.4461628E+07
  5.5899995E+03  3.4241996E+07
  5.6099990E+03  3.4040180E+07
  5.6299995E+03  3.3818964E+07
  5.6499990E+03  3.3392324E+07
  5.6699990E+03  3.2907568E+07
  5.6899995E+03  3.2843026E+07
  5.7099995E+03  3.2516294E+07
  5.7299990E+03  3.2449196E+07
  5.7499990E+03  3.1972038E+07
  5.7699990E+03  3.1742856E+07
  5.7899995E+03  3.1374476E+07
  5.8099985E+03  3.1116444E+07
  5.8300000E+03  3.0860076E+07
  5.8499990E+03  3.0552564E+07
  5.8699985E+03  3.0258354E+07
  5.8899985E+03  2.9618842E+07
  5.9099995E+03  2.9687274E+07
  5.9299985E+03  2.9424160E+07
  5.9499995E+03  2.9103234E+07
  5.9699990E+03  2.8893770E+07
  5.9899990E+03  2.8488002E+07
  6.0099990E+03  2.8156866E+07
  6.0299995E+03  2.8037738E+07
  6.0499990E+03  2.7796066E+07
  6.0699990E+03  2.7628536E+07
  6.0899995E+03  2.7290928E+07
  6.1099985E+03  2.6984406E+07
  6.1299995E+03  2.6580016E+07
  6.1499985E+03  2.5967174E+07
  6.1699985E+03  2.6137550E+07
  6.1900000E+03  2.6093776E+07
  6.2099995E+03  2.5892762E+07
  6.2299985E+03  2.5523928E+07
  6.2499990E+03  2.4811100E+07
  6.2699985E+03  2.5226136E+07
  6.2900000E+03  2.5012632E+07
  6.3099985E+03  2.4561020E+07
  6.3299995E+03  2.4468106E+07
  6.3499985E+03  2.4048888E+07
  6.3699985E+03  2.3901826E+07
  6.3899995E+03  2.3809636E+07
  6.4099990E+03  2.3421066E+07
  6.4299985E+03  2.3362160E+07
  6.4499985E+03  2.2908712E+07
  6.4699990E+03  2.3000386E+07
  6.4899990E+03  2.2514490E+07
  6.5099985E+03  2.2400372E+07
  6.5299990E+03  2.1993894E+07
  6.5499985E+03  1.9535420E+07
  6.5699985E+03  1.5437673E+07
  6.5899995E+03  2.0931592E+07
  6.6099985E+03  2.1470778E+07
  6.6299990E+03  2.1441706E+07
  6.6499985E+03  2.1291632E+07
  6.6699995E+03  2.1120098E+07
  6.6899990E+03  2.0994854E+07
  6.7099995E+03  2.0817168E+07
  6.7299990E+03  2.0610450E+07
  6.7499995E+03  2.0425652E+07
  6.7699985E+03  2.0336388E+07
  6.7899995E+03  2.0148114E+07
  6.8099995E+03  1.9986078E+07
  6.8300000E+03  1.9768250E+07
  6.8499985E+03  1.9616860E+07
  6.8699985E+03  1.9494028E+07
  6.8899985E+03  1.9341342E+07
  6.9099990E+03  1.9171942E+07
  6.9299995E+03  1.9004172E+07
  6.9499990E+03  1.8855180E+07
  6.9699985E+03  1.8681214E+07
  6.9899985E+03  1.8561358E+07
  7.0099985E+03  1.8282330E+07
  7.0299985E+03  1.8202086E+07
  7.0499990E+03  1.8086070E+07
  7.0699980E+03  1.7959024E+07
  7.0899990E+03  1.7818118E+07
  7.1099990E+03  1.7325276E+07
  7.1299995E+03  1.7420150E+07
  7.1499990E+03  1.7331676E+07
  7.1699995E+03  1.7191150E+07
  7.1899985E+03  1.7024958E+07
  7.2099985E+03  1.6913970E+07
  7.2299980E+03  1.6741970E+07
  7.2499990E+03  1.6624636E+07
  7.2699995E+03  1.6553248E+07
  7.2899990E+03  1.6342747E+07
  7.3099980E+03  1.6209029E+07
  7.3299980E+03  1.6131915E+07
  7.3499980E+03  1.6030993E+07
  7.3699985E+03  1.5934390E+07
  7.3899995E+03  1.5751679E+07
  7.4099985E+03  1.5511020E+07
  7.4299995E+03  1.5405786E+07
  7.4500000E+03  1.5325215E+07
  7.4700000E+03  1.5125788E+07
  7.4899990E+03  1.5076013E+07
  7.5099985E+03  1.4995156E+07
  7.5299995E+03  1.4928891E+07
  7.5499980E+03  1.4865768E+07
  7.5699985E+03  1.4724208E+07
  7.5899990E+03  1.4621860E+07
  7.6099980E+03  1.4515834E+07
  7.6299995E+03  1.4404886E+07
  7.6499995E+03  1.4259497E+07
  7.6699980E+03  1.4105185E+07
  7.6899990E+03  1.4049747E+07
  7.7099995E+03  1.3888855E+07
  7.7299985E+03  1.3864368E+07
  7.7499990E+03  1.3741467E+07
  7.7700000E+03  1.3346329E+07
  7.7900000E+03  1.3570909E+07
  7.8099995E+03  1.3456407E+07
  7.8299980E+03  1.3307874E+07
  7.8499980E+03  1.3153948E+07
  7.8699995E+03  1.3083522E+07
  7.8900000E+03  1.2954942E+07
  7.9099995E+03  1.2876268E+07
  7.9300000E+03  1.2799418E+07
  7.9499985E+03  1.2654037E+07
  7.9699990E+03  1.2686094E+07
  7.9900000E+03  1.2430281E+07
  8.0099980E+03  1.2465762E+07
  8.0299985E+03  1.2361677E+07
  8.0500000E+03  1.2291021E+07
  8.0699985E+03  1.2192001E+07
  8.0899990E+03  1.2105889E+07
  8.1099995E+03  1.2044533E+07
  8.1299976E+03  1.1968823E+07
  8.1499976E+03  1.1880660E+07
  8.1699980E+03  1.1795471E+07
  8.1899985E+03  1.1541353E+07
  8.2099990E+03  1.1527109E+07
  8.2300000E+03  1.1442781E+07
  8.2500000E+03  1.1388476E+07
  8.2700000E+03  1.1420491E+07
  8.2899980E+03  1.1245956E+07
  8.3099990E+03  1.1041861E+07
  8.3299980E+03  1.0720154E+07
  8.3500000E+03  1.0658589E+07
  8.3699990E+03  1.0413051E+07
  8.3899990E+03  1.0337240E+07
  8.4099971E+03  1.0276951E+07
  8.4300000E+03  1.0519806E+07
  8.4499990E+03  1.0430499E+07
  8.4699980E+03  9.8005060E+06
  8.4899980E+03  1.1088735E+07
  8.5099990E+03  9.5608510E+06
  8.5299990E+03  1.1379519E+07
  8.5499990E+03  9.0083030E+06
  8.5699990E+03  1.1642861E+07
  8.5900000E+03  1.0327110E+07
  8.6099980E+03  9.9061810E+06
  8.6299990E+03  1.1703089E+07
  8.6499990E+03  1.1086620E+07
  8.6699990E+03  8.5942720E+06
  8.6899990E+03  1.1084567E+07
  8.7099971E+03  1.1607783E+07
  8.7299990E+03  1.1132507E+07
  8.7499980E+03  8.6115360E+06
  8.7699980E+03  1.0647172E+07
  8.7899980E+03  1.1391112E+07
  8.8099990E+03  1.1336053E+07
  8.8299980E+03  1.0980355E+07
  8.8499980E+03  1.0017839E+07
  8.8699980E+03  8.3681350E+06
  8.8899990E+03  1.0672470E+07
  8.9099971E+03  1.0926428E+07
  8.9299980E+03  1.0889821E+07
  8.9499980E+03  1.0925392E+07
  8.9699990E+03  1.0766692E+07
  8.9899990E+03  1.0393476E+07
  9.0099980E+03  8.2599970E+06
  9.0299990E+03  9.1899870E+06
  9.0499990E+03  1.0328796E+07
  9.0699980E+03  1.0167892E+07
  9.0899990E+03  1.0044320E+07
  9.1099980E+03  1.0251749E+07
  9.1299980E+03  1.0250723E+07
  9.1499980E+03  1.0232059E+07
  9.1699980E+03  1.0095184E+07
  9.1899990E+03  9.8808910E+06
  9.2099990E+03  9.3139450E+06
  9.2299980E+03  7.2390095E+06
  9.2499980E+03  8.9610200E+06
  9.2699971E+03  9.3748300E+06
  9.2899990E+03  9.6946320E+06
  9.3099980E+03  9.6799740E+06
  9.3299990E+03  9.6077890E+06
  9.3499980E+03  9.5727650E+06
  9.3699990E+03  9.5216430E+06
  9.3900000E+03  9.3696050E+06
  9.4099980E+03  9.0907170E+06
  9.4299971E+03  9.2521630E+06
  9.4499990E+03  9.1974300E+06
  9.4700000E+03  9.1464380E+06
  9.4899980E+03  9.0690270E+06
  9.5100000E+03  8.8901230E+06
  9.5300000E+03  8.2895370E+06
  9.5500000E+03  6.6116490E+06
  9.5699990E+03  8.3187000E+06
  9.5899980E+03  8.6871210E+06
  9.6099980E+03  8.6395780E+06
  9.6299990E+03  8.5041990E+06
  9.6499990E+03  8.5996570E+06
  9.6699980E+03  8.4666240E+06
  9.6899980E+03  8.4561860E+06
  9.7100000E+03  8.4877120E+06
  9.7299990E+03  8.4166450E+06
  9.7499980E+03  8.3266690E+06
  9.7699961E+03  8.3162985E+06
  9.7899980E+03  8.2599455E+06
  9.8099980E+03  8.1953740E+06
  9.8299990E+03  8.1293085E+06
  9.8499980E+03  8.0233315E+06
  9.8700000E+03  7.9869785E+06
  9.8899980E+03  7.9000180E+06
  9.9099990E+03  7.8850410E+06
  9.9300000E+03  7.8361155E+06
  9.9499980E+03  7.7905685E+06
  9.9699980E+03  7.7589650E+06
  9.9899990E+03  7.6818750E+06
  1.0024998E+04  7.1039060E+06
  1.0074998E+04  6.7351700E+06
  1.0124997E+04  7.2806835E+06
  1.0174997E+04  7.2522435E+06
  1.0224998E+04  7.1649140E+06
  1.0274997E+04  7.0610970E+06
  1.0325000E+04  6.9267870E+06
  1.0374999E+04  6.8262345E+06
  1.0425000E+04  6.7207015E+06
  1.0474998E+04  6.5468275E+06
  1.0524997E+04  6.4660695E+06
  1.0574999E+04  6.3926015E+06
  1.0625000E+04  6.2955340E+06
  1.0674997E+04  6.0905780E+06
  1.0724998E+04  6.0683105E+06
  1.0774999E+04  5.9858375E+06
  1.0824997E+04  5.8985215E+06
  1.0874997E+04  5.7752820E+06
  1.0924999E+04  4.9889920E+06
  1.0974996E+04  5.4106065E+06
  1.1025000E+04  5.5754955E+06
  1.1074998E+04  5.5148255E+06
  1.1124999E+04  5.4218365E+06
  1.1174998E+04  5.3456740E+06
  1.1224999E+04  5.2754330E+06
  1.1274997E+04  5.0977645E+06
  1.1325000E+04  5.0319925E+06
  1.1375000E+04  5.0225005E+06
  1.1425000E+04  4.9261075E+06
  1.1474997E+04  4.9027300E+06
  1.1525000E+04  4.8358880E+06
  1.1574998E+04  4.7587715E+06
  1.1625000E+04  4.6376365E+06
  1.1674998E+04  4.5471445E+06
  1.1724997E+04  4.5640755E+06
  1.1775001E+04  4.4142635E+06
  1.1824999E+04  4.3926395E+06
  1.1875000E+04  4.3036305E+06
  1.1925000E+04  4.3179525E+06
  1.1975001E+04  4.2112990E+06
  1.2024998E+04  4.1828660E+06
  1.2074996E+04  4.1103162E+06
  1.2125000E+04  4.0595715E+06
  1.2175000E+04  4.0174008E+06
  1.2225001E+04  3.9553638E+06
  1.2275001E+04  3.8959538E+06
  1.2324996E+04  3.8450662E+06
  1.2374996E+04  3.8000360E+06
  1.2424998E+04  3.7580430E+06
  1.2475000E+04  3.6931180E+06
  1.2524997E+04  3.6485635E+06
  1.2574997E+04  3.5726732E+06
  1.2624999E+04  3.5423028E+06
  1.2674997E+04  3.5087840E+06
  1.2724999E+04  3.4563685E+06
  1.2774999E+04  3.3527270E+06
  1.2825000E+04  2.9141268E+06
  1.2875001E+04  3.2826655E+06
  1.2924997E+04  3.2760362E+06
  1.2975001E+04  3.2409878E+06
  1.3024998E+04  3.2023862E+06
  1.3074999E+04  3.1629552E+06
  1.3125000E+04  3.1187818E+06
  1.3174998E+04  3.0647708E+06
  1.3224998E+04  3.0412098E+06
  1.3274997E+04  3.0018828E+06
  1.3324997E+04  2.9649690E+06
  1.3374999E+04  2.9259945E+06
  1.3424999E+04  2.8879358E+06
  1.3474999E+04  2.8505672E+06
  1.3525001E+04  2.8072868E+06
  1.3574999E+04  2.7702910E+06
  1.3624997E+04  2.7437060E+06
  1.3674997E+04  2.7045405E+06
  1.3724995E+04  2.6480738E+06
  1.3774998E+04  2.6364282E+06
  1.3824998E+04  2.6049750E+06
  1.3874996E+04  2.5813428E+06
  1.3925000E+04  2.5383568E+06
  1.3974996E+04  2.5138618E+06
  1.4024997E+04  2.4840945E+06
  1.4075001E+04  2.4565870E+06
  1.4124996E+04  2.4218555E+06
  1.4175000E+04  2.3950492E+06
  1.4225000E+04  2.3637202E+06
  1.4274994E+04  2.3340662E+06
  1.4325001E+04  2.3082525E+06
  1.4374998E+04  2.2840195E+06
  1.4424999E+04  2.2140788E+06
  1.4475000E+04  2.2263185E+06
  1.4524997E+04  2.1778050E+06
  1.4569999E+04  2.1751982E+06
  1.4620000E+04  2.2040558E+06
  1.4674998E+04  2.2477445E+06
  1.4725000E+04  2.1833338E+06
  1.4775002E+04  2.1140470E+06
  1.4824998E+04  2.0698150E+06
  1.4874996E+04  2.0150611E+06
  1.4924997E+04  1.9897434E+06
  1.4974999E+04  1.9474148E+06
  1.5024999E+04  1.9076075E+06
  1.5075000E+04  1.8785622E+06
  1.5124999E+04  1.8620458E+06
  1.5175000E+04  1.8450509E+06
  1.5225002E+04  1.8527798E+06
  1.5274998E+04  1.7856124E+06
  1.5324995E+04  1.7779909E+06
  1.5374997E+04  1.8054904E+06
  1.5425001E+04  1.7114680E+06
  1.5474996E+04  1.7753099E+06
  1.5524994E+04  1.7681139E+06
  1.5575001E+04  1.6337786E+06
  1.5624998E+04  1.7810446E+06
  1.5674997E+04  1.6816910E+06
  1.5724994E+04  1.5913332E+06
  1.5774996E+04  1.7194796E+06
  1.5825001E+04  1.7024622E+06
  1.5874995E+04  1.4880340E+06
  1.5925002E+04  1.6336120E+06
  1.5975001E+04  1.6676888E+06
  1.6049998E+04  1.6068038E+06
  1.6150001E+04  1.4956799E+06
  1.6249997E+04  1.5730594E+06
  1.6350000E+04  1.5010271E+06
  1.6449996E+04  1.3987448E+06
  1.6549998E+04  1.4729456E+06
  1.6649994E+04  1.4426680E+06
  1.6749998E+04  1.3750045E+06
  1.6849998E+04  1.2823966E+06
  1.6950000E+04  1.3508770E+06
  1.7049996E+04  1.3192675E+06
  1.7150000E+04  1.2967540E+06
  1.7249992E+04  1.2574048E+06
  1.7349994E+04  1.1318048E+06
  1.7449992E+04  1.1946618E+06
  1.7550000E+04  1.1841308E+06
  1.7649998E+04  1.1589602E+06
  1.7749994E+04  1.1386805E+06
  1.7849994E+04  1.1144415E+06
  1.7949998E+04  1.0964695E+06
  1.8050002E+04  1.0661760E+06
  1.8150002E+04  9.7157062E+05
  1.8249994E+04  1.0106546E+06
  1.8349992E+04  1.0093362E+06
  1.8449992E+04  9.8973675E+05
  1.8549998E+04  9.6759806E+05
  1.8650002E+04  9.4632056E+05
  1.8750002E+04  8.5539075E+05
  1.8850000E+04  9.0594675E+05
  1.8950004E+04  8.9171025E+05
  1.9049996E+04  8.8104500E+05
  1.9149998E+04  8.6378256E+05
  1.9249992E+04  8.4661738E+05
  1.9350000E+04  8.2584500E+05
  1.9449992E+04  7.4924919E+05
  1.9550002E+04  7.9542175E+05
  1.9649992E+04  7.8509331E+05
  1.9749992E+04  7.6879925E+05
  1.9849992E+04  7.5635900E+05
  1.9950002E+04  7.4249994E+05
  2.0050002E+04  7.2914231E+05
  2.0149996E+04  7.1606881E+05
  2.0249994E+04  7.0248200E+05
  2.0349994E+04  6.8922694E+05
  2.0449996E+04  6.7789044E+05
  2.0550000E+04  6.6554581E+05
  2.0649992E+04  6.5264006E+05
  2.0749998E+04  6.4142075E+05
  2.0849992E+04  6.3035212E+05
  2.0950004E+04  6.1912938E+05
  2.1050002E+04  6.0807462E+05
  2.1149992E+04  5.9586219E+05
  2.1250000E+04  5.8577000E+05
  2.1350002E+04  5.7562581E+05
  2.1449996E+04  5.6707812E+05
  2.1550006E+04  5.5495594E+05
  2.1649994E+04  5.0614216E+05
  2.1750002E+04  5.3358406E+05
  2.1849998E+04  5.2888494E+05
  2.1950002E+04  5.2091778E+05
  2.2050000E+04  5.1125238E+05
  2.2149996E+04  5.0193203E+05
  2.2249998E+04  4.9513984E+05
  2.2350004E+04  4.8684972E+05
  2.2449990E+04  4.7883762E+05
  2.2549994E+04  4.6982881E+05
  2.2650000E+04  4.6299412E+05
  2.2750000E+04  4.5554800E+05
  2.2850000E+04  4.5042944E+05
  2.2950004E+04  4.5058956E+05
  2.3050000E+04  4.4178878E+05
  2.3149996E+04  4.3229350E+05
  2.3250000E+04  4.2362756E+05
  2.3349996E+04  4.1494209E+05
  2.3449994E+04  4.0717694E+05
  2.3550002E+04  3.9901184E+05
  2.3649988E+04  3.9195400E+05
  2.3750000E+04  3.8510669E+05
  2.3849990E+04  3.7848678E+05
  2.3950002E+04  3.7250156E+05
  2.4050006E+04  3.6585397E+05
  2.4149992E+04  3.5908425E+05
  2.4249990E+04  3.5773691E+05
  2.4349990E+04  3.4893366E+05
  2.4450002E+04  3.4278897E+05
  2.4549990E+04  3.4211519E+05
  2.4649992E+04  3.3376484E+05
  2.4749992E+04  3.2907444E+05
  2.4850006E+04  3.3051228E+05
  2.4950000E+04  3.1085038E+05
  2.5050006E+04  3.2446925E+05
  2.5149994E+04  3.1748694E+05
  2.5249998E+04  2.9596200E+05
  2.5350004E+04  3.0678675E+05
  2.5449988E+04  3.0470091E+05
  2.5549998E+04  2.9760525E+05
  2.5649990E+04  2.7688578E+05
  2.5749990E+04  2.8980728E+05
  2.5849994E+04  2.8697734E+05
  2.5949990E+04  2.8327059E+05
  2.6049996E+04  2.7503194E+05
  2.6149998E+04  2.5687853E+05
  2.6249988E+04  2.4960558E+05
  2.6350008E+04  2.6460512E+05
  2.6449996E+04  2.6347531E+05
  2.6549994E+04  2.5967186E+05
  2.6649994E+04  2.5405608E+05
  2.6749988E+04  2.3468622E+05
  2.6849986E+04  2.4732252E+05
  2.6949986E+04  2.4605592E+05
  2.7050002E+04  2.4254580E+05
  2.7149998E+04  2.3940295E+05
  2.7249994E+04  2.3607133E+05
  2.7350006E+04  2.3272123E+05
  2.7450004E+04  2.2870888E+05
  2.7549996E+04  2.1184839E+05
  2.7649982E+04  2.1796188E+05
  2.7750004E+04  2.1996967E+05
  2.7850000E+04  2.1734862E+05
  2.7949992E+04  2.1447008E+05
  2.8049994E+04  2.1156938E+05
  2.8150002E+04  2.0869006E+05
  2.8250006E+04  2.0589341E+05
  2.8350000E+04  2.0320609E+05
  2.8450000E+04  2.0017894E+05
  2.8550002E+04  1.9757739E+05
  2.8650002E+04  1.9224422E+05
  2.8749982E+04  1.7904995E+05
  2.8849998E+04  1.8903134E+05
  2.8949986E+04  1.8733675E+05
  2.9049994E+04  1.8518752E+05
  2.9149986E+04  1.8237631E+05
  2.9249984E+04  1.8035205E+05
  2.9349980E+04  1.7807125E+05
  2.9450000E+04  1.7577348E+05
  2.9550004E+04  1.7354169E+05
  2.9649982E+04  1.7132341E+05
  2.9749992E+04  1.6912638E+05
  2.9849994E+04  1.6699723E+05
  2.9949984E+04  1.6481725E+05
  3.0049996E+04  1.6273741E+05
  3.0149994E+04  1.6060289E+05
  3.0249994E+04  1.5817183E+05
  3.0349996E+04  1.4813745E+05
  3.0449996E+04  1.5005898E+05
  3.0549996E+04  1.5245277E+05
  3.0649996E+04  1.5091020E+05
  3.0749994E+04  1.4905775E+05
  3.0849996E+04  1.4696478E+05
  3.0949994E+04  1.4534019E+05
  3.1049996E+04  1.4351067E+05
  3.1149996E+04  1.4156961E+05
  3.1249996E+04  1.3995136E+05
  3.1349996E+04  1.3834695E+05
  3.1449996E+04  1.3658873E+05
  3.1549998E+04  1.3510353E+05
  3.1649996E+04  1.3355166E+05
  3.1749998E+04  1.3181102E+05
  3.1849996E+04  1.3037557E+05
  3.1949994E+04  1.2879680E+05
  3.2099996E+04  1.2649173E+05
  3.2299992E+04  1.2357241E+05
  3.2499994E+04  1.2068301E+05
  3.2699996E+04  1.1779141E+05
  3.2899996E+04  1.1027973E+05
  3.3099996E+04  1.1224178E+05
  3.3299992E+04  1.1053409E+05
  3.3499996E+04  1.0793920E+05
  3.3699996E+04  1.0510273E+05
  3.3899996E+04  1.0259102E+05
  3.4099996E+04  1.0017944E+05
  3.4299996E+04  9.7900203E+04
  3.4499992E+04  9.5746094E+04
  3.4699996E+04  9.3528570E+04
  3.4899996E+04  9.1442086E+04
  3.5099996E+04  8.9485609E+04
  3.5299996E+04  8.7594703E+04
  3.5499996E+04  8.5540305E+04
  3.5699992E+04  8.3532258E+04
  3.5899992E+04  8.2522281E+04
  3.6099996E+04  7.9861477E+04
  3.6299992E+04  7.9206906E+04
  3.6499992E+04  7.6384430E+04
  3.6699992E+04  7.6099602E+04
  3.6899992E+04  7.2853172E+04
  3.7099996E+04  7.2838914E+04
  3.7299996E+04  7.0118398E+04
  3.7499992E+04  6.6822078E+04
  3.7699996E+04  6.8574750E+04
  3.7899996E+04  6.7380828E+04
  3.8099992E+04  6.4741812E+04
  3.8299996E+04  6.3790031E+04
  3.8499996E+04  6.3482293E+04
  3.8699996E+04  6.2133578E+04
  3.8899992E+04  6.0707117E+04
  3.9099996E+04  5.7758953E+04
  3.9299992E+04  5.8575129E+04
  3.9499992E+04  5.7490895E+04
  3.9699992E+04  5.6413531E+04
  3.9900000E+04  5.5215180E+04
  4.0099996E+04  5.3328012E+04
  4.0299992E+04  5.1846652E+04
  4.0499996E+04  5.0283902E+04
  4.0699992E+04  5.1119117E+04
  4.0899992E+04  5.0210520E+04
  4.1099996E+04  4.9346125E+04
  4.1299996E+04  4.8425402E+04
  4.1499992E+04  4.7408551E+04
  4.1699992E+04  4.4842531E+04
  4.1899996E+04  4.5645047E+04
  4.2099996E+04  4.4893559E+04
  4.2299992E+04  4.4152117E+04
  4.2499996E+04  4.3345422E+04
  4.2699992E+04  4.2572547E+04
  4.2899992E+04  4.1808062E+04
  4.3099996E+04  4.1059953E+04
  4.3299996E+04  4.0323859E+04
  4.3499992E+04  3.9589578E+04
  4.3699996E+04  3.7549223E+04
  4.3899996E+04  3.7905734E+04
  4.4099992E+04  3.7537523E+04
  4.4299992E+04  3.6907559E+04
  4.4499996E+04  3.6264543E+04
  4.4699996E+04  3.5816312E+04
  4.4899996E+04  3.5191480E+04
  4.5099992E+04  3.4604082E+04
  4.5299992E+04  3.4007301E+04
  4.5499996E+04  3.3436031E+04
  4.5699992E+04  3.2859004E+04
  4.5899996E+04  3.2301473E+04
  4.6099996E+04  3.1775402E+04
  4.6299992E+04  3.1186910E+04
  4.6499988E+04  2.9546268E+04
  4.6699992E+04  2.8879148E+04
  4.6899992E+04  2.9566805E+04
  4.7099992E+04  2.9226236E+04
  4.7299992E+04  2.8755648E+04
  4.7499996E+04  2.8268547E+04
  4.7699992E+04  2.7820057E+04
  4.7899992E+04  2.7381340E+04
  4.8099996E+04  2.6939162E+04
  4.8299992E+04  2.6506596E+04
  4.8499992E+04  2.6085037E+04
  4.8700000E+04  2.5671070E+04
  4.8899992E+04  2.5264584E+04
  4.9099988E+04  2.4860723E+04
  4.9299988E+04  2.4474971E+04
  4.9499996E+04  2.4093078E+04
  4.9699992E+04  2.3716547E+04
  4.9899988E+04  2.3343746E+04
  5.0099996E+04  2.2986627E+04
  5.0299996E+04  2.2629980E+04
  5.0499996E+04  2.2287117E+04
  5.0699996E+04  2.1948945E+04
  5.0899992E+04  2.1611031E+04
  5.1099992E+04  2.1202699E+04
  5.1299996E+04  2.0098615E+04
  5.1499988E+04  2.0603316E+04
  5.1699996E+04  2.0338502E+04
  5.1899992E+04  2.0036602E+04
  5.2099992E+04  1.9735945E+04
  5.2299996E+04  1.9443426E+04
  5.2499996E+04  1.9157518E+04
  5.2699996E+04  1.8875381E+04
  5.2899992E+04  1.8599648E+04
  5.3099988E+04  1.8327531E+04
  5.3299988E+04  1.8060287E+04
  5.3499992E+04  1.7797834E+04
  5.3699992E+04  1.7537480E+04
  5.3899992E+04  1.7286977E+04
  5.4099992E+04  1.7040977E+04
  5.4299984E+04  1.6794297E+04
  5.4499988E+04  1.6554572E+04
  5.4699996E+04  1.6315374E+04
  5.4899992E+04  1.6090477E+04
  5.5099992E+04  1.5864681E+04
  5.5299988E+04  1.5640496E+04
  5.5499988E+04  1.5421569E+04
  5.5699992E+04  1.5201731E+04
  5.5899992E+04  1.4982230E+04
  5.6099988E+04  1.4784622E+04
  5.6299996E+04  1.4583491E+04
  5.6499988E+04  1.4383661E+04
  5.6699988E+04  1.4185105E+04
  5.6899992E+04  1.3992468E+04
  5.7099996E+04  1.3802179E+04
  5.7299988E+04  1.3614207E+04
  5.7499988E+04  1.3430785E+04
  5.7699988E+04  1.3249576E+04
  5.7899996E+04  1.3069420E+04
  5.8099988E+04  1.2895896E+04
  5.8299996E+04  1.2724436E+04
  5.8499992E+04  1.2585842E+04
  5.8699988E+04  1.2416037E+04
  5.8899988E+04  1.2192862E+04
  5.9099992E+04  1.1602458E+04
  5.9299988E+04  1.1902508E+04
  5.9499996E+04  1.1766223E+04
  5.9699988E+04  1.1624102E+04
  5.9899992E+04  1.1472059E+04
  6.0099992E+04  1.1322822E+04
  6.0299992E+04  1.1178418E+04
  6.0499988E+04  1.1034646E+04
  6.0699992E+04  1.0891497E+04
  6.0899992E+04  1.0751005E+04
  6.1099988E+04  1.0610099E+04
  6.1299992E+04  1.0480822E+04
  6.1499988E+04  1.0347026E+04
  6.1699988E+04  1.0217711E+04
  6.1899996E+04  1.0087876E+04
  6.2099996E+04  9.9614590E+03
  6.2299988E+04  9.8335439E+03
  6.2499992E+04  9.7138076E+03
  6.2699988E+04  9.5915645E+03
  6.2899996E+04  9.4745781E+03
  6.3099984E+04  9.3545332E+03
  6.3299996E+04  9.2397559E+03
  6.3499984E+04  9.1268047E+03
  6.3699984E+04  9.0163838E+03
  6.3900000E+04  8.9055000E+03
  6.4199992E+04  8.7444082E+03
  6.4599984E+04  8.5334512E+03
  6.4999992E+04  8.3291455E+03
  6.5399992E+04  8.1320044E+03
  6.5799992E+04  7.9391128E+03
  6.6199984E+04  7.7517412E+03
  6.6599984E+04  7.5711694E+03
  6.6999992E+04  7.3957686E+03
  6.7399992E+04  7.2246514E+03
  6.7799992E+04  7.0590127E+03
  6.8199992E+04  6.8979663E+03
  6.8599992E+04  6.7407456E+03
  6.8999984E+04  6.5865400E+03
  6.9399984E+04  6.4388711E+03
  6.9800000E+04  6.2956118E+03
  7.0199992E+04  6.1564170E+03
  7.0599984E+04  6.0199639E+03
  7.0999977E+04  5.8896987E+03
  7.1399977E+04  5.7598218E+03
  7.1799984E+04  5.6349492E+03
  7.2199984E+04  5.5098105E+03
  7.2600000E+04  5.3940103E+03
  7.2999984E+04  5.2800610E+03
  7.3400000E+04  5.1673560E+03
  7.3799984E+04  5.0583721E+03
  7.4199992E+04  4.9499229E+03
  7.4599992E+04  4.7755386E+03
  7.5000000E+04  4.6441636E+03
  7.5399992E+04  4.6465093E+03
  7.5799992E+04  4.5536675E+03
  7.6199984E+04  4.4610884E+03
  7.6599992E+04  4.3701875E+03
  7.6999992E+04  4.2818198E+03
  7.7399992E+04  4.1956074E+03
  7.7799984E+04  4.1115601E+03
  7.8199984E+04  4.0295625E+03
  7.8599984E+04  3.9495039E+03
  7.8999984E+04  3.8714600E+03
  7.9399984E+04  3.7952622E+03
  7.9800000E+04  3.7208657E+03
  8.0199992E+04  3.6482908E+03
  8.0599984E+04  3.5775488E+03
  8.0999992E+04  3.5087683E+03
  8.1399977E+04  3.4411084E+03
  8.1799984E+04  3.3754438E+03
  8.2199984E+04  3.3114495E+03
  8.2599992E+04  3.2487539E+03
  8.2999984E+04  3.1874392E+03
  8.3400000E+04  3.1266592E+03
  8.3799992E+04  3.0676982E+03
  8.4199992E+04  3.0114141E+03
  8.4599977E+04  2.9564763E+03
  8.4999977E+04  2.9022278E+03
  8.5399984E+04  2.8488108E+03
  8.5799984E+04  2.7968762E+03
  8.6199992E+04  2.7459834E+03
  8.6599992E+04  2.6966128E+03
  8.6999984E+04  2.6480823E+03
  8.7399992E+04  2.6005708E+03
  8.7799992E+04  2.5542534E+03
  8.8199984E+04  2.5085710E+03
  8.8599977E+04  2.4642317E+03
  8.8999992E+04  2.4209180E+03
  8.9399977E+04  2.3786575E+03
  8.9799977E+04  2.3369114E+03
  9.0199984E+04  2.2964587E+03
  9.0599984E+04  2.2568577E+03
  9.0999992E+04  2.2177256E+03
  9.1400000E+04  2.1798218E+03
  9.1799969E+04  2.1426738E+03
  9.2199969E+04  2.1062183E+03
  9.2599984E+04  2.0705745E+03
  9.3000000E+04  2.0356389E+03
  9.3399984E+04  2.0014417E+03
  9.3799984E+04  1.9679658E+03
  9.4199977E+04  1.9351982E+03
  9.4599984E+04  1.9030387E+03
  9.4999969E+04  1.8716443E+03
  9.5399984E+04  1.8406241E+03
  9.5799984E+04  1.8107134E+03
  9.6199992E+04  1.7811128E+03
  9.6599984E+04  1.7522225E+03
  9.7000000E+04  1.7238667E+03
  9.7399977E+04  1.6959180E+03
  9.7799984E+04  1.6687607E+03
  9.8199977E+04  1.6420282E+03
  9.8599977E+04  1.6159448E+03
  9.8999992E+04  1.5903047E+03
  9.9399984E+04  1.5651776E+03
  9.9799977E+04  1.5404014E+03
  1.0019999E+05  1.5162321E+03
  1.9999991E+05  9.7281967E+01
  3.9999994E+05  6.0581040E+00
  5.9999981E+05  1.1867098E+00
  7.9999994E+05  3.7255371E-01
