  5.0599994E+02  1.2122773E-12
  5.1199994E+02  2.3124740E-12
  5.2000000E+02  4.6721021E-12
  5.2999994E+02  1.0925930E-11
  5.3999994E+02  2.4460520E-11
  5.4999988E+02  5.3484904E-11
  5.5999988E+02  1.1345842E-10
  5.6999988E+02  2.3445812E-10
  5.7999994E+02  4.7022203E-10
  5.8999988E+02  9.3272035E-10
  5.9999988E+02  1.8012032E-09
  6.0999988E+02  3.4145937E-09
  6.1999994E+02  6.3531069E-09
  6.2999988E+02  1.1623770E-08
  6.3999994E+02  2.0941979E-08
  6.4999994E+02  3.7197154E-08
  6.5799994E+02  5.8306252E-08
  6.6499988E+02  8.5744112E-08
  6.7499994E+02  1.4736104E-07
  6.8499988E+02  2.5037127E-07
  6.9499994E+02  4.2035157E-07
  7.0499988E+02  6.9662570E-07
  7.1599988E+02  1.2046648E-06
  7.2599994E+02  1.9572999E-06
  7.3499982E+02  3.0041722E-06
  7.4499994E+02  4.7901317E-06
  7.5499982E+02  7.5673775E-06
  7.6499994E+02  1.1844182E-05
  7.7499994E+02  1.8364819E-05
  7.8499982E+02  2.8224502E-05
  7.9499982E+02  4.2863627E-05
  8.0500000E+02  6.4803717E-05
  8.1499976E+02  9.7055345E-05
  8.2500000E+02  1.4401233E-04
  8.3499994E+02  2.1188046E-04
  8.4499994E+02  3.0916356E-04
  8.5499988E+02  4.4748283E-04
  8.6499994E+02  6.4251933E-04
  8.7499982E+02  9.1508334E-04
  8.8499982E+02  1.2943295E-03
  8.9499988E+02  1.8165399E-03
  9.0499994E+02  2.5301983E-03
  9.1499982E+02  1.9849898E-01
  9.2499988E+02  6.7115188E-01
  9.3499982E+02  8.9560986E-01
  9.4500000E+02  1.1681349E+00
  9.5500000E+02  1.6283756E+00
  9.6499988E+02  2.0972207E+00
  9.7499982E+02  2.5190840E+00
  9.8499976E+02  3.2591126E+00
  9.9499988E+02  3.9091733E+00
  1.0049999E+03  5.2454123E+00
  1.0149997E+03  6.5222788E+00
  1.0249998E+03  6.8980045E+00
  1.0349998E+03  9.7669811E+00
  1.0449998E+03  1.2092789E+01
  1.0549999E+03  1.4694291E+01
  1.0649999E+03  1.7291409E+01
  1.0750000E+03  2.1254505E+01
  1.0849996E+03  2.5656488E+01
  1.0949999E+03  2.9809052E+01
  1.1049999E+03  1.8146068E+02
  1.1149999E+03  3.3869540E+02
  1.1249999E+03  4.5795859E+02
  1.1349996E+03  5.8620337E+02
  1.1449999E+03  7.1408380E+02
  1.1549999E+03  7.5130579E+02
  1.1650000E+03  9.8478381E+02
  1.1749995E+03  1.1393207E+03
  1.1849996E+03  1.1388452E+03
  1.1949998E+03  7.3361438E+02
  1.2049996E+03  7.5547723E+02
  1.2149998E+03  1.5746118E+02
  1.2249996E+03  8.9833539E+02
  1.2349996E+03  1.9030004E+03
  1.2449998E+03  4.6062788E+03
  1.2549996E+03  7.1984800E+03
  1.2650000E+03  7.1924702E+03
  1.2749998E+03  1.0516895E+04
  1.2849995E+03  1.4363653E+04
  1.2949998E+03  1.7209057E+04
  1.3049995E+03  1.5516848E+04
  1.3149998E+03  2.2385363E+04
  1.3249998E+03  2.6016445E+04
  1.3349996E+03  2.8948990E+04
  1.3449995E+03  3.5534059E+04
  1.3549996E+03  3.6597617E+04
  1.3649999E+03  4.0829055E+04
  1.3749999E+03  4.4210652E+04
  1.3849996E+03  4.6084508E+04
  1.3949999E+03  5.3005238E+04
  1.4050001E+03  5.8656227E+04
  1.4149998E+03  6.1805895E+04
  1.4249998E+03  6.8748406E+04
  1.4350000E+03  7.0331055E+04
  1.4419998E+03  8.3366836E+04
  1.4469999E+03  8.9772852E+04
  1.4549994E+03  9.9693461E+04
  1.4650000E+03  9.8473938E+04
  1.4749995E+03  1.0786195E+05
  1.4849996E+03  1.2092841E+05
  1.4949998E+03  1.3734003E+05
  1.5049996E+03  1.5331789E+05
  1.5119995E+03  1.5474259E+05
  1.5169994E+03  1.5752220E+05
  1.5250001E+03  3.8904028E+05
  1.5349994E+03  5.9956588E+05
  1.5449994E+03  8.7548944E+05
  1.5549998E+03  7.9787756E+05
  1.5649999E+03  7.2832475E+05
  1.5750001E+03  1.5504425E+06
  1.5850000E+03  1.9301339E+06
  1.5949996E+03  2.4084625E+06
  1.6049999E+03  2.2102142E+06
  1.6150000E+03  2.1588060E+06
  1.6249996E+03  1.5167054E+06
  1.6350000E+03  2.0620628E+06
  1.6449996E+03  3.4108935E+06
  1.6549999E+03  1.5923326E+06
  1.6649993E+03  3.4836852E+06
  1.6720000E+03  1.7410998E+06
  1.6770001E+03  1.0419224E+07
  1.6849998E+03  1.1057083E+07
  1.6950000E+03  7.6387095E+06
  1.7049995E+03  8.7343820E+06
  1.7150000E+03  1.1818341E+07
  1.7249993E+03  1.2303362E+07
  1.7349994E+03  1.4665217E+07
  1.7449993E+03  1.3996549E+07
  1.7550001E+03  1.6732677E+07
  1.7649998E+03  1.1828445E+07
  1.7749995E+03  1.5511155E+07
  1.7849995E+03  1.5516387E+07
  1.7949999E+03  2.0279354E+07
  1.8050001E+03  1.7777310E+07
  1.8150001E+03  1.8779322E+07
  1.8249994E+03  1.7213364E+07
  1.8349993E+03  1.5496836E+07
  1.8449993E+03  1.2725171E+07
  1.8549998E+03  1.5698741E+07
  1.8650002E+03  1.8786686E+07
  1.8750001E+03  1.7558100E+07
  1.8850000E+03  1.8199304E+07
  1.8950002E+03  2.0056612E+07
  1.9049996E+03  1.8469038E+07
  1.9149999E+03  2.0327134E+07
  1.9249993E+03  1.9097818E+07
  1.9350001E+03  1.2885023E+07
  1.9449993E+03  2.1689656E+07
  1.9550002E+03  2.2044942E+07
  1.9670002E+03  2.5015306E+07
  1.9759990E+03  2.4041190E+07
  1.9839996E+03  2.3635214E+07
  1.9950001E+03  2.3022216E+07
  2.0050002E+03  2.0913232E+07
  2.0149996E+03  2.0976194E+07
  2.0249994E+03  1.8983544E+07
  2.0349995E+03  2.2384432E+07
  2.0449998E+03  2.4729830E+07
  2.0550000E+03  2.3793006E+07
  2.0649993E+03  2.2488834E+07
  2.0739993E+03  2.6723992E+07
  2.0780002E+03  2.8826748E+07
  2.0849993E+03  2.7793798E+07
  2.0950005E+03  2.6063000E+07
  2.1050002E+03  2.3321432E+07
  2.1149990E+03  2.4188718E+07
  2.1250000E+03  2.4885966E+07
  2.1350002E+03  1.9987018E+07
  2.1449998E+03  2.4155494E+07
  2.1550005E+03  2.4012940E+07
  2.1649995E+03  2.1820058E+07
  2.1750002E+03  2.1754450E+07
  2.1849998E+03  2.3461460E+07
  2.1950000E+03  2.5443032E+07
  2.2050000E+03  2.3853694E+07
  2.2149998E+03  2.0719370E+07
  2.2249998E+03  2.0472668E+07
  2.2350005E+03  2.4956014E+07
  2.2449990E+03  2.2418512E+07
  2.2549993E+03  2.0066412E+07
  2.2650000E+03  2.0035000E+07
  2.2750000E+03  2.1640424E+07
  2.2850000E+03  2.3856324E+07
  2.2950002E+03  2.1099662E+07
  2.3050000E+03  2.2489714E+07
  2.3149995E+03  2.1211180E+07
  2.3250000E+03  1.4548367E+07
  2.3349995E+03  1.7186534E+07
  2.3449993E+03  1.3379828E+07
  2.3550000E+03  2.0291594E+07
  2.3649988E+03  1.4256425E+07
  2.3750000E+03  1.7327798E+07
  2.3849990E+03  1.1859211E+07
  2.3950000E+03  1.4375691E+07
  2.4050005E+03  1.4133282E+07
  2.4149993E+03  1.4601078E+07
  2.4249990E+03  1.9239542E+07
  2.4349990E+03  1.8354968E+07
  2.4450000E+03  2.0550706E+07
  2.4549990E+03  2.0427400E+07
  2.4649990E+03  2.0531082E+07
  2.4749993E+03  1.8340272E+07
  2.4850005E+03  1.8106310E+07
  2.4950000E+03  1.6966532E+07
  2.5050005E+03  2.2360730E+07
  2.5129988E+03  1.5579581E+07
  2.5179990E+03  1.3078633E+07
  2.5249998E+03  1.2834850E+07
  2.5350007E+03  1.3797810E+07
  2.5449988E+03  1.4414924E+07
  2.5550000E+03  1.7828384E+07
  2.5649990E+03  1.6554167E+07
  2.5749990E+03  1.9083180E+07
  2.5849993E+03  1.9187264E+07
  2.5949990E+03  1.8469038E+07
  2.6049995E+03  1.7147234E+07
  2.6149998E+03  1.5576227E+07
  2.6249990E+03  2.0010430E+07
  2.6350007E+03  2.1214204E+07
  2.6449995E+03  2.6080436E+07
  2.6549998E+03  2.7522956E+07
  2.6649995E+03  2.2204910E+07
  2.6749988E+03  2.4836956E+07
  2.6849988E+03  2.4938668E+07
  2.6949988E+03  2.2159914E+07
  2.7050000E+03  2.3930728E+07
  2.7150000E+03  2.1237670E+07
  2.7249995E+03  2.1674156E+07
  2.7350007E+03  2.3973690E+07
  2.7450002E+03  1.6647191E+07
  2.7549998E+03  1.8396822E+07
  2.7649983E+03  1.9974420E+07
  2.7750005E+03  2.1784646E+07
  2.7850000E+03  1.6452205E+07
  2.7949993E+03  7.3238975E+06
  2.8049995E+03  9.1247840E+06
  2.8150002E+03  2.0906088E+07
  2.8250007E+03  2.5393958E+07
  2.8350000E+03  2.4812028E+07
  2.8450002E+03  2.3693050E+07
  2.8550005E+03  2.1367542E+07
  2.8650000E+03  2.5905652E+07
  2.8749983E+03  2.5628246E+07
  2.8850000E+03  2.5516036E+07
  2.8949988E+03  2.4432080E+07
  2.9099988E+03  2.8671076E+07
  2.9299983E+03  2.6946080E+07
  2.9499990E+03  2.6604446E+07
  2.9700005E+03  2.7573434E+07
  2.9899980E+03  2.8151878E+07
  3.0099995E+03  2.8761550E+07
  3.0299995E+03  2.8287914E+07
  3.0499995E+03  2.8437326E+07
  3.0699995E+03  2.8827484E+07
  3.0899995E+03  2.9277794E+07
  3.1099995E+03  2.8397642E+07
  3.1299998E+03  2.8281996E+07
  3.1499995E+03  2.8917612E+07
  3.1699995E+03  2.8793434E+07
  3.1899995E+03  2.6619842E+07
  3.2099998E+03  2.7819990E+07
  3.2299993E+03  2.6169720E+07
  3.2499993E+03  2.7449002E+07
  3.2699995E+03  2.8498172E+07
  3.2899995E+03  2.8394640E+07
  3.3099998E+03  2.9087890E+07
  3.3299993E+03  2.8455522E+07
  3.3499995E+03  2.8141266E+07
  3.3699995E+03  2.7685498E+07
  3.3899993E+03  2.7698436E+07
  3.4099993E+03  2.7581502E+07
  3.4299995E+03  2.7630316E+07
  3.4499993E+03  2.7586268E+07
  3.4699998E+03  2.7289830E+07
  3.4899993E+03  2.7396752E+07
  3.5099995E+03  2.7871604E+07
  3.5299995E+03  2.7458412E+07
  3.5499995E+03  2.8374330E+07
  3.5699995E+03  2.6893548E+07
  3.5899995E+03  2.6483654E+07
  3.6099995E+03  2.6658750E+07
  3.6299993E+03  2.6821818E+07
  3.6399993E+03  2.6801178E+07
  3.6499995E+03  2.8124410E+07
  3.6699993E+03  2.7133716E+07
  3.6899995E+03  2.4574904E+07
  3.7099995E+03  2.5868600E+07
  3.7299998E+03  2.5795286E+07
  3.7499993E+03  3.0800362E+07
  3.7699993E+03  3.2459768E+07
  3.7899995E+03  3.8541176E+07
  3.8099993E+03  4.4371468E+07
  3.8299998E+03  3.5577876E+07
  3.8499995E+03  4.9038212E+07
  3.8699995E+03  5.4526932E+07
  3.8899995E+03  3.3328660E+07
  3.9099995E+03  5.3542664E+07
  3.9299993E+03  3.7588188E+07
  3.9499993E+03  4.9566272E+07
  3.9699998E+03  2.8870062E+07
  3.9899995E+03  5.3165888E+07
  4.0099995E+03  6.0546344E+07
  4.0299993E+03  6.1241260E+07
  4.0499993E+03  6.0258932E+07
  4.0699993E+03  5.7236952E+07
  4.0899995E+03  4.6222044E+07
  4.1099995E+03  3.6292572E+07
  4.1299995E+03  5.5108888E+07
  4.1499990E+03  5.8947344E+07
  4.1699990E+03  5.9228196E+07
  4.1899995E+03  5.8608316E+07
  4.2099995E+03  5.8601176E+07
  4.2299995E+03  5.6810312E+07
  4.2499995E+03  5.7200856E+07
  4.2699990E+03  5.5116616E+07
  4.2899995E+03  5.5287596E+07
  4.3100000E+03  5.0328144E+07
  4.3299995E+03  4.0052592E+07
  4.3499995E+03  3.4546560E+07
  4.3699995E+03  5.1419588E+07
  4.3899995E+03  5.3288140E+07
  4.4099995E+03  5.2902756E+07
  4.4299995E+03  5.2216912E+07
  4.4499995E+03  5.2905292E+07
  4.4699995E+03  5.2770424E+07
  4.4899995E+03  5.2041608E+07
  4.5099990E+03  5.3525852E+07
  4.5299995E+03  5.1422176E+07
  4.5499990E+03  5.0878312E+07
  4.5699995E+03  5.2223376E+07
  4.5899990E+03  5.0374496E+07
  4.6099990E+03  5.0909792E+07
  4.6299990E+03  4.9544764E+07
  4.6499990E+03  4.9764152E+07
  4.6699990E+03  4.9743036E+07
  4.6899990E+03  4.8155036E+07
  4.7099995E+03  4.6069100E+07
  4.7299990E+03  4.8086612E+07
  4.7499995E+03  4.7846144E+07
  4.7699995E+03  4.7146068E+07
  4.7899990E+03  4.6454360E+07
  4.8099995E+03  4.5215588E+07
  4.8299995E+03  4.2839464E+07
  4.8499990E+03  3.3434718E+07
  4.8700000E+03  2.7145158E+07
  4.8899990E+03  4.0004888E+07
  4.9099990E+03  4.2528412E+07
  4.9299990E+03  4.2360764E+07
  4.9499995E+03  4.3158440E+07
  4.9699995E+03  4.3370004E+07
  4.9899990E+03  4.1777876E+07
  5.0099995E+03  4.0592452E+07
  5.0299995E+03  4.1589556E+07
  5.0499995E+03  4.0826476E+07
  5.0699995E+03  4.1374116E+07
  5.0899995E+03  4.0773332E+07
  5.1099990E+03  4.0730368E+07
  5.1299995E+03  3.9939556E+07
  5.1499985E+03  3.9019180E+07
  5.1700000E+03  3.8189304E+07
  5.1899990E+03  3.7863388E+07
  5.2099990E+03  3.8022928E+07
  5.2299995E+03  3.7724408E+07
  5.2499995E+03  3.8258996E+07
  5.2699995E+03  3.6120276E+07
  5.2899990E+03  3.7358160E+07
  5.3099995E+03  3.7017144E+07
  5.3299990E+03  3.5724064E+07
  5.3499995E+03  3.6427512E+07
  5.3699995E+03  3.5901928E+07
  5.3899995E+03  3.5598380E+07
  5.4099990E+03  3.4831088E+07
  5.4299990E+03  3.5020904E+07
  5.4499990E+03  3.5042112E+07
  5.4699995E+03  3.4576056E+07
  5.4899995E+03  3.4518336E+07
  5.5099995E+03  3.4265724E+07
  5.5299985E+03  3.3794120E+07
  5.5499990E+03  3.3744232E+07
  5.5699990E+03  3.3117408E+07
  5.5899995E+03  3.2857946E+07
  5.6099990E+03  3.2750968E+07
  5.6299995E+03  3.2663696E+07
  5.6499990E+03  3.2390376E+07
  5.6699990E+03  3.1845882E+07
  5.6899995E+03  3.1815552E+07
  5.7099995E+03  3.1479832E+07
  5.7299990E+03  3.1652888E+07
  5.7499990E+03  3.1102634E+07
  5.7699990E+03  3.0965470E+07
  5.7899995E+03  3.0640654E+07
  5.8099985E+03  3.0453512E+07
  5.8300000E+03  3.0269298E+07
  5.8499990E+03  2.9926190E+07
  5.8699985E+03  2.9657012E+07
  5.8899985E+03  2.9021578E+07
  5.9099995E+03  2.9159842E+07
  5.9299985E+03  2.8935632E+07
  5.9499995E+03  2.8718012E+07
  5.9699990E+03  2.8493162E+07
  5.9899990E+03  2.8162508E+07
  6.0099990E+03  2.7776168E+07
  6.0299995E+03  2.7651274E+07
  6.0499990E+03  2.7546986E+07
  6.0699990E+03  2.7405632E+07
  6.0899995E+03  2.7059328E+07
  6.1099985E+03  2.6773494E+07
  6.1299995E+03  2.6277244E+07
  6.1499985E+03  2.5893466E+07
  6.1699985E+03  2.5843634E+07
  6.1900000E+03  2.6020034E+07
  6.2099995E+03  2.5795070E+07
  6.2299985E+03  2.5427834E+07
  6.2499990E+03  2.4814960E+07
  6.2699985E+03  2.5200260E+07
  6.2900000E+03  2.5006920E+07
  6.3099985E+03  2.4577106E+07
  6.3299995E+03  2.4444604E+07
  6.3499985E+03  2.4094668E+07
  6.3699985E+03  2.3954746E+07
  6.3899995E+03  2.3881602E+07
  6.4099990E+03  2.3454990E+07
  6.4299985E+03  2.3375830E+07
  6.4499985E+03  2.2983870E+07
  6.4699990E+03  2.2910390E+07
  6.4899990E+03  2.2438466E+07
  6.5099985E+03  2.2140800E+07
  6.5299990E+03  2.1177538E+07
  6.5499985E+03  1.8081260E+07
  6.5699985E+03  1.4537842E+07
  6.5899995E+03  1.9817738E+07
  6.6099985E+03  2.1134500E+07
  6.6299990E+03  2.1400568E+07
  6.6499985E+03  2.1393862E+07
  6.6699995E+03  2.1269136E+07
  6.6899990E+03  2.1217916E+07
  6.7099995E+03  2.1055636E+07
  6.7299990E+03  2.0904064E+07
  6.7499995E+03  2.0691068E+07
  6.7699985E+03  2.0651200E+07
  6.7899995E+03  2.0472518E+07
  6.8099995E+03  2.0308578E+07
  6.8300000E+03  2.0126012E+07
  6.8499985E+03  1.9940422E+07
  6.8699985E+03  1.9860410E+07
  6.8899985E+03  1.9716708E+07
  6.9099990E+03  1.9549874E+07
  6.9299995E+03  1.9397968E+07
  6.9499990E+03  1.9257630E+07
  6.9699985E+03  1.9090666E+07
  6.9899985E+03  1.8982346E+07
  7.0099985E+03  1.8676390E+07
  7.0299985E+03  1.8618298E+07
  7.0499990E+03  1.8521146E+07
  7.0699980E+03  1.8390888E+07
  7.0899990E+03  1.8252798E+07
  7.1099990E+03  1.7782854E+07
  7.1299995E+03  1.7857376E+07
  7.1499990E+03  1.7765722E+07
  7.1699995E+03  1.7610320E+07
  7.1899985E+03  1.7448358E+07
  7.2099985E+03  1.7371986E+07
  7.2299980E+03  1.7237092E+07
  7.2499990E+03  1.7095532E+07
  7.2699995E+03  1.7040802E+07
  7.2899990E+03  1.6798564E+07
  7.3099980E+03  1.6737792E+07
  7.3299980E+03  1.6615727E+07
  7.3499980E+03  1.6554712E+07
  7.3699985E+03  1.6435159E+07
  7.3899995E+03  1.6213179E+07
  7.4099985E+03  1.5943273E+07
  7.4299995E+03  1.5912830E+07
  7.4500000E+03  1.5847868E+07
  7.4700000E+03  1.5676701E+07
  7.4899990E+03  1.5590411E+07
  7.5099985E+03  1.5542887E+07
  7.5299995E+03  1.5458434E+07
  7.5499980E+03  1.5398460E+07
  7.5699985E+03  1.5257374E+07
  7.5899990E+03  1.5147643E+07
  7.6099980E+03  1.5034304E+07
  7.6299995E+03  1.4938113E+07
  7.6499995E+03  1.4807963E+07
  7.6699980E+03  1.4594441E+07
  7.6899990E+03  1.4567677E+07
  7.7099995E+03  1.4443395E+07
  7.7299985E+03  1.4407217E+07
  7.7499990E+03  1.4257681E+07
  7.7700000E+03  1.3900449E+07
  7.7900000E+03  1.4127775E+07
  7.8099995E+03  1.3999307E+07
  7.8299980E+03  1.3832027E+07
  7.8499980E+03  1.3702947E+07
  7.8699995E+03  1.3643725E+07
  7.8900000E+03  1.3529858E+07
  7.9099995E+03  1.3425398E+07
  7.9300000E+03  1.3297854E+07
  7.9499985E+03  1.3195272E+07
  7.9699990E+03  1.3241814E+07
  7.9900000E+03  1.3038105E+07
  8.0099980E+03  1.3001856E+07
  8.0299985E+03  1.2904450E+07
  8.0500000E+03  1.2823544E+07
  8.0699985E+03  1.2752545E+07
  8.0899990E+03  1.2642944E+07
  8.1099995E+03  1.2605290E+07
  8.1299976E+03  1.2534235E+07
  8.1499976E+03  1.2441031E+07
  8.1699980E+03  1.2357052E+07
  8.1899985E+03  1.2081660E+07
  8.2099990E+03  1.2059757E+07
  8.2300000E+03  1.1971731E+07
  8.2500000E+03  1.1924826E+07
  8.2700000E+03  1.1974633E+07
  8.2899980E+03  1.1882395E+07
  8.3099990E+03  1.1761982E+07
  8.3299980E+03  1.1569840E+07
  8.3500000E+03  1.1572290E+07
  8.3699990E+03  1.1498774E+07
  8.3899990E+03  1.1305938E+07
  8.4099971E+03  1.1229329E+07
  8.4300000E+03  1.1089160E+07
  8.4499990E+03  1.0864202E+07
  8.4699980E+03  1.0773049E+07
  8.4899980E+03  1.0789251E+07
  8.5099990E+03  1.0276653E+07
  8.5299990E+03  1.0768035E+07
  8.5499990E+03  9.7334000E+06
  8.5699990E+03  1.0826251E+07
  8.5900000E+03  1.0163220E+07
  8.6099980E+03  1.0001721E+07
  8.6299990E+03  1.0773862E+07
  8.6499990E+03  1.0343451E+07
  8.6699990E+03  8.8578930E+06
  8.6899990E+03  1.0313801E+07
  8.7099971E+03  1.0702500E+07
  8.7299990E+03  1.0266958E+07
  8.7499980E+03  8.6513930E+06
  8.7699980E+03  9.9006900E+06
  8.7899980E+03  1.0529050E+07
  8.8099990E+03  1.0537116E+07
  8.8299980E+03  1.0202428E+07
  8.8499980E+03  9.3199050E+06
  8.8699980E+03  8.1746850E+06
  8.8899990E+03  9.8420870E+06
  8.9099971E+03  1.0217455E+07
  8.9299980E+03  1.0257719E+07
  8.9499980E+03  1.0302696E+07
  8.9699990E+03  1.0082625E+07
  8.9899990E+03  9.6080340E+06
  9.0099980E+03  7.8785300E+06
  9.0299990E+03  8.5644160E+06
  9.0499990E+03  9.6107710E+06
  9.0699980E+03  9.6476600E+06
  9.0899990E+03  9.5660410E+06
  9.1099980E+03  9.7932710E+06
  9.1299980E+03  9.8340240E+06
  9.1499980E+03  9.7784810E+06
  9.1699980E+03  9.6081880E+06
  9.1899990E+03  9.3183970E+06
  9.2099990E+03  8.6299770E+06
  9.2299980E+03  6.9498020E+06
  9.2499980E+03  8.3190605E+06
  9.2699971E+03  8.8715430E+06
  9.2899990E+03  9.2550590E+06
  9.3099980E+03  9.3100920E+06
  9.3299990E+03  9.2762770E+06
  9.3499980E+03  9.2508570E+06
  9.3699990E+03  9.2195590E+06
  9.3900000E+03  9.1089700E+06
  9.4099980E+03  8.7771560E+06
  9.4299971E+03  8.9560300E+06
  9.4499990E+03  8.8877830E+06
  9.4700000E+03  8.8347380E+06
  9.4899980E+03  8.6921270E+06
  9.5100000E+03  8.3881735E+06
  9.5300000E+03  7.7042425E+06
  9.5500000E+03  6.3129960E+06
  9.5699990E+03  7.7456915E+06
  9.5899980E+03  8.2418480E+06
  9.6099980E+03  8.3213920E+06
  9.6299990E+03  8.2750810E+06
  9.6499990E+03  8.3646090E+06
  9.6699980E+03  8.2591390E+06
  9.6899980E+03  8.2587830E+06
  9.7100000E+03  8.3075045E+06
  9.7299990E+03  8.2503095E+06
  9.7499980E+03  8.1526935E+06
  9.7699961E+03  8.1611895E+06
  9.7899980E+03  8.1125440E+06
  9.8099980E+03  8.0595355E+06
  9.8299990E+03  7.9967505E+06
  9.8499980E+03  7.9068435E+06
  9.8700000E+03  7.8523990E+06
  9.8899980E+03  7.7721455E+06
  9.9099990E+03  7.7369685E+06
  9.9300000E+03  7.7046860E+06
  9.9499980E+03  7.6444460E+06
  9.9699980E+03  7.5815915E+06
  9.9899990E+03  7.4557590E+06
  1.0024998E+04  6.7447935E+06
  1.0074998E+04  6.4163575E+06
  1.0124997E+04  7.1406705E+06
  1.0174997E+04  7.1605440E+06
  1.0224998E+04  7.1076200E+06
  1.0274997E+04  7.0254125E+06
  1.0325000E+04  6.9034630E+06
  1.0374999E+04  6.8115360E+06
  1.0425000E+04  6.7082215E+06
  1.0474998E+04  6.5440810E+06
  1.0524997E+04  6.4796730E+06
  1.0574999E+04  6.4050665E+06
  1.0625000E+04  6.3055460E+06
  1.0674997E+04  6.0948755E+06
  1.0724998E+04  6.0794455E+06
  1.0774999E+04  5.9955725E+06
  1.0824997E+04  5.8811605E+06
  1.0874997E+04  5.6886365E+06
  1.0924999E+04  4.8056065E+06
  1.0974996E+04  5.2223185E+06
  1.1025000E+04  5.5494615E+06
  1.1074998E+04  5.5461545E+06
  1.1124999E+04  5.4720610E+06
  1.1174998E+04  5.4075175E+06
  1.1224999E+04  5.3471910E+06
  1.1274997E+04  5.1724435E+06
  1.1325000E+04  5.1127700E+06
  1.1375000E+04  5.1011135E+06
  1.1425000E+04  5.0005705E+06
  1.1474997E+04  4.9942840E+06
  1.1525000E+04  4.9314705E+06
  1.1574998E+04  4.8554990E+06
  1.1625000E+04  4.7313030E+06
  1.1674998E+04  4.6416690E+06
  1.1724997E+04  4.6704015E+06
  1.1775001E+04  4.5085480E+06
  1.1824999E+04  4.4947500E+06
  1.1875000E+04  4.4059520E+06
  1.1925000E+04  4.4350475E+06
  1.1975001E+04  4.3192740E+06
  1.2024998E+04  4.2967190E+06
  1.2074996E+04  4.2240035E+06
  1.2125000E+04  4.1784725E+06
  1.2175000E+04  4.1429532E+06
  1.2225001E+04  4.0819075E+06
  1.2275001E+04  4.0227182E+06
  1.2324996E+04  3.9727885E+06
  1.2374996E+04  3.9279580E+06
  1.2424998E+04  3.8873780E+06
  1.2475000E+04  3.8284390E+06
  1.2524997E+04  3.7751215E+06
  1.2574997E+04  3.6987038E+06
  1.2624999E+04  3.6619000E+06
  1.2674997E+04  3.6168872E+06
  1.2724999E+04  3.5429172E+06
  1.2774999E+04  3.3501872E+06
  1.2825000E+04  2.8417490E+06
  1.2875001E+04  3.3022105E+06
  1.2924997E+04  3.3727818E+06
  1.2975001E+04  3.3609330E+06
  1.3024998E+04  3.3282968E+06
  1.3074999E+04  3.2987025E+06
  1.3125000E+04  3.2510915E+06
  1.3174998E+04  3.2006358E+06
  1.3224998E+04  3.1803570E+06
  1.3274997E+04  3.1395568E+06
  1.3324997E+04  3.1041575E+06
  1.3374999E+04  3.0637228E+06
  1.3424999E+04  3.0281935E+06
  1.3474999E+04  2.9910312E+06
  1.3525001E+04  2.9465082E+06
  1.3574999E+04  2.9056270E+06
  1.3624997E+04  2.8829202E+06
  1.3674997E+04  2.8435448E+06
  1.3724995E+04  2.7842672E+06
  1.3774998E+04  2.7716348E+06
  1.3824998E+04  2.7409795E+06
  1.3874996E+04  2.7198908E+06
  1.3925000E+04  2.6733862E+06
  1.3974996E+04  2.6496625E+06
  1.4024997E+04  2.6183542E+06
  1.4075001E+04  2.5923665E+06
  1.4124996E+04  2.5534658E+06
  1.4175000E+04  2.5302322E+06
  1.4225000E+04  2.4933002E+06
  1.4274994E+04  2.4610765E+06
  1.4325001E+04  2.4408028E+06
  1.4374998E+04  2.4180198E+06
  1.4424999E+04  2.3348400E+06
  1.4475000E+04  2.3573950E+06
  1.4524997E+04  2.3035162E+06
  1.4569999E+04  2.3031510E+06
  1.4620000E+04  2.3142148E+06
  1.4674998E+04  2.3495568E+06
  1.4725000E+04  2.3053058E+06
  1.4775002E+04  2.2579750E+06
  1.4824998E+04  2.2292292E+06
  1.4874996E+04  2.1774920E+06
  1.4924997E+04  2.1690150E+06
  1.4974999E+04  2.1229710E+06
  1.5024999E+04  2.0823311E+06
  1.5075000E+04  2.0459950E+06
  1.5124999E+04  2.0305142E+06
  1.5175000E+04  2.0025952E+06
  1.5225002E+04  1.9691474E+06
  1.5274998E+04  1.9482051E+06
  1.5324995E+04  1.9148210E+06
  1.5374997E+04  1.8998368E+06
  1.5425001E+04  1.8560300E+06
  1.5474996E+04  1.8525519E+06
  1.5524994E+04  1.8256336E+06
  1.5575001E+04  1.7865960E+06
  1.5624998E+04  1.8134498E+06
  1.5674997E+04  1.7490014E+06
  1.5724994E+04  1.7176344E+06
  1.5774996E+04  1.7493031E+06
  1.5825001E+04  1.7307439E+06
  1.5874995E+04  1.6093882E+06
  1.5925002E+04  1.6763946E+06
  1.5975001E+04  1.7164042E+06
  1.6049998E+04  1.6427802E+06
  1.6150001E+04  1.5550449E+06
  1.6249997E+04  1.6217092E+06
  1.6350000E+04  1.5268170E+06
  1.6449996E+04  1.4380050E+06
  1.6549998E+04  1.5245241E+06
  1.6649994E+04  1.4960751E+06
  1.6749998E+04  1.3935349E+06
  1.6849998E+04  1.3042372E+06
  1.6950000E+04  1.4005745E+06
  1.7049996E+04  1.3748634E+06
  1.7150000E+04  1.3505505E+06
  1.7249992E+04  1.2944244E+06
  1.7349994E+04  1.1340326E+06
  1.7449992E+04  1.2187872E+06
  1.7550000E+04  1.2313444E+06
  1.7649998E+04  1.2096915E+06
  1.7749994E+04  1.1897626E+06
  1.7849994E+04  1.1640661E+06
  1.7949998E+04  1.1426546E+06
  1.8050002E+04  1.1011664E+06
  1.8150002E+04  9.7114750E+05
  1.8249994E+04  1.0248616E+06
  1.8349992E+04  1.0467498E+06
  1.8449992E+04  1.0291253E+06
  1.8549998E+04  1.0055011E+06
  1.8650002E+04  9.7158969E+05
  1.8750002E+04  8.4842538E+05
  1.8850000E+04  9.2752312E+05
  1.8950004E+04  9.2325656E+05
  1.9049996E+04  9.1755531E+05
  1.9149998E+04  8.9900856E+05
  1.9249992E+04  8.7864188E+05
  1.9350000E+04  8.4505269E+05
  1.9449992E+04  7.4236788E+05
  1.9550002E+04  8.1422869E+05
  1.9649992E+04  8.1461744E+05
  1.9749992E+04  8.0050731E+05
  1.9849992E+04  7.8909644E+05
  1.9950002E+04  7.7458831E+05
  2.0050002E+04  7.6092088E+05
  2.0149996E+04  7.4757900E+05
  2.0249994E+04  7.3256100E+05
  2.0349994E+04  7.1791025E+05
  2.0449996E+04  7.0741088E+05
  2.0550000E+04  6.9426225E+05
  2.0649992E+04  6.8002781E+05
  2.0749998E+04  6.6865006E+05
  2.0849992E+04  6.5700894E+05
  2.0950004E+04  6.4471681E+05
  2.1050002E+04  6.3367462E+05
  2.1149992E+04  6.2084175E+05
  2.1250000E+04  6.0977250E+05
  2.1350002E+04  5.9866006E+05
  2.1449996E+04  5.8790850E+05
  2.1550006E+04  5.6885212E+05
  2.1649994E+04  5.0256550E+05
  2.1750002E+04  5.4346694E+05
  2.1849998E+04  5.4692375E+05
  2.1950002E+04  5.4142762E+05
  2.2050000E+04  5.3149919E+05
  2.2149996E+04  5.2252625E+05
  2.2249998E+04  5.1545034E+05
  2.2350004E+04  5.0681297E+05
  2.2449990E+04  4.9831706E+05
  2.2549994E+04  4.8840234E+05
  2.2650000E+04  4.8150681E+05
  2.2750000E+04  4.7381103E+05
  2.2850000E+04  4.6723416E+05
  2.2950004E+04  4.6473756E+05
  2.3050000E+04  4.5800538E+05
  2.3149996E+04  4.4953016E+05
  2.3250000E+04  4.4178253E+05
  2.3349996E+04  4.3353616E+05
  2.3449994E+04  4.2619509E+05
  2.3550002E+04  4.1870428E+05
  2.3649988E+04  4.1156116E+05
  2.3750000E+04  4.0412159E+05
  2.3849990E+04  3.9721012E+05
  2.3950002E+04  3.9056319E+05
  2.4050006E+04  3.8403919E+05
  2.4149992E+04  3.7750678E+05
  2.4249990E+04  3.7143366E+05
  2.4349990E+04  3.6542822E+05
  2.4450002E+04  3.5930641E+05
  2.4549990E+04  3.5390409E+05
  2.4649992E+04  3.4801891E+05
  2.4749992E+04  3.4312131E+05
  2.4850006E+04  3.3791247E+05
  2.4950000E+04  3.3094878E+05
  2.5050006E+04  3.3239412E+05
  2.5149994E+04  3.2478906E+05
  2.5249998E+04  3.1491794E+05
  2.5350004E+04  3.1393891E+05
  2.5449988E+04  3.1105247E+05
  2.5549998E+04  3.0372831E+05
  2.5649990E+04  2.9364609E+05
  2.5749990E+04  2.9601172E+05
  2.5849994E+04  2.9296475E+05
  2.5949990E+04  2.8897700E+05
  2.6049996E+04  2.7993953E+05
  2.6149998E+04  2.6774272E+05
  2.6249988E+04  2.4727648E+05
  2.6350008E+04  2.6642278E+05
  2.6449996E+04  2.6852638E+05
  2.6549994E+04  2.6511788E+05
  2.6649994E+04  2.5811927E+05
  2.6749988E+04  2.4521594E+05
  2.6849986E+04  2.5166509E+05
  2.6949986E+04  2.5162156E+05
  2.7050002E+04  2.4877059E+05
  2.7149998E+04  2.4559222E+05
  2.7249994E+04  2.4207825E+05
  2.7350006E+04  2.3821088E+05
  2.7450004E+04  2.3296366E+05
  2.7549996E+04  2.1822653E+05
  2.7649982E+04  2.2121414E+05
  2.7750004E+04  2.2455373E+05
  2.7850000E+04  2.2272550E+05
  2.7949992E+04  2.2036800E+05
  2.8049994E+04  2.1747795E+05
  2.8150002E+04  2.1458050E+05
  2.8250006E+04  2.1164780E+05
  2.8350000E+04  2.0876528E+05
  2.8450000E+04  2.0510336E+05
  2.8550002E+04  2.0169088E+05
  2.8650002E+04  1.9421319E+05
  2.8749982E+04  1.8232248E+05
  2.8849998E+04  1.9204131E+05
  2.8949986E+04  1.9171495E+05
  2.9049994E+04  1.9001333E+05
  2.9149986E+04  1.8738630E+05
  2.9249984E+04  1.8527059E+05
  2.9349980E+04  1.8300881E+05
  2.9450000E+04  1.8060372E+05
  2.9550004E+04  1.7832636E+05
  2.9649982E+04  1.7604584E+05
  2.9749992E+04  1.7377031E+05
  2.9849994E+04  1.7157627E+05
  2.9949984E+04  1.6926078E+05
  3.0049996E+04  1.6690941E+05
  3.0149994E+04  1.6430381E+05
  3.0249994E+04  1.6088908E+05
  3.0349996E+04  1.4942169E+05
  3.0449996E+04  1.5087975E+05
  3.0549996E+04  1.5533488E+05
  3.0649996E+04  1.5441516E+05
  3.0749994E+04  1.5300611E+05
  3.0849996E+04  1.5089947E+05
  3.0949994E+04  1.4919442E+05
  3.1049996E+04  1.4738311E+05
  3.1149996E+04  1.4519594E+05
  3.1249996E+04  1.4369336E+05
  3.1349996E+04  1.4203447E+05
  3.1449996E+04  1.4024903E+05
  3.1549998E+04  1.3862712E+05
  3.1649996E+04  1.3710566E+05
  3.1749998E+04  1.3527539E+05
  3.1849996E+04  1.3383309E+05
  3.1949994E+04  1.3222534E+05
  3.2099996E+04  1.2982980E+05
  3.2299992E+04  1.2682233E+05
  3.2499994E+04  1.2380030E+05
  3.2699996E+04  1.2036688E+05
  3.2899996E+04  1.1102455E+05
  3.3099996E+04  1.1323553E+05
  3.3299992E+04  1.1289527E+05
  3.3499996E+04  1.1065832E+05
  3.3699996E+04  1.0783611E+05
  3.3899996E+04  1.0532174E+05
  3.4099996E+04  1.0292358E+05
  3.4299996E+04  1.0070852E+05
  3.4499992E+04  9.8547258E+04
  3.4699996E+04  9.6281898E+04
  3.4899996E+04  9.4163945E+04
  3.5099996E+04  9.2072570E+04
  3.5299996E+04  9.0010336E+04
  3.5499996E+04  8.8069297E+04
  3.5699992E+04  8.6080289E+04
  3.5899992E+04  8.4258602E+04
  3.6099996E+04  8.2434297E+04
  3.6299992E+04  8.0739359E+04
  3.6499992E+04  7.8904000E+04
  3.6699992E+04  7.7389047E+04
  3.6899992E+04  7.5310109E+04
  3.7099996E+04  7.3941953E+04
  3.7299996E+04  7.0418969E+04
  3.7499992E+04  6.8075844E+04
  3.7699996E+04  6.9584648E+04
  3.7899996E+04  6.8408945E+04
  3.8099992E+04  6.6581859E+04
  3.8299996E+04  6.5392621E+04
  3.8499996E+04  6.4554852E+04
  3.8699996E+04  6.3200121E+04
  3.8899992E+04  6.1702965E+04
  3.9099996E+04  5.9897898E+04
  3.9299992E+04  5.9533738E+04
  3.9499992E+04  5.8567793E+04
  3.9699992E+04  5.7491551E+04
  3.9900000E+04  5.6242195E+04
  4.0099996E+04  5.4403391E+04
  4.0299992E+04  5.3159574E+04
  4.0499996E+04  5.0361996E+04
  4.0699992E+04  5.1785484E+04
  4.0899992E+04  5.1113605E+04
  4.1099996E+04  5.0278359E+04
  4.1299996E+04  4.9297836E+04
  4.1499992E+04  4.8091031E+04
  4.1699992E+04  4.6127277E+04
  4.1899996E+04  4.6288805E+04
  4.2099996E+04  4.5669379E+04
  4.2299992E+04  4.4985887E+04
  4.2499996E+04  4.4154680E+04
  4.2699992E+04  4.3374242E+04
  4.2899992E+04  4.2594113E+04
  4.3099996E+04  4.1826555E+04
  4.3299996E+04  4.1063301E+04
  4.3499992E+04  4.0178898E+04
  4.3699996E+04  3.8356078E+04
  4.3899996E+04  3.8367070E+04
  4.4099992E+04  3.8157402E+04
  4.4299992E+04  3.7583277E+04
  4.4499996E+04  3.6932305E+04
  4.4699996E+04  3.6387609E+04
  4.4899996E+04  3.5755824E+04
  4.5099992E+04  3.5156031E+04
  4.5299992E+04  3.4552551E+04
  4.5499996E+04  3.3967395E+04
  4.5699992E+04  3.3380316E+04
  4.5899996E+04  3.2811098E+04
  4.6099996E+04  3.2232756E+04
  4.6299992E+04  3.1517301E+04
  4.6499988E+04  2.9405139E+04
  4.6699992E+04  2.9195268E+04
  4.6899992E+04  2.9828852E+04
  4.7099992E+04  2.9620221E+04
  4.7299992E+04  2.9203559E+04
  4.7499996E+04  2.8717707E+04
  4.7699992E+04  2.8255521E+04
  4.7899992E+04  2.7809891E+04
  4.8099996E+04  2.7359271E+04
  4.8299992E+04  2.6921621E+04
  4.8499992E+04  2.6490234E+04
  4.8700000E+04  2.6069773E+04
  4.8899992E+04  2.5656881E+04
  4.9099988E+04  2.5242020E+04
  4.9299988E+04  2.4853178E+04
  4.9499996E+04  2.4462086E+04
  4.9699992E+04  2.4082590E+04
  4.9899988E+04  2.3706861E+04
  5.0099996E+04  2.3340846E+04
  5.0299996E+04  2.2978410E+04
  5.0499996E+04  2.2628357E+04
  5.0699996E+04  2.2284568E+04
  5.0899992E+04  2.1910580E+04
  5.1099992E+04  2.1388812E+04
  5.1299996E+04  2.0236041E+04
  5.1499988E+04  2.0807859E+04
  5.1699996E+04  2.0631672E+04
  5.1899992E+04  2.0340100E+04
  5.2099992E+04  2.0034344E+04
  5.2299996E+04  1.9738168E+04
  5.2499996E+04  1.9448652E+04
  5.2699996E+04  1.9161598E+04
  5.2899992E+04  1.8881014E+04
  5.3099988E+04  1.8604107E+04
  5.3299988E+04  1.8333467E+04
  5.3499992E+04  1.8066342E+04
  5.3699992E+04  1.7798764E+04
  5.3899992E+04  1.7547623E+04
  5.4099992E+04  1.7297125E+04
  5.4299984E+04  1.7044730E+04
  5.4499988E+04  1.6803170E+04
  5.4699996E+04  1.6555863E+04
  5.4899992E+04  1.6330465E+04
  5.5099992E+04  1.6101688E+04
  5.5299988E+04  1.5873329E+04
  5.5499988E+04  1.5652728E+04
  5.5699992E+04  1.5430019E+04
  5.5899992E+04  1.5205271E+04
  5.6099988E+04  1.5006075E+04
  5.6299996E+04  1.4798618E+04
  5.6499988E+04  1.4597268E+04
  5.6699988E+04  1.4396034E+04
  5.6899992E+04  1.4199591E+04
  5.7099996E+04  1.4006698E+04
  5.7299988E+04  1.3816155E+04
  5.7499988E+04  1.3630190E+04
  5.7699988E+04  1.3444208E+04
  5.7899996E+04  1.3260462E+04
  5.8099988E+04  1.3085624E+04
  5.8299996E+04  1.2912863E+04
  5.8499992E+04  1.2753169E+04
  5.8699988E+04  1.2561452E+04
  5.8899988E+04  1.2273221E+04
  5.9099992E+04  1.1624029E+04
  5.9299988E+04  1.2001070E+04
  5.9499996E+04  1.1906689E+04
  5.9699988E+04  1.1778428E+04
  5.9899992E+04  1.1624306E+04
  6.0099992E+04  1.1470928E+04
  6.0299992E+04  1.1326579E+04
  6.0499988E+04  1.1180800E+04
  6.0699992E+04  1.1035667E+04
  6.0899992E+04  1.0892198E+04
  6.1099988E+04  1.0747341E+04
  6.1299992E+04  1.0619176E+04
  6.1499988E+04  1.0484482E+04
  6.1699988E+04  1.0352298E+04
  6.1899996E+04  1.0220613E+04
  6.2099996E+04  1.0093340E+04
  6.2299988E+04  9.9597275E+03
  6.2499992E+04  9.8401484E+03
  6.2699988E+04  9.7161436E+03
  6.2899996E+04  9.5992227E+03
  6.3099984E+04  9.4760234E+03
  6.3299996E+04  9.3617021E+03
  6.3499984E+04  9.2467686E+03
  6.3699984E+04  9.1343887E+03
  6.3900000E+04  9.0223057E+03
  6.4199992E+04  8.8592109E+03
  6.4599984E+04  8.6446719E+03
  6.4999992E+04  8.4373057E+03
  6.5399992E+04  8.2382295E+03
  6.5799992E+04  8.0431807E+03
  6.6199984E+04  7.8532646E+03
  6.6599984E+04  7.6702876E+03
  6.6999992E+04  7.4920288E+03
  6.7399992E+04  7.3181973E+03
  6.7799992E+04  7.1510479E+03
  6.8199992E+04  6.9876289E+03
  6.8599992E+04  6.8285659E+03
  6.8999984E+04  6.6726323E+03
  6.9399984E+04  6.5228789E+03
  6.9800000E+04  6.3775762E+03
  7.0199992E+04  6.2355396E+03
  7.0599984E+04  6.0978896E+03
  7.0999977E+04  5.9659268E+03
  7.1399977E+04  5.8346812E+03
  7.1799984E+04  5.7077349E+03
  7.2199984E+04  5.5815020E+03
  7.2600000E+04  5.4638428E+03
  7.2999984E+04  5.3484233E+03
  7.3400000E+04  5.2337856E+03
  7.3799984E+04  5.1236685E+03
  7.4199992E+04  5.0037749E+03
  7.4599992E+04  4.7557041E+03
  7.5000000E+04  4.6522676E+03
  7.5399992E+04  4.6955454E+03
  7.5799992E+04  4.6118926E+03
  7.6199984E+04  4.5179897E+03
  7.6599992E+04  4.4259185E+03
  7.6999992E+04  4.3359570E+03
  7.7399992E+04  4.2489341E+03
  7.7799984E+04  4.1636558E+03
  7.8199984E+04  4.0805100E+03
  7.8599984E+04  3.9993245E+03
  7.8999984E+04  3.9202341E+03
  7.9399984E+04  3.8430088E+03
  7.9800000E+04  3.7676616E+03
  8.0199992E+04  3.6939175E+03
  8.0599984E+04  3.6222019E+03
  8.0999992E+04  3.5526370E+03
  8.1399977E+04  3.4836946E+03
  8.1799984E+04  3.4172766E+03
  8.2199984E+04  3.3525974E+03
  8.2599992E+04  3.2889519E+03
  8.2999984E+04  3.2269226E+03
  8.3400000E+04  3.1652776E+03
  8.3799992E+04  3.1058413E+03
  8.4199992E+04  3.0487703E+03
  8.4599977E+04  2.9929543E+03
  8.4999977E+04  2.9379976E+03
  8.5399984E+04  2.8838853E+03
  8.5799984E+04  2.8312148E+03
  8.6199992E+04  2.7796489E+03
  8.6599992E+04  2.7296667E+03
  8.6999984E+04  2.6805342E+03
  8.7399992E+04  2.6323318E+03
  8.7799992E+04  2.5854817E+03
  8.8199984E+04  2.5390322E+03
  8.8599977E+04  2.4943225E+03
  8.8999992E+04  2.4503105E+03
  8.9399977E+04  2.4075051E+03
  8.9799977E+04  2.3651758E+03
  9.0199984E+04  2.3242415E+03
  9.0599984E+04  2.2842117E+03
  9.0999992E+04  2.2444302E+03
  9.1400000E+04  2.2060676E+03
  9.1799969E+04  2.1685576E+03
  9.2199969E+04  2.1316562E+03
  9.2599984E+04  2.0955298E+03
  9.3000000E+04  2.0601619E+03
  9.3399984E+04  2.0254961E+03
  9.3799984E+04  1.9916445E+03
  9.4199977E+04  1.9584211E+03
  9.4599984E+04  1.9259393E+03
  9.4999969E+04  1.8940186E+03
  9.5399984E+04  1.8625629E+03
  9.5799984E+04  1.8323872E+03
  9.6199992E+04  1.8023218E+03
  9.6599984E+04  1.7731755E+03
  9.7000000E+04  1.7444470E+03
  9.7399977E+04  1.7160120E+03
  9.7799984E+04  1.6885725E+03
  9.8199977E+04  1.6615228E+03
  9.8599977E+04  1.6351265E+03
  9.8999992E+04  1.6092548E+03
  9.9399984E+04  1.5837085E+03
  9.9799977E+04  1.5587084E+03
  1.0019999E+05  1.5342430E+03
  1.9999991E+05  9.8374496E+01
  3.9999994E+05  6.1280346E+00
  5.9999981E+05  1.2007326E+00
  7.9999994E+05  3.7705684E-01
