  5.0599994E+02  3.1733831E-13
  5.1199994E+02  6.2618313E-13
  5.2000000E+02  1.3216586E-12
  5.2999994E+02  3.2540672E-12
  5.3999994E+02  7.6545549E-12
  5.4999988E+02  1.7587523E-11
  5.5999988E+02  3.9117296E-11
  5.6999988E+02  8.4566097E-11
  5.7999994E+02  1.7708919E-10
  5.8999988E+02  3.6613787E-10
  5.9999988E+02  7.3558204E-10
  6.0999988E+02  1.4478055E-09
  6.1999994E+02  2.7911959E-09
  6.2999988E+02  5.2808136E-09
  6.3999994E+02  9.8147419E-09
  6.4999994E+02  1.7953896E-08
  6.5799994E+02  2.8765484E-08
  6.6499988E+02  4.3068844E-08
  6.7499994E+02  7.5816267E-08
  6.8499988E+02  1.3166490E-07
  6.9499994E+02  2.2551336E-07
  7.0499988E+02  3.8052681E-07
  7.1599988E+02  6.6992533E-07
  7.2599994E+02  1.1044477E-06
  7.3499982E+02  1.7153747E-06
  7.4499994E+02  2.7676076E-06
  7.5499982E+02  4.4190183E-06
  7.6499994E+02  6.9832968E-06
  7.7499994E+02  1.0922045E-05
  7.8499982E+02  1.6917458E-05
  7.9499982E+02  2.5863021E-05
  8.0500000E+02  3.9366500E-05
  8.1499976E+02  5.9321053E-05
  8.2500000E+02  8.8500783E-05
  8.3499994E+02  1.3086305E-04
  8.4499994E+02  1.9188973E-04
  8.5499988E+02  2.7900486E-04
  8.6499994E+02  4.0234369E-04
  8.7499982E+02  5.7531614E-04
  8.8499982E+02  8.1707886E-04
  8.9499988E+02  1.1511400E-03
  9.0499994E+02  1.6085414E-03
  9.1499982E+02  6.9103181E-01
  9.2499988E+02  1.9286534E+00
  9.3499982E+02  2.4295189E+00
  9.4500000E+02  3.1167140E+00
  9.5500000E+02  4.4764733E+00
  9.6499988E+02  5.7426791E+00
  9.7499982E+02  6.7961574E+00
  9.8499976E+02  8.8003101E+00
  9.9499988E+02  1.0354190E+01
  1.0049999E+03  1.4076041E+01
  1.0149997E+03  1.7536942E+01
  1.0249998E+03  1.6644571E+01
  1.0349998E+03  2.5793596E+01
  1.0449998E+03  3.2380718E+01
  1.0549999E+03  3.9239609E+01
  1.0649999E+03  4.5448116E+01
  1.0750000E+03  5.6146873E+01
  1.0849996E+03  6.6739761E+01
  1.0949999E+03  7.6281364E+01
  1.1049999E+03  3.5972488E+02
  1.1149999E+03  6.4517883E+02
  1.1249999E+03  8.7088037E+02
  1.1349996E+03  1.0277349E+03
  1.1449999E+03  1.2359828E+03
  1.1549999E+03  1.2967395E+03
  1.1650000E+03  1.6227921E+03
  1.1749995E+03  1.7542368E+03
  1.1849996E+03  1.5925697E+03
  1.1949998E+03  7.6149951E+02
  1.2049996E+03  6.9907208E+02
  1.2149998E+03  1.4295815E+02
  1.2249996E+03  8.2969806E+02
  1.2349996E+03  2.1973027E+03
  1.2449998E+03  5.0634551E+03
  1.2549996E+03  8.6116260E+03
  1.2650000E+03  8.8868232E+03
  1.2749998E+03  1.7571494E+04
  1.2849995E+03  3.6641508E+04
  1.2949998E+03  5.9744000E+04
  1.3049995E+03  2.9923643E+04
  1.3149998E+03  1.5295031E+05
  1.3249998E+03  2.6572228E+05
  1.3349996E+03  2.4197086E+05
  1.3449995E+03  5.7167294E+05
  1.3549996E+03  6.3655962E+05
  1.3649999E+03  6.3547581E+05
  1.3749999E+03  7.9165500E+05
  1.3849996E+03  8.3582544E+05
  1.3949999E+03  9.9701350E+05
  1.4050001E+03  1.1879342E+06
  1.4149998E+03  1.1132135E+06
  1.4249998E+03  1.5060421E+06
  1.4350000E+03  1.3783006E+06
  1.4419998E+03  1.7589579E+06
  1.4469999E+03  2.8988062E+06
  1.4549994E+03  3.1143750E+06
  1.4650000E+03  2.7700840E+06
  1.4749995E+03  2.8358568E+06
  1.4849996E+03  3.6024320E+06
  1.4949998E+03  4.1446922E+06
  1.5049996E+03  4.6958900E+06
  1.5119995E+03  3.8597072E+06
  1.5169994E+03  4.0900142E+06
  1.5250001E+03  5.8404650E+06
  1.5349994E+03  5.5850650E+06
  1.5449994E+03  1.0086468E+07
  1.5549998E+03  8.1984575E+06
  1.5649999E+03  6.5856865E+06
  1.5750001E+03  9.6694220E+06
  1.5850000E+03  1.1464735E+07
  1.5949996E+03  1.4455957E+07
  1.6049999E+03  1.2056658E+07
  1.6150000E+03  1.0638034E+07
  1.6249996E+03  8.6031770E+06
  1.6350000E+03  9.7165830E+06
  1.6449996E+03  1.1882856E+07
  1.6549999E+03  7.6592070E+06
  1.6649993E+03  1.1521369E+07
  1.6720000E+03  3.6425640E+06
  1.6770001E+03  1.3741373E+07
  1.6849998E+03  1.6278250E+07
  1.6950000E+03  1.4906592E+07
  1.7049995E+03  1.2672615E+07
  1.7150000E+03  1.4144660E+07
  1.7249993E+03  1.4479981E+07
  1.7349994E+03  1.7200780E+07
  1.7449993E+03  1.5922884E+07
  1.7550001E+03  2.0098784E+07
  1.7649998E+03  1.5230287E+07
  1.7749995E+03  1.8726504E+07
  1.7849995E+03  1.6692856E+07
  1.7949999E+03  2.2582764E+07
  1.8050001E+03  2.1546924E+07
  1.8150001E+03  2.2364562E+07
  1.8249994E+03  2.0200654E+07
  1.8349993E+03  1.8167470E+07
  1.8449993E+03  1.6328681E+07
  1.8549998E+03  1.8436906E+07
  1.8650002E+03  1.9609856E+07
  1.8750001E+03  1.9334806E+07
  1.8850000E+03  1.9522502E+07
  1.8950002E+03  2.0985060E+07
  1.9049996E+03  1.8974598E+07
  1.9149999E+03  2.0362062E+07
  1.9249993E+03  2.1093506E+07
  1.9350001E+03  1.7651252E+07
  1.9449993E+03  2.1862934E+07
  1.9550002E+03  2.1868504E+07
  1.9670002E+03  2.3687184E+07
  1.9759990E+03  2.3415000E+07
  1.9839996E+03  2.2451302E+07
  1.9950001E+03  2.1673368E+07
  2.0050002E+03  2.0461532E+07
  2.0149996E+03  1.9062012E+07
  2.0249994E+03  1.8652804E+07
  2.0349995E+03  2.0402164E+07
  2.0449998E+03  2.2613760E+07
  2.0550000E+03  2.0520810E+07
  2.0649993E+03  1.9620196E+07
  2.0739993E+03  2.3605188E+07
  2.0780002E+03  2.4123352E+07
  2.0849993E+03  2.3147922E+07
  2.0950005E+03  2.1996986E+07
  2.1050002E+03  2.0145022E+07
  2.1149990E+03  2.0315460E+07
  2.1250000E+03  2.1155866E+07
  2.1350002E+03  1.6238885E+07
  2.1449998E+03  1.9467030E+07
  2.1550005E+03  2.0092310E+07
  2.1649995E+03  1.8049692E+07
  2.1750002E+03  1.7915144E+07
  2.1849998E+03  1.8621132E+07
  2.1950000E+03  2.0627942E+07
  2.2050000E+03  1.9272794E+07
  2.2149998E+03  1.6605136E+07
  2.2249998E+03  1.5804051E+07
  2.2350005E+03  1.9540204E+07
  2.2449990E+03  1.7299002E+07
  2.2549993E+03  1.5559710E+07
  2.2650000E+03  1.5845592E+07
  2.2750000E+03  1.7410606E+07
  2.2850000E+03  1.8676380E+07
  2.2950002E+03  1.7008334E+07
  2.3050000E+03  1.7322688E+07
  2.3149995E+03  1.5886239E+07
  2.3250000E+03  8.0327895E+06
  2.3349995E+03  1.1812156E+07
  2.3449993E+03  9.9612230E+06
  2.3550000E+03  1.4961246E+07
  2.3649988E+03  1.0009674E+07
  2.3750000E+03  1.2704647E+07
  2.3849990E+03  8.3543010E+06
  2.3950000E+03  1.0702297E+07
  2.4050005E+03  1.0059843E+07
  2.4149993E+03  1.1589010E+07
  2.4249990E+03  1.5630848E+07
  2.4349990E+03  1.4951215E+07
  2.4450000E+03  1.6234491E+07
  2.4549990E+03  1.5873114E+07
  2.4649990E+03  1.5501543E+07
  2.4749993E+03  1.4593003E+07
  2.4850005E+03  1.5368310E+07
  2.4950000E+03  1.4600842E+07
  2.5050005E+03  1.8150348E+07
  2.5129988E+03  1.4211684E+07
  2.5179990E+03  1.4857625E+07
  2.5249998E+03  1.2773987E+07
  2.5350007E+03  1.2815853E+07
  2.5449988E+03  1.2960811E+07
  2.5550000E+03  1.5001165E+07
  2.5649990E+03  1.3853164E+07
  2.5749990E+03  1.5767899E+07
  2.5849993E+03  1.5062057E+07
  2.5949990E+03  1.3803245E+07
  2.6049995E+03  1.2613241E+07
  2.6149998E+03  1.1858053E+07
  2.6249990E+03  1.4714774E+07
  2.6350007E+03  1.6043859E+07
  2.6449995E+03  2.1105274E+07
  2.6549998E+03  2.1010182E+07
  2.6649995E+03  1.7751302E+07
  2.6749988E+03  1.9309912E+07
  2.6849988E+03  1.8733656E+07
  2.6949988E+03  1.7864040E+07
  2.7050000E+03  1.8714560E+07
  2.7150000E+03  1.6793776E+07
  2.7249995E+03  1.7127864E+07
  2.7350007E+03  1.8761032E+07
  2.7450002E+03  1.2553890E+07
  2.7549998E+03  1.4136130E+07
  2.7649983E+03  1.5546390E+07
  2.7750005E+03  1.8171240E+07
  2.7850000E+03  1.6231205E+07
  2.7949993E+03  7.5852755E+06
  2.8049995E+03  9.5652950E+06
  2.8150002E+03  1.8352610E+07
  2.8250007E+03  2.0568096E+07
  2.8350000E+03  1.9398606E+07
  2.8450002E+03  1.8564768E+07
  2.8550005E+03  1.7517956E+07
  2.8650000E+03  2.0057912E+07
  2.8749983E+03  1.9166148E+07
  2.8850000E+03  1.9602894E+07
  2.8949988E+03  1.8505322E+07
  2.9099988E+03  2.1763790E+07
  2.9299983E+03  2.0706318E+07
  2.9499990E+03  2.0571520E+07
  2.9700005E+03  2.1281528E+07
  2.9899980E+03  2.1927416E+07
  3.0099995E+03  2.2538872E+07
  3.0299995E+03  2.2154496E+07
  3.0499995E+03  2.2003402E+07
  3.0699995E+03  2.2095782E+07
  3.0899995E+03  2.2815632E+07
  3.1099995E+03  2.1899918E+07
  3.1299998E+03  2.1841666E+07
  3.1499995E+03  2.2675368E+07
  3.1699995E+03  2.2589966E+07
  3.1899995E+03  2.1249896E+07
  3.2099998E+03  2.2166126E+07
  3.2299993E+03  2.1492378E+07
  3.2499993E+03  2.2144956E+07
  3.2699995E+03  2.2357222E+07
  3.2899995E+03  2.2657378E+07
  3.3099998E+03  2.3088960E+07
  3.3299993E+03  2.2521638E+07
  3.3499995E+03  2.2287762E+07
  3.3699995E+03  2.2156028E+07
  3.3899993E+03  2.2203198E+07
  3.4099993E+03  2.2764816E+07
  3.4299995E+03  2.2917992E+07
  3.4499993E+03  2.2748638E+07
  3.4699998E+03  2.2405494E+07
  3.4899993E+03  2.2189958E+07
  3.5099995E+03  2.2900720E+07
  3.5299995E+03  2.3044362E+07
  3.5499995E+03  2.3364778E+07
  3.5699995E+03  2.2595592E+07
  3.5899995E+03  2.2519334E+07
  3.6099995E+03  2.2607284E+07
  3.6299993E+03  2.2785998E+07
  3.6399993E+03  2.2647038E+07
  3.6499995E+03  2.3134766E+07
  3.6699993E+03  2.1652316E+07
  3.6899995E+03  2.6212862E+07
  3.7099995E+03  3.8581748E+07
  3.7299998E+03  4.2412220E+07
  3.7499993E+03  5.8260024E+07
  3.7699993E+03  6.0638752E+07
  3.7899995E+03  7.4824176E+07
  3.8099993E+03  8.3835272E+07
  3.8299998E+03  6.5536440E+07
  3.8499995E+03  8.7958192E+07
  3.8699995E+03  9.3415440E+07
  3.8899995E+03  6.0707112E+07
  3.9099995E+03  9.0094512E+07
  3.9299993E+03  7.3107920E+07
  3.9499993E+03  8.8631592E+07
  3.9699998E+03  5.3647928E+07
  3.9899995E+03  8.8948208E+07
  4.0099995E+03  8.9932752E+07
  4.0299993E+03  8.8409080E+07
  4.0499993E+03  8.7703432E+07
  4.0699993E+03  8.5535880E+07
  4.0899995E+03  7.7827984E+07
  4.1099995E+03  6.0024480E+07
  4.1299995E+03  8.2001832E+07
  4.1499990E+03  8.3339568E+07
  4.1699990E+03  8.1133840E+07
  4.1899995E+03  8.0326784E+07
  4.2099995E+03  7.9712056E+07
  4.2299995E+03  7.7976792E+07
  4.2499995E+03  7.7179968E+07
  4.2699990E+03  7.5111496E+07
  4.2899995E+03  7.5843624E+07
  4.3100000E+03  7.2052640E+07
  4.3299995E+03  6.2796548E+07
  4.3499995E+03  5.3764976E+07
  4.3699995E+03  7.2194568E+07
  4.3899995E+03  7.0768064E+07
  4.4099995E+03  6.9292736E+07
  4.4299995E+03  6.9371072E+07
  4.4499995E+03  6.9211200E+07
  4.4699995E+03  6.8361336E+07
  4.4899995E+03  6.7299592E+07
  4.5099990E+03  6.7878312E+07
  4.5299995E+03  6.5769348E+07
  4.5499990E+03  6.3911344E+07
  4.5699995E+03  6.5589932E+07
  4.5899990E+03  6.3222484E+07
  4.6099990E+03  6.4697752E+07
  4.6299990E+03  6.2314076E+07
  4.6499990E+03  6.2902984E+07
  4.6699990E+03  6.1995680E+07
  4.6899990E+03  6.0964520E+07
  4.7099995E+03  5.8559452E+07
  4.7299990E+03  6.0001756E+07
  4.7499995E+03  5.9731288E+07
  4.7699995E+03  5.8807580E+07
  4.7899990E+03  5.8187812E+07
  4.8099995E+03  5.7102428E+07
  4.8299995E+03  5.5984564E+07
  4.8499990E+03  4.8047592E+07
  4.8700000E+03  3.8475628E+07
  4.8899990E+03  5.3550964E+07
  4.9099990E+03  5.3848492E+07
  4.9299990E+03  5.2690160E+07
  4.9499995E+03  5.2775688E+07
  4.9699995E+03  5.2798660E+07
  4.9899990E+03  5.1358060E+07
  5.0099995E+03  4.9617500E+07
  5.0299995E+03  5.0073936E+07
  5.0499995E+03  4.9304352E+07
  5.0699995E+03  4.9470132E+07
  5.0899995E+03  4.8917820E+07
  5.1099990E+03  4.8365416E+07
  5.1299995E+03  4.7446472E+07
  5.1499985E+03  4.6547452E+07
  5.1700000E+03  4.5467752E+07
  5.1899990E+03  4.5116624E+07
  5.2099990E+03  4.5099832E+07
  5.2299995E+03  4.4142656E+07
  5.2499995E+03  4.4603832E+07
  5.2699995E+03  4.2803640E+07
  5.2899990E+03  4.3696260E+07
  5.3099995E+03  4.2610128E+07
  5.3299990E+03  4.2037676E+07
  5.3499995E+03  4.2574232E+07
  5.3699995E+03  4.1784764E+07
  5.3899995E+03  4.1354652E+07
  5.4099990E+03  4.0574488E+07
  5.4299990E+03  4.0288924E+07
  5.4499990E+03  4.0347640E+07
  5.4699995E+03  3.9890708E+07
  5.4899995E+03  3.9693084E+07
  5.5099995E+03  3.9143632E+07
  5.5299985E+03  3.8612168E+07
  5.5499990E+03  3.8538628E+07
  5.5699990E+03  3.7974580E+07
  5.5899995E+03  3.7731060E+07
  5.6099990E+03  3.7437376E+07
  5.6299995E+03  3.7079152E+07
  5.6499990E+03  3.6590528E+07
  5.6699990E+03  3.6173480E+07
  5.6899995E+03  3.6002240E+07
  5.7099995E+03  3.5647640E+07
  5.7299990E+03  3.5394644E+07
  5.7499990E+03  3.4954000E+07
  5.7699990E+03  3.4643076E+07
  5.7899995E+03  3.4249076E+07
  5.8099985E+03  3.3943384E+07
  5.8300000E+03  3.3607800E+07
  5.8499990E+03  3.3318962E+07
  5.8699985E+03  3.2960010E+07
  5.8899985E+03  3.2290238E+07
  5.9099995E+03  3.2319046E+07
  5.9299985E+03  3.2017860E+07
  5.9499995E+03  3.1618864E+07
  5.9699990E+03  3.1387292E+07
  5.9899990E+03  3.0947050E+07
  6.0099990E+03  3.0689274E+07
  6.0299995E+03  3.0490168E+07
  6.0499990E+03  3.0167470E+07
  6.0699990E+03  2.9940370E+07
  6.0899995E+03  2.9627220E+07
  6.1099985E+03  2.9292310E+07
  6.1299995E+03  2.8946072E+07
  6.1499985E+03  2.8214276E+07
  6.1699985E+03  2.8416616E+07
  6.1900000E+03  2.8253916E+07
  6.2099995E+03  2.8019472E+07
  6.2299985E+03  2.7672922E+07
  6.2499990E+03  2.6959866E+07
  6.2699985E+03  2.7262508E+07
  6.2900000E+03  2.7017030E+07
  6.3099985E+03  2.6597206E+07
  6.3299995E+03  2.6464182E+07
  6.3499985E+03  2.5967938E+07
  6.3699985E+03  2.5789348E+07
  6.3899995E+03  2.5708426E+07
  6.4099990E+03  2.5359372E+07
  6.4299985E+03  2.5238316E+07
  6.4499985E+03  2.4719818E+07
  6.4699990E+03  2.4856112E+07
  6.4899990E+03  2.4357902E+07
  6.5099985E+03  2.4193360E+07
  6.5299990E+03  2.3872218E+07
  6.5499985E+03  2.1641140E+07
  6.5699985E+03  1.7132606E+07
  6.5899995E+03  2.2883438E+07
  6.6099985E+03  2.3173710E+07
  6.6299990E+03  2.3074388E+07
  6.6499985E+03  2.2914510E+07
  6.6699995E+03  2.2701078E+07
  6.6899990E+03  2.2532724E+07
  6.7099995E+03  2.2349232E+07
  6.7299990E+03  2.2095158E+07
  6.7499995E+03  2.1937132E+07
  6.7699985E+03  2.1788808E+07
  6.7899995E+03  2.1586274E+07
  6.8099995E+03  2.1406866E+07
  6.8300000E+03  2.1175074E+07
  6.8499985E+03  2.1013076E+07
  6.8699985E+03  2.0855788E+07
  6.8899985E+03  2.0684886E+07
  6.9099990E+03  2.0499832E+07
  6.9299995E+03  2.0314996E+07
  6.9499990E+03  2.0149886E+07
  6.9699985E+03  1.9964628E+07
  6.9899985E+03  1.9822012E+07
  7.0099985E+03  1.9551140E+07
  7.0299985E+03  1.9453772E+07
  7.0499990E+03  1.9303378E+07
  7.0699980E+03  1.9160410E+07
  7.0899990E+03  1.9005992E+07
  7.1099990E+03  1.8569822E+07
  7.1299995E+03  1.8611776E+07
  7.1499990E+03  1.8487906E+07
  7.1699995E+03  1.8346804E+07
  7.1899985E+03  1.8171276E+07
  7.2099985E+03  1.8035094E+07
  7.2299980E+03  1.7838160E+07
  7.2499990E+03  1.7721956E+07
  7.2699995E+03  1.7621014E+07
  7.2899990E+03  1.7424512E+07
  7.3099980E+03  1.7249632E+07
  7.3299980E+03  1.7171758E+07
  7.3499980E+03  1.7042866E+07
  7.3699985E+03  1.6933152E+07
  7.3899995E+03  1.6760218E+07
  7.4099985E+03  1.6523727E+07
  7.4299995E+03  1.6398033E+07
  7.4500000E+03  1.6300604E+07
  7.4700000E+03  1.6091910E+07
  7.4899990E+03  1.6030940E+07
  7.5099985E+03  1.5913609E+07
  7.5299995E+03  1.5845791E+07
  7.5499980E+03  1.5754687E+07
  7.5699985E+03  1.5611067E+07
  7.5899990E+03  1.5498820E+07
  7.6099980E+03  1.5382984E+07
  7.6299995E+03  1.5256494E+07
  7.6499995E+03  1.5103441E+07
  7.6699980E+03  1.4972911E+07
  7.6899990E+03  1.4884296E+07
  7.7099995E+03  1.4698167E+07
  7.7299985E+03  1.4668867E+07
  7.7499990E+03  1.4548719E+07
  7.7700000E+03  1.4110116E+07
  7.7900000E+03  1.4338229E+07
  7.8099995E+03  1.4223509E+07
  7.8299980E+03  1.4083351E+07
  7.8499980E+03  1.3930371E+07
  7.8699995E+03  1.3815860E+07
  7.8900000E+03  1.3687201E+07
  7.9099995E+03  1.3627109E+07
  7.9300000E+03  1.3549469E+07
  7.9499985E+03  1.3373497E+07
  7.9699990E+03  1.3380004E+07
  7.9900000E+03  1.3096527E+07
  8.0099980E+03  1.3161568E+07
  8.0299985E+03  1.3052851E+07
  8.0500000E+03  1.2970045E+07
  8.0699985E+03  1.2860720E+07
  8.0899990E+03  1.2770155E+07
  8.1099995E+03  1.2683190E+07
  8.1299976E+03  1.2600351E+07
  8.1499976E+03  1.2506257E+07
  8.1699980E+03  1.2413493E+07
  8.1899985E+03  1.2186689E+07
  8.2099990E+03  1.2164275E+07
  8.2300000E+03  1.2066286E+07
  8.2500000E+03  1.2002319E+07
  8.2700000E+03  1.1981793E+07
  8.2899980E+03  1.1730549E+07
  8.3099990E+03  1.1457021E+07
  8.3299980E+03  1.1102378E+07
  8.3500000E+03  1.1108686E+07
  8.3699990E+03  1.0787327E+07
  8.3899990E+03  1.0887952E+07
  8.4099971E+03  1.0903880E+07
  8.4300000E+03  1.1393983E+07
  8.4499990E+03  1.1319536E+07
  8.4699980E+03  1.0514159E+07
  8.4899980E+03  1.2320121E+07
  8.5099990E+03  1.0405144E+07
  8.5299990E+03  1.2685331E+07
  8.5499990E+03  9.8627520E+06
  8.5699990E+03  1.2924715E+07
  8.5900000E+03  1.1411030E+07
  8.6099980E+03  1.0913417E+07
  8.6299990E+03  1.2880680E+07
  8.6499990E+03  1.2284452E+07
  8.6699990E+03  9.4673310E+06
  8.6899990E+03  1.2247452E+07
  8.7099971E+03  1.2639200E+07
  8.7299990E+03  1.2260044E+07
  8.7499980E+03  9.4421330E+06
  8.7699980E+03  1.1768366E+07
  8.7899980E+03  1.2365320E+07
  8.8099990E+03  1.2249052E+07
  8.8299980E+03  1.1965567E+07
  8.8499980E+03  1.1097208E+07
  8.8699980E+03  9.1936480E+06
  8.8899990E+03  1.1694957E+07
  8.9099971E+03  1.1782034E+07
  8.9299980E+03  1.1709947E+07
  8.9499980E+03  1.1731509E+07
  8.9699990E+03  1.1605741E+07
  8.9899990E+03  1.1323421E+07
  9.0099980E+03  9.0772260E+06
  9.0299990E+03  1.0119104E+07
  9.0499990E+03  1.1177453E+07
  9.0699980E+03  1.0924428E+07
  9.0899990E+03  1.0800265E+07
  9.1099980E+03  1.0979413E+07
  9.1299980E+03  1.0965260E+07
  9.1499980E+03  1.0938975E+07
  9.1699980E+03  1.0801258E+07
  9.1899990E+03  1.0612446E+07
  9.2099990E+03  1.0172012E+07
  9.2299980E+03  7.8921560E+06
  9.2499980E+03  9.8222510E+06
  9.2699971E+03  1.0066193E+07
  9.2899990E+03  1.0350719E+07
  9.3099980E+03  1.0322379E+07
  9.3299990E+03  1.0235758E+07
  9.3499980E+03  1.0184261E+07
  9.3699990E+03  1.0120233E+07
  9.3900000E+03  9.9545380E+06
  9.4099980E+03  9.7216680E+06
  9.4299971E+03  9.8571410E+06
  9.4499990E+03  9.8070200E+06
  9.4700000E+03  9.7362320E+06
  9.4899980E+03  9.6596840E+06
  9.5100000E+03  9.5291180E+06
  9.5300000E+03  9.0316300E+06
  9.5500000E+03  7.1804495E+06
  9.5699990E+03  9.0385600E+06
  9.5899980E+03  9.2892840E+06
  9.6099980E+03  9.1984440E+06
  9.6299990E+03  9.0481520E+06
  9.6499990E+03  9.1433800E+06
  9.6699980E+03  9.0036700E+06
  9.6899980E+03  8.9930220E+06
  9.7100000E+03  8.9879750E+06
  9.7299990E+03  8.9156500E+06
  9.7499980E+03  8.8363110E+06
  9.7699961E+03  8.8009650E+06
  9.7899980E+03  8.7387030E+06
  9.8099980E+03  8.6678760E+06
  9.8299990E+03  8.5928720E+06
  9.8499980E+03  8.4939450E+06
  9.8700000E+03  8.4587800E+06
  9.8899980E+03  8.3602845E+06
  9.9099990E+03  8.3564935E+06
  9.9300000E+03  8.2838935E+06
  9.9499980E+03  8.2475840E+06
  9.9699980E+03  8.2130115E+06
  9.9899990E+03  8.1375020E+06
  1.0024998E+04  7.6245820E+06
  1.0074998E+04  7.2287935E+06
  1.0124997E+04  7.7029285E+06
  1.0174997E+04  7.6521540E+06
  1.0224998E+04  7.5454285E+06
  1.0274997E+04  7.4275685E+06
  1.0325000E+04  7.2890100E+06
  1.0374999E+04  7.1786760E+06
  1.0425000E+04  7.0663035E+06
  1.0474998E+04  6.8973790E+06
  1.0524997E+04  6.7993545E+06
  1.0574999E+04  6.7149950E+06
  1.0625000E+04  6.6112285E+06
  1.0674997E+04  6.4049755E+06
  1.0724998E+04  6.3686470E+06
  1.0774999E+04  6.2837180E+06
  1.0824997E+04  6.1946210E+06
  1.0874997E+04  6.0769475E+06
  1.0924999E+04  5.3242015E+06
  1.0974996E+04  5.7474595E+06
  1.1025000E+04  5.8417335E+06
  1.1074998E+04  5.7608500E+06
  1.1124999E+04  5.6665680E+06
  1.1174998E+04  5.5827900E+06
  1.1224999E+04  5.5020695E+06
  1.1274997E+04  5.3274330E+06
  1.1325000E+04  5.2584630E+06
  1.1375000E+04  5.2420345E+06
  1.1425000E+04  5.1503625E+06
  1.1474997E+04  5.1027185E+06
  1.1525000E+04  5.0301740E+06
  1.1574998E+04  4.9513830E+06
  1.1625000E+04  4.8369570E+06
  1.1674998E+04  4.7431035E+06
  1.1724997E+04  4.7405555E+06
  1.1775001E+04  4.5963115E+06
  1.1824999E+04  4.5709965E+06
  1.1875000E+04  4.4812900E+06
  1.1925000E+04  4.4758450E+06
  1.1975001E+04  4.3778595E+06
  1.2024998E+04  4.3399680E+06
  1.2074996E+04  4.2653445E+06
  1.2125000E+04  4.2097360E+06
  1.2175000E+04  4.1604892E+06
  1.2225001E+04  4.0980402E+06
  1.2275001E+04  4.0332198E+06
  1.2324996E+04  3.9804772E+06
  1.2374996E+04  3.9306642E+06
  1.2424998E+04  3.8832295E+06
  1.2475000E+04  3.8143985E+06
  1.2524997E+04  3.7722395E+06
  1.2574997E+04  3.6951300E+06
  1.2624999E+04  3.6588272E+06
  1.2674997E+04  3.6222808E+06
  1.2724999E+04  3.5724652E+06
  1.2774999E+04  3.4859218E+06
  1.2825000E+04  3.0765190E+06
  1.2875001E+04  3.4053902E+06
  1.2924997E+04  3.3829298E+06
  1.2975001E+04  3.3398982E+06
  1.3024998E+04  3.2974298E+06
  1.3074999E+04  3.2548490E+06
  1.3125000E+04  3.2106330E+06
  1.3174998E+04  3.1552748E+06
  1.3224998E+04  3.1275845E+06
  1.3274997E+04  3.0867530E+06
  1.3324997E+04  3.0468695E+06
  1.3374999E+04  3.0070730E+06
  1.3424999E+04  2.9667395E+06
  1.3474999E+04  2.9271275E+06
  1.3525001E+04  2.8841058E+06
  1.3574999E+04  2.8471582E+06
  1.3624997E+04  2.8155455E+06
  1.3674997E+04  2.7756542E+06
  1.3724995E+04  2.7250700E+06
  1.3774998E+04  2.7077045E+06
  1.3824998E+04  2.6743568E+06
  1.3874996E+04  2.6455288E+06
  1.3925000E+04  2.6051912E+06
  1.3974996E+04  2.5773255E+06
  1.4024997E+04  2.5461490E+06
  1.4075001E+04  2.5157290E+06
  1.4124996E+04  2.4820902E+06
  1.4175000E+04  2.4527972E+06
  1.4225000E+04  2.4218075E+06
  1.4274994E+04  2.3915628E+06
  1.4325001E+04  2.3629618E+06
  1.4374998E+04  2.3357962E+06
  1.4424999E+04  2.2749120E+06
  1.4475000E+04  2.2777420E+06
  1.4524997E+04  2.2336962E+06
  1.4569999E+04  2.2255985E+06
  1.4620000E+04  2.2571085E+06
  1.4674998E+04  2.2951518E+06
  1.4725000E+04  2.2212110E+06
  1.4775002E+04  2.1476992E+06
  1.4824998E+04  2.0987838E+06
  1.4874996E+04  2.0436654E+06
  1.4924997E+04  2.0124061E+06
  1.4974999E+04  1.9773180E+06
  1.5024999E+04  1.9358101E+06
  1.5075000E+04  1.9178510E+06
  1.5124999E+04  1.9002518E+06
  1.5175000E+04  1.8897130E+06
  1.5225002E+04  1.9132390E+06
  1.5274998E+04  1.8246862E+06
  1.5324995E+04  1.8273971E+06
  1.5374997E+04  1.8663694E+06
  1.5425001E+04  1.7622942E+06
  1.5474996E+04  1.8388652E+06
  1.5524994E+04  1.8329799E+06
  1.5575001E+04  1.6845626E+06
  1.5624998E+04  1.8370592E+06
  1.5674997E+04  1.7440950E+06
  1.5724994E+04  1.6473994E+06
  1.5774996E+04  1.7732229E+06
  1.5825001E+04  1.7549639E+06
  1.5874995E+04  1.5479488E+06
  1.5925002E+04  1.6900614E+06
  1.5975001E+04  1.7088754E+06
  1.6049998E+04  1.6559425E+06
  1.6150001E+04  1.5469564E+06
  1.6249997E+04  1.6094398E+06
  1.6350000E+04  1.5464061E+06
  1.6449996E+04  1.4476111E+06
  1.6549998E+04  1.5052681E+06
  1.6649994E+04  1.4729729E+06
  1.6749998E+04  1.4155565E+06
  1.6849998E+04  1.3267544E+06
  1.6950000E+04  1.3792005E+06
  1.7049996E+04  1.3476486E+06
  1.7150000E+04  1.3223712E+06
  1.7249992E+04  1.2872079E+06
  1.7349994E+04  1.1764462E+06
  1.7449992E+04  1.2265445E+06
  1.7550000E+04  1.2094868E+06
  1.7649998E+04  1.1841626E+06
  1.7749994E+04  1.1625236E+06
  1.7849994E+04  1.1382192E+06
  1.7949998E+04  1.1181940E+06
  1.8050002E+04  1.0899386E+06
  1.8150002E+04  1.0063937E+06
  1.8249994E+04  1.0378807E+06
  1.8349992E+04  1.0301687E+06
  1.8449992E+04  1.0100230E+06
  1.8549998E+04  9.8806044E+05
  1.8650002E+04  9.6823200E+05
  1.8750002E+04  8.8708856E+05
  1.8850000E+04  9.2758656E+05
  1.8950004E+04  9.1208369E+05
  1.9049996E+04  8.9832969E+05
  1.9149998E+04  8.8098975E+05
  1.9249992E+04  8.6390044E+05
  1.9350000E+04  8.4515331E+05
  1.9449992E+04  7.7756125E+05
  1.9550002E+04  8.1379500E+05
  1.9649992E+04  8.0086031E+05
  1.9749992E+04  7.8481262E+05
  1.9849992E+04  7.7142744E+05
  1.9950002E+04  7.5721894E+05
  2.0050002E+04  7.4341500E+05
  2.0149996E+04  7.2993112E+05
  2.0249994E+04  7.1641900E+05
  2.0349994E+04  7.0324569E+05
  2.0449996E+04  6.9099762E+05
  2.0550000E+04  6.7855256E+05
  2.0649992E+04  6.6583919E+05
  2.0749998E+04  6.5427419E+05
  2.0849992E+04  6.4284862E+05
  2.0950004E+04  6.3148100E+05
  2.1050002E+04  6.2019875E+05
  2.1149992E+04  6.0809094E+05
  2.1250000E+04  5.9765869E+05
  2.1350002E+04  5.8746938E+05
  2.1449996E+04  5.7827112E+05
  2.1550006E+04  5.6740819E+05
  2.1649994E+04  5.2430675E+05
  2.1750002E+04  5.4649319E+05
  2.1849998E+04  5.3980606E+05
  2.1950002E+04  5.3108281E+05
  2.2050000E+04  5.2175159E+05
  2.2149996E+04  5.1219844E+05
  2.2249998E+04  5.0484231E+05
  2.2350004E+04  4.9643541E+05
  2.2449990E+04  4.8825597E+05
  2.2549994E+04  4.7966750E+05
  2.2650000E+04  4.7227616E+05
  2.2750000E+04  4.6459584E+05
  2.2850000E+04  4.5960744E+05
  2.2950004E+04  4.5978072E+05
  2.3050000E+04  4.4990059E+05
  2.3149996E+04  4.3995575E+05
  2.3250000E+04  4.3070831E+05
  2.3349996E+04  4.2192788E+05
  2.3449994E+04  4.1358938E+05
  2.3550002E+04  4.0532916E+05
  2.3649988E+04  3.9835275E+05
  2.3750000E+04  3.9211956E+05
  2.3849990E+04  3.8571916E+05
  2.3950002E+04  3.7972622E+05
  2.4050006E+04  3.7278416E+05
  2.4149992E+04  3.6580216E+05
  2.4249990E+04  3.6669297E+05
  2.4349990E+04  3.5584028E+05
  2.4450002E+04  3.4984088E+05
  2.4549990E+04  3.5061619E+05
  2.4649992E+04  3.4151500E+05
  2.4749992E+04  3.3665138E+05
  2.4850006E+04  3.3908991E+05
  2.4950000E+04  3.1787059E+05
  2.5050006E+04  3.3144553E+05
  2.5149994E+04  3.2524769E+05
  2.5249998E+04  3.0318866E+05
  2.5350004E+04  3.1452519E+05
  2.5449988E+04  3.1204128E+05
  2.5549998E+04  3.0521147E+05
  2.5649990E+04  2.8457594E+05
  2.5749990E+04  2.9701741E+05
  2.5849994E+04  2.9373147E+05
  2.5949990E+04  2.8990566E+05
  2.6049996E+04  2.8241553E+05
  2.6149998E+04  2.6460250E+05
  2.6249988E+04  2.5856653E+05
  2.6350008E+04  2.7151772E+05
  2.6449996E+04  2.6966262E+05
  2.6549994E+04  2.6566303E+05
  2.6649994E+04  2.6059116E+05
  2.6749988E+04  2.4218339E+05
  2.6849986E+04  2.5353067E+05
  2.6949986E+04  2.5135183E+05
  2.7050002E+04  2.4771509E+05
  2.7149998E+04  2.4445248E+05
  2.7249994E+04  2.4105850E+05
  2.7350006E+04  2.3770220E+05
  2.7450004E+04  2.3404861E+05
  2.7549996E+04  2.1847472E+05
  2.7649982E+04  2.2403278E+05
  2.7750004E+04  2.2490109E+05
  2.7850000E+04  2.2194350E+05
  2.7949992E+04  2.1896464E+05
  2.8049994E+04  2.1600800E+05
  2.8150002E+04  2.1308770E+05
  2.8250006E+04  2.1023633E+05
  2.8350000E+04  2.0746220E+05
  2.8450000E+04  2.0450758E+05
  2.8550002E+04  2.0195431E+05
  2.8650002E+04  1.9732961E+05
  2.8749982E+04  1.8494325E+05
  2.8849998E+04  1.9356669E+05
  2.8949986E+04  1.9134186E+05
  2.9049994E+04  1.8908477E+05
  2.9149986E+04  1.8632222E+05
  2.9249984E+04  1.8418297E+05
  2.9349980E+04  1.8182798E+05
  2.9450000E+04  1.7949606E+05
  2.9550004E+04  1.7720892E+05
  2.9649982E+04  1.7493595E+05
  2.9749992E+04  1.7270616E+05
  2.9849994E+04  1.7052348E+05
  2.9949984E+04  1.6833678E+05
  3.0049996E+04  1.6620436E+05
  3.0149994E+04  1.6407588E+05
  3.0249994E+04  1.6184420E+05
  3.0349996E+04  1.5278362E+05
  3.0449996E+04  1.5441872E+05
  3.0549996E+04  1.5593633E+05
  3.0649996E+04  1.5414247E+05
  3.0749994E+04  1.5223716E+05
  3.0849996E+04  1.5017112E+05
  3.0949994E+04  1.4847866E+05
  3.1049996E+04  1.4663284E+05
  3.1149996E+04  1.4476108E+05
  3.1249996E+04  1.4300667E+05
  3.1349996E+04  1.4135602E+05
  3.1449996E+04  1.3956725E+05
  3.1549998E+04  1.3802156E+05
  3.1649996E+04  1.3639486E+05
  3.1749998E+04  1.3468119E+05
  3.1849996E+04  1.3315348E+05
  3.1949994E+04  1.3154995E+05
  3.2099996E+04  1.2921556E+05
  3.2299992E+04  1.2620845E+05
  3.2499994E+04  1.2326173E+05
  3.2699996E+04  1.2037745E+05
  3.2899996E+04  1.1358621E+05
  3.3099996E+04  1.1511642E+05
  3.3299992E+04  1.1299040E+05
  3.3499996E+04  1.1022192E+05
  3.3699996E+04  1.0733854E+05
  3.3899996E+04  1.0475462E+05
  3.4099996E+04  1.0225617E+05
  3.4299996E+04  9.9895164E+04
  3.4499992E+04  9.7673672E+04
  3.4699996E+04  9.5499703E+04
  3.4899996E+04  9.3359758E+04
  3.5099996E+04  9.1424305E+04
  3.5299996E+04  8.9508469E+04
  3.5499996E+04  8.7339891E+04
  3.5699992E+04  8.5299914E+04
  3.5899992E+04  8.4548000E+04
  3.6099996E+04  8.1535258E+04
  3.6299992E+04  8.1133906E+04
  3.6499992E+04  7.8004758E+04
  3.6699992E+04  7.7996000E+04
  3.6899992E+04  7.4499438E+04
  3.7099996E+04  7.4691906E+04
  3.7299996E+04  7.2108633E+04
  3.7499992E+04  6.8678625E+04
  3.7699996E+04  7.0276469E+04
  3.7899996E+04  6.8972836E+04
  3.8099992E+04  6.6298977E+04
  3.8299996E+04  6.5372078E+04
  3.8499996E+04  6.4943723E+04
  3.8699996E+04  6.3590008E+04
  3.8899992E+04  6.2210855E+04
  3.9099996E+04  5.9230098E+04
  3.9299992E+04  5.9960602E+04
  3.9499992E+04  5.8809254E+04
  3.9699992E+04  5.7704289E+04
  3.9900000E+04  5.6521430E+04
  4.0099996E+04  5.4743098E+04
  4.0299992E+04  5.3194371E+04
  4.0499996E+04  5.1751559E+04
  4.0699992E+04  5.2349504E+04
  4.0899992E+04  5.1392867E+04
  4.1099996E+04  5.0472387E+04
  4.1299996E+04  4.9531953E+04
  4.1499992E+04  4.8554773E+04
  4.1699992E+04  4.6103445E+04
  4.1899996E+04  4.6763047E+04
  4.2099996E+04  4.5958453E+04
  4.2299992E+04  4.5160648E+04
  4.2499996E+04  4.4342398E+04
  4.2699992E+04  4.3547805E+04
  4.2899992E+04  4.2766062E+04
  4.3099996E+04  4.2000969E+04
  4.3299996E+04  4.1254191E+04
  4.3499992E+04  4.0521332E+04
  4.3699996E+04  3.8604641E+04
  4.3899996E+04  3.8885094E+04
  4.4099992E+04  3.8418910E+04
  4.4299992E+04  3.7761809E+04
  4.4499996E+04  3.7105426E+04
  4.4699996E+04  3.6661004E+04
  4.4899996E+04  3.6024918E+04
  4.5099992E+04  3.5417188E+04
  4.5299992E+04  3.4809566E+04
  4.5499996E+04  3.4223980E+04
  4.5699992E+04  3.3638270E+04
  4.5899996E+04  3.3068598E+04
  4.6099996E+04  3.2527020E+04
  4.6299992E+04  3.1953139E+04
  4.6499988E+04  3.0494088E+04
  4.6699992E+04  2.9763590E+04
  4.6899992E+04  3.0325543E+04
  4.7099992E+04  2.9922504E+04
  4.7299992E+04  2.9435936E+04
  4.7499996E+04  2.8941449E+04
  4.7699992E+04  2.8480707E+04
  4.7899992E+04  2.8028271E+04
  4.8099996E+04  2.7577471E+04
  4.8299992E+04  2.7134785E+04
  4.8499992E+04  2.6703246E+04
  4.8700000E+04  2.6279449E+04
  4.8899992E+04  2.5864846E+04
  4.9099988E+04  2.5452980E+04
  4.9299988E+04  2.5056230E+04
  4.9499996E+04  2.4665039E+04
  4.9699992E+04  2.4280861E+04
  4.9899988E+04  2.3900523E+04
  5.0099996E+04  2.3534467E+04
  5.0299996E+04  2.3169004E+04
  5.0499996E+04  2.2817443E+04
  5.0699996E+04  2.2469234E+04
  5.0899992E+04  2.2127242E+04
  5.1099992E+04  2.1740846E+04
  5.1299996E+04  2.0708445E+04
  5.1499988E+04  2.1114672E+04
  5.1699996E+04  2.0823357E+04
  5.1899992E+04  2.0513529E+04
  5.2099992E+04  2.0206443E+04
  5.2299996E+04  1.9907578E+04
  5.2499996E+04  1.9614039E+04
  5.2699996E+04  1.9325732E+04
  5.2899992E+04  1.9042562E+04
  5.3099988E+04  1.8764439E+04
  5.3299988E+04  1.8491271E+04
  5.3499992E+04  1.8222971E+04
  5.3699992E+04  1.7958148E+04
  5.3899992E+04  1.7700639E+04
  5.4099992E+04  1.7447725E+04
  5.4299984E+04  1.7196779E+04
  5.4499988E+04  1.6951566E+04
  5.4699996E+04  1.6709473E+04
  5.4899992E+04  1.6476707E+04
  5.5099992E+04  1.6244389E+04
  5.5299988E+04  1.6015000E+04
  5.5499988E+04  1.5792156E+04
  5.5699992E+04  1.5568448E+04
  5.5899992E+04  1.5347533E+04
  5.6099988E+04  1.5140142E+04
  5.6299996E+04  1.4932924E+04
  5.6499988E+04  1.4728265E+04
  5.6699988E+04  1.4526109E+04
  5.6899992E+04  1.4327589E+04
  5.7099996E+04  1.4133802E+04
  5.7299988E+04  1.3941224E+04
  5.7499988E+04  1.3753253E+04
  5.7699988E+04  1.3567549E+04
  5.7899996E+04  1.3384074E+04
  5.8099988E+04  1.3206157E+04
  5.8299996E+04  1.3030354E+04
  5.8499992E+04  1.2892975E+04
  5.8699988E+04  1.2721082E+04
  5.8899988E+04  1.2513213E+04
  5.9099992E+04  1.1961631E+04
  5.9299988E+04  1.2205696E+04
  5.9499996E+04  1.2058863E+04
  5.9699988E+04  1.1908441E+04
  5.9899992E+04  1.1752403E+04
  6.0099992E+04  1.1600262E+04
  6.0299992E+04  1.1450911E+04
  6.0499988E+04  1.1303280E+04
  6.0699992E+04  1.1158364E+04
  6.0899992E+04  1.1015106E+04
  6.1099988E+04  1.0872475E+04
  6.1299992E+04  1.0736477E+04
  6.1499988E+04  1.0600024E+04
  6.1699988E+04  1.0467092E+04
  6.1899996E+04  1.0334667E+04
  6.2099996E+04  1.0205684E+04
  6.2299988E+04  1.0076203E+04
  6.2499992E+04  9.9510596E+03
  6.2699988E+04  9.8273037E+03
  6.2899996E+04  9.7058701E+03
  6.3099984E+04  9.5848350E+03
  6.3299996E+04  9.4670059E+03
  6.3499984E+04  9.3504756E+03
  6.3699984E+04  9.2372598E+03
  6.3900000E+04  9.1240723E+03
  6.4199992E+04  8.9585674E+03
  6.4599984E+04  8.7429805E+03
  6.4999992E+04  8.5336963E+03
  6.5399992E+04  8.3312422E+03
  6.5799992E+04  8.1340220E+03
  6.6199984E+04  7.9422378E+03
  6.6599984E+04  7.7571753E+03
  6.6999992E+04  7.5774634E+03
  6.7399992E+04  7.4022061E+03
  6.7799992E+04  7.2323467E+03
  6.8199992E+04  7.0674912E+03
  6.8599992E+04  6.9062183E+03
  6.8999984E+04  6.7494663E+03
  6.9399984E+04  6.5979697E+03
  6.9800000E+04  6.4511904E+03
  7.0199992E+04  6.3084697E+03
  7.0599984E+04  6.1686357E+03
  7.0999977E+04  6.0344580E+03
  7.1399977E+04  5.9017075E+03
  7.1799984E+04  5.7738701E+03
  7.2199984E+04  5.6469795E+03
  7.2600000E+04  5.5271704E+03
  7.2999984E+04  5.4099985E+03
  7.3400000E+04  5.2948311E+03
  7.3799984E+04  5.1830176E+03
  7.4199992E+04  5.0733643E+03
  7.4599992E+04  4.8991494E+03
  7.5000000E+04  4.7746304E+03
  7.5399992E+04  4.7628062E+03
  7.5799992E+04  4.6662490E+03
  7.6199984E+04  4.5711934E+03
  7.6599992E+04  4.4781182E+03
  7.6999992E+04  4.3875518E+03
  7.7399992E+04  4.2991172E+03
  7.7799984E+04  4.2130127E+03
  7.8199984E+04  4.1289937E+03
  7.8599984E+04  4.0469500E+03
  7.8999984E+04  3.9670166E+03
  7.9399984E+04  3.8890222E+03
  7.9800000E+04  3.8128596E+03
  8.0199992E+04  3.7386072E+03
  8.0599984E+04  3.6661597E+03
  8.0999992E+04  3.5955298E+03
  8.1399977E+04  3.5263943E+03
  8.1799984E+04  3.4590530E+03
  8.2199984E+04  3.3933550E+03
  8.2599992E+04  3.3291497E+03
  8.2999984E+04  3.2664060E+03
  8.3400000E+04  3.2045996E+03
  8.3799992E+04  3.1443599E+03
  8.4199992E+04  3.0863921E+03
  8.4599977E+04  3.0298000E+03
  8.4999977E+04  2.9741848E+03
  8.5399984E+04  2.9195276E+03
  8.5799984E+04  2.8663723E+03
  8.6199992E+04  2.8142273E+03
  8.6599992E+04  2.7635244E+03
  8.6999984E+04  2.7137830E+03
  8.7399992E+04  2.6651780E+03
  8.7799992E+04  2.6176870E+03
  8.8199984E+04  2.5710432E+03
  8.8599977E+04  2.5255652E+03
  8.8999992E+04  2.4811782E+03
  8.9399977E+04  2.4378140E+03
  8.9799977E+04  2.3951687E+03
  9.0199984E+04  2.3536443E+03
  9.0599984E+04  2.3129429E+03
  9.0999992E+04  2.2730005E+03
  9.1400000E+04  2.2341179E+03
  9.1799969E+04  2.1960059E+03
  9.2199969E+04  2.1586455E+03
  9.2599984E+04  2.1221106E+03
  9.3000000E+04  2.0863403E+03
  9.3399984E+04  2.0513213E+03
  9.3799984E+04  2.0169928E+03
  9.4199977E+04  1.9834276E+03
  9.4599984E+04  1.9504821E+03
  9.4999969E+04  1.9182714E+03
  9.5399984E+04  1.8866129E+03
  9.5799984E+04  1.8558263E+03
  9.6199992E+04  1.8255258E+03
  9.6599984E+04  1.7959052E+03
  9.7000000E+04  1.7668292E+03
  9.7399977E+04  1.7382902E+03
  9.7799984E+04  1.7103932E+03
  9.8199977E+04  1.6830095E+03
  9.8599977E+04  1.6562454E+03
  9.8999992E+04  1.6299729E+03
  9.9399984E+04  1.6042223E+03
  9.9799977E+04  1.5789066E+03
  1.0019999E+05  1.5541301E+03
  1.9999991E+05  9.9749565E+01
  3.9999994E+05  6.2118583E+00
  5.9999981E+05  1.2168485E+00
  7.9999994E+05  3.8203678E-01
