  5.0599994E+02  1.0829406E-12
  5.1199994E+02  2.0854087E-12
  5.2000000E+02  4.2564979E-12
  5.2999994E+02  1.0068523E-11
  5.3999994E+02  2.2764188E-11
  5.4999988E+02  5.0301659E-11
  5.5999988E+02  1.0768491E-10
  5.6999988E+02  2.2427740E-10
  5.7999994E+02  4.5270684E-10
  5.8999988E+02  9.0319635E-10
  5.9999988E+02  1.7519138E-09
  6.0999988E+02  3.3321801E-09
  6.1999994E+02  6.2125678E-09
  6.2999988E+02  1.1376981E-08
  6.3999994E+02  2.0489459E-08
  6.4999994E+02  3.6350954E-08
  6.5799994E+02  5.6879244E-08
  6.6499988E+02  8.3463569E-08
  6.7499994E+02  1.4292912E-07
  6.8499988E+02  2.4177240E-07
  6.9499994E+02  4.0387130E-07
  7.0499988E+02  6.6537433E-07
  7.1599988E+02  1.1434506E-06
  7.2599994E+02  1.8464405E-06
  7.3499982E+02  2.8180457E-06
  7.4499994E+02  4.4646627E-06
  7.5499982E+02  7.0095725E-06
  7.6499994E+02  1.0904964E-05
  7.7499994E+02  1.6810527E-05
  7.8499982E+02  2.5694708E-05
  7.9499982E+02  3.8785296E-05
  8.0500000E+02  5.8379734E-05
  8.1499976E+02  8.7061686E-05
  8.2500000E+02  1.2864689E-04
  8.3499994E+02  1.8854352E-04
  8.4499994E+02  2.7417718E-04
  8.5499988E+02  3.9560779E-04
  8.6499994E+02  5.6644017E-04
  8.7499982E+02  8.0461602E-04
  8.8499982E+02  1.1357430E-03
  8.9499988E+02  1.5909304E-03
  9.0499994E+02  2.2113416E-03
  9.1499982E+02  5.9496140E-01
  9.2499988E+02  1.6979352E+00
  9.3499982E+02  2.1815596E+00
  9.4500000E+02  2.8023007E+00
  9.5500000E+02  3.9364214E+00
  9.6499988E+02  5.0432010E+00
  9.7499982E+02  6.0388265E+00
  9.8499976E+02  7.7460909E+00
  9.9499988E+02  9.1756935E+00
  1.0049999E+03  1.2372579E+01
  1.0149997E+03  1.5371017E+01
  1.0249998E+03  1.5498190E+01
  1.0349998E+03  2.2721630E+01
  1.0449998E+03  2.8219156E+01
  1.0549999E+03  3.4159073E+01
  1.0649999E+03  3.9801563E+01
  1.0750000E+03  4.8932503E+01
  1.0849996E+03  5.8416100E+01
  1.0949999E+03  6.7263832E+01
  1.1049999E+03  3.4084235E+02
  1.1149999E+03  6.1548193E+02
  1.1249999E+03  8.2673651E+02
  1.1349996E+03  1.0102467E+03
  1.1449999E+03  1.2172471E+03
  1.1549999E+03  1.2809532E+03
  1.1650000E+03  1.6435549E+03
  1.1749995E+03  1.8420197E+03
  1.1849996E+03  1.7674382E+03
  1.1949998E+03  9.7569019E+02
  1.2049996E+03  9.4192065E+02
  1.2149998E+03  1.8937143E+02
  1.2249996E+03  1.1129337E+03
  1.2349996E+03  2.6794749E+03
  1.2449998E+03  6.6751182E+03
  1.2549996E+03  1.1286987E+04
  1.2650000E+03  1.1326768E+04
  1.2749998E+03  1.9620830E+04
  1.2849995E+03  3.2208473E+04
  1.2949998E+03  4.5252234E+04
  1.3049995E+03  3.0631529E+04
  1.3149998E+03  8.6151508E+04
  1.3249998E+03  1.2588063E+05
  1.3349996E+03  1.3223527E+05
  1.3449995E+03  2.4105183E+05
  1.3549996E+03  2.4971575E+05
  1.3649999E+03  2.6471250E+05
  1.3749999E+03  3.1469728E+05
  1.3849996E+03  3.1066044E+05
  1.3949999E+03  3.6582906E+05
  1.4050001E+03  4.2239738E+05
  1.4149998E+03  4.2179209E+05
  1.4249998E+03  5.2546444E+05
  1.4350000E+03  4.9414503E+05
  1.4419998E+03  6.6037244E+05
  1.4469999E+03  1.1145588E+06
  1.4549994E+03  1.3047419E+06
  1.4650000E+03  1.1147566E+06
  1.4749995E+03  1.1788451E+06
  1.4849996E+03  1.4549984E+06
  1.4949998E+03  1.7504832E+06
  1.5049996E+03  1.9841060E+06
  1.5119995E+03  1.7085410E+06
  1.5169994E+03  1.6334355E+06
  1.5250001E+03  4.2808040E+06
  1.5349994E+03  4.6546740E+06
  1.5449994E+03  8.2615320E+06
  1.5549998E+03  6.6357630E+06
  1.5649999E+03  5.5920265E+06
  1.5750001E+03  9.1931570E+06
  1.5850000E+03  1.0639205E+07
  1.5949996E+03  1.3451197E+07
  1.6049999E+03  1.1525493E+07
  1.6150000E+03  1.0078039E+07
  1.6249996E+03  7.7309035E+06
  1.6350000E+03  9.3249430E+06
  1.6449996E+03  1.2096560E+07
  1.6549999E+03  7.0201835E+06
  1.6649993E+03  1.1869806E+07
  1.6720000E+03  4.5746995E+06
  1.6770001E+03  1.6853210E+07
  1.6849998E+03  1.8856394E+07
  1.6950000E+03  1.5897917E+07
  1.7049995E+03  1.4593590E+07
  1.7150000E+03  1.6875476E+07
  1.7249993E+03  1.7091872E+07
  1.7349994E+03  2.0085516E+07
  1.7449993E+03  1.8976314E+07
  1.7550001E+03  2.3118740E+07
  1.7649998E+03  1.7107164E+07
  1.7749995E+03  2.1396594E+07
  1.7849995E+03  1.9806064E+07
  1.7949999E+03  2.6020338E+07
  1.8050001E+03  2.4033020E+07
  1.8150001E+03  2.4972006E+07
  1.8249994E+03  2.2563558E+07
  1.8349993E+03  2.0251840E+07
  1.8449993E+03  1.7912410E+07
  1.8549998E+03  2.0428398E+07
  1.8650002E+03  2.2280824E+07
  1.8750001E+03  2.1519790E+07
  1.8850000E+03  2.1964274E+07
  1.8950002E+03  2.3778804E+07
  1.9049996E+03  2.1513818E+07
  1.9149999E+03  2.3228222E+07
  1.9249993E+03  2.3361656E+07
  1.9350001E+03  1.8483356E+07
  1.9449993E+03  2.4655304E+07
  1.9550002E+03  2.4679688E+07
  1.9670002E+03  2.6973416E+07
  1.9759990E+03  2.6442704E+07
  1.9839996E+03  2.5470902E+07
  1.9950001E+03  2.4572680E+07
  2.0050002E+03  2.2939330E+07
  2.0149996E+03  2.1848382E+07
  2.0249994E+03  2.0853140E+07
  2.0349995E+03  2.3204994E+07
  2.0449998E+03  2.5645082E+07
  2.0550000E+03  2.3850100E+07
  2.0649993E+03  2.2693802E+07
  2.0739993E+03  2.7105856E+07
  2.0780002E+03  2.7845240E+07
  2.0849993E+03  2.6638610E+07
  2.0950005E+03  2.5210656E+07
  2.1050002E+03  2.2829156E+07
  2.1149990E+03  2.3164608E+07
  2.1250000E+03  2.4217700E+07
  2.1350002E+03  1.8798526E+07
  2.1449998E+03  2.2555554E+07
  2.1550005E+03  2.2857762E+07
  2.1649995E+03  2.0681152E+07
  2.1750002E+03  2.0520870E+07
  2.1849998E+03  2.1477666E+07
  2.1950000E+03  2.3646168E+07
  2.2050000E+03  2.2215666E+07
  2.2149998E+03  1.9341814E+07
  2.2249998E+03  1.8624246E+07
  2.2350005E+03  2.2704014E+07
  2.2449990E+03  2.0150650E+07
  2.2549993E+03  1.8322410E+07
  2.2650000E+03  1.8532542E+07
  2.2750000E+03  2.0183900E+07
  2.2850000E+03  2.1610166E+07
  2.2950002E+03  1.9572568E+07
  2.3050000E+03  2.0205076E+07
  2.3149995E+03  1.8800720E+07
  2.3250000E+03  1.0635815E+07
  2.3349995E+03  1.4751549E+07
  2.3449993E+03  1.2243261E+07
  2.3550000E+03  1.7926324E+07
  2.3649988E+03  1.2534150E+07
  2.3750000E+03  1.5422969E+07
  2.3849990E+03  1.0557784E+07
  2.3950000E+03  1.3097589E+07
  2.4050005E+03  1.2476290E+07
  2.4149993E+03  1.3691579E+07
  2.4249990E+03  1.7847444E+07
  2.4349990E+03  1.7170610E+07
  2.4450000E+03  1.8687846E+07
  2.4549990E+03  1.8329028E+07
  2.4649990E+03  1.8165116E+07
  2.4749993E+03  1.6799666E+07
  2.4850005E+03  1.7442554E+07
  2.4950000E+03  1.6497512E+07
  2.5050005E+03  2.0695910E+07
  2.5129988E+03  1.6043699E+07
  2.5179990E+03  1.5912307E+07
  2.5249998E+03  1.4052686E+07
  2.5350007E+03  1.4160694E+07
  2.5449988E+03  1.4426558E+07
  2.5550000E+03  1.6819612E+07
  2.5649990E+03  1.5801185E+07
  2.5749990E+03  1.7957062E+07
  2.5849993E+03  1.7586120E+07
  2.5949990E+03  1.6433767E+07
  2.6049995E+03  1.5205285E+07
  2.6149998E+03  1.4205533E+07
  2.6249990E+03  1.7613554E+07
  2.6350007E+03  1.8724258E+07
  2.6449995E+03  2.3823064E+07
  2.6549998E+03  2.4044776E+07
  2.6649995E+03  2.0208318E+07
  2.6749988E+03  2.2086070E+07
  2.6849988E+03  2.1651170E+07
  2.6949988E+03  2.0247984E+07
  2.7050000E+03  2.1331140E+07
  2.7150000E+03  1.9218878E+07
  2.7249995E+03  1.9573256E+07
  2.7350007E+03  2.1528526E+07
  2.7450002E+03  1.4944775E+07
  2.7549998E+03  1.6549398E+07
  2.7649983E+03  1.7958496E+07
  2.7750005E+03  2.0608062E+07
  2.7850000E+03  1.7948698E+07
  2.7949993E+03  8.4711650E+06
  2.8049995E+03  1.0606239E+07
  2.8150002E+03  2.0737314E+07
  2.8250007E+03  2.3309342E+07
  2.8350000E+03  2.2174454E+07
  2.8450002E+03  2.1141940E+07
  2.8550005E+03  1.9943994E+07
  2.8650000E+03  2.2750690E+07
  2.8749983E+03  2.2000208E+07
  2.8850000E+03  2.2394254E+07
  2.8949988E+03  2.1172700E+07
  2.9099988E+03  2.4772104E+07
  2.9299983E+03  2.3564876E+07
  2.9499990E+03  2.3333870E+07
  2.9700005E+03  2.4061464E+07
  2.9899980E+03  2.4705268E+07
  3.0099995E+03  2.5302796E+07
  3.0299995E+03  2.4887800E+07
  3.0499995E+03  2.4830166E+07
  3.0699995E+03  2.5014148E+07
  3.0899995E+03  2.5644258E+07
  3.1099995E+03  2.4682932E+07
  3.1299998E+03  2.4640754E+07
  3.1499995E+03  2.5454212E+07
  3.1699995E+03  2.5341730E+07
  3.1899995E+03  2.3791040E+07
  3.2099998E+03  2.4740782E+07
  3.2299993E+03  2.3804508E+07
  3.2499993E+03  2.4659484E+07
  3.2699995E+03  2.5081720E+07
  3.2899995E+03  2.5293860E+07
  3.3099998E+03  2.5776546E+07
  3.3299993E+03  2.5161748E+07
  3.3499995E+03  2.4894094E+07
  3.3699995E+03  2.4700668E+07
  3.3899993E+03  2.4706754E+07
  3.4099993E+03  2.5111118E+07
  3.4299995E+03  2.5297850E+07
  3.4499993E+03  2.5087374E+07
  3.4699998E+03  2.4725170E+07
  3.4899993E+03  2.4591070E+07
  3.5099995E+03  2.5264460E+07
  3.5299995E+03  2.5265902E+07
  3.5499995E+03  2.5711120E+07
  3.5699995E+03  2.4763190E+07
  3.5899995E+03  2.4606434E+07
  3.6099995E+03  2.4697048E+07
  3.6299993E+03  2.4931136E+07
  3.6399993E+03  2.4743728E+07
  3.6499995E+03  2.5577416E+07
  3.6699993E+03  2.3681864E+07
  3.6899995E+03  2.4024032E+07
  3.7099995E+03  3.0989112E+07
  3.7299998E+03  3.2869946E+07
  3.7499993E+03  4.2692408E+07
  3.7699993E+03  4.5432016E+07
  3.7899995E+03  5.7466872E+07
  3.8099993E+03  6.7788672E+07
  3.8299998E+03  5.2507740E+07
  3.8499995E+03  7.4660384E+07
  3.8699995E+03  8.3907120E+07
  3.8899995E+03  4.6568504E+07
  3.9099995E+03  8.1755576E+07
  3.9299993E+03  6.3116936E+07
  3.9499993E+03  7.8741512E+07
  3.9699998E+03  4.1187288E+07
  3.9899995E+03  7.9870696E+07
  4.0099995E+03  8.7130704E+07
  4.0299993E+03  8.6374744E+07
  4.0499993E+03  8.5452568E+07
  4.0699993E+03  8.1972072E+07
  4.0899995E+03  6.6337776E+07
  4.1099995E+03  4.9928212E+07
  4.1299995E+03  7.7761152E+07
  4.1499990E+03  8.1193680E+07
  4.1699990E+03  8.0063576E+07
  4.1899995E+03  7.8899776E+07
  4.2099995E+03  7.8623784E+07
  4.2299995E+03  7.6425048E+07
  4.2499995E+03  7.6178824E+07
  4.2699990E+03  7.3466784E+07
  4.2899995E+03  7.4343176E+07
  4.3100000E+03  6.8965936E+07
  4.3299995E+03  5.4158304E+07
  4.3499995E+03  4.5900812E+07
  4.3699995E+03  6.9107216E+07
  4.3899995E+03  6.9739824E+07
  4.4099995E+03  6.8413280E+07
  4.4299995E+03  6.7894848E+07
  4.4499995E+03  6.8370328E+07
  4.4699995E+03  6.7543048E+07
  4.4899995E+03  6.6572660E+07
  4.5099990E+03  6.7572712E+07
  4.5299995E+03  6.5229612E+07
  4.5499990E+03  6.3609260E+07
  4.5699995E+03  6.5330172E+07
  4.5899990E+03  6.2991816E+07
  4.6099990E+03  6.4027676E+07
  4.6299990E+03  6.1987200E+07
  4.6499990E+03  6.2328016E+07
  4.6699990E+03  6.1639832E+07
  4.6899990E+03  6.0084180E+07
  4.7099995E+03  5.7657700E+07
  4.7299990E+03  5.9479756E+07
  4.7499995E+03  5.9173600E+07
  4.7699995E+03  5.8156860E+07
  4.7899990E+03  5.7506400E+07
  4.8099995E+03  5.6237788E+07
  4.8299995E+03  5.4141988E+07
  4.8499990E+03  4.2621420E+07
  4.8700000E+03  3.3846864E+07
  4.8899990E+03  5.0882080E+07
  4.9099990E+03  5.2820244E+07
  4.9299990E+03  5.1984896E+07
  4.9499995E+03  5.2323652E+07
  4.9699995E+03  5.2414320E+07
  4.9899990E+03  5.0771020E+07
  5.0099995E+03  4.9108684E+07
  5.0299995E+03  4.9856540E+07
  5.0499995E+03  4.8895156E+07
  5.0699995E+03  4.9289864E+07
  5.0899995E+03  4.8676436E+07
  5.1099990E+03  4.8284620E+07
  5.1299995E+03  4.7323368E+07
  5.1499985E+03  4.6345748E+07
  5.1700000E+03  4.5301436E+07
  5.1899990E+03  4.4901232E+07
  5.2099990E+03  4.4898584E+07
  5.2299995E+03  4.4142656E+07
  5.2499995E+03  4.4665336E+07
  5.2699995E+03  4.2587964E+07
  5.2899990E+03  4.3626248E+07
  5.3099995E+03  4.2741072E+07
  5.3299990E+03  4.1824164E+07
  5.3499995E+03  4.2457088E+07
  5.3699995E+03  4.1719444E+07
  5.3899995E+03  4.1300184E+07
  5.4099990E+03  4.0483100E+07
  5.4299990E+03  4.0357920E+07
  5.4499990E+03  4.0384428E+07
  5.4699995E+03  3.9900780E+07
  5.4899995E+03  3.9739332E+07
  5.5099995E+03  3.9266472E+07
  5.5299985E+03  3.8707028E+07
  5.5499990E+03  3.8610792E+07
  5.5699990E+03  3.7979432E+07
  5.5899995E+03  3.7705740E+07
  5.6099990E+03  3.7463708E+07
  5.6299995E+03  3.7201572E+07
  5.6499990E+03  3.6759288E+07
  5.6699990E+03  3.6253164E+07
  5.6899995E+03  3.6106964E+07
  5.7099995E+03  3.5749324E+07
  5.7299990E+03  3.5618388E+07
  5.7499990E+03  3.5114664E+07
  5.7699990E+03  3.4845628E+07
  5.7899995E+03  3.4450228E+07
  5.8099985E+03  3.4157664E+07
  5.8300000E+03  3.3863840E+07
  5.8499990E+03  3.3529222E+07
  5.8699985E+03  3.3188524E+07
  5.8899985E+03  3.2506336E+07
  5.9099995E+03  3.2555260E+07
  5.9299985E+03  3.2268548E+07
  5.9499995E+03  3.1906184E+07
  5.9699990E+03  3.1661062E+07
  5.9899990E+03  3.1235794E+07
  6.0099990E+03  3.0881184E+07
  6.0299995E+03  3.0722254E+07
  6.0499990E+03  3.0452572E+07
  6.0699990E+03  3.0248140E+07
  6.0899995E+03  2.9893354E+07
  6.1099985E+03  2.9571840E+07
  6.1299995E+03  2.9150594E+07
  6.1499985E+03  2.8491182E+07
  6.1699985E+03  2.8647196E+07
  6.1900000E+03  2.8562650E+07
  6.2099995E+03  2.8324270E+07
  6.2299985E+03  2.7949556E+07
  6.2499990E+03  2.7247268E+07
  6.2699985E+03  2.7583536E+07
  6.2900000E+03  2.7340784E+07
  6.3099985E+03  2.6894308E+07
  6.3299995E+03  2.6763168E+07
  6.3499985E+03  2.6276258E+07
  6.3699985E+03  2.6121730E+07
  6.3899995E+03  2.6030428E+07
  6.4099990E+03  2.5626190E+07
  6.4299985E+03  2.5536276E+07
  6.4499985E+03  2.5031328E+07
  6.4699990E+03  2.5095500E+07
  6.4899990E+03  2.4606552E+07
  6.5099985E+03  2.4410262E+07
  6.5299990E+03  2.3807722E+07
  6.5499985E+03  2.0834150E+07
  6.5699985E+03  1.6500716E+07
  6.5899995E+03  2.2539912E+07
  6.6099985E+03  2.3328914E+07
  6.6299990E+03  2.3339216E+07
  6.6499985E+03  2.3193084E+07
  6.6699995E+03  2.3010162E+07
  6.6899990E+03  2.2878680E+07
  6.7099995E+03  2.2688112E+07
  6.7299990E+03  2.2458644E+07
  6.7499995E+03  2.2262084E+07
  6.7699985E+03  2.2147188E+07
  6.7899995E+03  2.1946632E+07
  6.8099995E+03  2.1761860E+07
  6.8300000E+03  2.1532838E+07
  6.8499985E+03  2.1362332E+07
  6.8699985E+03  2.1218174E+07
  6.8899985E+03  2.1047558E+07
  6.9099990E+03  2.0861980E+07
  6.9299995E+03  2.0677414E+07
  6.9499990E+03  2.0511782E+07
  6.9699985E+03  2.0323672E+07
  6.9899985E+03  2.0185176E+07
  7.0099985E+03  1.9898430E+07
  7.0299985E+03  1.9797568E+07
  7.0499990E+03  1.9663418E+07
  7.0699980E+03  1.9519924E+07
  7.0899990E+03  1.9364230E+07
  7.1099990E+03  1.8858228E+07
  7.1299995E+03  1.8943774E+07
  7.1499990E+03  1.8834998E+07
  7.1699995E+03  1.8682432E+07
  7.1899985E+03  1.8513058E+07
  7.2099985E+03  1.8388026E+07
  7.2299980E+03  1.8202838E+07
  7.2499990E+03  1.8058820E+07
  7.2699995E+03  1.7974562E+07
  7.2899990E+03  1.7759818E+07
  7.3099980E+03  1.7619062E+07
  7.3299980E+03  1.7518136E+07
  7.3499980E+03  1.7407588E+07
  7.3699985E+03  1.7286880E+07
  7.3899995E+03  1.7098926E+07
  7.4099985E+03  1.6842084E+07
  7.4299995E+03  1.6732424E+07
  7.4500000E+03  1.6638632E+07
  7.4700000E+03  1.6418003E+07
  7.4899990E+03  1.6359992E+07
  7.5099985E+03  1.6275646E+07
  7.5299995E+03  1.6188633E+07
  7.5499980E+03  1.6106952E+07
  7.5699985E+03  1.5960813E+07
  7.5899990E+03  1.5844762E+07
  7.6099980E+03  1.5726464E+07
  7.6299995E+03  1.5602704E+07
  7.6499995E+03  1.5451060E+07
  7.6699980E+03  1.5289263E+07
  7.6899990E+03  1.5216843E+07
  7.7099995E+03  1.5053706E+07
  7.7299985E+03  1.5009961E+07
  7.7499990E+03  1.4878017E+07
  7.7700000E+03  1.4451450E+07
  7.7900000E+03  1.4684019E+07
  7.8099995E+03  1.4560738E+07
  7.8299980E+03  1.4406571E+07
  7.8499980E+03  1.4243997E+07
  7.8699995E+03  1.4154048E+07
  7.8900000E+03  1.4017021E+07
  7.9099995E+03  1.3934790E+07
  7.9300000E+03  1.3847814E+07
  7.9499985E+03  1.3689416E+07
  7.9699990E+03  1.3712131E+07
  7.9900000E+03  1.3439386E+07
  8.0099980E+03  1.3478056E+07
  8.0299985E+03  1.3364258E+07
  8.0500000E+03  1.3283397E+07
  8.0699985E+03  1.3175991E+07
  8.0899990E+03  1.3082141E+07
  8.1099995E+03  1.3008531E+07
  8.1299976E+03  1.2924095E+07
  8.1499976E+03  1.2827845E+07
  8.1699980E+03  1.2736332E+07
  8.1899985E+03  1.2474815E+07
  8.2099990E+03  1.2449881E+07
  8.2300000E+03  1.2355512E+07
  8.2500000E+03  1.2299000E+07
  8.2700000E+03  1.2337083E+07
  8.2899980E+03  1.2190474E+07
  8.3099990E+03  1.2023845E+07
  8.3299980E+03  1.1716974E+07
  8.3500000E+03  1.1606332E+07
  8.3699990E+03  1.1396601E+07
  8.3899990E+03  1.1211210E+07
  8.4099971E+03  1.1085514E+07
  8.4300000E+03  1.1174510E+07
  8.4499990E+03  1.1079470E+07
  8.4699980E+03  1.0501031E+07
  8.4899980E+03  1.1566445E+07
  8.5099990E+03  1.0190300E+07
  8.5299990E+03  1.1834120E+07
  8.5499990E+03  9.5757030E+06
  8.5699990E+03  1.2129135E+07
  8.5900000E+03  1.0769766E+07
  8.6099980E+03  1.0368127E+07
  8.6299990E+03  1.2250911E+07
  8.6499990E+03  1.1536248E+07
  8.6699990E+03  9.0358140E+06
  8.6899990E+03  1.1622857E+07
  8.7099971E+03  1.2234478E+07
  8.7299990E+03  1.1637698E+07
  8.7499980E+03  8.9722170E+06
  8.7699980E+03  1.1075763E+07
  8.7899980E+03  1.2015717E+07
  8.8099990E+03  1.2008790E+07
  8.8299980E+03  1.1596415E+07
  8.8499980E+03  1.0421400E+07
  8.8699980E+03  8.7047560E+06
  8.8899990E+03  1.1175372E+07
  8.9099971E+03  1.1569438E+07
  8.9299980E+03  1.1574361E+07
  8.9499980E+03  1.1611579E+07
  8.9699990E+03  1.1408621E+07
  8.9899990E+03  1.0905295E+07
  9.0099980E+03  8.5834550E+06
  9.0299990E+03  9.5328040E+06
  9.0499990E+03  1.0872489E+07
  9.0699980E+03  1.0805361E+07
  9.0899990E+03  1.0704974E+07
  9.1099980E+03  1.0922217E+07
  9.1299980E+03  1.0915543E+07
  9.1499980E+03  1.0882278E+07
  9.1699980E+03  1.0722856E+07
  9.1899990E+03  1.0449630E+07
  9.2099990E+03  9.7318750E+06
  9.2299980E+03  7.5153920E+06
  9.2499980E+03  9.3493670E+06
  9.2699971E+03  9.9083670E+06
  9.2899990E+03  1.0290917E+07
  9.3099980E+03  1.0293259E+07
  9.3299990E+03  1.0223207E+07
  9.3499980E+03  1.0181243E+07
  9.3699990E+03  1.0130960E+07
  9.3900000E+03  9.9754740E+06
  9.4099980E+03  9.6952900E+06
  9.4299971E+03  9.8444310E+06
  9.4499990E+03  9.7897240E+06
  9.4700000E+03  9.7206900E+06
  9.4899980E+03  9.6128340E+06
  9.5100000E+03  9.3720760E+06
  9.5300000E+03  8.6226280E+06
  9.5500000E+03  6.8520560E+06
  9.5699990E+03  8.6761620E+06
  9.5899980E+03  9.1684410E+06
  9.6099980E+03  9.1678480E+06
  9.6299990E+03  9.0440900E+06
  9.6499990E+03  9.1425710E+06
  9.6699980E+03  9.0121310E+06
  9.6899980E+03  9.0038550E+06
  9.7100000E+03  9.0287320E+06
  9.7299990E+03  8.9542490E+06
  9.7499980E+03  8.8652420E+06
  9.7699961E+03  8.8447740E+06
  9.7899980E+03  8.7850850E+06
  9.8099980E+03  8.7183750E+06
  9.8299990E+03  8.6455040E+06
  9.8499980E+03  8.5405400E+06
  9.8700000E+03  8.4978390E+06
  9.8899980E+03  8.4018810E+06
  9.9099990E+03  8.3841135E+06
  9.9300000E+03  8.3232455E+06
  9.9499980E+03  8.2726980E+06
  9.9699980E+03  8.2308245E+06
  9.9899990E+03  8.1344820E+06
  1.0024998E+04  7.4292815E+06
  1.0074998E+04  7.0383960E+06
  1.0124997E+04  7.7220380E+06
  1.0174997E+04  7.7020065E+06
  1.0224998E+04  7.6113700E+06
  1.0274997E+04  7.4975080E+06
  1.0325000E+04  7.3603950E+06
  1.0374999E+04  7.2486745E+06
  1.0425000E+04  7.1349385E+06
  1.0474998E+04  6.9560910E+06
  1.0524997E+04  6.8673720E+06
  1.0574999E+04  6.7850650E+06
  1.0625000E+04  6.6819765E+06
  1.0674997E+04  6.4667965E+06
  1.0724998E+04  6.4390635E+06
  1.0774999E+04  6.3495900E+06
  1.0824997E+04  6.2473465E+06
  1.0874997E+04  6.0998825E+06
  1.0924999E+04  5.1928955E+06
  1.0974996E+04  5.6617610E+06
  1.1025000E+04  5.8928735E+06
  1.1074998E+04  5.8361010E+06
  1.1124999E+04  5.7441875E+06
  1.1174998E+04  5.6624325E+06
  1.1224999E+04  5.5857875E+06
  1.1274997E+04  5.4030020E+06
  1.1325000E+04  5.3324840E+06
  1.1375000E+04  5.3183185E+06
  1.1425000E+04  5.2199195E+06
  1.1474997E+04  5.1874065E+06
  1.1525000E+04  5.1161135E+06
  1.1574998E+04  5.0351760E+06
  1.1625000E+04  4.9116680E+06
  1.1674998E+04  4.8149650E+06
  1.1724997E+04  4.8263285E+06
  1.1775001E+04  4.6710330E+06
  1.1824999E+04  4.6456260E+06
  1.1875000E+04  4.5544910E+06
  1.1925000E+04  4.5630045E+06
  1.1975001E+04  4.4537835E+06
  1.2024998E+04  4.4207335E+06
  1.2074996E+04  4.3438925E+06
  1.2125000E+04  4.2896870E+06
  1.2175000E+04  4.2438520E+06
  1.2225001E+04  4.1784532E+06
  1.2275001E+04  4.1149795E+06
  1.2324996E+04  4.0605822E+06
  1.2374996E+04  4.0123378E+06
  1.2424998E+04  3.9666875E+06
  1.2475000E+04  3.8981570E+06
  1.2524997E+04  3.8514890E+06
  1.2574997E+04  3.7718438E+06
  1.2624999E+04  3.7380072E+06
  1.2674997E+04  3.6984922E+06
  1.2724999E+04  3.6383070E+06
  1.2774999E+04  3.5057740E+06
  1.2825000E+04  3.0160515E+06
  1.2875001E+04  3.4387988E+06
  1.2924997E+04  3.4485540E+06
  1.2975001E+04  3.4153112E+06
  1.3024998E+04  3.3747078E+06
  1.3074999E+04  3.3330798E+06
  1.3125000E+04  3.2867380E+06
  1.3174998E+04  3.2305868E+06
  1.3224998E+04  3.2042662E+06
  1.3274997E+04  3.1626448E+06
  1.3324997E+04  3.1230412E+06
  1.3374999E+04  3.0818338E+06
  1.3424999E+04  3.0417802E+06
  1.3474999E+04  3.0018202E+06
  1.3525001E+04  2.9565998E+06
  1.3574999E+04  2.9180972E+06
  1.3624997E+04  2.8883998E+06
  1.3674997E+04  2.8473725E+06
  1.3724995E+04  2.7902670E+06
  1.3774998E+04  2.7758042E+06
  1.3824998E+04  2.7421618E+06
  1.3874996E+04  2.7159772E+06
  1.3925000E+04  2.6714432E+06
  1.3974996E+04  2.6448402E+06
  1.4024997E+04  2.6131832E+06
  1.4075001E+04  2.5836185E+06
  1.4124996E+04  2.5476122E+06
  1.4175000E+04  2.5187952E+06
  1.4225000E+04  2.4860392E+06
  1.4274994E+04  2.4546060E+06
  1.4325001E+04  2.4270338E+06
  1.4374998E+04  2.4007000E+06
  1.4424999E+04  2.3303138E+06
  1.4475000E+04  2.3401338E+06
  1.4524997E+04  2.2908382E+06
  1.4569999E+04  2.2862918E+06
  1.4620000E+04  2.3149198E+06
  1.4674998E+04  2.3625020E+06
  1.4725000E+04  2.3035682E+06
  1.4775002E+04  2.2348498E+06
  1.4824998E+04  2.1898042E+06
  1.4874996E+04  2.1328830E+06
  1.4924997E+04  2.1066082E+06
  1.4974999E+04  2.0601404E+06
  1.5024999E+04  2.0199179E+06
  1.5075000E+04  1.9826690E+06
  1.5124999E+04  1.9620071E+06
  1.5175000E+04  1.9378108E+06
  1.5225002E+04  1.9329045E+06
  1.5274998E+04  1.8808752E+06
  1.5324995E+04  1.8636501E+06
  1.5374997E+04  1.8799158E+06
  1.5425001E+04  1.7958618E+06
  1.5474996E+04  1.8448434E+06
  1.5524994E+04  1.8320421E+06
  1.5575001E+04  1.7122065E+06
  1.5624998E+04  1.8478610E+06
  1.5674997E+04  1.7427150E+06
  1.5724994E+04  1.6595878E+06
  1.5774996E+04  1.7886646E+06
  1.5825001E+04  1.7672994E+06
  1.5874995E+04  1.5482478E+06
  1.5925002E+04  1.6911010E+06
  1.5975001E+04  1.7386950E+06
  1.6049998E+04  1.6683734E+06
  1.6150001E+04  1.5512895E+06
  1.6249997E+04  1.6411119E+06
  1.6350000E+04  1.5568348E+06
  1.6449996E+04  1.4495601E+06
  1.6549998E+04  1.5369030E+06
  1.6649994E+04  1.5053160E+06
  1.6749998E+04  1.4252242E+06
  1.6849998E+04  1.3272851E+06
  1.6950000E+04  1.4090978E+06
  1.7049996E+04  1.3788809E+06
  1.7150000E+04  1.3541370E+06
  1.7249992E+04  1.3111365E+06
  1.7349994E+04  1.1678859E+06
  1.7449992E+04  1.2430241E+06
  1.7550000E+04  1.2366039E+06
  1.7649998E+04  1.2111426E+06
  1.7749994E+04  1.1896909E+06
  1.7849994E+04  1.1644090E+06
  1.7949998E+04  1.1448411E+06
  1.8050002E+04  1.1114925E+06
  1.8150002E+04  1.0029058E+06
  1.8249994E+04  1.0488525E+06
  1.8349992E+04  1.0526682E+06
  1.8449992E+04  1.0332312E+06
  1.8549998E+04  1.0096724E+06
  1.8650002E+04  9.8535612E+05
  1.8750002E+04  8.8278075E+05
  1.8850000E+04  9.4271656E+05
  1.8950004E+04  9.3067375E+05
  1.9049996E+04  9.1927869E+05
  1.9149998E+04  9.0127888E+05
  1.9249992E+04  8.8288138E+05
  1.9350000E+04  8.5900831E+05
  1.9449992E+04  7.7175538E+05
  1.9550002E+04  8.2724956E+05
  1.9649992E+04  8.1856906E+05
  1.9749992E+04  8.0212019E+05
  1.9849992E+04  7.8893394E+05
  1.9950002E+04  7.7448419E+05
  2.0050002E+04  7.6041475E+05
  2.0149996E+04  7.4669756E+05
  2.0249994E+04  7.3258850E+05
  2.0349994E+04  7.1880175E+05
  2.0449996E+04  7.0677131E+05
  2.0550000E+04  6.9388762E+05
  2.0649992E+04  6.8057556E+05
  2.0749998E+04  6.6873756E+05
  2.0849992E+04  6.5713031E+05
  2.0950004E+04  6.4542925E+05
  2.1050002E+04  6.3386169E+05
  2.1149992E+04  6.2120394E+05
  2.1250000E+04  6.1060681E+05
  2.1350002E+04  6.0003206E+05
  2.1449996E+04  5.9065144E+05
  2.1550006E+04  5.7676962E+05
  2.1649994E+04  5.2133294E+05
  2.1750002E+04  5.5380388E+05
  2.1849998E+04  5.5072719E+05
  2.1950002E+04  5.4268650E+05
  2.2050000E+04  5.3271569E+05
  2.2149996E+04  5.2303306E+05
  2.2249998E+04  5.1578525E+05
  2.2350004E+04  5.0712972E+05
  2.2449990E+04  4.9876559E+05
  2.2549994E+04  4.8954328E+05
  2.2650000E+04  4.8227056E+05
  2.2750000E+04  4.7446616E+05
  2.2850000E+04  4.6899466E+05
  2.2950004E+04  4.6919366E+05
  2.3050000E+04  4.6040912E+05
  2.3149996E+04  4.5092900E+05
  2.3250000E+04  4.4206828E+05
  2.3349996E+04  4.3319062E+05
  2.3449994E+04  4.2511259E+05
  2.3550002E+04  4.1691094E+05
  2.3649988E+04  4.0935862E+05
  2.3750000E+04  4.0193088E+05
  2.3849990E+04  3.9476622E+05
  2.3950002E+04  3.8832350E+05
  2.4050006E+04  3.8147944E+05
  2.4149992E+04  3.7458706E+05
  2.4249990E+04  3.7119662E+05
  2.4349990E+04  3.6373178E+05
  2.4450002E+04  3.5715112E+05
  2.4549990E+04  3.5509169E+05
  2.4649992E+04  3.4697109E+05
  2.4749992E+04  3.4220494E+05
  2.4850006E+04  3.4240869E+05
  2.4950000E+04  3.2437641E+05
  2.5050006E+04  3.3698094E+05
  2.5149994E+04  3.2914888E+05
  2.5249998E+04  3.0820538E+05
  2.5350004E+04  3.1774366E+05
  2.5449988E+04  3.1616516E+05
  2.5549998E+04  3.0818353E+05
  2.5649990E+04  2.8771384E+05
  2.5749990E+04  3.0034119E+05
  2.5849994E+04  2.9783581E+05
  2.5949990E+04  2.9392247E+05
  2.6049996E+04  2.8429200E+05
  2.6149998E+04  2.6596875E+05
  2.6249988E+04  2.5661472E+05
  2.6350008E+04  2.7363925E+05
  2.6449996E+04  2.7343209E+05
  2.6549994E+04  2.6943622E+05
  2.6649994E+04  2.6307362E+05
  2.6749988E+04  2.4248873E+05
  2.6849986E+04  2.5600767E+05
  2.6949986E+04  2.5533547E+05
  2.7050002E+04  2.5205548E+05
  2.7149998E+04  2.4873028E+05
  2.7249994E+04  2.4526944E+05
  2.7350006E+04  2.4165575E+05
  2.7450004E+04  2.3704845E+05
  2.7549996E+04  2.1866827E+05
  2.7649982E+04  2.2504789E+05
  2.7750004E+04  2.2809570E+05
  2.7850000E+04  2.2573695E+05
  2.7949992E+04  2.2278405E+05
  2.8049994E+04  2.1976192E+05
  2.8150002E+04  2.1677694E+05
  2.8250006E+04  2.1385705E+05
  2.8350000E+04  2.1105739E+05
  2.8450000E+04  2.0793325E+05
  2.8550002E+04  2.0486612E+05
  2.8650002E+04  1.9854128E+05
  2.8749982E+04  1.8439630E+05
  2.8849998E+04  1.9578002E+05
  2.8949986E+04  1.9441647E+05
  2.9049994E+04  1.9230789E+05
  2.9149986E+04  1.8941688E+05
  2.9249984E+04  1.8729175E+05
  2.9349980E+04  1.8490684E+05
  2.9450000E+04  1.8253233E+05
  2.9550004E+04  1.8019877E+05
  2.9649982E+04  1.7788853E+05
  2.9749992E+04  1.7561338E+05
  2.9849994E+04  1.7338592E+05
  2.9949984E+04  1.7112972E+05
  3.0049996E+04  1.6896203E+05
  3.0149994E+04  1.6669925E+05
  3.0249994E+04  1.6386153E+05
  3.0349996E+04  1.5261592E+05
  3.0449996E+04  1.5463405E+05
  3.0549996E+04  1.5799498E+05
  3.0649996E+04  1.5663686E+05
  3.0749994E+04  1.5473527E+05
  3.0849996E+04  1.5258577E+05
  3.0949994E+04  1.5088952E+05
  3.1049996E+04  1.4899305E+05
  3.1149996E+04  1.4700133E+05
  3.1249996E+04  1.4529433E+05
  3.1349996E+04  1.4362142E+05
  3.1449996E+04  1.4179542E+05
  3.1549998E+04  1.4023942E+05
  3.1649996E+04  1.3861753E+05
  3.1749998E+04  1.3682261E+05
  3.1849996E+04  1.3531489E+05
  3.1949994E+04  1.3367572E+05
  3.2099996E+04  1.3128495E+05
  3.2299992E+04  1.2823785E+05
  3.2499994E+04  1.2523413E+05
  3.2699996E+04  1.2217076E+05
  3.2899996E+04  1.1371152E+05
  3.3099996E+04  1.1604827E+05
  3.3299992E+04  1.1471288E+05
  3.3499996E+04  1.1207158E+05
  3.3699996E+04  1.0916299E+05
  3.3899996E+04  1.0657729E+05
  3.4099996E+04  1.0409316E+05
  3.4299996E+04  1.0172680E+05
  3.4499992E+04  9.9458836E+04
  3.4699996E+04  9.7132922E+04
  3.4899996E+04  9.4943391E+04
  3.5099996E+04  9.2858453E+04
  3.5299996E+04  9.0865930E+04
  3.5499996E+04  8.8795711E+04
  3.5699992E+04  8.6733555E+04
  3.5899992E+04  8.5416156E+04
  3.6099996E+04  8.2945977E+04
  3.6299992E+04  8.1968742E+04
  3.6499992E+04  7.9339484E+04
  3.6699992E+04  7.8767992E+04
  3.6899992E+04  7.5661492E+04
  3.7099996E+04  7.5381648E+04
  3.7299996E+04  7.2330672E+04
  3.7499992E+04  6.9101898E+04
  3.7699996E+04  7.0960336E+04
  3.7899996E+04  6.9762273E+04
  3.8099992E+04  6.7087938E+04
  3.8299996E+04  6.6034680E+04
  3.8499996E+04  6.5759594E+04
  3.8699996E+04  6.4402492E+04
  3.8899992E+04  6.2798406E+04
  3.9099996E+04  5.9816582E+04
  3.9299992E+04  6.0636262E+04
  3.9499992E+04  5.9577082E+04
  3.9699992E+04  5.8459621E+04
  3.9900000E+04  5.7228980E+04
  4.0099996E+04  5.5113273E+04
  4.0299992E+04  5.3614234E+04
  4.0499996E+04  5.1802090E+04
  4.0699992E+04  5.2890793E+04
  4.0899992E+04  5.2027957E+04
  4.1099996E+04  5.1125844E+04
  4.1299996E+04  5.0168055E+04
  4.1499992E+04  4.9044762E+04
  4.1699992E+04  4.6278930E+04
  4.1899996E+04  4.7207246E+04
  4.2099996E+04  4.6513219E+04
  4.2299992E+04  4.5737547E+04
  4.2499996E+04  4.4903449E+04
  4.2699992E+04  4.4101551E+04
  4.2899992E+04  4.3308520E+04
  4.3099996E+04  4.2532320E+04
  4.3299996E+04  4.1768586E+04
  4.3499992E+04  4.0975266E+04
  4.3699996E+04  3.8734840E+04
  4.3899996E+04  3.9131406E+04
  4.4099992E+04  3.8878008E+04
  4.4299992E+04  3.8226371E+04
  4.4499996E+04  3.7560113E+04
  4.4699996E+04  3.7089004E+04
  4.4899996E+04  3.6441645E+04
  4.5099992E+04  3.5830223E+04
  4.5299992E+04  3.5213457E+04
  4.5499996E+04  3.4620684E+04
  4.5699992E+04  3.4024297E+04
  4.5899996E+04  3.3445898E+04
  4.6099996E+04  3.2899285E+04
  4.6299992E+04  3.2236078E+04
  4.6499988E+04  3.0351219E+04
  4.6699992E+04  2.9704859E+04
  4.6899992E+04  3.0531068E+04
  4.7099992E+04  3.0251957E+04
  4.7299992E+04  2.9769342E+04
  4.7499996E+04  2.9268715E+04
  4.7699992E+04  2.8801922E+04
  4.7899992E+04  2.8345170E+04
  4.8099996E+04  2.7888482E+04
  4.8299992E+04  2.7439996E+04
  4.8499992E+04  2.7002744E+04
  4.8700000E+04  2.6574904E+04
  4.8899992E+04  2.6153160E+04
  4.9099988E+04  2.5734266E+04
  4.9299988E+04  2.5335238E+04
  4.9499996E+04  2.4938721E+04
  4.9699992E+04  2.4549293E+04
  4.9899988E+04  2.4163781E+04
  5.0099996E+04  2.3792625E+04
  5.0299996E+04  2.3423625E+04
  5.0499996E+04  2.3067098E+04
  5.0699996E+04  2.2716924E+04
  5.0899992E+04  2.2365717E+04
  5.1099992E+04  2.1893779E+04
  5.1299996E+04  2.0665500E+04
  5.1499988E+04  2.1283703E+04
  5.1699996E+04  2.1048871E+04
  5.1899992E+04  2.0735910E+04
  5.2099992E+04  2.0424342E+04
  5.2299996E+04  2.0122438E+04
  5.2499996E+04  1.9825896E+04
  5.2699996E+04  1.9533273E+04
  5.2899992E+04  1.9247191E+04
  5.3099988E+04  1.8964857E+04
  5.3299988E+04  1.8688863E+04
  5.3499992E+04  1.8417771E+04
  5.3699992E+04  1.8147580E+04
  5.3899992E+04  1.7888668E+04
  5.4099992E+04  1.7633078E+04
  5.4299984E+04  1.7378215E+04
  5.4499988E+04  1.7130404E+04
  5.4699996E+04  1.6883227E+04
  5.4899992E+04  1.6649199E+04
  5.5099992E+04  1.6415631E+04
  5.5299988E+04  1.6183773E+04
  5.5499988E+04  1.5956047E+04
  5.5699992E+04  1.5729948E+04
  5.5899992E+04  1.5504265E+04
  5.6099988E+04  1.5298152E+04
  5.6299996E+04  1.5088625E+04
  5.6499988E+04  1.4881683E+04
  5.6699988E+04  1.4676104E+04
  5.6899992E+04  1.4476532E+04
  5.7099996E+04  1.4279392E+04
  5.7299988E+04  1.4084651E+04
  5.7499988E+04  1.3894546E+04
  5.7699988E+04  1.3706731E+04
  5.7899996E+04  1.3521174E+04
  5.8099988E+04  1.3341199E+04
  5.8299996E+04  1.3163362E+04
  5.8499992E+04  1.3019571E+04
  5.8699988E+04  1.2842443E+04
  5.8899988E+04  1.2581626E+04
  5.9099992E+04  1.1916330E+04
  5.9299988E+04  1.2289259E+04
  5.9499996E+04  1.2170599E+04
  5.9699988E+04  1.2023658E+04
  5.9899992E+04  1.1865802E+04
  6.0099992E+04  1.1711861E+04
  6.0299992E+04  1.1561772E+04
  6.0499988E+04  1.1412383E+04
  6.0699992E+04  1.1265726E+04
  6.0899992E+04  1.1120748E+04
  6.1099988E+04  1.0974396E+04
  6.1299992E+04  1.0839740E+04
  6.1499988E+04  1.0701622E+04
  6.1699988E+04  1.0567042E+04
  6.1899996E+04  1.0432988E+04
  6.2099996E+04  1.0302397E+04
  6.2299988E+04  1.0170355E+04
  6.2499992E+04  1.0045572E+04
  6.2699988E+04  9.9193008E+03
  6.2899996E+04  9.7982344E+03
  6.3099984E+04  9.6747217E+03
  6.3299996E+04  9.5563262E+03
  6.3499984E+04  9.4392354E+03
  6.3699984E+04  9.3243477E+03
  6.3900000E+04  9.2096934E+03
  6.4199992E+04  9.0428418E+03
  6.4599984E+04  8.8245898E+03
  6.4999992E+04  8.6132334E+03
  6.5399992E+04  8.4090166E+03
  6.5799992E+04  8.2095488E+03
  6.6199984E+04  8.0159087E+03
  6.6599984E+04  7.8287759E+03
  6.6999992E+04  7.6472031E+03
  6.7399992E+04  7.4702080E+03
  6.7799992E+04  7.2987305E+03
  6.8199992E+04  7.1320459E+03
  6.8599992E+04  6.9693809E+03
  6.8999984E+04  6.8102373E+03
  6.9399984E+04  6.6574160E+03
  6.9800000E+04  6.5090293E+03
  7.0199992E+04  6.3649639E+03
  7.0599984E+04  6.2238115E+03
  7.0999977E+04  6.0887891E+03
  7.1399977E+04  5.9546196E+03
  7.1799984E+04  5.8255366E+03
  7.2199984E+04  5.6964121E+03
  7.2600000E+04  5.5762744E+03
  7.2999984E+04  5.4582124E+03
  7.3400000E+04  5.3417529E+03
  7.3799984E+04  5.2289463E+03
  7.4199992E+04  5.1134629E+03
  7.4599992E+04  4.9009771E+03
  7.5000000E+04  4.7740273E+03
  7.5399992E+04  4.7990532E+03
  7.5799992E+04  4.7069019E+03
  7.6199984E+04  4.6110957E+03
  7.6599992E+04  4.5170913E+03
  7.6999992E+04  4.4256128E+03
  7.7399992E+04  4.3364712E+03
  7.7799984E+04  4.2495479E+03
  7.8199984E+04  4.1646636E+03
  7.8599984E+04  4.0818918E+03
  7.8999984E+04  4.0011223E+03
  7.9399984E+04  3.9223667E+03
  7.9800000E+04  3.8454568E+03
  8.0199992E+04  3.7704116E+03
  8.0599984E+04  3.6972432E+03
  8.0999992E+04  3.6260771E+03
  8.1399977E+04  3.5561875E+03
  8.1799984E+04  3.4882178E+03
  8.2199984E+04  3.4220134E+03
  8.2599992E+04  3.3572002E+03
  8.2999984E+04  3.2938582E+03
  8.3400000E+04  3.2311399E+03
  8.3799992E+04  3.1702175E+03
  8.4199992E+04  3.1118987E+03
  8.4599977E+04  3.0550137E+03
  8.4999977E+04  2.9989006E+03
  8.5399984E+04  2.9437024E+03
  8.5799984E+04  2.8900662E+03
  8.6199992E+04  2.8374485E+03
  8.6599992E+04  2.7863308E+03
  8.6999984E+04  2.7361807E+03
  8.7399992E+04  2.6870757E+03
  8.7799992E+04  2.6391411E+03
  8.8199984E+04  2.5920125E+03
  8.8599977E+04  2.5461533E+03
  8.8999992E+04  2.5013438E+03
  8.9399977E+04  2.4576587E+03
  8.9799977E+04  2.4145562E+03
  9.0199984E+04  2.3727219E+03
  9.0599984E+04  2.3316682E+03
  9.0999992E+04  2.2912888E+03
  9.1400000E+04  2.2520659E+03
  9.1799969E+04  2.2136638E+03
  9.2199969E+04  2.1759734E+03
  9.2599984E+04  2.1391135E+03
  9.3000000E+04  2.1030229E+03
  9.3399984E+04  2.0676885E+03
  9.3799984E+04  2.0330498E+03
  9.4199977E+04  1.9991785E+03
  9.4599984E+04  1.9659738E+03
  9.4999969E+04  1.9335076E+03
  9.5399984E+04  1.9014731E+03
  9.5799984E+04  1.8705219E+03
  9.6199992E+04  1.8399363E+03
  9.6599984E+04  1.8100352E+03
  9.7000000E+04  1.7807231E+03
  9.7399977E+04  1.7518715E+03
  9.7799984E+04  1.7238241E+03
  9.8199977E+04  1.6961753E+03
  9.8599977E+04  1.6691884E+03
  9.8999992E+04  1.6427345E+03
  9.9399984E+04  1.6167289E+03
  9.9799977E+04  1.5911617E+03
  1.0019999E+05  1.5661752E+03
  1.9999991E+05  1.0038060E+02
  3.9999994E+05  6.2478833E+00
  5.9999981E+05  1.2236506E+00
  7.9999994E+05  3.8414413E-01
