  5.0599994E+02  5.6740387E-13
  5.1199994E+02  1.1060959E-12
  5.2000000E+02  2.2953683E-12
  5.2999994E+02  5.5376684E-12
  5.3999994E+02  1.2765386E-11
  5.4999988E+02  2.8751279E-11
  5.5999988E+02  6.2705167E-11
  5.6999988E+02  1.3297556E-10
  5.7999994E+02  2.7322108E-10
  5.8999988E+02  5.5456939E-10
  5.9999988E+02  1.0939912E-09
  6.0999988E+02  2.1152133E-09
  6.1999994E+02  4.0072479E-09
  6.2999988E+02  7.4535080E-09
  6.3999994E+02  1.3626220E-08
  6.4999994E+02  2.4530896E-08
  6.5799994E+02  3.8818918E-08
  6.6499988E+02  5.7510320E-08
  6.7499994E+02  9.9784145E-08
  6.8499988E+02  1.7092592E-07
  6.9499994E+02  2.8895417E-07
  7.0499988E+02  4.8151958E-07
  7.1599988E+02  8.3715861E-07
  7.2599994E+02  1.3653353E-06
  7.3499982E+02  2.1013655E-06
  7.4499994E+02  3.3586107E-06
  7.5499982E+02  5.3161993E-06
  7.6499994E+02  8.3338646E-06
  7.7499994E+02  1.2937979E-05
  7.8499982E+02  1.9905159E-05
  7.9499982E+02  3.0232837E-05
  8.0500000E+02  4.5761411E-05
  8.1499976E+02  6.8600071E-05
  8.2500000E+02  1.0185697E-04
  8.3499994E+02  1.4995298E-04
  8.4499994E+02  2.1899349E-04
  8.5499988E+02  3.1723347E-04
  8.6499994E+02  4.5592140E-04
  8.7499982E+02  6.4986316E-04
  8.8499982E+02  9.2030200E-04
  8.9499988E+02  1.2931278E-03
  9.0499994E+02  1.8025138E-03
  9.1499982E+02  6.2047523E-01
  9.2499988E+02  1.7279640E+00
  9.3499982E+02  2.1994002E+00
  9.4500000E+02  2.8241951E+00
  9.5500000E+02  4.0015221E+00
  9.6499988E+02  5.1322036E+00
  9.7499982E+02  6.1256166E+00
  9.8499976E+02  7.8843236E+00
  9.9499988E+02  9.3202934E+00
  1.0049999E+03  1.2616144E+01
  1.0149997E+03  1.5699761E+01
  1.0249998E+03  1.5456952E+01
  1.0349998E+03  2.3184095E+01
  1.0449998E+03  2.8924301E+01
  1.0549999E+03  3.5059422E+01
  1.0649999E+03  4.0764801E+01
  1.0750000E+03  5.0236504E+01
  1.0849996E+03  5.9884979E+01
  1.0949999E+03  6.8775139E+01
  1.1049999E+03  3.3528867E+02
  1.1149999E+03  6.0342139E+02
  1.1249999E+03  8.1301422E+02
  1.1349996E+03  9.7804858E+02
  1.1449999E+03  1.1781664E+03
  1.1549999E+03  1.2394963E+03
  1.1650000E+03  1.5737168E+03
  1.1749995E+03  1.7378373E+03
  1.1849996E+03  1.6275005E+03
  1.1949998E+03  8.4001056E+02
  1.2049996E+03  7.9039972E+02
  1.2149998E+03  1.6058229E+02
  1.2249996E+03  9.3669604E+02
  1.2349996E+03  2.3664744E+03
  1.2449998E+03  5.6815308E+03
  1.2549996E+03  9.6836836E+03
  1.2650000E+03  9.8661914E+03
  1.2749998E+03  1.8264418E+04
  1.2849995E+03  3.3994922E+04
  1.2949998E+03  5.2043211E+04
  1.3049995E+03  3.0109463E+04
  1.3149998E+03  1.1628842E+05
  1.3249998E+03  1.8539186E+05
  1.3349996E+03  1.8160181E+05
  1.3449995E+03  3.7716544E+05
  1.3549996E+03  4.0194588E+05
  1.3649999E+03  4.1290056E+05
  1.3749999E+03  5.0031150E+05
  1.3849996E+03  5.0731250E+05
  1.3949999E+03  6.0100350E+05
  1.4050001E+03  7.0404650E+05
  1.4149998E+03  6.7742256E+05
  1.4249998E+03  8.8438256E+05
  1.4350000E+03  8.1838544E+05
  1.4419998E+03  1.0735286E+06
  1.4469999E+03  1.8474919E+06
  1.4549994E+03  2.0696065E+06
  1.4650000E+03  1.8046534E+06
  1.4749995E+03  1.8697919E+06
  1.4849996E+03  2.3450745E+06
  1.4949998E+03  2.7628472E+06
  1.5049996E+03  3.1295952E+06
  1.5119995E+03  2.6292215E+06
  1.5169994E+03  2.6358198E+06
  1.5250001E+03  5.1048580E+06
  1.5349994E+03  5.1786285E+06
  1.5449994E+03  9.3017600E+06
  1.5549998E+03  7.4917395E+06
  1.5649999E+03  6.1800700E+06
  1.5750001E+03  9.5956130E+06
  1.5850000E+03  1.1225549E+07
  1.5949996E+03  1.4178297E+07
  1.6049999E+03  1.1949167E+07
  1.6150000E+03  1.0445640E+07
  1.6249996E+03  8.2590620E+06
  1.6350000E+03  9.6070810E+06
  1.6449996E+03  1.2035024E+07
  1.6549999E+03  7.3410705E+06
  1.6649993E+03  1.1732280E+07
  1.6720000E+03  4.1131460E+06
  1.6770001E+03  1.5197494E+07
  1.6849998E+03  1.7422028E+07
  1.6950000E+03  1.5397007E+07
  1.7049995E+03  1.3533511E+07
  1.7150000E+03  1.5366610E+07
  1.7249993E+03  1.5634631E+07
  1.7349994E+03  1.8443532E+07
  1.7449993E+03  1.7259070E+07
  1.7550001E+03  2.1394098E+07
  1.7649998E+03  1.6006675E+07
  1.7749995E+03  1.9868436E+07
  1.7849995E+03  1.8023034E+07
  1.7949999E+03  2.4015086E+07
  1.8050001E+03  2.2559862E+07
  1.8150001E+03  2.3453286E+07
  1.8249994E+03  2.1134956E+07
  1.8349993E+03  1.8979736E+07
  1.8449993E+03  1.6949554E+07
  1.8549998E+03  1.9219708E+07
  1.8650002E+03  2.0704888E+07
  1.8750001E+03  2.0155648E+07
  1.8850000E+03  2.0482036E+07
  1.8950002E+03  2.2125428E+07
  1.9049996E+03  1.9987794E+07
  1.9149999E+03  2.1510580E+07
  1.9249993E+03  2.1973928E+07
  1.9350001E+03  1.7847458E+07
  1.9449993E+03  2.2961358E+07
  1.9550002E+03  2.2971488E+07
  1.9670002E+03  2.4989018E+07
  1.9759990E+03  2.4600804E+07
  1.9839996E+03  2.3634256E+07
  1.9950001E+03  2.2813026E+07
  2.0050002E+03  2.1400546E+07
  2.0149996E+03  2.0153178E+07
  2.0249994E+03  1.9458522E+07
  2.0349995E+03  2.1492914E+07
  2.0449998E+03  2.3800164E+07
  2.0550000E+03  2.1875900E+07
  2.0649993E+03  2.0835856E+07
  2.0739993E+03  2.5009134E+07
  2.0780002E+03  2.5621354E+07
  2.0849993E+03  2.4518026E+07
  2.0950005E+03  2.3260480E+07
  2.1050002E+03  2.1160180E+07
  2.1149990E+03  2.1425472E+07
  2.1250000E+03  2.2361412E+07
  2.1350002E+03  1.7237284E+07
  2.1449998E+03  2.0675582E+07
  2.1550005E+03  2.1141220E+07
  2.1649995E+03  1.9065624E+07
  2.1750002E+03  1.8928130E+07
  2.1849998E+03  1.9724290E+07
  2.1950000E+03  2.1796918E+07
  2.2050000E+03  2.0452112E+07
  2.2149998E+03  1.7695506E+07
  2.2249998E+03  1.6942478E+07
  2.2350005E+03  2.0809498E+07
  2.2449990E+03  1.8444892E+07
  2.2549993E+03  1.6686571E+07
  2.2650000E+03  1.6910386E+07
  2.2750000E+03  1.8520652E+07
  2.2850000E+03  1.9846718E+07
  2.2950002E+03  1.8016148E+07
  2.3050000E+03  1.8482022E+07
  2.3149995E+03  1.7090414E+07
  2.3250000E+03  9.0844530E+06
  2.3349995E+03  1.3035177E+07
  2.3449993E+03  1.0915555E+07
  2.3550000E+03  1.6191432E+07
  2.3649988E+03  1.1062436E+07
  2.3750000E+03  1.3847411E+07
  2.3849990E+03  9.2722530E+06
  2.3950000E+03  1.1693384E+07
  2.4050005E+03  1.1058989E+07
  2.4149993E+03  1.2437790E+07
  2.4249990E+03  1.6503393E+07
  2.4349990E+03  1.5856638E+07
  2.4450000E+03  1.7229570E+07
  2.4549990E+03  1.6870732E+07
  2.4649990E+03  1.6594004E+07
  2.4749993E+03  1.5478005E+07
  2.4850005E+03  1.6182755E+07
  2.4950000E+03  1.5359752E+07
  2.5050005E+03  1.9167370E+07
  2.5129988E+03  1.4946041E+07
  2.5179990E+03  1.5255729E+07
  2.5249998E+03  1.3262068E+07
  2.5350007E+03  1.3317090E+07
  2.5449988E+03  1.3531986E+07
  2.5550000E+03  1.5709845E+07
  2.5649990E+03  1.4634776E+07
  2.5749990E+03  1.6636634E+07
  2.5849993E+03  1.6089835E+07
  2.5949990E+03  1.4896966E+07
  2.6049995E+03  1.3686922E+07
  2.6149998E+03  1.2836490E+07
  2.6249990E+03  1.5916494E+07
  2.6350007E+03  1.7151286E+07
  2.6449995E+03  2.2193036E+07
  2.6549998E+03  2.2244224E+07
  2.6649995E+03  1.8746414E+07
  2.6749988E+03  2.0440804E+07
  2.6849988E+03  1.9928776E+07
  2.6949988E+03  1.8825708E+07
  2.7050000E+03  1.9765930E+07
  2.7150000E+03  1.7785794E+07
  2.7249995E+03  1.8122762E+07
  2.7350007E+03  1.9889686E+07
  2.7450002E+03  1.3541841E+07
  2.7549998E+03  1.5135289E+07
  2.7649983E+03  1.6536362E+07
  2.7750005E+03  1.9170724E+07
  2.7850000E+03  1.6965608E+07
  2.7949993E+03  7.9787900E+06
  2.8049995E+03  1.0031661E+07
  2.8150002E+03  1.9362876E+07
  2.8250007E+03  2.1714256E+07
  2.8350000E+03  2.0554506E+07
  2.8450002E+03  1.9623192E+07
  2.8550005E+03  1.8515364E+07
  2.8650000E+03  2.1154850E+07
  2.8749983E+03  2.0331130E+07
  2.8850000E+03  2.0758454E+07
  2.8949988E+03  1.9603918E+07
  2.9099988E+03  2.3001460E+07
  2.9299983E+03  2.1888534E+07
  2.9499990E+03  2.1698364E+07
  2.9700005E+03  2.2412466E+07
  2.9899980E+03  2.3053810E+07
  3.0099995E+03  2.3661158E+07
  3.0299995E+03  2.3267350E+07
  3.0499995E+03  2.3161240E+07
  3.0699995E+03  2.3300142E+07
  3.0899995E+03  2.3975254E+07
  3.1099995E+03  2.3045454E+07
  3.1299998E+03  2.3001064E+07
  3.1499995E+03  2.3813632E+07
  3.1699995E+03  2.3727036E+07
  3.1899995E+03  2.2299080E+07
  3.2099998E+03  2.3221288E+07
  3.2299993E+03  2.2427268E+07
  3.2499993E+03  2.3180014E+07
  3.2699995E+03  2.3489228E+07
  3.2899995E+03  2.3747122E+07
  3.3099998E+03  2.4204088E+07
  3.3299993E+03  2.3613900E+07
  3.3499995E+03  2.3370376E+07
  3.3699995E+03  2.3208252E+07
  3.3899993E+03  2.3231240E+07
  3.4099993E+03  2.3729320E+07
  3.4299995E+03  2.3906182E+07
  3.4499993E+03  2.3714962E+07
  3.4699998E+03  2.3363212E+07
  3.4899993E+03  2.3186840E+07
  3.5099995E+03  2.3879240E+07
  3.5299995E+03  2.3955894E+07
  3.5499995E+03  2.4336316E+07
  3.5699995E+03  2.3484446E+07
  3.5899995E+03  2.3375804E+07
  3.6099995E+03  2.3465276E+07
  3.6299993E+03  2.3678874E+07
  3.6399993E+03  2.3521368E+07
  3.6499995E+03  2.4178220E+07
  3.6699993E+03  2.2335918E+07
  3.6899995E+03  2.4557196E+07
  3.7099995E+03  3.3690600E+07
  3.7299998E+03  3.6330508E+07
  3.7499993E+03  4.8856764E+07
  3.7699993E+03  5.1907532E+07
  3.7899995E+03  6.6069464E+07
  3.8099993E+03  7.6314160E+07
  3.8299998E+03  5.8941184E+07
  3.8499995E+03  8.2132784E+07
  3.8699995E+03  9.0165512E+07
  3.8899995E+03  5.2752744E+07
  3.9099995E+03  8.7231088E+07
  3.9299993E+03  6.8751504E+07
  3.9499993E+03  8.4917984E+07
  3.9699998E+03  4.6551124E+07
  3.9899995E+03  8.5613960E+07
  4.0099995E+03  8.9464184E+07
  4.0299993E+03  8.8172480E+07
  4.0499993E+03  8.7349728E+07
  4.0699993E+03  8.4601152E+07
  4.0899995E+03  7.2456736E+07
  4.1099995E+03  5.4883792E+07
  4.1299995E+03  8.0749504E+07
  4.1499990E+03  8.2932704E+07
  4.1699990E+03  8.1216160E+07
  4.1899995E+03  8.0142232E+07
  4.2099995E+03  7.9731184E+07
  4.2299995E+03  7.7684128E+07
  4.2499995E+03  7.7167456E+07
  4.2699990E+03  7.4733376E+07
  4.2899995E+03  7.5636896E+07
  4.3100000E+03  7.1152184E+07
  4.3299995E+03  5.8568856E+07
  4.3499995E+03  4.9779140E+07
  4.3699995E+03  7.1302880E+07
  4.3899995E+03  7.0703552E+07
  4.4099995E+03  6.9223000E+07
  4.4299995E+03  6.8979464E+07
  4.4499995E+03  6.9140816E+07
  4.4699995E+03  6.8301000E+07
  4.4899995E+03  6.7288384E+07
  4.5099990E+03  6.8082048E+07
  4.5299995E+03  6.5820752E+07
  4.5499990E+03  6.4024164E+07
  4.5699995E+03  6.5772120E+07
  4.5899990E+03  6.3378064E+07
  4.6099990E+03  6.4658760E+07
  4.6299990E+03  6.2445876E+07
  4.6499990E+03  6.2918668E+07
  4.6699990E+03  6.2087240E+07
  4.6899990E+03  6.0762428E+07
  4.7099995E+03  5.8333584E+07
  4.7299990E+03  5.9984924E+07
  4.7499995E+03  5.9699564E+07
  4.7699995E+03  5.8713200E+07
  4.7899990E+03  5.8087660E+07
  4.8099995E+03  5.6944484E+07
  4.8299995E+03  5.5427428E+07
  4.8499990E+03  4.5312080E+07
  4.8700000E+03  3.5988108E+07
  4.8899990E+03  5.2563136E+07
  4.9099990E+03  5.3579712E+07
  4.9299990E+03  5.2541352E+07
  4.9499995E+03  5.2720340E+07
  4.9699995E+03  5.2794092E+07
  4.9899990E+03  5.1211296E+07
  5.0099995E+03  4.9485416E+07
  5.0299995E+03  5.0115628E+07
  5.0499995E+03  4.9230488E+07
  5.0699995E+03  4.9527292E+07
  5.0899995E+03  4.8936724E+07
  5.1099990E+03  4.8466412E+07
  5.1299995E+03  4.7492280E+07
  5.1499985E+03  4.6570180E+07
  5.1700000E+03  4.5486080E+07
  5.1899990E+03  4.5105428E+07
  5.2099990E+03  4.5091504E+07
  5.2299995E+03  4.4245952E+07
  5.2499995E+03  4.4745984E+07
  5.2699995E+03  4.2780580E+07
  5.2899990E+03  4.3756840E+07
  5.3099995E+03  4.2758436E+07
  5.3299990E+03  4.1997888E+07
  5.3499995E+03  4.2604504E+07
  5.3699995E+03  4.1823956E+07
  5.3899995E+03  4.1400036E+07
  5.4099990E+03  4.0587360E+07
  5.4299990E+03  4.0386032E+07
  5.4499990E+03  4.0437692E+07
  5.4699995E+03  3.9973804E+07
  5.4899995E+03  3.9791832E+07
  5.5099995E+03  3.9275164E+07
  5.5299985E+03  3.8719352E+07
  5.5499990E+03  3.8636472E+07
  5.5699990E+03  3.8035296E+07
  5.5899995E+03  3.7781692E+07
  5.6099990E+03  3.7506804E+07
  5.6299995E+03  3.7194440E+07
  5.6499990E+03  3.6732148E+07
  5.6699990E+03  3.6261364E+07
  5.6899995E+03  3.6103476E+07
  5.7099995E+03  3.5748168E+07
  5.7299990E+03  3.5551836E+07
  5.7499990E+03  3.5079340E+07
  5.7699990E+03  3.4786788E+07
  5.7899995E+03  3.4390672E+07
  5.8099985E+03  3.4089588E+07
  5.8300000E+03  3.3772952E+07
  5.8499990E+03  3.3459870E+07
  5.8699985E+03  3.3111988E+07
  5.8899985E+03  3.2434666E+07
  5.9099995E+03  3.2474368E+07
  5.9299985E+03  3.2176416E+07
  5.9499995E+03  3.1793386E+07
  5.9699990E+03  3.1554304E+07
  5.9899990E+03  3.1120296E+07
  6.0099990E+03  3.0810258E+07
  6.0299995E+03  3.0634186E+07
  6.0499990E+03  3.0335238E+07
  6.0699990E+03  3.0118282E+07
  6.0899995E+03  2.9781620E+07
  6.1099985E+03  2.9454780E+07
  6.1299995E+03  2.9069390E+07
  6.1499985E+03  2.8370658E+07
  6.1699985E+03  2.8553184E+07
  6.1900000E+03  2.8425982E+07
  6.2099995E+03  2.8190434E+07
  6.2299985E+03  2.7832104E+07
  6.2499990E+03  2.7120930E+07
  6.2699985E+03  2.7437876E+07
  6.2900000E+03  2.7195096E+07
  6.3099985E+03  2.6763734E+07
  6.3299995E+03  2.6626838E+07
  6.3499985E+03  2.6137982E+07
  6.3699985E+03  2.5971322E+07
  6.3899995E+03  2.5882808E+07
  6.4099990E+03  2.5505158E+07
  6.4299985E+03  2.5405064E+07
  6.4499985E+03  2.4897306E+07
  6.4699990E+03  2.4991106E+07
  6.4899990E+03  2.4498328E+07
  6.5099985E+03  2.4326702E+07
  6.5299990E+03  2.3887238E+07
  6.5499985E+03  2.1248620E+07
  6.5699985E+03  1.6796588E+07
  6.5899995E+03  2.2761122E+07
  6.6099985E+03  2.3279766E+07
  6.6299990E+03  2.3223512E+07
  6.6499985E+03  2.3055074E+07
  6.6699995E+03  2.2869592E+07
  6.6899990E+03  2.2713698E+07
  6.7099995E+03  2.2522436E+07
  6.7299990E+03  2.2281474E+07
  6.7499995E+03  2.2104154E+07
  6.7699985E+03  2.1970466E+07
  6.7899995E+03  2.1770128E+07
  6.8099995E+03  2.1588020E+07
  6.8300000E+03  2.1356784E+07
  6.8499985E+03  2.1191316E+07
  6.8699985E+03  2.1040972E+07
  6.8899985E+03  2.0868206E+07
  6.9099990E+03  2.0682090E+07
  6.9299995E+03  2.0497772E+07
  6.9499990E+03  2.0331616E+07
  6.9699985E+03  2.0143760E+07
  6.9899985E+03  2.0004754E+07
  7.0099985E+03  1.9723636E+07
  7.0299985E+03  1.9623766E+07
  7.0499990E+03  1.9483776E+07
  7.0699980E+03  1.9341298E+07
  7.0899990E+03  1.9183612E+07
  7.1099990E+03  1.8706200E+07
  7.1299995E+03  1.8774812E+07
  7.1499990E+03  1.8659608E+07
  7.1699995E+03  1.8514616E+07
  7.1899985E+03  1.8341074E+07
  7.2099985E+03  1.8208300E+07
  7.2299980E+03  1.8017616E+07
  7.2499990E+03  1.7888240E+07
  7.2699995E+03  1.7796364E+07
  7.2899990E+03  1.7589684E+07
  7.3099980E+03  1.7430118E+07
  7.3299980E+03  1.7345648E+07
  7.3499980E+03  1.7221392E+07
  7.3699985E+03  1.7107242E+07
  7.3899995E+03  1.6925778E+07
  7.4099985E+03  1.6679474E+07
  7.4299995E+03  1.6559772E+07
  7.4500000E+03  1.6464867E+07
  7.4700000E+03  1.6248544E+07
  7.4899990E+03  1.6190766E+07
  7.5099985E+03  1.6088616E+07
  7.5299995E+03  1.6013892E+07
  7.5499980E+03  1.5927184E+07
  7.5699985E+03  1.5781337E+07
  7.5899990E+03  1.5667540E+07
  7.6099980E+03  1.5550821E+07
  7.6299995E+03  1.5424747E+07
  7.6499995E+03  1.5274032E+07
  7.6699980E+03  1.5126604E+07
  7.6899990E+03  1.5046110E+07
  7.7099995E+03  1.4869282E+07
  7.7299985E+03  1.4835315E+07
  7.7499990E+03  1.4708037E+07
  7.7700000E+03  1.4274855E+07
  7.7900000E+03  1.4505228E+07
  7.8099995E+03  1.4386564E+07
  7.8299980E+03  1.4239430E+07
  7.8499980E+03  1.4080764E+07
  7.8699995E+03  1.3979479E+07
  7.8900000E+03  1.3845153E+07
  7.9099995E+03  1.3773422E+07
  7.9300000E+03  1.3693250E+07
  7.9499985E+03  1.3525496E+07
  7.9699990E+03  1.3540137E+07
  7.9900000E+03  1.3260581E+07
  8.0099980E+03  1.3313645E+07
  8.0299985E+03  1.3201834E+07
  8.0500000E+03  1.3121198E+07
  8.0699985E+03  1.3010546E+07
  8.0899990E+03  1.2919241E+07
  8.1099995E+03  1.2838988E+07
  8.1299976E+03  1.2755954E+07
  8.1499976E+03  1.2659962E+07
  8.1699980E+03  1.2568139E+07
  8.1899985E+03  1.2321486E+07
  8.2099990E+03  1.2298974E+07
  8.2300000E+03  1.2201443E+07
  8.2500000E+03  1.2142910E+07
  8.2700000E+03  1.2161917E+07
  8.2899980E+03  1.1973392E+07
  8.3099990E+03  1.1761982E+07
  8.3299980E+03  1.1414561E+07
  8.3500000E+03  1.1319955E+07
  8.3699990E+03  1.1049749E+07
  8.3899990E+03  1.0974654E+07
  8.4099971E+03  1.0901216E+07
  8.4300000E+03  1.1182993E+07
  8.4499990E+03  1.1106907E+07
  8.4699980E+03  1.0397579E+07
  8.4899980E+03  1.1866975E+07
  8.5099990E+03  1.0200183E+07
  8.5299990E+03  1.2210538E+07
  8.5499990E+03  9.6303300E+06
  8.5699990E+03  1.2518975E+07
  8.5900000E+03  1.1036279E+07
  8.6099980E+03  1.0579027E+07
  8.6299990E+03  1.2603481E+07
  8.6499990E+03  1.1898266E+07
  8.6699990E+03  9.1886730E+06
  8.6899990E+03  1.1951617E+07
  8.7099971E+03  1.2488237E+07
  8.7299990E+03  1.1970373E+07
  8.7499980E+03  9.1542780E+06
  8.7699980E+03  1.1414717E+07
  8.7899980E+03  1.2240497E+07
  8.8099990E+03  1.2174304E+07
  8.8299980E+03  1.1820611E+07
  8.8499980E+03  1.0740785E+07
  8.8699980E+03  8.9082620E+06
  8.8899990E+03  1.1463766E+07
  8.9099971E+03  1.1718445E+07
  8.9299980E+03  1.1678294E+07
  8.9499980E+03  1.1707053E+07
  8.9699990E+03  1.1546276E+07
  8.9899990E+03  1.1146289E+07
  9.0099980E+03  8.7987830E+06
  9.0299990E+03  9.8044700E+06
  9.0499990E+03  1.1062000E+07
  9.0699980E+03  1.0895120E+07
  9.0899990E+03  1.0772909E+07
  9.1099980E+03  1.0973511E+07
  9.1299980E+03  1.0961192E+07
  9.1499980E+03  1.0934025E+07
  9.1699980E+03  1.0792299E+07
  9.1899990E+03  1.0565608E+07
  9.2099990E+03  9.9628250E+06
  9.2299980E+03  7.6745880E+06
  9.2499980E+03  9.5875700E+06
  9.2699971E+03  1.0017969E+07
  9.2899990E+03  1.0348974E+07
  9.3099980E+03  1.0327595E+07
  9.3299990E+03  1.0254800E+07
  9.3499980E+03  1.0210547E+07
  9.3699990E+03  1.0150269E+07
  9.3900000E+03  9.9865840E+06
  9.4099980E+03  9.7289010E+06
  9.4299971E+03  9.8779000E+06
  9.4499990E+03  9.8184100E+06
  9.4700000E+03  9.7458940E+06
  9.4899980E+03  9.6613580E+06
  9.5100000E+03  9.4803810E+06
  9.5300000E+03  8.8275440E+06
  9.5500000E+03  6.9933280E+06
  9.5699990E+03  8.8649710E+06
  9.5899980E+03  9.2556940E+06
  9.6099980E+03  9.2037470E+06
  9.6299990E+03  9.0603390E+06
  9.6499990E+03  9.1636090E+06
  9.6699980E+03  9.0246190E+06
  9.6899980E+03  9.0130830E+06
  9.7100000E+03  9.0235380E+06
  9.7299990E+03  8.9486790E+06
  9.7499980E+03  8.8648460E+06
  9.7699961E+03  8.8372750E+06
  9.7899980E+03  8.7760450E+06
  9.8099980E+03  8.7054570E+06
  9.8299990E+03  8.6314690E+06
  9.8499980E+03  8.5296680E+06
  9.8700000E+03  8.4897180E+06
  9.8899980E+03  8.3926380E+06
  9.9099990E+03  8.3833465E+06
  9.9300000E+03  8.3194250E+06
  9.9499980E+03  8.2753625E+06
  9.9699980E+03  8.2342355E+06
  9.9899990E+03  8.1537345E+06
  1.0024998E+04  7.5334920E+06
  1.0074998E+04  7.1374910E+06
  1.0124997E+04  7.7242425E+06
  1.0174997E+04  7.6899985E+06
  1.0224998E+04  7.5883080E+06
  1.0274997E+04  7.4718165E+06
  1.0325000E+04  7.3331840E+06
  1.0374999E+04  7.2217250E+06
  1.0425000E+04  7.1085930E+06
  1.0474998E+04  6.9330865E+06
  1.0524997E+04  6.8401655E+06
  1.0574999E+04  6.7567670E+06
  1.0625000E+04  6.6529435E+06
  1.0674997E+04  6.4410105E+06
  1.0724998E+04  6.4092600E+06
  1.0774999E+04  6.3223325E+06
  1.0824997E+04  6.2293430E+06
  1.0874997E+04  6.0976530E+06
  1.0924999E+04  5.2563390E+06
  1.0974996E+04  5.7105530E+06
  1.1025000E+04  5.8736575E+06
  1.1074998E+04  5.8060010E+06
  1.1124999E+04  5.7100960E+06
  1.1174998E+04  5.6274380E+06
  1.1224999E+04  5.5484135E+06
  1.1274997E+04  5.3677365E+06
  1.1325000E+04  5.2984110E+06
  1.1375000E+04  5.2830875E+06
  1.1425000E+04  5.1878830E+06
  1.1474997E+04  5.1482095E+06
  1.1525000E+04  5.0761225E+06
  1.1574998E+04  4.9963725E+06
  1.1625000E+04  4.8765425E+06
  1.1674998E+04  4.7806920E+06
  1.1724997E+04  4.7857710E+06
  1.1775001E+04  4.6354385E+06
  1.1824999E+04  4.6100625E+06
  1.1875000E+04  4.5189595E+06
  1.1925000E+04  4.5214115E+06
  1.1975001E+04  4.4170030E+06
  1.2024998E+04  4.3819140E+06
  1.2074996E+04  4.3061685E+06
  1.2125000E+04  4.2512490E+06
  1.2175000E+04  4.2034410E+06
  1.2225001E+04  4.1391288E+06
  1.2275001E+04  4.0747242E+06
  1.2324996E+04  4.0213980E+06
  1.2374996E+04  3.9724850E+06
  1.2424998E+04  3.9259348E+06
  1.2475000E+04  3.8570040E+06
  1.2524997E+04  3.8125845E+06
  1.2574997E+04  3.7334868E+06
  1.2624999E+04  3.6987718E+06
  1.2674997E+04  3.6623792E+06
  1.2724999E+04  3.6064330E+06
  1.2774999E+04  3.4995410E+06
  1.2825000E+04  3.0442238E+06
  1.2875001E+04  3.4256172E+06
  1.2924997E+04  3.4172080E+06
  1.2975001E+04  3.3783882E+06
  1.3024998E+04  3.3367350E+06
  1.3074999E+04  3.2942948E+06
  1.3125000E+04  3.2489042E+06
  1.3174998E+04  3.1928222E+06
  1.3224998E+04  3.1657100E+06
  1.3274997E+04  3.1245920E+06
  1.3324997E+04  3.0850615E+06
  1.3374999E+04  3.0443482E+06
  1.3424999E+04  3.0041552E+06
  1.3474999E+04  2.9642665E+06
  1.3525001E+04  2.9199408E+06
  1.3574999E+04  2.8823212E+06
  1.3624997E+04  2.8516682E+06
  1.3674997E+04  2.8113118E+06
  1.3724995E+04  2.7568685E+06
  1.3774998E+04  2.7412580E+06
  1.3824998E+04  2.7074708E+06
  1.3874996E+04  2.6801658E+06
  1.3925000E+04  2.6376375E+06
  1.3974996E+04  2.6105042E+06
  1.4024997E+04  2.5790915E+06
  1.4075001E+04  2.5490082E+06
  1.4124996E+04  2.5141902E+06
  1.4175000E+04  2.4852340E+06
  1.4225000E+04  2.4532718E+06
  1.4274994E+04  2.4224372E+06
  1.4325001E+04  2.3943552E+06
  1.4374998E+04  2.3675190E+06
  1.4424999E+04  2.3015265E+06
  1.4475000E+04  2.3081290E+06
  1.4524997E+04  2.2613745E+06
  1.4569999E+04  2.2550578E+06
  1.4620000E+04  2.2858380E+06
  1.4674998E+04  2.3311885E+06
  1.4725000E+04  2.2643008E+06
  1.4775002E+04  2.1920510E+06
  1.4824998E+04  2.1443798E+06
  1.4874996E+04  2.0881040E+06
  1.4924997E+04  2.0592538E+06
  1.4974999E+04  2.0147814E+06
  1.5024999E+04  1.9738590E+06
  1.5075000E+04  1.9460326E+06
  1.5124999E+04  1.9264358E+06
  1.5175000E+04  1.9090175E+06
  1.5225002E+04  1.9179521E+06
  1.5274998E+04  1.8471296E+06
  1.5324995E+04  1.8400698E+06
  1.5374997E+04  1.8689194E+06
  1.5425001E+04  1.7724279E+06
  1.5474996E+04  1.8385508E+06
  1.5524994E+04  1.8306355E+06
  1.5575001E+04  1.6909300E+06
  1.5624998E+04  1.8443119E+06
  1.5674997E+04  1.7410286E+06
  1.5724994E+04  1.6481611E+06
  1.5774996E+04  1.7827604E+06
  1.5825001E+04  1.7630871E+06
  1.5874995E+04  1.5425671E+06
  1.5925002E+04  1.6906555E+06
  1.5975001E+04  1.7251139E+06
  1.6049998E+04  1.6631085E+06
  1.6150001E+04  1.5482562E+06
  1.6249997E+04  1.6257039E+06
  1.6350000E+04  1.5527479E+06
  1.6449996E+04  1.4483071E+06
  1.6549998E+04  1.5220484E+06
  1.6649994E+04  1.4902316E+06
  1.6749998E+04  1.4214646E+06
  1.6849998E+04  1.3271524E+06
  1.6950000E+04  1.3950671E+06
  1.7049996E+04  1.3634592E+06
  1.7150000E+04  1.3386384E+06
  1.7249992E+04  1.2997418E+06
  1.7349994E+04  1.1720409E+06
  1.7449992E+04  1.2355144E+06
  1.7550000E+04  1.2233939E+06
  1.7649998E+04  1.1976224E+06
  1.7749994E+04  1.1760834E+06
  1.7849994E+04  1.1512609E+06
  1.7949998E+04  1.1316871E+06
  1.8050002E+04  1.1011086E+06
  1.8150002E+04  1.0047812E+06
  1.8249994E+04  1.0439886E+06
  1.8349992E+04  1.0417822E+06
  1.8449992E+04  1.0217654E+06
  1.8549998E+04  9.9920581E+05
  1.8650002E+04  9.7709188E+05
  1.8750002E+04  8.8515975E+05
  1.8850000E+04  9.3551738E+05
  1.8950004E+04  9.2154656E+05
  1.9049996E+04  9.0887681E+05
  1.9149998E+04  8.9112912E+05
  1.9249992E+04  8.7365012E+05
  1.9350000E+04  8.5241794E+05
  1.9449992E+04  7.7474300E+05
  1.9550002E+04  8.2084262E+05
  1.9649992E+04  8.0987569E+05
  1.9749992E+04  7.9341812E+05
  1.9849992E+04  7.8017594E+05
  1.9950002E+04  7.6585162E+05
  2.0050002E+04  7.5191488E+05
  2.0149996E+04  7.3830038E+05
  2.0249994E+04  7.2449456E+05
  2.0349994E+04  7.1100550E+05
  2.0449996E+04  6.9885288E+05
  2.0550000E+04  6.8617994E+05
  2.0649992E+04  6.7315438E+05
  2.0749998E+04  6.6146650E+05
  2.0849992E+04  6.4995475E+05
  2.0950004E+04  6.3843369E+05
  2.1050002E+04  6.2699194E+05
  2.1149992E+04  6.1457581E+05
  2.1250000E+04  6.0407431E+05
  2.1350002E+04  5.9370112E+05
  2.1449996E+04  5.8460875E+05
  2.1550006E+04  5.7227550E+05
  2.1649994E+04  5.2286003E+05
  2.1750002E+04  5.5033962E+05
  2.1849998E+04  5.4540869E+05
  2.1950002E+04  5.3683769E+05
  2.2050000E+04  5.2719875E+05
  2.2149996E+04  5.1755044E+05
  2.2249998E+04  5.1026812E+05
  2.2350004E+04  5.0173728E+05
  2.2449990E+04  4.9347338E+05
  2.2549994E+04  4.8456469E+05
  2.2650000E+04  4.7723297E+05
  2.2750000E+04  4.6949456E+05
  2.2850000E+04  4.6430472E+05
  2.2950004E+04  4.6467316E+05
  2.3050000E+04  4.5535338E+05
  2.3149996E+04  4.4556541E+05
  2.3250000E+04  4.3649981E+05
  2.3349996E+04  4.2761450E+05
  2.3449994E+04  4.1941262E+05
  2.3550002E+04  4.1116422E+05
  2.3649988E+04  4.0374119E+05
  2.3750000E+04  3.9664784E+05
  2.3849990E+04  3.8987175E+05
  2.3950002E+04  3.8369322E+05
  2.4050006E+04  3.7692009E+05
  2.4149992E+04  3.6992975E+05
  2.4249990E+04  3.6858284E+05
  2.4349990E+04  3.5954459E+05
  2.4450002E+04  3.5315569E+05
  2.4549990E+04  3.5260391E+05
  2.4649992E+04  3.4388962E+05
  2.4749992E+04  3.3907453E+05
  2.4850006E+04  3.4082859E+05
  2.4950000E+04  3.2030344E+05
  2.5050006E+04  3.3443538E+05
  2.5149994E+04  3.2727272E+05
  2.5249998E+04  3.0489638E+05
  2.5350004E+04  3.1618425E+05
  2.5449988E+04  3.1407703E+05
  2.5549998E+04  3.0679272E+05
  2.5649990E+04  2.8542341E+05
  2.5749990E+04  2.9875600E+05
  2.5849994E+04  2.9597534E+05
  2.5949990E+04  2.9197559E+05
  2.6049996E+04  2.8339819E+05
  2.6149998E+04  2.6481734E+05
  2.6249988E+04  2.5755508E+05
  2.6350008E+04  2.7274941E+05
  2.6449996E+04  2.7159044E+05
  2.6549994E+04  2.6771528E+05
  2.6649994E+04  2.6195439E+05
  2.6749988E+04  2.4194117E+05
  2.6849986E+04  2.5487369E+05
  2.6949986E+04  2.5348370E+05
  2.7050002E+04  2.4991875E+05
  2.7149998E+04  2.4662972E+05
  2.7249994E+04  2.4318931E+05
  2.7350006E+04  2.3978223E+05
  2.7450004E+04  2.3560853E+05
  2.7549996E+04  2.1841017E+05
  2.7649982E+04  2.2458961E+05
  2.7750004E+04  2.2660356E+05
  2.7850000E+04  2.2387667E+05
  2.7949992E+04  2.2089845E+05
  2.8049994E+04  2.1790411E+05
  2.8150002E+04  2.1495134E+05
  2.8250006E+04  2.1206320E+05
  2.8350000E+04  2.0927619E+05
  2.8450000E+04  2.0622972E+05
  2.8550002E+04  2.0349342E+05
  2.8650002E+04  1.9803183E+05
  2.8749982E+04  1.8456494E+05
  2.8849998E+04  1.9472994E+05
  2.8949986E+04  1.9294659E+05
  2.9049994E+04  1.9070972E+05
  2.9149986E+04  1.8787400E+05
  2.9249984E+04  1.8575058E+05
  2.9349980E+04  1.8338491E+05
  2.9450000E+04  1.8102505E+05
  2.9550004E+04  1.7871464E+05
  2.9649982E+04  1.7642725E+05
  2.9749992E+04  1.7417041E+05
  2.9849994E+04  1.7196947E+05
  2.9949984E+04  1.6974795E+05
  3.0049996E+04  1.6758944E+05
  3.0149994E+04  1.6543108E+05
  3.0249994E+04  1.6289403E+05
  3.0349996E+04  1.5265683E+05
  3.0449996E+04  1.5456498E+05
  3.0549996E+04  1.5703427E+05
  3.0649996E+04  1.5541372E+05
  3.0749994E+04  1.5348819E+05
  3.0849996E+04  1.5137845E+05
  3.0949994E+04  1.4968605E+05
  3.1049996E+04  1.4781684E+05
  3.1149996E+04  1.4588703E+05
  3.1249996E+04  1.4415244E+05
  3.1349996E+04  1.4249062E+05
  3.1449996E+04  1.4067942E+05
  3.1549998E+04  1.3913428E+05
  3.1649996E+04  1.3750806E+05
  3.1749998E+04  1.3575750E+05
  3.1849996E+04  1.3423791E+05
  3.1949994E+04  1.3261284E+05
  3.2099996E+04  1.3025026E+05
  3.2299992E+04  1.2722676E+05
  3.2499994E+04  1.2425328E+05
  3.2699996E+04  1.2130052E+05
  3.2899996E+04  1.1363842E+05
  3.3099996E+04  1.1563566E+05
  3.3299992E+04  1.1388052E+05
  3.3499996E+04  1.1116858E+05
  3.3699996E+04  1.0827067E+05
  3.3899996E+04  1.0567251E+05
  3.4099996E+04  1.0318924E+05
  3.4299996E+04  1.0081098E+05
  3.4499992E+04  9.8575742E+04
  3.4699996E+04  9.6266266E+04
  3.4899996E+04  9.4120648E+04
  3.5099996E+04  9.2109266E+04
  3.5299996E+04  9.0167547E+04
  3.5499996E+04  8.8051375E+04
  3.5699992E+04  8.5991609E+04
  3.5899992E+04  8.4968922E+04
  3.6099996E+04  8.2200148E+04
  3.6299992E+04  8.1551328E+04
  3.6499992E+04  7.8618398E+04
  3.6699992E+04  7.8368016E+04
  3.6899992E+04  7.5014062E+04
  3.7099996E+04  7.5028570E+04
  3.7299996E+04  7.2233195E+04
  3.7499992E+04  6.8834008E+04
  3.7699996E+04  7.0636953E+04
  3.7899996E+04  6.9400344E+04
  3.8099992E+04  6.6651930E+04
  3.8299996E+04  6.5664844E+04
  3.8499996E+04  6.5368180E+04
  3.8699996E+04  6.4000027E+04
  3.8899992E+04  6.2517082E+04
  3.9099996E+04  5.9444484E+04
  3.9299992E+04  6.0311848E+04
  3.9499992E+04  5.9202824E+04
  3.9699992E+04  5.8089129E+04
  3.9900000E+04  5.6876387E+04
  4.0099996E+04  5.4909441E+04
  4.0299992E+04  5.3372984E+04
  4.0499996E+04  5.1783719E+04
  4.0699992E+04  5.2633793E+04
  4.0899992E+04  5.1712664E+04
  4.1099996E+04  5.0802461E+04
  4.1299996E+04  4.9854422E+04
  4.1499992E+04  4.8812895E+04
  4.1699992E+04  4.6148938E+04
  4.1899996E+04  4.7005531E+04
  4.2099996E+04  4.6236902E+04
  4.2299992E+04  4.5451203E+04
  4.2499996E+04  4.4626051E+04
  4.2699992E+04  4.3826742E+04
  4.2899992E+04  4.3040363E+04
  4.3099996E+04  4.2268672E+04
  4.3299996E+04  4.1513398E+04
  4.3499992E+04  4.0756262E+04
  4.3699996E+04  3.8651988E+04
  4.3899996E+04  3.9014113E+04
  4.4099992E+04  3.8653305E+04
  4.4299992E+04  3.7996008E+04
  4.4499996E+04  3.7333719E+04
  4.4699996E+04  3.6877832E+04
  4.4899996E+04  3.6236086E+04
  4.5099992E+04  3.5628332E+04
  4.5299992E+04  3.5015188E+04
  4.5499996E+04  3.4425973E+04
  4.5699992E+04  3.3833090E+04
  4.5899996E+04  3.3259930E+04
  4.6099996E+04  3.2716699E+04
  4.6299992E+04  3.2107789E+04
  4.6499988E+04  3.0426139E+04
  4.6699992E+04  2.9720406E+04
  4.6899992E+04  3.0436869E+04
  4.7099992E+04  3.0090625E+04
  4.7299992E+04  2.9606008E+04
  4.7499996E+04  2.9106752E+04
  4.7699992E+04  2.8642971E+04
  4.7899992E+04  2.8189186E+04
  4.8099996E+04  2.7735418E+04
  4.8299992E+04  2.7289812E+04
  4.8499992E+04  2.6855398E+04
  4.8700000E+04  2.6428764E+04
  4.8899992E+04  2.6009791E+04
  4.9099988E+04  2.5595186E+04
  4.9299988E+04  2.5197283E+04
  4.9499996E+04  2.4803416E+04
  4.9699992E+04  2.4416602E+04
  4.9899988E+04  2.4033666E+04
  5.0099996E+04  2.3665047E+04
  5.0299996E+04  2.3297057E+04
  5.0499996E+04  2.2943010E+04
  5.0699996E+04  2.2593814E+04
  5.0899992E+04  2.2247934E+04
  5.1099992E+04  2.1824527E+04
  5.1299996E+04  2.0679812E+04
  5.1499988E+04  2.1207000E+04
  5.1699996E+04  2.0936113E+04
  5.1899992E+04  2.0625418E+04
  5.2099992E+04  2.0316090E+04
  5.2299996E+04  2.0016385E+04
  5.2499996E+04  1.9720652E+04
  5.2699996E+04  1.9430182E+04
  5.2899992E+04  1.9144879E+04
  5.3099988E+04  1.8865984E+04
  5.3299988E+04  1.8590732E+04
  5.3499992E+04  1.8320371E+04
  5.3699992E+04  1.8053518E+04
  5.3899992E+04  1.7795301E+04
  5.4099992E+04  1.7540402E+04
  5.4299984E+04  1.7288773E+04
  5.4499988E+04  1.7041621E+04
  5.4699996E+04  1.6797609E+04
  5.4899992E+04  1.6562953E+04
  5.5099992E+04  1.6330010E+04
  5.5299988E+04  1.6100003E+04
  5.5499988E+04  1.5874102E+04
  5.5699992E+04  1.5648591E+04
  5.5899992E+04  1.5425898E+04
  5.6099988E+04  1.5219148E+04
  5.6299996E+04  1.5011369E+04
  5.6499988E+04  1.4804975E+04
  5.6699988E+04  1.4601107E+04
  5.6899992E+04  1.4402061E+04
  5.7099996E+04  1.4206595E+04
  5.7299988E+04  1.4012363E+04
  5.7499988E+04  1.3823898E+04
  5.7699988E+04  1.3636575E+04
  5.7899996E+04  1.3452625E+04
  5.8099988E+04  1.3274235E+04
  5.8299996E+04  1.3096857E+04
  5.8499992E+04  1.2955723E+04
  5.8699988E+04  1.2782309E+04
  5.8899988E+04  1.2549049E+04
  5.9099992E+04  1.1932510E+04
  5.9299988E+04  1.2250691E+04
  5.9499996E+04  1.2115263E+04
  5.9699988E+04  1.1966578E+04
  5.9899992E+04  1.1809103E+04
  6.0099992E+04  1.1656584E+04
  6.0299992E+04  1.1506859E+04
  6.0499988E+04  1.1358860E+04
  6.0699992E+04  1.1211534E+04
  6.0899992E+04  1.1067928E+04
  6.1099988E+04  1.0923940E+04
  6.1299992E+04  1.0788610E+04
  6.1499988E+04  1.0650822E+04
  6.1699988E+04  1.0517562E+04
  6.1899996E+04  1.0383827E+04
  6.2099996E+04  1.0254528E+04
  6.2299988E+04  1.0123765E+04
  6.2499992E+04  9.9992803E+03
  6.2699988E+04  9.8733027E+03
  6.2899996E+04  9.7525273E+03
  6.3099984E+04  9.6302510E+03
  6.3299996E+04  9.5111953E+03
  6.3499984E+04  9.3953223E+03
  6.3699984E+04  9.2808975E+03
  6.3900000E+04  9.1668818E+03
  6.4199992E+04  9.0007041E+03
  6.4599984E+04  8.7836953E+03
  6.4999992E+04  8.5733750E+03
  6.5399992E+04  8.3699971E+03
  6.5799992E+04  8.1716118E+03
  6.6199984E+04  7.9788584E+03
  6.6599984E+04  7.7927637E+03
  6.6999992E+04  7.6120400E+03
  6.7399992E+04  7.4359590E+03
  6.7799992E+04  7.2652925E+03
  6.8199992E+04  7.0994043E+03
  6.8599992E+04  6.9375200E+03
  6.8999984E+04  6.7794565E+03
  6.9399984E+04  6.6273799E+03
  6.9800000E+04  6.4798018E+03
  7.0199992E+04  6.3364492E+03
  7.0599984E+04  6.1959966E+03
  7.0999977E+04  6.0614365E+03
  7.1399977E+04  5.9278682E+03
  7.1799984E+04  5.7993745E+03
  7.2199984E+04  5.6713345E+03
  7.2600000E+04  5.5514009E+03
  7.2999984E+04  5.4338228E+03
  7.3400000E+04  5.3179771E+03
  7.3799984E+04  5.2056362E+03
  7.4199992E+04  5.0931406E+03
  7.4599992E+04  4.8972539E+03
  7.5000000E+04  4.7722192E+03
  7.5399992E+04  4.7814268E+03
  7.5799992E+04  4.6862476E+03
  7.6199984E+04  4.5908525E+03
  7.6599992E+04  4.4972515E+03
  7.6999992E+04  4.4062964E+03
  7.7399992E+04  4.3174800E+03
  7.7799984E+04  4.2309380E+03
  7.8199984E+04  4.1464897E+03
  7.8599984E+04  4.0640854E+03
  7.8999984E+04  3.9837373E+03
  7.9399984E+04  3.9053357E+03
  7.9800000E+04  3.8288330E+03
  8.0199992E+04  3.7542458E+03
  8.0599984E+04  3.6814116E+03
  8.0999992E+04  3.6104592E+03
  8.1399977E+04  3.5409500E+03
  8.1799984E+04  3.4732976E+03
  8.2199984E+04  3.4073499E+03
  8.2599992E+04  3.3428435E+03
  8.2999984E+04  3.2798591E+03
  8.3400000E+04  3.2175447E+03
  8.3799992E+04  3.1569670E+03
  8.4199992E+04  3.0988267E+03
  8.4599977E+04  3.0421174E+03
  8.4999977E+04  2.9862300E+03
  8.5399984E+04  2.9313567E+03
  8.5799984E+04  2.8779380E+03
  8.6199992E+04  2.8255337E+03
  8.6599992E+04  2.7746765E+03
  8.6999984E+04  2.7247327E+03
  8.7399992E+04  2.6758308E+03
  8.7799992E+04  2.6281455E+03
  8.8199984E+04  2.5812615E+03
  8.8599977E+04  2.5355955E+03
  8.8999992E+04  2.4910232E+03
  8.9399977E+04  2.4474771E+03
  8.9799977E+04  2.4046055E+03
  9.0199984E+04  2.3629053E+03
  9.0599984E+04  2.3220762E+03
  9.0999992E+04  2.2819170E+03
  9.1400000E+04  2.2428665E+03
  9.1799969E+04  2.2045891E+03
  9.2199969E+04  2.1670659E+03
  9.2599984E+04  2.1303704E+03
  9.3000000E+04  2.0943987E+03
  9.3399984E+04  2.0592241E+03
  9.3799984E+04  2.0247429E+03
  9.4199977E+04  1.9910270E+03
  9.4599984E+04  1.9579753E+03
  9.4999969E+04  1.9256182E+03
  9.5399984E+04  1.8937739E+03
  9.5799984E+04  1.8629279E+03
  9.6199992E+04  1.8324867E+03
  9.6599984E+04  1.8027279E+03
  9.7000000E+04  1.7735159E+03
  9.7399977E+04  1.7448424E+03
  9.7799984E+04  1.7168921E+03
  9.8199977E+04  1.6893385E+03
  9.8599977E+04  1.6624845E+03
  9.8999992E+04  1.6361229E+03
  9.9399984E+04  1.6102467E+03
  9.9799977E+04  1.5848073E+03
  1.0019999E+05  1.5599464E+03
  1.9999991E+05  1.0003214E+02
  3.9999994E+05  6.2273984E+00
  5.9999981E+05  1.2196739E+00
  7.9999994E+05  3.8291976E-01
