  5.0599994E+02  3.8695054E-12
  5.1199994E+02  7.3074819E-12
  5.2000000E+02  1.4555213E-11
  5.2999994E+02  3.3460713E-11
  5.3999994E+02  7.3620568E-11
  5.4999988E+02  1.5837737E-10
  5.5999988E+02  3.3056652E-10
  5.6999988E+02  6.7211331E-10
  5.7999994E+02  1.3261809E-09
  5.8999988E+02  2.5888638E-09
  5.9999988E+02  4.9196123E-09
  6.0999988E+02  9.1770618E-09
  6.1999994E+02  1.6800101E-08
  6.2999988E+02  3.0241161E-08
  6.3999994E+02  5.3594331E-08
  6.4999994E+02  9.3652716E-08
  6.5799994E+02  1.4487591E-07
  6.6499988E+02  2.1059060E-07
  6.7499994E+02  3.5604944E-07
  6.8499988E+02  5.9512155E-07
  6.9499994E+02  9.8312103E-07
  7.0499988E+02  1.6029682E-06
  7.1599988E+02  2.7246606E-06
  7.2599994E+02  4.3590376E-06
  7.3499982E+02  6.5999179E-06
  7.4499994E+02  1.0368856E-05
  7.5499982E+02  1.6146603E-05
  7.6499994E+02  2.4922416E-05
  7.7499994E+02  3.8127742E-05
  7.8499982E+02  5.7842284E-05
  7.9499982E+02  8.6710774E-05
  8.0500000E+02  1.2956093E-04
  8.1499976E+02  1.9182498E-04
  8.2500000E+02  2.8146556E-04
  8.3499994E+02  4.0968522E-04
  8.4499994E+02  5.9167179E-04
  8.5499988E+02  8.4790395E-04
  8.6499994E+02  1.2059385E-03
  8.7499982E+02  1.7016407E-03
  8.8499982E+02  2.3859167E-03
  8.9499988E+02  3.3200863E-03
  9.0499994E+02  4.5856079E-03
  9.1499982E+02  5.8389193E-01
  9.2499988E+02  1.9302825E+00
  9.3499982E+02  2.5385451E+00
  9.4500000E+02  3.2872305E+00
  9.5500000E+02  4.5735459E+00
  9.6499988E+02  5.8466506E+00
  9.7499982E+02  6.9538856E+00
  9.8499976E+02  8.9327192E+00
  9.9499988E+02  1.0592022E+01
  1.0049999E+03  1.4158473E+01
  1.0149997E+03  1.7501835E+01
  1.0249998E+03  1.8090725E+01
  1.0349998E+03  2.5788668E+01
  1.0449998E+03  3.1779408E+01
  1.0549999E+03  3.8332493E+01
  1.0649999E+03  4.4697456E+01
  1.0750000E+03  5.4670094E+01
  1.0849996E+03  6.5382889E+01
  1.0949999E+03  7.5235077E+01
  1.1049999E+03  4.0881335E+02
  1.1149999E+03  7.4390558E+02
  1.1249999E+03  9.9420337E+02
  1.1349996E+03  1.2450205E+03
  1.1449999E+03  1.4988865E+03
  1.1549999E+03  1.5734948E+03
  1.1650000E+03  2.0414602E+03
  1.1749995E+03  2.3278674E+03
  1.1849996E+03  2.3012190E+03
  1.1949998E+03  1.4182384E+03
  1.2049996E+03  1.4305497E+03
  1.2149998E+03  2.8985657E+02
  1.2249996E+03  1.6795303E+03
  1.2349996E+03  3.6823018E+03
  1.2449998E+03  9.1277324E+03
  1.2549996E+03  1.4708866E+04
  1.2650000E+03  1.4531374E+04
  1.2749998E+03  2.2392520E+04
  1.2849995E+03  3.1455568E+04
  1.2949998E+03  3.8373645E+04
  1.3049995E+03  3.2107025E+04
  1.3149998E+03  5.2844711E+04
  1.3249998E+03  6.4826531E+04
  1.3349996E+03  7.3138742E+04
  1.3449995E+03  1.0221847E+05
  1.3549996E+03  1.0432659E+05
  1.3649999E+03  1.1682572E+05
  1.3749999E+03  1.3342503E+05
  1.3849996E+03  1.3367550E+05
  1.3949999E+03  1.5701784E+05
  1.4050001E+03  1.7752408E+05
  1.4149998E+03  1.8898514E+05
  1.4249998E+03  2.1604467E+05
  1.4350000E+03  2.1361117E+05
  1.4419998E+03  2.7930259E+05
  1.4469999E+03  3.6753719E+05
  1.4549994E+03  4.5378297E+05
  1.4650000E+03  3.9229841E+05
  1.4749995E+03  4.3418372E+05
  1.4849996E+03  5.1589241E+05
  1.4949998E+03  6.2139200E+05
  1.5049996E+03  7.1445456E+05
  1.5119995E+03  6.5886269E+05
  1.5169994E+03  6.0855825E+05
  1.5250001E+03  2.3903560E+06
  1.5349994E+03  3.0871275E+06
  1.5449994E+03  5.1511075E+06
  1.5549998E+03  4.2440465E+06
  1.5649999E+03  3.6466998E+06
  1.5750001E+03  6.8414480E+06
  1.5850000E+03  7.8856420E+06
  1.5949996E+03  9.8467960E+06
  1.6049999E+03  8.8336910E+06
  1.6150000E+03  7.9827860E+06
  1.6249996E+03  5.7599430E+06
  1.6350000E+03  7.5227515E+06
  1.6449996E+03  1.0838567E+07
  1.6549999E+03  5.6142205E+06
  1.6649993E+03  1.0750841E+07
  1.6720000E+03  4.9568790E+06
  1.6770001E+03  1.9040740E+07
  1.6849998E+03  2.0664940E+07
  1.6950000E+03  1.5604190E+07
  1.7049995E+03  1.6019126E+07
  1.7150000E+03  1.9467958E+07
  1.7249993E+03  1.9691102E+07
  1.7349994E+03  2.2970248E+07
  1.7449993E+03  2.2080472E+07
  1.7550001E+03  2.6095882E+07
  1.7649998E+03  1.8934460E+07
  1.7749995E+03  2.4039182E+07
  1.7849995E+03  2.3315374E+07
  1.7949999E+03  2.9814532E+07
  1.8050001E+03  2.6819758E+07
  1.8150001E+03  2.7729264E+07
  1.8249994E+03  2.5361946E+07
  1.8349993E+03  2.2813948E+07
  1.8449993E+03  1.9510526E+07
  1.8549998E+03  2.2816220E+07
  1.8650002E+03  2.5747886E+07
  1.8750001E+03  2.4624204E+07
  1.8850000E+03  2.5219262E+07
  1.8950002E+03  2.7289080E+07
  1.9049996E+03  2.4888720E+07
  1.9149999E+03  2.7131950E+07
  1.9249993E+03  2.6490914E+07
  1.9350001E+03  1.9912120E+07
  1.9449993E+03  2.8624768E+07
  1.9550002E+03  2.8772270E+07
  1.9670002E+03  3.1801994E+07
  1.9759990E+03  3.0941804E+07
  1.9839996E+03  2.9998874E+07
  1.9950001E+03  2.8972288E+07
  2.0050002E+03  2.6744124E+07
  2.0149996E+03  2.6192636E+07
  2.0249994E+03  2.4381032E+07
  2.0349995E+03  2.7608012E+07
  2.0449998E+03  3.0470876E+07
  2.0550000E+03  2.8879718E+07
  2.0649993E+03  2.7487532E+07
  2.0739993E+03  3.2304740E+07
  2.0780002E+03  3.3636588E+07
  2.0849993E+03  3.2353014E+07
  2.0950005E+03  3.0450896E+07
  2.1050002E+03  2.7436478E+07
  2.1149990E+03  2.7987868E+07
  2.1250000E+03  2.9250126E+07
  2.1350002E+03  2.3121896E+07
  2.1449998E+03  2.7686170E+07
  2.1550005E+03  2.7671540E+07
  2.1649995E+03  2.5189356E+07
  2.1750002E+03  2.4973376E+07
  2.1849998E+03  2.6445034E+07
  2.1950000E+03  2.8808432E+07
  2.2050000E+03  2.7126654E+07
  2.2149998E+03  2.3820786E+07
  2.2249998E+03  2.3260142E+07
  2.2350005E+03  2.7987088E+07
  2.2449990E+03  2.4937532E+07
  2.2549993E+03  2.2775766E+07
  2.2650000E+03  2.2863680E+07
  2.2750000E+03  2.4657566E+07
  2.2850000E+03  2.6613332E+07
  2.2950002E+03  2.3921392E+07
  2.3050000E+03  2.4936730E+07
  2.3149995E+03  2.3519706E+07
  2.3250000E+03  1.5269688E+07
  2.3349995E+03  1.9347892E+07
  2.3449993E+03  1.5794772E+07
  2.3550000E+03  2.2658900E+07
  2.3649988E+03  1.6526973E+07
  2.3750000E+03  1.9682118E+07
  2.3849990E+03  1.4089851E+07
  2.3950000E+03  1.6870156E+07
  2.4050005E+03  1.6315249E+07
  2.4149993E+03  1.7062798E+07
  2.4249990E+03  2.1647050E+07
  2.4349990E+03  2.0721772E+07
  2.4450000E+03  2.2755132E+07
  2.4549990E+03  2.2398256E+07
  2.4649990E+03  2.2508920E+07
  2.4749993E+03  2.0497732E+07
  2.4850005E+03  2.0877864E+07
  2.4950000E+03  1.9594274E+07
  2.5050005E+03  2.4858868E+07
  2.5129988E+03  1.8885082E+07
  2.5179990E+03  1.7387672E+07
  2.5249998E+03  1.6036915E+07
  2.5350007E+03  1.6449973E+07
  2.5449988E+03  1.6881102E+07
  2.5550000E+03  2.0049066E+07
  2.5649990E+03  1.9042162E+07
  2.5749990E+03  2.1600182E+07
  2.5849993E+03  2.1621122E+07
  2.5949990E+03  2.0671582E+07
  2.6049995E+03  1.9281826E+07
  2.6149998E+03  1.7913240E+07
  2.6249990E+03  2.2192444E+07
  2.6350007E+03  2.3130634E+07
  2.6449995E+03  2.8329198E+07
  2.6549998E+03  2.9081940E+07
  2.6649995E+03  2.4249770E+07
  2.6749988E+03  2.6639644E+07
  2.6849988E+03  2.6463008E+07
  2.6949988E+03  2.4170916E+07
  2.7050000E+03  2.5699314E+07
  2.7150000E+03  2.3149642E+07
  2.7249995E+03  2.3573646E+07
  2.7350007E+03  2.5997810E+07
  2.7450002E+03  1.8697592E+07
  2.7549998E+03  2.0349476E+07
  2.7649983E+03  2.1813928E+07
  2.7750005E+03  2.4251312E+07
  2.7850000E+03  1.9992596E+07
  2.7949993E+03  9.3864720E+06
  2.8049995E+03  1.1630904E+07
  2.8150002E+03  2.3926426E+07
  2.8250007E+03  2.7433254E+07
  2.8350000E+03  2.6487288E+07
  2.8450002E+03  2.5310010E+07
  2.8550005E+03  2.3687278E+07
  2.8650000E+03  2.7223810E+07
  2.8749983E+03  2.6642364E+07
  2.8850000E+03  2.6931406E+07
  2.8949988E+03  2.5558544E+07
  2.9099988E+03  2.9733912E+07
  2.9299983E+03  2.8153310E+07
  2.9499990E+03  2.7868088E+07
  2.9700005E+03  2.8685580E+07
  2.9899980E+03  2.9327996E+07
  3.0099995E+03  2.9900472E+07
  3.0299995E+03  2.9431954E+07
  3.0499995E+03  2.9470838E+07
  3.0699995E+03  2.9716064E+07
  3.0899995E+03  3.0266964E+07
  3.1099995E+03  2.9260394E+07
  3.1299998E+03  2.9182596E+07
  3.1499995E+03  2.9975386E+07
  3.1699995E+03  2.9779420E+07
  3.1899995E+03  2.7821558E+07
  3.2099998E+03  2.8939868E+07
  3.2299993E+03  2.7603654E+07
  3.2499993E+03  2.8674168E+07
  3.2699995E+03  2.9401172E+07
  3.2899995E+03  2.9492044E+07
  3.3099998E+03  3.0046906E+07
  3.3299993E+03  2.9377230E+07
  3.3499995E+03  2.9032198E+07
  3.3699995E+03  2.8737058E+07
  3.3899993E+03  2.8709428E+07
  3.4099993E+03  2.8865458E+07
  3.4299995E+03  2.8973312E+07
  3.4499993E+03  2.8799158E+07
  3.4699998E+03  2.8429956E+07
  3.4899993E+03  2.8403218E+07
  3.5099995E+03  2.8984974E+07
  3.5299995E+03  2.8784440E+07
  3.5499995E+03  2.9416120E+07
  3.5699995E+03  2.8192388E+07
  3.5899995E+03  2.7906918E+07
  3.6099995E+03  2.7989678E+07
  3.6299993E+03  2.8206168E+07
  3.6399993E+03  2.8067038E+07
  3.6499995E+03  2.9177200E+07
  3.6699993E+03  2.7858994E+07
  3.6899995E+03  2.5439262E+07
  3.7099995E+03  2.8741978E+07
  3.7299998E+03  2.9512276E+07
  3.7499993E+03  3.6434284E+07
  3.7699993E+03  3.8439616E+07
  3.7899995E+03  4.6766092E+07
  3.8099993E+03  5.4640984E+07
  3.8299998E+03  4.3354516E+07
  3.8499995E+03  6.0945748E+07
  3.8699995E+03  6.8990640E+07
  3.8899995E+03  3.9423272E+07
  3.9099995E+03  6.8162920E+07
  3.9299993E+03  5.1067248E+07
  3.9499993E+03  6.4382072E+07
  3.9699998E+03  3.4955768E+07
  3.9899995E+03  6.6876804E+07
  4.0099995E+03  7.7831920E+07
  4.0299993E+03  7.8557496E+07
  4.0499993E+03  7.7420640E+07
  4.0699993E+03  7.2597480E+07
  4.0899995E+03  5.5881292E+07
  4.1099995E+03  4.2829388E+07
  4.1299995E+03  6.8573024E+07
  4.1499990E+03  7.4152288E+07
  4.1699990E+03  7.4411136E+07
  4.1899995E+03  7.3541504E+07
  4.2099995E+03  7.3401328E+07
  4.2299995E+03  7.1195016E+07
  4.2499995E+03  7.1248176E+07
  4.2699990E+03  6.8431376E+07
  4.2899995E+03  6.8697536E+07
  4.3100000E+03  6.1995528E+07
  4.3299995E+03  4.7117508E+07
  4.3499995E+03  4.0260516E+07
  4.3699995E+03  6.2226292E+07
  4.3899995E+03  6.5097148E+07
  4.4099995E+03  6.4575840E+07
  4.4299995E+03  6.3825148E+07
  4.4499995E+03  6.4677664E+07
  4.4699995E+03  6.4171836E+07
  4.4899995E+03  6.3124900E+07
  4.5099990E+03  6.4475880E+07
  4.5299995E+03  6.2182096E+07
  4.5499990E+03  6.1096192E+07
  4.5699995E+03  6.2564868E+07
  4.5899990E+03  6.0468704E+07
  4.6099990E+03  6.1113376E+07
  4.6299990E+03  5.9338792E+07
  4.6499990E+03  5.9554248E+07
  4.6699990E+03  5.9195524E+07
  4.6899990E+03  5.7333536E+07
  4.7099995E+03  5.4915088E+07
  4.7299990E+03  5.7038120E+07
  4.7499995E+03  5.6687368E+07
  4.7699995E+03  5.5707996E+07
  4.7899990E+03  5.4864480E+07
  4.8099995E+03  5.3290496E+07
  4.8299995E+03  5.0156468E+07
  4.8499990E+03  3.8338780E+07
  4.8700000E+03  3.0819262E+07
  4.8899990E+03  4.6664492E+07
  4.9099990E+03  4.9968348E+07
  4.9299990E+03  4.9749752E+07
  4.9499995E+03  5.0440184E+07
  4.9699995E+03  5.0628336E+07
  4.9899990E+03  4.8970576E+07
  5.0099995E+03  4.7517708E+07
  5.0299995E+03  4.8403264E+07
  5.0499995E+03  4.7437120E+07
  5.0699995E+03  4.7942968E+07
  5.0899995E+03  4.7306664E+07
  5.1099990E+03  4.7101560E+07
  5.1299995E+03  4.6189600E+07
  5.1499985E+03  4.5165380E+07
  5.1700000E+03  4.4217564E+07
  5.1899990E+03  4.3792128E+07
  5.2099990E+03  4.3860436E+07
  5.2299995E+03  4.3269436E+07
  5.2499995E+03  4.3838404E+07
  5.2699995E+03  4.1622152E+07
  5.2899990E+03  4.2776776E+07
  5.3099995E+03  4.2142488E+07
  5.3299990E+03  4.0947616E+07
  5.3499995E+03  4.1619972E+07
  5.3699995E+03  4.0956488E+07
  5.3899995E+03  4.0572712E+07
  5.4099990E+03  3.9759704E+07
  5.4299990E+03  3.9790616E+07
  5.4499990E+03  3.9761664E+07
  5.4699995E+03  3.9264936E+07
  5.4899995E+03  3.9143116E+07
  5.5099995E+03  3.8788736E+07
  5.5299985E+03  3.8213028E+07
  5.5499990E+03  3.8113000E+07
  5.5699990E+03  3.7456076E+07
  5.5899995E+03  3.7149948E+07
  5.6099990E+03  3.6974124E+07
  5.6299995E+03  3.6787960E+07
  5.6499990E+03  3.6409964E+07
  5.6699990E+03  3.5854740E+07
  5.6899995E+03  3.5753228E+07
  5.7099995E+03  3.5383032E+07
  5.7299990E+03  3.5390052E+07
  5.7499990E+03  3.4830940E+07
  5.7699990E+03  3.4610264E+07
  5.7899995E+03  3.4236712E+07
  5.8099985E+03  3.3973516E+07
  5.8300000E+03  3.3720856E+07
  5.8499990E+03  3.3357490E+07
  5.8699985E+03  3.3029986E+07
  5.8899985E+03  3.2349964E+07
  5.9099995E+03  3.2434460E+07
  5.9299985E+03  3.2161418E+07
  5.9499995E+03  3.1855106E+07
  5.9699990E+03  3.1601868E+07
  5.9899990E+03  3.1205342E+07
  6.0099990E+03  3.0794614E+07
  6.0299995E+03  3.0654908E+07
  6.0499990E+03  3.0451546E+07
  6.0699990E+03  3.0271658E+07
  6.0899995E+03  2.9897416E+07
  6.1099985E+03  2.9579914E+07
  6.1299995E+03  2.9093450E+07
  6.1499985E+03  2.8556920E+07
  6.1699985E+03  2.8599696E+07
  6.1900000E+03  2.8640326E+07
  6.2099995E+03  2.8392652E+07
  6.2299985E+03  2.8002940E+07
  6.2499990E+03  2.7338890E+07
  6.2699985E+03  2.7681282E+07
  6.2900000E+03  2.7449336E+07
  6.3099985E+03  2.7000280E+07
  6.3299995E+03  2.6857190E+07
  6.3499985E+03  2.6399584E+07
  6.3699985E+03  2.6248926E+07
  6.3899995E+03  2.6154986E+07
  6.4099990E+03  2.5715126E+07
  6.4299985E+03  2.5613728E+07
  6.4499985E+03  2.5139994E+07
  6.4699990E+03  2.5125200E+07
  6.4899990E+03  2.4611922E+07
  6.5099985E+03  2.4302698E+07
  6.5299990E+03  2.3335050E+07
  6.5499985E+03  1.9949888E+07
  6.5699985E+03  1.5937776E+07
  6.5899995E+03  2.1865874E+07
  6.6099985E+03  2.3159052E+07
  6.6299990E+03  2.3369214E+07
  6.6499985E+03  2.3308942E+07
  6.6699995E+03  2.3160046E+07
  6.6899990E+03  2.3054606E+07
  6.7099995E+03  2.2873866E+07
  6.7299990E+03  2.2689044E+07
  6.7499995E+03  2.2466314E+07
  6.7699985E+03  2.2384740E+07
  6.7899995E+03  2.2186052E+07
  6.8099995E+03  2.2000688E+07
  6.8300000E+03  2.1787230E+07
  6.8499985E+03  2.1599984E+07
  6.8699985E+03  2.1477596E+07
  6.8899985E+03  2.1309440E+07
  6.9099990E+03  2.1127086E+07
  6.9299995E+03  2.0947264E+07
  6.9499990E+03  2.0785542E+07
  6.9699985E+03  2.0601292E+07
  6.9899985E+03  2.0465838E+07
  7.0099985E+03  2.0162926E+07
  7.0299985E+03  2.0068946E+07
  7.0499990E+03  1.9946142E+07
  7.0699980E+03  1.9804064E+07
  7.0899990E+03  1.9648268E+07
  7.1099990E+03  1.9124280E+07
  7.1299995E+03  1.9216484E+07
  7.1499990E+03  1.9116500E+07
  7.1699995E+03  1.8952108E+07
  7.1899985E+03  1.8784152E+07
  7.2099985E+03  1.8672114E+07
  7.2299980E+03  1.8511300E+07
  7.2499990E+03  1.8346946E+07
  7.2699995E+03  1.8277502E+07
  7.2899990E+03  1.8041246E+07
  7.3099980E+03  1.7941254E+07
  7.3299980E+03  1.7809826E+07
  7.3499980E+03  1.7720704E+07
  7.3699985E+03  1.7592750E+07
  7.3899995E+03  1.7382446E+07
  7.4099985E+03  1.7108296E+07
  7.4299995E+03  1.7027232E+07
  7.4500000E+03  1.6944756E+07
  7.4700000E+03  1.6731940E+07
  7.4899990E+03  1.6660169E+07
  7.5099985E+03  1.6602281E+07
  7.5299995E+03  1.6498919E+07
  7.5499980E+03  1.6423526E+07
  7.5699985E+03  1.6274402E+07
  7.5899990E+03  1.6154739E+07
  7.6099980E+03  1.6032861E+07
  7.6299995E+03  1.5916557E+07
  7.6499995E+03  1.5768425E+07
  7.6699980E+03  1.5572314E+07
  7.6899990E+03  1.5518172E+07
  7.7099995E+03  1.5378826E+07
  7.7299985E+03  1.5325833E+07
  7.7499990E+03  1.5179090E+07
  7.7700000E+03  1.4765952E+07
  7.7900000E+03  1.5003738E+07
  7.8099995E+03  1.4872642E+07
  7.8299980E+03  1.4705209E+07
  7.8499980E+03  1.4551510E+07
  7.8699995E+03  1.4472163E+07
  7.8900000E+03  1.4338973E+07
  7.9099995E+03  1.4235849E+07
  7.9300000E+03  1.4131181E+07
  7.9499985E+03  1.3992222E+07
  7.9699990E+03  1.4026467E+07
  7.9900000E+03  1.3777525E+07
  8.0099980E+03  1.3778103E+07
  8.0299985E+03  1.3667486E+07
  8.0500000E+03  1.3583956E+07
  8.0699985E+03  1.3487212E+07
  8.0899990E+03  1.3384342E+07
  8.1099995E+03  1.3324137E+07
  8.1299976E+03  1.3239859E+07
  8.1499976E+03  1.3142062E+07
  8.1699980E+03  1.3048447E+07
  8.1899985E+03  1.2770806E+07
  8.2099990E+03  1.2747225E+07
  8.2300000E+03  1.2654750E+07
  8.2500000E+03  1.2596235E+07
  8.2700000E+03  1.2644450E+07
  8.2899980E+03  1.2538569E+07
  8.3099990E+03  1.2417729E+07
  8.3299980E+03  1.2192039E+07
  8.3500000E+03  1.2139639E+07
  8.3699990E+03  1.2022546E+07
  8.3899990E+03  1.1790288E+07
  8.4099971E+03  1.1663439E+07
  8.4300000E+03  1.1533405E+07
  8.4499990E+03  1.1338004E+07
  8.4699980E+03  1.1089701E+07
  8.4899980E+03  1.1379857E+07
  8.5099990E+03  1.0608545E+07
  8.5299990E+03  1.1459256E+07
  8.5499990E+03  9.9493310E+06
  8.5699990E+03  1.1630551E+07
  8.5900000E+03  1.0632425E+07
  8.6099980E+03  1.0375242E+07
  8.6299990E+03  1.1675267E+07
  8.6499990E+03  1.1072018E+07
  8.6699990E+03  9.0999640E+06
  8.6899990E+03  1.1134455E+07
  8.7099971E+03  1.1676809E+07
  8.7299990E+03  1.1102847E+07
  8.7499980E+03  8.9082480E+06
  8.7699980E+03  1.0609457E+07
  8.7899980E+03  1.1492532E+07
  8.8099990E+03  1.1537486E+07
  8.8299980E+03  1.1111298E+07
  8.8499980E+03  9.9750300E+06
  8.8699980E+03  8.5290240E+06
  8.8899990E+03  1.0661030E+07
  8.9099971E+03  1.1149464E+07
  8.9299980E+03  1.1223352E+07
  8.9499980E+03  1.1269661E+07
  8.9699990E+03  1.1006888E+07
  8.9899990E+03  1.0420046E+07
  9.0099980E+03  8.3203260E+06
  9.0299990E+03  9.1354700E+06
  9.0499990E+03  1.0432750E+07
  9.0699980E+03  1.0506319E+07
  9.0899990E+03  1.0446456E+07
  9.1099980E+03  1.0691617E+07
  9.1299980E+03  1.0705839E+07
  9.1499980E+03  1.0651440E+07
  9.1699980E+03  1.0457629E+07
  9.1899990E+03  1.0113293E+07
  9.2099990E+03  9.3108360E+06
  9.2299980E+03  7.3155120E+06
  9.2499980E+03  8.9491320E+06
  9.2699971E+03  9.6014850E+06
  9.2899990E+03  1.0052578E+07
  9.3099980E+03  1.0109838E+07
  9.3299990E+03  1.0070002E+07
  9.3499980E+03  1.0039466E+07
  9.3699990E+03  9.9962230E+06
  9.3900000E+03  9.8605390E+06
  9.4099980E+03  9.5446790E+06
  9.4299971E+03  9.7092860E+06
  9.4499990E+03  9.6412280E+06
  9.4700000E+03  9.5652590E+06
  9.4899980E+03  9.4078610E+06
  9.5100000E+03  9.0734070E+06
  9.5300000E+03  8.2638190E+06
  9.5500000E+03  6.6595635E+06
  9.5699990E+03  8.3248705E+06
  9.5899980E+03  8.9054560E+06
  9.6099980E+03  8.9952940E+06
  9.6299990E+03  8.9311560E+06
  9.6499990E+03  9.0337460E+06
  9.6699980E+03  8.9130210E+06
  9.6899980E+03  8.9107710E+06
  9.7100000E+03  8.9532130E+06
  9.7299990E+03  8.8850100E+06
  9.7499980E+03  8.7954940E+06
  9.7699961E+03  8.7910980E+06
  9.7899980E+03  8.7343790E+06
  9.8099980E+03  8.6725730E+06
  9.8299990E+03  8.6002790E+06
  9.8499980E+03  8.4970510E+06
  9.8700000E+03  8.4409900E+06
  9.8899980E+03  8.3479595E+06
  9.9099990E+03  8.3189005E+06
  9.9300000E+03  8.2701390E+06
  9.9499980E+03  8.2080095E+06
  9.9699980E+03  8.1455490E+06
  9.9899990E+03  8.0125535E+06
  1.0024998E+04  7.2099905E+06
  1.0074998E+04  6.8398330E+06
  1.0124997E+04  7.6481720E+06
  1.0174997E+04  7.6670735E+06
  1.0224998E+04  7.6005595E+06
  1.0274997E+04  7.4989355E+06
  1.0325000E+04  7.3664025E+06
  1.0374999E+04  7.2591735E+06
  1.0425000E+04  7.1449910E+06
  1.0474998E+04  6.9670770E+06
  1.0524997E+04  6.8864165E+06
  1.0574999E+04  6.8052780E+06
  1.0625000E+04  6.7016660E+06
  1.0674997E+04  6.4806820E+06
  1.0724998E+04  6.4577325E+06
  1.0774999E+04  6.3622445E+06
  1.0824997E+04  6.2476685E+06
  1.0874997E+04  6.0505080E+06
  1.0924999E+04  5.0748465E+06
  1.0974996E+04  5.5444720E+06
  1.1025000E+04  5.8823360E+06
  1.1074998E+04  5.8612875E+06
  1.1124999E+04  5.7782800E+06
  1.1174998E+04  5.7055720E+06
  1.1224999E+04  5.6348225E+06
  1.1274997E+04  5.4498240E+06
  1.1325000E+04  5.3806570E+06
  1.1375000E+04  5.3672335E+06
  1.1425000E+04  5.2643660E+06
  1.1474997E+04  5.2437695E+06
  1.1525000E+04  5.1745415E+06
  1.1574998E+04  5.0936630E+06
  1.1625000E+04  4.9654710E+06
  1.1674998E+04  4.8680315E+06
  1.1724997E+04  4.8885345E+06
  1.1775001E+04  4.7253755E+06
  1.1824999E+04  4.7035520E+06
  1.1875000E+04  4.6113955E+06
  1.1925000E+04  4.6305590E+06
  1.1975001E+04  4.5144705E+06
  1.2024998E+04  4.4850850E+06
  1.2074996E+04  4.4077120E+06
  1.2125000E+04  4.3552880E+06
  1.2175000E+04  4.3129810E+06
  1.2225001E+04  4.2470190E+06
  1.2275001E+04  4.1839878E+06
  1.2324996E+04  4.1297760E+06
  1.2374996E+04  4.0819570E+06
  1.2424998E+04  4.0377002E+06
  1.2475000E+04  3.9715060E+06
  1.2524997E+04  3.9189702E+06
  1.2574997E+04  3.8399805E+06
  1.2624999E+04  3.7999330E+06
  1.2674997E+04  3.7554748E+06
  1.2724999E+04  3.6829778E+06
  1.2774999E+04  3.4963095E+06
  1.2825000E+04  2.9663488E+06
  1.2875001E+04  3.4424350E+06
  1.2924997E+04  3.4983928E+06
  1.2975001E+04  3.4761792E+06
  1.3024998E+04  3.4411050E+06
  1.3074999E+04  3.4051408E+06
  1.3125000E+04  3.3562828E+06
  1.3174998E+04  3.3013408E+06
  1.3224998E+04  3.2764248E+06
  1.3274997E+04  3.2340468E+06
  1.3324997E+04  3.1951818E+06
  1.3374999E+04  3.1532252E+06
  1.3424999E+04  3.1136862E+06
  1.3474999E+04  3.0740232E+06
  1.3525001E+04  3.0276520E+06
  1.3574999E+04  2.9869918E+06
  1.3624997E+04  2.9594275E+06
  1.3674997E+04  2.9182845E+06
  1.3724995E+04  2.8580638E+06
  1.3774998E+04  2.8435068E+06
  1.3824998E+04  2.8107552E+06
  1.3874996E+04  2.7858382E+06
  1.3925000E+04  2.7388605E+06
  1.3974996E+04  2.7131265E+06
  1.4024997E+04  2.6809832E+06
  1.4075001E+04  2.6518890E+06
  1.4124996E+04  2.6135115E+06
  1.4175000E+04  2.5862930E+06
  1.4225000E+04  2.5512018E+06
  1.4274994E+04  2.5183882E+06
  1.4325001E+04  2.4925745E+06
  1.4374998E+04  2.4672442E+06
  1.4424999E+04  2.3896988E+06
  1.4475000E+04  2.4048630E+06
  1.4524997E+04  2.3522652E+06
  1.4569999E+04  2.3494692E+06
  1.4620000E+04  2.3699110E+06
  1.4674998E+04  2.4149825E+06
  1.4725000E+04  2.3669868E+06
  1.4775002E+04  2.3097475E+06
  1.4824998E+04  2.2729395E+06
  1.4874996E+04  2.2169930E+06
  1.4924997E+04  2.1996265E+06
  1.4974999E+04  2.1500185E+06
  1.5024999E+04  2.1102002E+06
  1.5075000E+04  2.0698666E+06
  1.5124999E+04  2.0494524E+06
  1.5175000E+04  2.0178096E+06
  1.5225002E+04  1.9914131E+06
  1.5274998E+04  1.9620908E+06
  1.5324995E+04  1.9307018E+06
  1.5374997E+04  1.9239014E+06
  1.5425001E+04  1.8674304E+06
  1.5474996E+04  1.8792956E+06
  1.5524994E+04  1.8553315E+06
  1.5575001E+04  1.7900128E+06
  1.5624998E+04  1.8569651E+06
  1.5674997E+04  1.7710805E+06
  1.5724994E+04  1.7203768E+06
  1.5774996E+04  1.7977479E+06
  1.5825001E+04  1.7748211E+06
  1.5874995E+04  1.6040068E+06
  1.5925002E+04  1.7052135E+06
  1.5975001E+04  1.7593624E+06
  1.6049998E+04  1.6799268E+06
  1.6150001E+04  1.5735332E+06
  1.6249997E+04  1.6635110E+06
  1.6350000E+04  1.5637402E+06
  1.6449996E+04  1.4613940E+06
  1.6549998E+04  1.5616606E+06
  1.6649994E+04  1.5316798E+06
  1.6749998E+04  1.4295212E+06
  1.6849998E+04  1.3317966E+06
  1.6950000E+04  1.4332252E+06
  1.7049996E+04  1.4054476E+06
  1.7150000E+04  1.3803949E+06
  1.7249992E+04  1.3284816E+06
  1.7349994E+04  1.1631302E+06
  1.7449992E+04  1.2524270E+06
  1.7550000E+04  1.2593545E+06
  1.7649998E+04  1.2364176E+06
  1.7749994E+04  1.2153515E+06
  1.7849994E+04  1.1890025E+06
  1.7949998E+04  1.1671854E+06
  1.8050002E+04  1.1283515E+06
  1.8150002E+04  9.9883456E+05
  1.8249994E+04  1.0536485E+06
  1.8349992E+04  1.0711735E+06
  1.8449992E+04  1.0523444E+06
  1.8549998E+04  1.0280216E+06
  1.8650002E+04  9.9733544E+05
  1.8750002E+04  8.7645831E+05
  1.8850000E+04  9.5269356E+05
  1.8950004E+04  9.4611638E+05
  1.9049996E+04  9.3742481E+05
  1.9149998E+04  9.1877369E+05
  1.9249992E+04  8.9866994E+05
  1.9350000E+04  8.6788275E+05
  1.9449992E+04  7.6530231E+05
  1.9550002E+04  8.3594331E+05
  1.9649992E+04  8.3318481E+05
  1.9749992E+04  8.1828819E+05
  1.9849992E+04  8.0551312E+05
  1.9950002E+04  7.9065150E+05
  2.0050002E+04  7.7641169E+05
  2.0149996E+04  7.6254544E+05
  2.0249994E+04  7.4773819E+05
  2.0349994E+04  7.3335719E+05
  2.0449996E+04  7.2164425E+05
  2.0550000E+04  7.0836631E+05
  2.0649992E+04  6.9437550E+05
  2.0749998E+04  6.8243094E+05
  2.0849992E+04  6.7060600E+05
  2.0950004E+04  6.5842475E+05
  2.1050002E+04  6.4685300E+05
  2.1149992E+04  6.3382838E+05
  2.1250000E+04  6.2281238E+05
  2.1350002E+04  6.1180950E+05
  2.1449996E+04  6.0096838E+05
  2.1550006E+04  5.8337294E+05
  2.1649994E+04  5.1791703E+05
  2.1750002E+04  5.5806450E+05
  2.1849998E+04  5.5965975E+05
  2.1950002E+04  5.5324250E+05
  2.2050000E+04  5.4302894E+05
  2.2149996E+04  5.3346062E+05
  2.2249998E+04  5.2611175E+05
  2.2350004E+04  5.1728109E+05
  2.2449990E+04  5.0868469E+05
  2.2549994E+04  4.9894494E+05
  2.2650000E+04  4.9171419E+05
  2.2750000E+04  4.8379053E+05
  2.2850000E+04  4.7766762E+05
  2.2950004E+04  4.7650366E+05
  2.3050000E+04  4.6907403E+05
  2.3149996E+04  4.5984959E+05
  2.3250000E+04  4.5161616E+05
  2.3349996E+04  4.4296791E+05
  2.3449994E+04  4.3500534E+05
  2.3550002E+04  4.2714781E+05
  2.3649988E+04  4.1975156E+05
  2.3750000E+04  4.1188253E+05
  2.3849990E+04  4.0473384E+05
  2.3950002E+04  3.9780094E+05
  2.4050006E+04  3.9107353E+05
  2.4149992E+04  3.8423112E+05
  2.4249990E+04  3.7821159E+05
  2.4349990E+04  3.7225859E+05
  2.4450002E+04  3.6556428E+05
  2.4549990E+04  3.6103612E+05
  2.4649992E+04  3.5420666E+05
  2.4749992E+04  3.4943131E+05
  2.4850006E+04  3.4577016E+05
  2.4950000E+04  3.3507012E+05
  2.5050006E+04  3.4094934E+05
  2.5149994E+04  3.3257359E+05
  2.5249998E+04  3.1826244E+05
  2.5350004E+04  3.2106766E+05
  2.5449988E+04  3.1920719E+05
  2.5549998E+04  3.1087856E+05
  2.5649990E+04  2.9634881E+05
  2.5749990E+04  3.0313659E+05
  2.5849994E+04  3.0088025E+05
  2.5949990E+04  2.9670853E+05
  2.6049996E+04  2.8628503E+05
  2.6149998E+04  2.7132372E+05
  2.6249988E+04  2.5476127E+05
  2.6350008E+04  2.7413844E+05
  2.6449996E+04  2.7598994E+05
  2.6549994E+04  2.7221000E+05
  2.6649994E+04  2.6469681E+05
  2.6749988E+04  2.4712180E+05
  2.6849986E+04  2.5777917E+05
  2.6949986E+04  2.5815719E+05
  2.7050002E+04  2.5516528E+05
  2.7149998E+04  2.5222611E+05
  2.7249994E+04  2.4840991E+05
  2.7350006E+04  2.4438547E+05
  2.7450004E+04  2.3900838E+05
  2.7549996E+04  2.2107064E+05
  2.7649982E+04  2.2610241E+05
  2.7750004E+04  2.3043417E+05
  2.7850000E+04  2.2850067E+05
  2.7949992E+04  2.2598617E+05
  2.8049994E+04  2.2292211E+05
  2.8150002E+04  2.1990047E+05
  2.8250006E+04  2.1693956E+05
  2.8350000E+04  2.1407605E+05
  2.8450000E+04  2.1042805E+05
  2.8550002E+04  2.0698297E+05
  2.8650002E+04  1.9909662E+05
  2.8749982E+04  1.8528052E+05
  2.8849998E+04  1.9711075E+05
  2.8949986E+04  1.9664155E+05
  2.9049994E+04  1.9494622E+05
  2.9149986E+04  1.9207705E+05
  2.9249984E+04  1.8993373E+05
  2.9349980E+04  1.8754400E+05
  2.9450000E+04  1.8510817E+05
  2.9550004E+04  1.8275291E+05
  2.9649982E+04  1.8042119E+05
  2.9749992E+04  1.7809070E+05
  2.9849994E+04  1.7584666E+05
  2.9949984E+04  1.7351109E+05
  3.0049996E+04  1.7124831E+05
  3.0149994E+04  1.6853938E+05
  3.0249994E+04  1.6517077E+05
  3.0349996E+04  1.5278770E+05
  3.0449996E+04  1.5463812E+05
  3.0549996E+04  1.5943602E+05
  3.0649996E+04  1.5840136E+05
  3.0749994E+04  1.5686283E+05
  3.0849996E+04  1.5468375E+05
  3.0949994E+04  1.5295428E+05
  3.1049996E+04  1.5104453E+05
  3.1149996E+04  1.4891931E+05
  3.1249996E+04  1.4728492E+05
  3.1349996E+04  1.4558017E+05
  3.1449996E+04  1.4373792E+05
  3.1549998E+04  1.4213178E+05
  3.1649996E+04  1.4051675E+05
  3.1749998E+04  1.3866131E+05
  3.1849996E+04  1.3716806E+05
  3.1949994E+04  1.3550992E+05
  3.2099996E+04  1.3306184E+05
  3.2299992E+04  1.2998196E+05
  3.2499994E+04  1.2691761E+05
  3.2699996E+04  1.2351662E+05
  3.2899996E+04  1.1385770E+05
  3.3099996E+04  1.1641620E+05
  3.3299992E+04  1.1600048E+05
  3.3499996E+04  1.1352180E+05
  3.3699996E+04  1.1060598E+05
  3.3899996E+04  1.0804920E+05
  3.4099996E+04  1.0558350E+05
  3.4299996E+04  1.0323823E+05
  3.4499992E+04  1.0098760E+05
  3.4699996E+04  9.8672281E+04
  3.4899996E+04  9.6409477E+04
  3.5099996E+04  9.4286484E+04
  3.5299996E+04  9.2175031E+04
  3.5499996E+04  9.0167820E+04
  3.5699992E+04  8.8102156E+04
  3.5899992E+04  8.6328164E+04
  3.6099996E+04  8.4336453E+04
  3.6299992E+04  8.2757844E+04
  3.6499992E+04  8.0710961E+04
  3.6699992E+04  7.9416906E+04
  3.6899992E+04  7.7006172E+04
  3.7099996E+04  7.5937273E+04
  3.7299996E+04  7.2371289E+04
  3.7499992E+04  6.9704672E+04
  3.7699996E+04  7.1471906E+04
  3.7899996E+04  7.0292062E+04
  3.8099992E+04  6.8061172E+04
  3.8299996E+04  6.6882203E+04
  3.8499996E+04  6.6303500E+04
  3.8699996E+04  6.4940797E+04
  3.8899992E+04  6.3296332E+04
  3.9099996E+04  6.0952594E+04
  3.9299992E+04  6.1119219E+04
  3.9499992E+04  6.0173484E+04
  3.9699992E+04  5.9054812E+04
  3.9900000E+04  5.7789816E+04
  4.0099996E+04  5.5633383E+04
  4.0299992E+04  5.4263734E+04
  4.0499996E+04  5.1756156E+04
  4.0699992E+04  5.3225109E+04
  4.0899992E+04  5.2518918E+04
  4.1099996E+04  5.1643262E+04
  4.1299996E+04  5.0640711E+04
  4.1499992E+04  4.9377250E+04
  4.1699992E+04  4.6872559E+04
  4.1899996E+04  4.7518395E+04
  4.2099996E+04  4.6936199E+04
  4.2299992E+04  4.6200758E+04
  4.2499996E+04  4.5351879E+04
  4.2699992E+04  4.4543727E+04
  4.2899992E+04  4.3744527E+04
  4.3099996E+04  4.2958211E+04
  4.3299996E+04  4.2174477E+04
  4.3499992E+04  4.1269922E+04
  4.3699996E+04  3.9074156E+04
  4.3899996E+04  3.9326883E+04
  4.4099992E+04  3.9205379E+04
  4.4299992E+04  3.8600703E+04
  4.4499996E+04  3.7929188E+04
  4.4699996E+04  3.7411418E+04
  4.4899996E+04  3.6759324E+04
  4.5099992E+04  3.6143234E+04
  4.5299992E+04  3.5521879E+04
  4.5499996E+04  3.4920941E+04
  4.5699992E+04  3.4316520E+04
  4.5899996E+04  3.3733797E+04
  4.6099996E+04  3.3138598E+04
  4.6299992E+04  3.2404793E+04
  4.6499988E+04  3.0220541E+04
  4.6699992E+04  2.9794684E+04
  4.6899992E+04  3.0644109E+04
  4.7099992E+04  3.0454045E+04
  4.7299992E+04  3.0023609E+04
  4.7499996E+04  2.9519174E+04
  4.7699992E+04  2.9048629E+04
  4.7899992E+04  2.8588180E+04
  4.8099996E+04  2.8126219E+04
  4.8299992E+04  2.7674154E+04
  4.8499992E+04  2.7231773E+04
  4.8700000E+04  2.6798875E+04
  4.8899992E+04  2.6373730E+04
  4.9099988E+04  2.5949914E+04
  4.9299988E+04  2.5549141E+04
  4.9499996E+04  2.5147826E+04
  4.9699992E+04  2.4755193E+04
  4.9899988E+04  2.4368033E+04
  5.0099996E+04  2.3992248E+04
  5.0299996E+04  2.3620172E+04
  5.0499996E+04  2.3260617E+04
  5.0699996E+04  2.2905988E+04
  5.0899992E+04  2.2527123E+04
  5.1099992E+04  2.1978900E+04
  5.1299996E+04  2.0688404E+04
  5.1499988E+04  2.1384553E+04
  5.1699996E+04  2.1210957E+04
  5.1899992E+04  2.0906541E+04
  5.2099992E+04  2.0592281E+04
  5.2299996E+04  2.0289092E+04
  5.2499996E+04  1.9989918E+04
  5.2699996E+04  1.9694693E+04
  5.2899992E+04  1.9406047E+04
  5.3099988E+04  1.9121184E+04
  5.3299988E+04  1.8842693E+04
  5.3499992E+04  1.8569135E+04
  5.3699992E+04  1.8295207E+04
  5.3899992E+04  1.8035199E+04
  5.4099992E+04  1.7777242E+04
  5.4299984E+04  1.7518762E+04
  5.4499988E+04  1.7269922E+04
  5.4699996E+04  1.7019209E+04
  5.4899992E+04  1.6784191E+04
  5.5099992E+04  1.6548406E+04
  5.5299988E+04  1.6314358E+04
  5.5499988E+04  1.6086913E+04
  5.5699992E+04  1.5857450E+04
  5.5899992E+04  1.5629647E+04
  5.6099988E+04  1.5421448E+04
  5.6299996E+04  1.5209856E+04
  5.6499988E+04  1.5002058E+04
  5.6699988E+04  1.4794459E+04
  5.6899992E+04  1.4592893E+04
  5.7099996E+04  1.4394940E+04
  5.7299988E+04  1.4198248E+04
  5.7499988E+04  1.4007351E+04
  5.7699988E+04  1.3816496E+04
  5.7899996E+04  1.3629058E+04
  5.8099988E+04  1.3448339E+04
  5.8299996E+04  1.3269769E+04
  5.8499992E+04  1.3114242E+04
  5.8699988E+04  1.2917884E+04
  5.8899988E+04  1.2615290E+04
  5.9099992E+04  1.1903386E+04
  5.9299988E+04  1.2336398E+04
  5.9499996E+04  1.2246152E+04
  5.9699988E+04  1.2111390E+04
  5.9899992E+04  1.1952948E+04
  6.0099992E+04  1.1796345E+04
  6.0299992E+04  1.1646731E+04
  6.0499988E+04  1.1496780E+04
  6.0699992E+04  1.1347524E+04
  6.0899992E+04  1.1200995E+04
  6.1099988E+04  1.1053111E+04
  6.1299992E+04  1.0918943E+04
  6.1499988E+04  1.0779314E+04
  6.1699988E+04  1.0644232E+04
  6.1899996E+04  1.0508696E+04
  6.2099996E+04  1.0377620E+04
  6.2299988E+04  1.0243154E+04
  6.2499992E+04  1.0117906E+04
  6.2699988E+04  9.9902139E+03
  6.2899996E+04  9.8686973E+03
  6.3099984E+04  9.7437930E+03
  6.3299996E+04  9.6249609E+03
  6.3499984E+04  9.5065049E+03
  6.3699984E+04  9.3911953E+03
  6.3900000E+04  9.2762158E+03
  6.4199992E+04  9.1081035E+03
  6.4599984E+04  8.8877832E+03
  6.4999992E+04  8.6745801E+03
  6.5399992E+04  8.4694395E+03
  6.5799992E+04  8.2684561E+03
  6.6199984E+04  8.0731616E+03
  6.6599984E+04  7.8848325E+03
  6.6999992E+04  7.7018374E+03
  6.7399992E+04  7.5234502E+03
  6.7799992E+04  7.3509355E+03
  6.8199992E+04  7.1829111E+03
  6.8599992E+04  7.0191753E+03
  6.8999984E+04  6.8586641E+03
  6.9399984E+04  6.7047393E+03
  6.9800000E+04  6.5551929E+03
  7.0199992E+04  6.4097612E+03
  7.0599984E+04  6.2678760E+03
  7.0999977E+04  6.1319858E+03
  7.1399977E+04  5.9968892E+03
  7.1799984E+04  5.8665327E+03
  7.2199984E+04  5.7364497E+03
  7.2600000E+04  5.6155854E+03
  7.2999984E+04  5.4968115E+03
  7.3400000E+04  5.3791631E+03
  7.3799984E+04  5.2656763E+03
  7.4199992E+04  5.1417231E+03
  7.4599992E+04  4.8848657E+03
  7.5000000E+04  4.7724204E+03
  7.5399992E+04  4.8241680E+03
  7.5799992E+04  4.7396860E+03
  7.6199984E+04  4.6432124E+03
  7.6599992E+04  4.5485518E+03
  7.6999992E+04  4.4563032E+03
  7.7399992E+04  4.3666567E+03
  7.7799984E+04  4.2789878E+03
  7.8199984E+04  4.1934946E+03
  7.8599984E+04  4.1101260E+03
  7.8999984E+04  4.0287693E+03
  7.9399984E+04  3.9493774E+03
  7.9800000E+04  3.8719604E+03
  8.0199992E+04  3.7962412E+03
  8.0599984E+04  3.7225857E+03
  8.0999992E+04  3.6509402E+03
  8.1399977E+04  3.5803513E+03
  8.1799984E+04  3.5119214E+03
  8.2199984E+04  3.4453750E+03
  8.2599992E+04  3.3800598E+03
  8.2999984E+04  3.3161707E+03
  8.3400000E+04  3.2528586E+03
  8.3799992E+04  3.1916228E+03
  8.4199992E+04  3.1329417E+03
  8.4599977E+04  3.0756472E+03
  8.4999977E+04  3.0191323E+03
  8.5399984E+04  2.9635381E+03
  8.5799984E+04  2.9094106E+03
  8.6199992E+04  2.8564109E+03
  8.6599992E+04  2.8050181E+03
  8.6999984E+04  2.7544973E+03
  8.7399992E+04  2.7049783E+03
  8.7799992E+04  2.6567834E+03
  8.8199984E+04  2.6092043E+03
  8.8599977E+04  2.5630947E+03
  8.8999992E+04  2.5179431E+03
  8.9399977E+04  2.4739209E+03
  8.9799977E+04  2.4304871E+03
  9.0199984E+04  2.3883728E+03
  9.0599984E+04  2.3471355E+03
  9.0999992E+04  2.3063928E+03
  9.1400000E+04  2.2669028E+03
  9.1799969E+04  2.2283271E+03
  9.2199969E+04  2.1903765E+03
  9.2599984E+04  2.1532603E+03
  9.3000000E+04  2.1168743E+03
  9.3399984E+04  2.0812922E+03
  9.3799984E+04  2.0464515E+03
  9.4199977E+04  2.0123397E+03
  9.4599984E+04  1.9788977E+03
  9.4999969E+04  1.9461976E+03
  9.5399984E+04  1.9138915E+03
  9.5799984E+04  1.8827955E+03
  9.6199992E+04  1.8519047E+03
  9.6599984E+04  1.8219045E+03
  9.7000000E+04  1.7923745E+03
  9.7399977E+04  1.7632686E+03
  9.7799984E+04  1.7350101E+03
  9.8199977E+04  1.7071924E+03
  9.8599977E+04  1.6800773E+03
  9.8999992E+04  1.6534203E+03
  9.9399984E+04  1.6272144E+03
  9.9799977E+04  1.6014878E+03
  1.0019999E+05  1.5763440E+03
  1.9999991E+05  1.0098338E+02
  3.9999994E+05  6.2855568E+00
  5.9999981E+05  1.2311852E+00
  7.9999994E+05  3.8653404E-01
