  5.0599994E+02  1.2952351E-11
  5.1199994E+02  2.4214080E-11
  5.2000000E+02  4.7753416E-11
  5.2999994E+02  1.0859408E-10
  5.3999994E+02  2.3682761E-10
  5.4999988E+02  5.0525834E-10
  5.5999988E+02  1.0475969E-09
  5.6999988E+02  2.1192834E-09
  5.7999994E+02  4.1680299E-09
  5.8999988E+02  8.1152942E-09
  5.9999988E+02  1.5406293E-08
  6.0999988E+02  2.8738432E-08
  6.1999994E+02  5.2666184E-08
  6.2999988E+02  9.4985353E-08
  6.3999994E+02  1.6875730E-07
  6.4999994E+02  2.9571541E-07
  6.5799994E+02  4.5861714E-07
  6.6499988E+02  6.6822480E-07
  6.7499994E+02  1.1332793E-06
  6.8499988E+02  1.8993821E-06
  6.9499994E+02  3.1451295E-06
  7.0499988E+02  5.1404431E-06
  7.1599988E+02  8.7456328E-06
  7.2599994E+02  1.3997153E-05
  7.3499982E+02  2.1187298E-05
  7.4499994E+02  3.3251476E-05
  7.5499982E+02  5.1680239E-05
  7.6499994E+02  7.9553451E-05
  7.7499994E+02  1.2127591E-04
  7.8499982E+02  1.8319298E-04
  7.9499982E+02  2.7350223E-04
  8.0500000E+02  4.0618744E-04
  8.1499976E+02  5.9757777E-04
  8.2500000E+02  8.7105925E-04
  8.3499994E+02  1.2589198E-03
  8.4499994E+02  1.8045622E-03
  8.5499988E+02  2.5660265E-03
  8.6499994E+02  3.6201824E-03
  8.7499982E+02  5.0667380E-03
  8.8499982E+02  7.0428378E-03
  8.9499988E+02  9.7162118E-03
  9.0499994E+02  1.3305308E-02
  9.1499982E+02  6.8423712E-01
  9.2499988E+02  2.7897074E+00
  9.3499982E+02  3.7919590E+00
  9.4500000E+02  4.9977951E+00
  9.5500000E+02  6.9086480E+00
  9.6499988E+02  8.8419867E+00
  9.7499982E+02  1.0312927E+01
  9.8499976E+02  1.3405873E+01
  9.9499988E+02  1.5885938E+01
  1.0049999E+03  2.1039835E+01
  1.0149997E+03  2.5858736E+01
  1.0249998E+03  2.6848322E+01
  1.0349998E+03  3.7848282E+01
  1.0449998E+03  4.6345398E+01
  1.0549999E+03  5.5665886E+01
  1.0649999E+03  6.4839043E+01
  1.0750000E+03  7.8872284E+01
  1.0849996E+03  9.4200508E+01
  1.0949999E+03  1.0835172E+02
  1.1049999E+03  5.4170081E+02
  1.1149999E+03  9.7875299E+02
  1.1249999E+03  1.3030314E+03
  1.1349996E+03  1.6670753E+03
  1.1449999E+03  2.0000381E+03
  1.1549999E+03  2.0957715E+03
  1.1650000E+03  2.7054219E+03
  1.1749995E+03  3.1096443E+03
  1.1849996E+03  3.1051367E+03
  1.1949998E+03  2.0800688E+03
  1.2049996E+03  2.1376389E+03
  1.2149998E+03  4.9396582E+02
  1.2249996E+03  2.5048855E+03
  1.2349996E+03  5.0529146E+03
  1.2449998E+03  1.0684467E+04
  1.2549996E+03  1.5878994E+04
  1.2650000E+03  1.6056223E+04
  1.2749998E+03  2.2410596E+04
  1.2849995E+03  3.0120867E+04
  1.2949998E+03  3.5990172E+04
  1.3049995E+03  3.3940895E+04
  1.3149998E+03  4.6829527E+04
  1.3249998E+03  5.4062883E+04
  1.3349996E+03  6.0341578E+04
  1.3449995E+03  7.3754570E+04
  1.3549996E+03  7.5831922E+04
  1.3649999E+03  8.4986219E+04
  1.3749999E+03  9.2609836E+04
  1.3849996E+03  9.5378133E+04
  1.3949999E+03  1.0992102E+05
  1.4050001E+03  1.2110455E+05
  1.4149998E+03  1.2975136E+05
  1.4249998E+03  1.4336128E+05
  1.4350000E+03  1.4667198E+05
  1.4419998E+03  1.7701547E+05
  1.4469999E+03  1.8874358E+05
  1.4549994E+03  2.1585836E+05
  1.4650000E+03  2.0737452E+05
  1.4749995E+03  2.2916119E+05
  1.4849996E+03  2.5871500E+05
  1.4949998E+03  2.9555100E+05
  1.5049996E+03  3.3474828E+05
  1.5119995E+03  3.3554503E+05
  1.5169994E+03  3.2963706E+05
  1.5250001E+03  8.8570825E+05
  1.5349994E+03  1.3580929E+06
  1.5449994E+03  1.9319415E+06
  1.5549998E+03  1.8118215E+06
  1.5649999E+03  1.5937006E+06
  1.5750001E+03  3.3344612E+06
  1.5850000E+03  3.9860842E+06
  1.5949996E+03  4.8425435E+06
  1.6049999E+03  4.5094920E+06
  1.6150000E+03  4.4877625E+06
  1.6249996E+03  3.1852100E+06
  1.6350000E+03  4.4040085E+06
  1.6449996E+03  7.0981395E+06
  1.6549999E+03  3.3477910E+06
  1.6649993E+03  7.2216315E+06
  1.6720000E+03  3.8901182E+06
  1.6770001E+03  1.6210213E+07
  1.6849998E+03  1.7530832E+07
  1.6950000E+03  1.1907440E+07
  1.7049995E+03  1.3943027E+07
  1.7150000E+03  1.8188368E+07
  1.7249993E+03  1.8630140E+07
  1.7349994E+03  2.1820110E+07
  1.7449993E+03  2.1152568E+07
  1.7550001E+03  2.4596302E+07
  1.7649998E+03  1.7639268E+07
  1.7749995E+03  2.2814744E+07
  1.7849995E+03  2.3372130E+07
  1.7949999E+03  2.9330464E+07
  1.8050001E+03  2.5976798E+07
  1.8150001E+03  2.6773202E+07
  1.8249994E+03  2.4933252E+07
  1.8349993E+03  2.2706538E+07
  1.8449993E+03  1.8317470E+07
  1.8549998E+03  2.2470254E+07
  1.8650002E+03  2.6633876E+07
  1.8750001E+03  2.5287520E+07
  1.8850000E+03  2.6037780E+07
  1.8950002E+03  2.8265788E+07
  1.9049996E+03  2.6127182E+07
  1.9149999E+03  2.9000604E+07
  1.9249993E+03  2.7572630E+07
  1.9350001E+03  1.9721952E+07
  1.9449993E+03  3.0818632E+07
  1.9550002E+03  3.1184250E+07
  1.9670002E+03  3.5061936E+07
  1.9759990E+03  3.3727324E+07
  1.9839996E+03  3.2865342E+07
  1.9950001E+03  3.2006012E+07
  2.0050002E+03  2.9182562E+07
  2.0149996E+03  2.9701814E+07
  2.0249994E+03  2.6632816E+07
  2.0349995E+03  3.1253240E+07
  2.0449998E+03  3.4439972E+07
  2.0550000E+03  3.3308068E+07
  2.0649993E+03  3.1738810E+07
  2.0739993E+03  3.6876536E+07
  2.0780002E+03  3.9042312E+07
  2.0849993E+03  3.7668776E+07
  2.0950005E+03  3.5510024E+07
  2.1050002E+03  3.2076956E+07
  2.1149990E+03  3.3241488E+07
  2.1250000E+03  3.4224148E+07
  2.1350002E+03  2.7932070E+07
  2.1449998E+03  3.3326898E+07
  2.1550005E+03  3.2911218E+07
  2.1649995E+03  2.9919392E+07
  2.1750002E+03  2.9818496E+07
  2.1849998E+03  3.2080776E+07
  2.1950000E+03  3.4686936E+07
  2.2050000E+03  3.2638920E+07
  2.2149998E+03  2.8687532E+07
  2.2249998E+03  2.8572550E+07
  2.2350005E+03  3.4307168E+07
  2.2449990E+03  3.0673720E+07
  2.2549993E+03  2.8027782E+07
  2.2650000E+03  2.7773478E+07
  2.2750000E+03  2.9606546E+07
  2.2850000E+03  3.2581922E+07
  2.2950002E+03  2.8982618E+07
  2.3050000E+03  3.0672434E+07
  2.3149995E+03  2.9271340E+07
  2.3250000E+03  2.1408226E+07
  2.3349995E+03  2.4805184E+07
  2.3449993E+03  1.9777208E+07
  2.3550000E+03  2.8478334E+07
  2.3649988E+03  2.1127340E+07
  2.3750000E+03  2.4742072E+07
  2.3849990E+03  1.8094140E+07
  2.3950000E+03  2.1234488E+07
  2.4050005E+03  2.0844622E+07
  2.4149993E+03  2.0992766E+07
  2.4249990E+03  2.6473594E+07
  2.4349990E+03  2.5053182E+07
  2.4450000E+03  2.7990804E+07
  2.4549990E+03  2.7738884E+07
  2.4649990E+03  2.8113830E+07
  2.4749993E+03  2.5160136E+07
  2.4850005E+03  2.4878716E+07
  2.4950000E+03  2.3268996E+07
  2.5050005E+03  3.0013632E+07
  2.5129988E+03  2.1872620E+07
  2.5179990E+03  1.8425120E+07
  2.5249998E+03  1.7973870E+07
  2.5350007E+03  1.9135552E+07
  2.5449988E+03  1.9874252E+07
  2.5550000E+03  2.4271140E+07
  2.5649990E+03  2.2951372E+07
  2.5749990E+03  2.6213166E+07
  2.5849993E+03  2.6681646E+07
  2.5949990E+03  2.5901856E+07
  2.6049995E+03  2.4332120E+07
  2.6149998E+03  2.2283156E+07
  2.6249990E+03  2.7776228E+07
  2.6350007E+03  2.8726368E+07
  2.6449995E+03  3.4438972E+07
  2.6549998E+03  3.6008372E+07
  2.6649995E+03  2.9722888E+07
  2.6749988E+03  3.2866390E+07
  2.6849988E+03  3.3241802E+07
  2.6949988E+03  2.9529090E+07
  2.7050000E+03  3.1571426E+07
  2.7150000E+03  2.8299348E+07
  2.7249995E+03  2.8929654E+07
  2.7350007E+03  3.1856130E+07
  2.7450002E+03  2.3204372E+07
  2.7549998E+03  2.5067310E+07
  2.7649983E+03  2.6900296E+07
  2.7750005E+03  2.8510984E+07
  2.7850000E+03  2.1456060E+07
  2.7949993E+03  9.9270720E+06
  2.8049995E+03  1.2190639E+07
  2.8150002E+03  2.7182096E+07
  2.8250007E+03  3.2722204E+07
  2.8350000E+03  3.2224136E+07
  2.8450002E+03  3.0764100E+07
  2.8550005E+03  2.7845144E+07
  2.8650000E+03  3.3526850E+07
  2.8749983E+03  3.3245750E+07
  2.8850000E+03  3.3090776E+07
  2.8949988E+03  3.1837714E+07
  2.9099988E+03  3.6807584E+07
  2.9299983E+03  3.4680944E+07
  2.9499990E+03  3.4255564E+07
  2.9700005E+03  3.5227336E+07
  2.9899980E+03  3.5848276E+07
  3.0099995E+03  3.6440004E+07
  3.0299995E+03  3.5903908E+07
  3.0499995E+03  3.6059872E+07
  3.0699995E+03  3.6431380E+07
  3.0899995E+03  3.6763056E+07
  3.1099995E+03  3.5786160E+07
  3.1299998E+03  3.5688680E+07
  3.1499995E+03  3.6268132E+07
  3.1699995E+03  3.6071740E+07
  3.1899995E+03  3.3458798E+07
  3.2099998E+03  3.4817856E+07
  3.2299993E+03  3.2863814E+07
  3.2499993E+03  3.4287448E+07
  3.2699995E+03  3.5482228E+07
  3.2899995E+03  3.5316660E+07
  3.3099998E+03  3.6039644E+07
  3.3299993E+03  3.5268304E+07
  3.3499995E+03  3.4851804E+07
  3.3699995E+03  3.4326568E+07
  3.3899993E+03  3.4217776E+07
  3.4099993E+03  3.4011960E+07
  3.4299995E+03  3.3975112E+07
  3.4499993E+03  3.3879872E+07
  3.4699998E+03  3.3556148E+07
  3.4899993E+03  3.3698472E+07
  3.5099995E+03  3.4128928E+07
  3.5299995E+03  3.3573988E+07
  3.5499995E+03  3.4476200E+07
  3.5699995E+03  3.2861318E+07
  3.5899995E+03  3.2335426E+07
  3.6099995E+03  3.2455112E+07
  3.6299993E+03  3.2598802E+07
  3.6399993E+03  3.2553570E+07
  3.6499995E+03  3.4018388E+07
  3.6699993E+03  3.3251444E+07
  3.6899995E+03  3.0407362E+07
  3.7099995E+03  3.0033874E+07
  3.7299998E+03  2.9144018E+07
  3.7499993E+03  3.3744572E+07
  3.7699993E+03  3.5221736E+07
  3.7899995E+03  4.1541592E+07
  3.8099993E+03  4.7680448E+07
  3.8299998E+03  3.8295076E+07
  3.8499995E+03  5.2840488E+07
  3.8699995E+03  5.9006908E+07
  3.8899995E+03  3.5731152E+07
  3.9099995E+03  5.8463724E+07
  3.9299993E+03  4.2844680E+07
  3.9499993E+03  5.4699652E+07
  3.9699998E+03  3.1693008E+07
  3.9899995E+03  5.7740140E+07
  4.0099995E+03  6.6954056E+07
  4.0299993E+03  6.8086560E+07
  4.0499993E+03  6.6915068E+07
  4.0699993E+03  6.2836240E+07
  4.0899995E+03  4.9442548E+07
  4.1099995E+03  3.8739136E+07
  4.1299995E+03  6.0244080E+07
  4.1499990E+03  6.5017508E+07
  4.1699990E+03  6.5911896E+07
  4.1899995E+03  6.5103896E+07
  4.2099995E+03  6.5160596E+07
  4.2299995E+03  6.3103620E+07
  4.2499995E+03  6.3543532E+07
  4.2699990E+03  6.1218188E+07
  4.2899995E+03  6.1107232E+07
  4.3100000E+03  5.5215752E+07
  4.3299995E+03  4.2743128E+07
  4.3499995E+03  3.6867980E+07
  4.3699995E+03  5.5834596E+07
  4.3899995E+03  5.8732288E+07
  4.4099995E+03  5.8665692E+07
  4.4299995E+03  5.7947124E+07
  4.4499995E+03  5.8781968E+07
  4.4699995E+03  5.8590860E+07
  4.4899995E+03  5.7743024E+07
  4.5099990E+03  5.9147184E+07
  4.5299995E+03  5.7118816E+07
  4.5499990E+03  5.6479496E+07
  4.5699995E+03  5.7672812E+07
  4.5899990E+03  5.5924972E+07
  4.6099990E+03  5.6296996E+07
  4.6299990E+03  5.4904852E+07
  4.6499990E+03  5.5046868E+07
  4.6699990E+03  5.4977144E+07
  4.6899990E+03  5.3195596E+07
  4.7099995E+03  5.0847868E+07
  4.7299990E+03  5.3072588E+07
  4.7499995E+03  5.2693372E+07
  4.7699995E+03  5.1901408E+07
  4.7899990E+03  5.0984532E+07
  4.8099995E+03  4.9398780E+07
  4.8299995E+03  4.6209708E+07
  4.8499990E+03  3.5515176E+07
  4.8700000E+03  2.8921056E+07
  4.8899990E+03  4.3029832E+07
  4.9099990E+03  4.6406992E+07
  4.9299990E+03  4.6508640E+07
  4.9499995E+03  4.7389720E+07
  4.9699995E+03  4.7664908E+07
  4.9899990E+03  4.6121640E+07
  5.0099995E+03  4.4937620E+07
  5.0299995E+03  4.5901728E+07
  5.0499995E+03  4.5066156E+07
  5.0699995E+03  4.5542304E+07
  5.0899995E+03  4.4946636E+07
  5.1099990E+03  4.4878280E+07
  5.1299995E+03  4.4066648E+07
  5.1499985E+03  4.3090132E+07
  5.1700000E+03  4.2061088E+07
  5.1899990E+03  4.1723572E+07
  5.2099990E+03  4.1960404E+07
  5.2299995E+03  4.1572600E+07
  5.2499995E+03  4.2135332E+07
  5.2699995E+03  3.9941476E+07
  5.2899990E+03  4.1130324E+07
  5.3099995E+03  4.0756936E+07
  5.3299990E+03  3.9410652E+07
  5.3499995E+03  4.0054996E+07
  5.3699995E+03  3.9450180E+07
  5.3899995E+03  3.9135912E+07
  5.4099990E+03  3.8316772E+07
  5.4299990E+03  3.8503956E+07
  5.4499990E+03  3.8441300E+07
  5.4699995E+03  3.7973104E+07
  5.4899995E+03  3.7875672E+07
  5.5099995E+03  3.7627272E+07
  5.5299985E+03  3.7093208E+07
  5.5499990E+03  3.7007356E+07
  5.5699990E+03  3.6334068E+07
  5.5899995E+03  3.6040780E+07
  5.6099990E+03  3.5897984E+07
  5.6299995E+03  3.5791956E+07
  5.6499990E+03  3.5501252E+07
  5.6699990E+03  3.4926644E+07
  5.6899995E+03  3.4850264E+07
  5.7099995E+03  3.4493320E+07
  5.7299990E+03  3.4606360E+07
  5.7499990E+03  3.4036736E+07
  5.7699990E+03  3.3863424E+07
  5.7899995E+03  3.3520872E+07
  5.8099985E+03  3.3297194E+07
  5.8300000E+03  3.3083526E+07
  5.8499990E+03  3.2720108E+07
  5.8699985E+03  3.2405686E+07
  5.8899985E+03  3.1734240E+07
  5.9099995E+03  3.1858486E+07
  5.9299985E+03  3.1606468E+07
  5.9499995E+03  3.1361344E+07
  5.9699990E+03  3.1108240E+07
  5.9899990E+03  3.0759104E+07
  6.0099990E+03  3.0349256E+07
  6.0299995E+03  3.0189704E+07
  6.0499990E+03  3.0060426E+07
  6.0699990E+03  2.9885158E+07
  6.0899995E+03  2.9528690E+07
  6.1099985E+03  2.9217632E+07
  6.1299995E+03  2.8696432E+07
  6.1499985E+03  2.8298942E+07
  6.1699985E+03  2.8216716E+07
  6.1900000E+03  2.8361088E+07
  6.2099995E+03  2.8110330E+07
  6.2299985E+03  2.7723396E+07
  6.2499990E+03  2.7118998E+07
  6.2699985E+03  2.7440752E+07
  6.2900000E+03  2.7225566E+07
  6.3099985E+03  2.6790230E+07
  6.3299995E+03  2.6619318E+07
  6.3499985E+03  2.6225806E+07
  6.3699985E+03  2.6072524E+07
  6.3899995E+03  2.5982450E+07
  6.4099990E+03  2.5529916E+07
  6.4299985E+03  2.5413266E+07
  6.4499985E+03  2.4971562E+07
  6.4699990E+03  2.4833612E+07
  6.4899990E+03  2.4291714E+07
  6.5099985E+03  2.3824452E+07
  6.5299990E+03  2.2569054E+07
  6.5499985E+03  1.9031382E+07
  6.5699985E+03  1.5358252E+07
  6.5899995E+03  2.1004460E+07
  6.6099985E+03  2.2646880E+07
  6.6299990E+03  2.3073532E+07
  6.6499985E+03  2.3139410E+07
  6.6699995E+03  2.3049114E+07
  6.6899990E+03  2.2999052E+07
  6.7099995E+03  2.2840396E+07
  6.7299990E+03  2.2677400E+07
  6.7499995E+03  2.2448950E+07
  6.7699985E+03  2.2389670E+07
  6.7899995E+03  2.2212200E+07
  6.8099995E+03  2.2034808E+07
  6.8300000E+03  2.1840530E+07
  6.8499985E+03  2.1643340E+07
  6.8699985E+03  2.1540654E+07
  6.8899985E+03  2.1382452E+07
  6.9099990E+03  2.1201252E+07
  6.9299995E+03  2.1034340E+07
  6.9499990E+03  2.0879136E+07
  6.9699985E+03  2.0698226E+07
  6.9899985E+03  2.0574554E+07
  7.0099985E+03  2.0260292E+07
  7.0299985E+03  2.0181004E+07
  7.0499990E+03  2.0070452E+07
  7.0699980E+03  1.9925410E+07
  7.0899990E+03  1.9773426E+07
  7.1099990E+03  1.9280778E+07
  7.1299995E+03  1.9355062E+07
  7.1499990E+03  1.9246202E+07
  7.1699995E+03  1.9077420E+07
  7.1899985E+03  1.8908038E+07
  7.2099985E+03  1.8817778E+07
  7.2299980E+03  1.8674176E+07
  7.2499990E+03  1.8511080E+07
  7.2699995E+03  1.8442158E+07
  7.2899990E+03  1.8190112E+07
  7.3099980E+03  1.8124556E+07
  7.3299980E+03  1.7983718E+07
  7.3499980E+03  1.7908296E+07
  7.3699985E+03  1.7774468E+07
  7.3899995E+03  1.7547318E+07
  7.4099985E+03  1.7246206E+07
  7.4299995E+03  1.7222406E+07
  7.4500000E+03  1.7150422E+07
  7.4700000E+03  1.6958788E+07
  7.4899990E+03  1.6858946E+07
  7.5099985E+03  1.6802002E+07
  7.5299995E+03  1.6707548E+07
  7.5499980E+03  1.6631711E+07
  7.5699985E+03  1.6483462E+07
  7.5899990E+03  1.6362696E+07
  7.6099980E+03  1.6237125E+07
  7.6299995E+03  1.6130753E+07
  7.6499995E+03  1.5991158E+07
  7.6699980E+03  1.5769554E+07
  7.6899990E+03  1.5730314E+07
  7.7099995E+03  1.5600640E+07
  7.7299985E+03  1.5549025E+07
  7.7499990E+03  1.5391723E+07
  7.7700000E+03  1.4988722E+07
  7.7900000E+03  1.5237783E+07
  7.8099995E+03  1.5099932E+07
  7.8299980E+03  1.4924580E+07
  7.8499980E+03  1.4787494E+07
  7.8699995E+03  1.4712424E+07
  7.8900000E+03  1.4588909E+07
  7.9099995E+03  1.4482115E+07
  7.9300000E+03  1.4342657E+07
  7.9499985E+03  1.4229461E+07
  7.9699990E+03  1.4267854E+07
  7.9900000E+03  1.4048981E+07
  8.0099980E+03  1.4011213E+07
  8.0299985E+03  1.3907031E+07
  8.0500000E+03  1.3815919E+07
  8.0699985E+03  1.3737113E+07
  8.0899990E+03  1.3620348E+07
  8.1099995E+03  1.3570434E+07
  8.1299976E+03  1.3491786E+07
  8.1499976E+03  1.3391053E+07
  8.1699980E+03  1.3298476E+07
  8.1899985E+03  1.3016246E+07
  8.2099990E+03  1.2985324E+07
  8.2300000E+03  1.2886686E+07
  8.2500000E+03  1.2834245E+07
  8.2700000E+03  1.2878555E+07
  8.2899980E+03  1.2781414E+07
  8.3099990E+03  1.2658860E+07
  8.3299980E+03  1.2463503E+07
  8.3500000E+03  1.2477887E+07
  8.3699990E+03  1.2408651E+07
  8.3899990E+03  1.2232891E+07
  8.4099971E+03  1.2158804E+07
  8.4300000E+03  1.2008398E+07
  8.4499990E+03  1.1738994E+07
  8.4699980E+03  1.1727210E+07
  8.4899980E+03  1.1594146E+07
  8.5099990E+03  1.1195335E+07
  8.5299990E+03  1.1501194E+07
  8.5499990E+03  1.0664635E+07
  8.5699990E+03  1.1486413E+07
  8.5900000E+03  1.0958163E+07
  8.6099980E+03  1.0846845E+07
  8.6299990E+03  1.1378845E+07
  8.6499990E+03  1.0970312E+07
  8.6699990E+03  9.6988770E+06
  8.6899990E+03  1.0925924E+07
  8.7099971E+03  1.1280033E+07
  8.7299990E+03  1.0828008E+07
  8.7499980E+03  9.4076890E+06
  8.7699980E+03  1.0469859E+07
  8.7899980E+03  1.1097582E+07
  8.8099990E+03  1.1105982E+07
  8.8299980E+03  1.0753741E+07
  8.8499980E+03  9.8244750E+06
  8.8699980E+03  8.7741880E+06
  8.8899990E+03  1.0353092E+07
  8.9099971E+03  1.0772200E+07
  8.9299980E+03  1.0839271E+07
  8.9499980E+03  1.0881182E+07
  8.9699990E+03  1.0624354E+07
  8.9899990E+03  1.0078367E+07
  9.0099980E+03  8.3361045E+06
  9.0299990E+03  8.9797690E+06
  9.0499990E+03  1.0091908E+07
  9.0699980E+03  1.0185753E+07
  9.0899990E+03  1.0125476E+07
  9.1099980E+03  1.0376128E+07
  9.1299980E+03  1.0418397E+07
  9.1499980E+03  1.0342304E+07
  9.1699980E+03  1.0139985E+07
  9.1899990E+03  9.7930150E+06
  9.2099990E+03  9.0159300E+06
  9.2299980E+03  7.3004770E+06
  9.2499980E+03  8.6884740E+06
  9.2699971E+03  9.3244140E+06
  9.2899990E+03  9.7605470E+06
  9.3099980E+03  9.8464440E+06
  9.3299990E+03  9.8306720E+06
  9.3499980E+03  9.8127960E+06
  9.3699990E+03  9.7816760E+06
  9.3900000E+03  9.6691220E+06
  9.4099980E+03  9.3174850E+06
  9.4299971E+03  9.4987290E+06
  9.4499990E+03  9.4159550E+06
  9.4700000E+03  9.3354740E+06
  9.4899980E+03  9.1501800E+06
  9.5100000E+03  8.7864000E+06
  9.5300000E+03  8.0087115E+06
  9.5500000E+03  6.5798405E+06
  9.5699990E+03  8.0628420E+06
  9.5899980E+03  8.6391940E+06
  9.6099980E+03  8.7701160E+06
  9.6299990E+03  8.7556600E+06
  9.6499990E+03  8.8597860E+06
  9.6699980E+03  8.7583140E+06
  9.6899980E+03  8.7687380E+06
  9.7100000E+03  8.8129630E+06
  9.7299990E+03  8.7556820E+06
  9.7499980E+03  8.6575810E+06
  9.7699961E+03  8.6553270E+06
  9.7899980E+03  8.6050600E+06
  9.8099980E+03  8.5480870E+06
  9.8299990E+03  8.4848760E+06
  9.8499980E+03  8.3945410E+06
  9.8700000E+03  8.3311605E+06
  9.8899980E+03  8.2416550E+06
  9.9099990E+03  8.2011330E+06
  9.9300000E+03  8.1578130E+06
  9.9499980E+03  8.0831955E+06
  9.9699980E+03  7.9973575E+06
  9.9899990E+03  7.8389090E+06
  1.0024998E+04  7.0214375E+06
  1.0074998E+04  6.6798695E+06
  1.0124997E+04  7.5224920E+06
  1.0174997E+04  7.5764660E+06
  1.0224998E+04  7.5281315E+06
  1.0274997E+04  7.4382735E+06
  1.0325000E+04  7.3190485E+06
  1.0374999E+04  7.2192755E+06
  1.0425000E+04  7.1089405E+06
  1.0474998E+04  6.9382365E+06
  1.0524997E+04  6.8673720E+06
  1.0574999E+04  6.7833800E+06
  1.0625000E+04  6.6759700E+06
  1.0674997E+04  6.4446470E+06
  1.0724998E+04  6.4285830E+06
  1.0774999E+04  6.3362855E+06
  1.0824997E+04  6.1997655E+06
  1.0874997E+04  5.9600395E+06
  1.0924999E+04  4.9798390E+06
  1.0974996E+04  5.4281215E+06
  1.1025000E+04  5.8253075E+06
  1.1074998E+04  5.8462365E+06
  1.1124999E+04  5.7785835E+06
  1.1174998E+04  5.7082870E+06
  1.1224999E+04  5.6488755E+06
  1.1274997E+04  5.4673090E+06
  1.1325000E+04  5.4029805E+06
  1.1375000E+04  5.3896525E+06
  1.1425000E+04  5.2865900E+06
  1.1474997E+04  5.2732380E+06
  1.1525000E+04  5.2063080E+06
  1.1574998E+04  5.1268425E+06
  1.1625000E+04  4.9980870E+06
  1.1674998E+04  4.9006450E+06
  1.1724997E+04  4.9282705E+06
  1.1775001E+04  4.7547215E+06
  1.1824999E+04  4.7442340E+06
  1.1875000E+04  4.6498665E+06
  1.1925000E+04  4.6761260E+06
  1.1975001E+04  4.5572925E+06
  1.2024998E+04  4.5296365E+06
  1.2074996E+04  4.4531870E+06
  1.2125000E+04  4.4042320E+06
  1.2175000E+04  4.3660990E+06
  1.2225001E+04  4.3019720E+06
  1.2275001E+04  4.2379935E+06
  1.2324996E+04  4.1850805E+06
  1.2374996E+04  4.1370625E+06
  1.2424998E+04  4.0930942E+06
  1.2475000E+04  4.0310572E+06
  1.2524997E+04  3.9710822E+06
  1.2574997E+04  3.8890588E+06
  1.2624999E+04  3.8464958E+06
  1.2674997E+04  3.7936982E+06
  1.2724999E+04  3.7008922E+06
  1.2774999E+04  3.4688392E+06
  1.2825000E+04  2.9264952E+06
  1.2875001E+04  3.4251630E+06
  1.2924997E+04  3.5256795E+06
  1.2975001E+04  3.5238442E+06
  1.3024998E+04  3.4937345E+06
  1.3074999E+04  3.4617750E+06
  1.3125000E+04  3.4142362E+06
  1.3174998E+04  3.3631958E+06
  1.3224998E+04  3.3414748E+06
  1.3274997E+04  3.2986078E+06
  1.3324997E+04  3.2607442E+06
  1.3374999E+04  3.2182988E+06
  1.3424999E+04  3.1801570E+06
  1.3474999E+04  3.1408320E+06
  1.3525001E+04  3.0939675E+06
  1.3574999E+04  3.0517975E+06
  1.3624997E+04  3.0263968E+06
  1.3674997E+04  2.9849662E+06
  1.3724995E+04  2.9244605E+06
  1.3774998E+04  2.9094222E+06
  1.3824998E+04  2.8765895E+06
  1.3874996E+04  2.8531558E+06
  1.3925000E+04  2.8049182E+06
  1.3974996E+04  2.7792910E+06
  1.4024997E+04  2.7462935E+06
  1.4075001E+04  2.7182572E+06
  1.4124996E+04  2.6777118E+06
  1.4175000E+04  2.6524785E+06
  1.4225000E+04  2.6145025E+06
  1.4274994E+04  2.5805068E+06
  1.4325001E+04  2.5584828E+06
  1.4374998E+04  2.5336062E+06
  1.4424999E+04  2.4476350E+06
  1.4475000E+04  2.4699515E+06
  1.4524997E+04  2.4145850E+06
  1.4569999E+04  2.4128250E+06
  1.4620000E+04  2.4217295E+06
  1.4674998E+04  2.4557422E+06
  1.4725000E+04  2.4126828E+06
  1.4775002E+04  2.3663520E+06
  1.4824998E+04  2.3385910E+06
  1.4874996E+04  2.2850982E+06
  1.4924997E+04  2.2781000E+06
  1.4974999E+04  2.2314968E+06
  1.5024999E+04  2.1879662E+06
  1.5075000E+04  2.1524222E+06
  1.5124999E+04  2.1362392E+06
  1.5175000E+04  2.1077885E+06
  1.5225002E+04  2.0694250E+06
  1.5274998E+04  2.0492805E+06
  1.5324995E+04  2.0136339E+06
  1.5374997E+04  1.9927488E+06
  1.5425001E+04  1.9537241E+06
  1.5474996E+04  1.9406488E+06
  1.5524994E+04  1.9103505E+06
  1.5575001E+04  1.8850578E+06
  1.5624998E+04  1.8853581E+06
  1.5674997E+04  1.8336381E+06
  1.5724994E+04  1.8127029E+06
  1.5774996E+04  1.8165201E+06
  1.5825001E+04  1.7979880E+06
  1.5874995E+04  1.7095454E+06
  1.5925002E+04  1.7530468E+06
  1.5975001E+04  1.7828344E+06
  1.6049998E+04  1.7084446E+06
  1.6150001E+04  1.6310205E+06
  1.6249997E+04  1.6789191E+06
  1.6350000E+04  1.5831884E+06
  1.6449996E+04  1.5039952E+06
  1.6549998E+04  1.5798164E+06
  1.6649994E+04  1.5500256E+06
  1.6749998E+04  1.4409349E+06
  1.6849998E+04  1.3574055E+06
  1.6950000E+04  1.4509274E+06
  1.7049996E+04  1.4281266E+06
  1.7150000E+04  1.4014011E+06
  1.7249992E+04  1.3389899E+06
  1.7349994E+04  1.1748069E+06
  1.7449992E+04  1.2582419E+06
  1.7550000E+04  1.2775794E+06
  1.7649998E+04  1.2574600E+06
  1.7749994E+04  1.2371140E+06
  1.7849994E+04  1.2101671E+06
  1.7949998E+04  1.1858465E+06
  1.8050002E+04  1.1389551E+06
  1.8150002E+04  1.0007442E+06
  1.8249994E+04  1.0550964E+06
  1.8349992E+04  1.0844316E+06
  1.8449992E+04  1.0680489E+06
  1.8549998E+04  1.0430208E+06
  1.8650002E+04  1.0030326E+06
  1.8750002E+04  8.6954650E+05
  1.8850000E+04  9.5670125E+05
  1.8950004E+04  9.5805500E+05
  1.9049996E+04  9.5241512E+05
  1.9149998E+04  9.3318675E+05
  1.9249992E+04  9.1063606E+05
  1.9350000E+04  8.7128362E+05
  1.9449992E+04  7.6198606E+05
  1.9550002E+04  8.3936375E+05
  1.9649992E+04  8.4442462E+05
  1.9749992E+04  8.3100819E+05
  1.9849992E+04  8.1969238E+05
  1.9950002E+04  8.0493500E+05
  2.0050002E+04  7.9070306E+05
  2.0149996E+04  7.7672325E+05
  2.0249994E+04  7.6125256E+05
  2.0349994E+04  7.4605681E+05
  2.0449996E+04  7.3486850E+05
  2.0550000E+04  7.2122131E+05
  2.0649992E+04  7.0647019E+05
  2.0749998E+04  6.9462819E+05
  2.0849992E+04  6.8253056E+05
  2.0950004E+04  6.6968631E+05
  2.1050002E+04  6.5815238E+05
  2.1149992E+04  6.4467588E+05
  2.1250000E+04  6.3270706E+05
  2.1350002E+04  6.2079350E+05
  2.1449996E+04  6.0878794E+05
  2.1550006E+04  5.8622850E+05
  2.1649994E+04  5.1508784E+05
  2.1750002E+04  5.5905194E+05
  2.1849998E+04  5.6605931E+05
  2.1950002E+04  5.6113212E+05
  2.2050000E+04  5.5139725E+05
  2.2149996E+04  5.4246775E+05
  2.2249998E+04  5.3502281E+05
  2.2350004E+04  5.2604475E+05
  2.2449990E+04  5.1721347E+05
  2.2549994E+04  5.0710191E+05
  2.2650000E+04  4.9979922E+05
  2.2750000E+04  4.9176100E+05
  2.2850000E+04  4.8481812E+05
  2.2950004E+04  4.8200409E+05
  2.3050000E+04  4.7491678E+05
  2.3149996E+04  4.6665428E+05
  2.3250000E+04  4.5852972E+05
  2.3349996E+04  4.5014712E+05
  2.3449994E+04  4.4258928E+05
  2.3550002E+04  4.3489844E+05
  2.3649988E+04  4.2749741E+05
  2.3750000E+04  4.1985716E+05
  2.3849990E+04  4.1268816E+05
  2.3950002E+04  4.0591878E+05
  2.4050006E+04  3.9905241E+05
  2.4149992E+04  3.9244116E+05
  2.4249990E+04  3.8607859E+05
  2.4349990E+04  3.7967991E+05
  2.4450002E+04  3.7347953E+05
  2.4549990E+04  3.6759941E+05
  2.4649992E+04  3.6164681E+05
  2.4749992E+04  3.5655316E+05
  2.4850006E+04  3.5040062E+05
  2.4950000E+04  3.4506181E+05
  2.5050006E+04  3.4393919E+05
  2.5149994E+04  3.3640928E+05
  2.5249998E+04  3.2840222E+05
  2.5350004E+04  3.2525928E+05
  2.5449988E+04  3.2152794E+05
  2.5549998E+04  3.1449125E+05
  2.5649990E+04  3.0662719E+05
  2.5749990E+04  3.0628994E+05
  2.5849994E+04  3.0274075E+05
  2.5949990E+04  2.9833653E+05
  2.6049996E+04  2.8943281E+05
  2.6149998E+04  2.7769791E+05
  2.6249988E+04  2.5318122E+05
  2.6350008E+04  2.7347103E+05
  2.6449996E+04  2.7692156E+05
  2.6549994E+04  2.7374922E+05
  2.6649994E+04  2.6678672E+05
  2.6749988E+04  2.5648275E+05
  2.6849986E+04  2.6015686E+05
  2.6949986E+04  2.6000894E+05
  2.7050002E+04  2.5725570E+05
  2.7149998E+04  2.5400981E+05
  2.7249994E+04  2.5032258E+05
  2.7350006E+04  2.4614317E+05
  2.7450004E+04  2.4042830E+05
  2.7549996E+04  2.2756294E+05
  2.7649982E+04  2.2890138E+05
  2.7750004E+04  2.3188228E+05
  2.7850000E+04  2.3024927E+05
  2.7949992E+04  2.2772227E+05
  2.8049994E+04  2.2500016E+05
  2.8150002E+04  2.2206362E+05
  2.8250006E+04  2.1895528E+05
  2.8350000E+04  2.1570256E+05
  2.8450000E+04  2.1200591E+05
  2.8550002E+04  2.0815231E+05
  2.8650002E+04  2.0023028E+05
  2.8749982E+04  1.8968795E+05
  2.8849998E+04  1.9797077E+05
  2.8949986E+04  1.9802605E+05
  2.9049994E+04  1.9636138E+05
  2.9149986E+04  1.9386378E+05
  2.9249984E+04  1.9176994E+05
  2.9349980E+04  1.8939395E+05
  2.9450000E+04  1.8693253E+05
  2.9550004E+04  1.8456495E+05
  2.9649982E+04  1.8219958E+05
  2.9749992E+04  1.7984441E+05
  2.9849994E+04  1.7753791E+05
  2.9949984E+04  1.7507344E+05
  3.0049996E+04  1.7247069E+05
  3.0149994E+04  1.6967906E+05
  3.0249994E+04  1.6575541E+05
  3.0349996E+04  1.5438686E+05
  3.0449996E+04  1.5538573E+05
  3.0549996E+04  1.6012627E+05
  3.0649996E+04  1.5951622E+05
  3.0749994E+04  1.5805012E+05
  3.0849996E+04  1.5611670E+05
  3.0949994E+04  1.5438586E+05
  3.1049996E+04  1.5252162E+05
  3.1149996E+04  1.5026267E+05
  3.1249996E+04  1.4869684E+05
  3.1349996E+04  1.4698312E+05
  3.1449996E+04  1.4512434E+05
  3.1549998E+04  1.4343752E+05
  3.1649996E+04  1.4185561E+05
  3.1749998E+04  1.3997305E+05
  3.1849996E+04  1.3846045E+05
  3.1949994E+04  1.3679794E+05
  3.2099996E+04  1.3431591E+05
  3.2299992E+04  1.3119166E+05
  3.2499994E+04  1.2799833E+05
  3.2699996E+04  1.2424241E+05
  3.2899996E+04  1.1426491E+05
  3.3099996E+04  1.1646090E+05
  3.3299992E+04  1.1658145E+05
  3.3499996E+04  1.1440802E+05
  3.3699996E+04  1.1158457E+05
  3.3899996E+04  1.0905234E+05
  3.4099996E+04  1.0650361E+05
  3.4299996E+04  1.0420530E+05
  3.4499992E+04  1.0196246E+05
  3.4699996E+04  9.9626562E+04
  3.4899996E+04  9.7433266E+04
  3.5099996E+04  9.5271109E+04
  3.5299996E+04  9.3148531E+04
  3.5499996E+04  9.1127406E+04
  3.5699992E+04  8.9086492E+04
  3.5899992E+04  8.7167102E+04
  3.6099996E+04  8.5307758E+04
  3.6299992E+04  8.3475461E+04
  3.6499992E+04  8.1661102E+04
  3.6699992E+04  7.9962344E+04
  3.6899992E+04  7.7952430E+04
  3.7099996E+04  7.6314984E+04
  3.7299996E+04  7.2333383E+04
  3.7499992E+04  7.0093125E+04
  3.7699996E+04  7.1787336E+04
  3.7899996E+04  7.0617289E+04
  3.8099992E+04  6.8907227E+04
  3.8299996E+04  6.7662945E+04
  3.8499996E+04  6.6654242E+04
  3.8699996E+04  6.5255219E+04
  3.8899992E+04  6.3744461E+04
  3.9099996E+04  6.2130492E+04
  3.9299992E+04  6.1480227E+04
  3.9499992E+04  6.0484961E+04
  3.9699992E+04  5.9394234E+04
  3.9900000E+04  5.8123484E+04
  4.0099996E+04  5.6270637E+04
  4.0299992E+04  5.4964270E+04
  4.0499996E+04  5.1632129E+04
  4.0699992E+04  5.3336547E+04
  4.0899992E+04  5.2728363E+04
  4.1099996E+04  5.1917578E+04
  4.1299996E+04  5.0846121E+04
  4.1499992E+04  4.9620062E+04
  4.1699992E+04  4.7866984E+04
  4.1899996E+04  4.7765176E+04
  4.2099996E+04  4.7144504E+04
  4.2299992E+04  4.6468156E+04
  4.2499996E+04  4.5610508E+04
  4.2699992E+04  4.4802004E+04
  4.2899992E+04  4.3996309E+04
  4.3099996E+04  4.3201578E+04
  4.3299996E+04  4.2379434E+04
  4.3499992E+04  4.1437160E+04
  4.3699996E+04  3.9738973E+04
  4.3899996E+04  3.9577098E+04
  4.4099992E+04  3.9354539E+04
  4.4299992E+04  3.8808031E+04
  4.4499996E+04  3.8144168E+04
  4.4699996E+04  3.7577340E+04
  4.4899996E+04  3.6923770E+04
  4.5099992E+04  3.6304375E+04
  4.5299992E+04  3.5677930E+04
  4.5499996E+04  3.5073801E+04
  4.5699992E+04  3.4462633E+04
  4.5899996E+04  3.3871484E+04
  4.6099996E+04  3.3223691E+04
  4.6299992E+04  3.2441697E+04
  4.6499988E+04  3.0129945E+04
  4.6699992E+04  3.0133262E+04
  4.6899992E+04  3.0702340E+04
  4.7099992E+04  3.0532160E+04
  4.7299992E+04  3.0138111E+04
  4.7499996E+04  2.9649412E+04
  4.7699992E+04  2.9172811E+04
  4.7899992E+04  2.8709684E+04
  4.8099996E+04  2.8246717E+04
  4.8299992E+04  2.7793654E+04
  4.8499992E+04  2.7347086E+04
  4.8700000E+04  2.6913242E+04
  4.8899992E+04  2.6487166E+04
  4.9099988E+04  2.6060863E+04
  4.9299988E+04  2.5657645E+04
  4.9499996E+04  2.5252377E+04
  4.9699992E+04  2.4860430E+04
  4.9899988E+04  2.4472428E+04
  5.0099996E+04  2.4094309E+04
  5.0299996E+04  2.3719936E+04
  5.0499996E+04  2.3358111E+04
  5.0699996E+04  2.3001250E+04
  5.0899992E+04  2.2583834E+04
  5.1099992E+04  2.2006312E+04
  5.1299996E+04  2.0855893E+04
  5.1499988E+04  2.1418643E+04
  5.1699996E+04  2.1265928E+04
  5.1899992E+04  2.0994652E+04
  5.2099992E+04  2.0676941E+04
  5.2299996E+04  2.0373107E+04
  5.2499996E+04  2.0073295E+04
  5.2699996E+04  1.9776082E+04
  5.2899992E+04  1.9486822E+04
  5.3099988E+04  1.9201350E+04
  5.3299988E+04  1.8920934E+04
  5.3499992E+04  1.8645475E+04
  5.3699992E+04  1.8370979E+04
  5.3899992E+04  1.8110412E+04
  5.4099992E+04  1.7850613E+04
  5.4299984E+04  1.7590312E+04
  5.4499988E+04  1.7342219E+04
  5.4699996E+04  1.7087201E+04
  5.4899992E+04  1.6852939E+04
  5.5099992E+04  1.6616654E+04
  5.5299988E+04  1.6380881E+04
  5.5499988E+04  1.6152959E+04
  5.5699992E+04  1.5923021E+04
  5.5899992E+04  1.5693546E+04
  5.6099988E+04  1.5486088E+04
  5.6299996E+04  1.5271661E+04
  5.6499988E+04  1.5063426E+04
  5.6699988E+04  1.4855396E+04
  5.6899992E+04  1.4652237E+04
  5.7099996E+04  1.4453869E+04
  5.7299988E+04  1.4255619E+04
  5.7499988E+04  1.4063185E+04
  5.7699988E+04  1.3871941E+04
  5.7899996E+04  1.3682998E+04
  5.8099988E+04  1.3501908E+04
  5.8299996E+04  1.3322972E+04
  5.8499992E+04  1.3157176E+04
  5.8699988E+04  1.2937564E+04
  5.8899988E+04  1.2615290E+04
  5.9099992E+04  1.1941138E+04
  5.9299988E+04  1.2343897E+04
  5.9499996E+04  1.2268499E+04
  5.9699988E+04  1.2150500E+04
  5.9899992E+04  1.1992847E+04
  6.0099992E+04  1.1834937E+04
  6.0299992E+04  1.1686104E+04
  6.0499988E+04  1.1534863E+04
  6.0699992E+04  1.1385356E+04
  6.0899992E+04  1.1237563E+04
  6.1099988E+04  1.1088430E+04
  6.1299992E+04  1.0955034E+04
  6.1499988E+04  1.0816168E+04
  6.1699988E+04  1.0679857E+04
  6.1899996E+04  1.0544093E+04
  6.2099996E+04  1.0412787E+04
  6.2299988E+04  1.0275185E+04
  6.2499992E+04  1.0151662E+04
  6.2699988E+04  1.0023755E+04
  6.2899996E+04  9.9020254E+03
  6.3099984E+04  9.7759639E+03
  6.3299996E+04  9.6569297E+03
  6.3499984E+04  9.5382705E+03
  6.3699984E+04  9.4227637E+03
  6.3900000E+04  9.3066631E+03
  6.4199992E+04  9.1387236E+03
  6.4599984E+04  8.9171221E+03
  6.4999992E+04  8.7031143E+03
  6.5399992E+04  8.4977139E+03
  6.5799992E+04  8.2961260E+03
  6.6199984E+04  8.1002402E+03
  6.6599984E+04  7.9114180E+03
  6.6999992E+04  7.7273501E+03
  6.7399992E+04  7.5480806E+03
  6.7799992E+04  7.3754404E+03
  6.8199992E+04  7.2068052E+03
  6.8599992E+04  7.0427920E+03
  6.8999984E+04  6.8820864E+03
  6.9399984E+04  6.7275005E+03
  6.9800000E+04  6.5774624E+03
  7.0199992E+04  6.4310146E+03
  7.0599984E+04  6.2889634E+03
  7.0999977E+04  6.1524624E+03
  7.1399977E+04  6.0171382E+03
  7.1799984E+04  5.8862637E+03
  7.2199984E+04  5.7563237E+03
  7.2600000E+04  5.6345986E+03
  7.2999984E+04  5.5153340E+03
  7.3400000E+04  5.3970645E+03
  7.3799984E+04  5.2833838E+03
  7.4199992E+04  5.1513716E+03
  7.4599992E+04  4.8712588E+03
  7.5000000E+04  4.7704780E+03
  7.5399992E+04  4.8317227E+03
  7.5799992E+04  4.7550283E+03
  7.6199984E+04  4.6584595E+03
  7.6599992E+04  4.5635122E+03
  7.6999992E+04  4.4707271E+03
  7.7399992E+04  4.3809316E+03
  7.7799984E+04  4.2929297E+03
  7.8199984E+04  4.2071099E+03
  7.8599984E+04  4.1234194E+03
  7.8999984E+04  4.0418079E+03
  7.9399984E+04  3.9621650E+03
  7.9800000E+04  3.8844431E+03
  8.0199992E+04  3.8084246E+03
  8.0599984E+04  3.7344739E+03
  8.0999992E+04  3.6625967E+03
  8.1399977E+04  3.5916094E+03
  8.1799984E+04  3.5230688E+03
  8.2199984E+04  3.4563589E+03
  8.2599992E+04  3.3907168E+03
  8.2999984E+04  3.3268342E+03
  8.3400000E+04  3.2632581E+03
  8.3799992E+04  3.2019231E+03
  8.4199992E+04  3.1430378E+03
  8.4599977E+04  3.0853853E+03
  8.4999977E+04  3.0286743E+03
  8.5399984E+04  2.9728877E+03
  8.5799984E+04  2.9185710E+03
  8.6199992E+04  2.8653848E+03
  8.6599992E+04  2.8138086E+03
  8.6999984E+04  2.7631077E+03
  8.7399992E+04  2.7134116E+03
  8.7799992E+04  2.6650913E+03
  8.8199984E+04  2.6172920E+03
  8.8599977E+04  2.5710613E+03
  8.8999992E+04  2.5257427E+03
  8.9399977E+04  2.4815571E+03
  8.9799977E+04  2.4379617E+03
  9.0199984E+04  2.3956887E+03
  9.0599984E+04  2.3543872E+03
  9.0999992E+04  2.3134895E+03
  9.1400000E+04  2.2738477E+03
  9.1799969E+04  2.2351221E+03
  9.2199969E+04  2.1971128E+03
  9.2599984E+04  2.1598508E+03
  9.3000000E+04  2.1233647E+03
  9.3399984E+04  2.0876404E+03
  9.3799984E+04  2.0527034E+03
  9.4199977E+04  2.0184955E+03
  9.4599984E+04  1.9849596E+03
  9.4999969E+04  1.9520836E+03
  9.5399984E+04  1.9196453E+03
  9.5799984E+04  1.8885012E+03
  9.6199992E+04  1.8575225E+03
  9.6599984E+04  1.8274355E+03
  9.7000000E+04  1.7978199E+03
  9.7399977E+04  1.7685504E+03
  9.7799984E+04  1.7402487E+03
  9.8199977E+04  1.7123490E+03
  9.8599977E+04  1.6851149E+03
  9.8999992E+04  1.6584172E+03
  9.9399984E+04  1.6320950E+03
  9.9799977E+04  1.6063295E+03
  1.0019999E+05  1.5811095E+03
  1.9999991E+05  1.0128476E+02
  3.9999994E+05  6.3067484E+00
  5.9999981E+05  1.2355803E+00
  7.9999994E+05  3.8797033E-01
