  5.0599994E+02  4.4552725E-12
  5.1199994E+02  8.5593590E-12
  5.2000000E+02  1.7468485E-11
  5.2999994E+02  4.1353462E-11
  5.3999994E+02  9.3671654E-11
  5.4999988E+02  2.0767028E-10
  5.5999988E+02  4.4636153E-10
  5.6999988E+02  9.3407559E-10
  5.7999994E+02  1.8966562E-09
  5.8999988E+02  3.8061847E-09
  5.9999988E+02  7.4331550E-09
  6.0999988E+02  1.4238103E-08
  6.1999994E+02  2.6742754E-08
  6.2999988E+02  4.9338851E-08
  6.3999994E+02  8.9497092E-08
  6.4999994E+02  1.5989532E-07
  6.5799994E+02  2.5150112E-07
  6.6499988E+02  3.7066332E-07
  6.7499994E+02  6.3814559E-07
  6.8499988E+02  1.0842142E-06
  6.9499994E+02  1.8175845E-06
  7.0499988E+02  3.0031779E-06
  7.1599988E+02  5.1656630E-06
  7.2599994E+02  8.3412533E-06
  7.3499982E+02  1.2716422E-05
  7.4499994E+02  2.0102385E-05
  7.5499982E+02  3.1451214E-05
  7.6499994E+02  4.8706050E-05
  7.7499994E+02  7.4666066E-05
  7.8499982E+02  1.1337608E-04
  7.9499982E+02  1.6998815E-04
  8.0500000E+02  2.5367455E-04
  8.1499976E+02  3.7485303E-04
  8.2500000E+02  5.4861180E-04
  8.3499994E+02  7.9590926E-04
  8.4499994E+02  1.1453551E-03
  8.5499988E+02  1.6346360E-03
  8.6499994E+02  2.3143489E-03
  8.7499982E+02  3.2499062E-03
  8.8499982E+02  4.5337370E-03
  8.9499988E+02  6.2758671E-03
  9.0499994E+02  8.6185988E-03
  9.1499982E+02  2.5720766E+00
  9.2499988E+02  8.4040375E+00
  9.3499982E+02  1.0731544E+01
  9.4500000E+02  1.3823563E+01
  9.5500000E+02  1.9746548E+01
  9.6499988E+02  2.5065105E+01
  9.7499982E+02  2.8928352E+01
  9.8499976E+02  3.7286770E+01
  9.9499988E+02  4.3148170E+01
  1.0049999E+03  5.7821507E+01
  1.0149997E+03  7.1172401E+01
  1.0249998E+03  6.6538124E+01
  1.0349998E+03  1.0210455E+02
  1.0449998E+03  1.2646147E+02
  1.0549999E+03  1.5123141E+02
  1.0649999E+03  1.7276462E+02
  1.0750000E+03  2.1133237E+02
  1.0849996E+03  2.4795000E+02
  1.0949999E+03  2.7933279E+02
  1.1049999E+03  1.1831521E+03
  1.1149999E+03  2.0299905E+03
  1.1249999E+03  2.6974758E+03
  1.1349996E+03  3.1855889E+03
  1.1449999E+03  3.7801899E+03
  1.1549999E+03  3.9584470E+03
  1.1650000E+03  4.9219766E+03
  1.1749995E+03  5.3499199E+03
  1.1849996E+03  4.9412832E+03
  1.1949998E+03  2.4700916E+03
  1.2049996E+03  2.2874475E+03
  1.2149998E+03  4.6127469E+02
  1.2249996E+03  2.6498423E+03
  1.2349996E+03  6.8083560E+03
  1.2449998E+03  1.4879991E+04
  1.2549996E+03  2.4708525E+04
  1.2650000E+03  2.8731270E+04
  1.2749998E+03  9.4112312E+04
  1.2849995E+03  2.9894994E+05
  1.2949998E+03  4.8817325E+05
  1.3049995E+03  2.0437312E+05
  1.3149998E+03  1.0621228E+06
  1.3249998E+03  1.6364140E+06
  1.3349996E+03  1.4364364E+06
  1.3449995E+03  2.8926222E+06
  1.3549996E+03  3.0244945E+06
  1.3649999E+03  2.8673145E+06
  1.3749999E+03  3.4299275E+06
  1.3849996E+03  3.4467635E+06
  1.3949999E+03  3.9978490E+06
  1.4050001E+03  4.5029895E+06
  1.4149998E+03  4.1291108E+06
  1.4249998E+03  5.3147550E+06
  1.4350000E+03  4.7877735E+06
  1.4419998E+03  5.9290210E+06
  1.4469999E+03  8.6059160E+06
  1.4549994E+03  8.8642500E+06
  1.4650000E+03  7.7715415E+06
  1.4749995E+03  7.7619395E+06
  1.4849996E+03  9.5376380E+06
  1.4949998E+03  1.0792146E+07
  1.5049996E+03  1.1876030E+07
  1.5119995E+03  9.8328440E+06
  1.5169994E+03  1.0530510E+07
  1.5250001E+03  1.2370853E+07
  1.5349994E+03  1.1376546E+07
  1.5449994E+03  1.8789122E+07
  1.5549998E+03  1.5459608E+07
  1.5649999E+03  1.2966949E+07
  1.5750001E+03  1.7888786E+07
  1.5850000E+03  2.0661474E+07
  1.5949996E+03  2.4915384E+07
  1.6049999E+03  2.1503996E+07
  1.6150000E+03  1.9443122E+07
  1.6249996E+03  1.6007370E+07
  1.6350000E+03  1.8186794E+07
  1.6449996E+03  2.1236640E+07
  1.6549999E+03  1.4261810E+07
  1.6649993E+03  2.0974136E+07
  1.6720000E+03  8.3006795E+06
  1.6770001E+03  2.3167972E+07
  1.6849998E+03  2.6706254E+07
  1.6950000E+03  2.4185184E+07
  1.7049995E+03  2.1407646E+07
  1.7150000E+03  2.2935276E+07
  1.7249993E+03  2.3033512E+07
  1.7349994E+03  2.6613402E+07
  1.7449993E+03  2.5187106E+07
  1.7550001E+03  3.0643550E+07
  1.7649998E+03  2.3528698E+07
  1.7749995E+03  2.8364176E+07
  1.7849995E+03  2.6127074E+07
  1.7949999E+03  3.3536232E+07
  1.8050001E+03  3.1510960E+07
  1.8150001E+03  3.2050990E+07
  1.8249994E+03  2.9483744E+07
  1.8349993E+03  2.6979328E+07
  1.8449993E+03  2.4108986E+07
  1.8549998E+03  2.6941532E+07
  1.8650002E+03  2.8279134E+07
  1.8750001E+03  2.8245126E+07
  1.8850000E+03  2.8303550E+07
  1.8950002E+03  2.9968470E+07
  1.9049996E+03  2.7271182E+07
  1.9149999E+03  2.9376596E+07
  1.9249993E+03  3.0250494E+07
  1.9350001E+03  2.6151384E+07
  1.9449993E+03  3.1057638E+07
  1.9550002E+03  3.0915160E+07
  1.9670002E+03  3.3250856E+07
  1.9759990E+03  3.2784668E+07
  1.9839996E+03  3.1456512E+07
  1.9950001E+03  3.0285164E+07
  2.0050002E+03  2.8820826E+07
  2.0149996E+03  2.7260608E+07
  2.0249994E+03  2.6624548E+07
  2.0349995E+03  2.8700582E+07
  2.0449998E+03  3.1508642E+07
  2.0550000E+03  2.9046540E+07
  2.0649993E+03  2.7892166E+07
  2.0739993E+03  3.2523700E+07
  2.0780002E+03  3.3135802E+07
  2.0849993E+03  3.1940510E+07
  2.0950005E+03  3.0453468E+07
  2.1050002E+03  2.8046932E+07
  2.1149990E+03  2.8257370E+07
  2.1250000E+03  2.9456194E+07
  2.1350002E+03  2.2996270E+07
  2.1449998E+03  2.7169508E+07
  2.1550005E+03  2.7861372E+07
  2.1649995E+03  2.5455394E+07
  2.1750002E+03  2.5142208E+07
  2.1849998E+03  2.5960532E+07
  2.1950000E+03  2.8429980E+07
  2.2050000E+03  2.6751626E+07
  2.2149998E+03  2.3482926E+07
  2.2249998E+03  2.2526556E+07
  2.2350005E+03  2.6987034E+07
  2.2449990E+03  2.3899278E+07
  2.2549993E+03  2.2127506E+07
  2.2650000E+03  2.2484762E+07
  2.2750000E+03  2.4337290E+07
  2.2850000E+03  2.5834068E+07
  2.2950002E+03  2.3761886E+07
  2.3050000E+03  2.3939062E+07
  2.3149995E+03  2.2298658E+07
  2.3250000E+03  1.2636694E+07
  2.3349995E+03  1.7927944E+07
  2.3449993E+03  1.5372757E+07
  2.3550000E+03  2.1548950E+07
  2.3649988E+03  1.5599490E+07
  2.3750000E+03  1.8801838E+07
  2.3849990E+03  1.3484506E+07
  2.3950000E+03  1.6548332E+07
  2.4050005E+03  1.5561006E+07
  2.4149993E+03  1.7143542E+07
  2.4249990E+03  2.1524688E+07
  2.4349990E+03  2.0612484E+07
  2.4450000E+03  2.2317778E+07
  2.4549990E+03  2.1684422E+07
  2.4649990E+03  2.1414600E+07
  2.4749993E+03  2.0154556E+07
  2.4850005E+03  2.1228656E+07
  2.4950000E+03  2.0185546E+07
  2.5050005E+03  2.4488440E+07
  2.5129988E+03  1.9751872E+07
  2.5179990E+03  2.0368704E+07
  2.5249998E+03  1.7927190E+07
  2.5350007E+03  1.7854024E+07
  2.5449988E+03  1.8010658E+07
  2.5550000E+03  2.0521714E+07
  2.5649990E+03  1.9487078E+07
  2.5749990E+03  2.1877448E+07
  2.5849993E+03  2.1307658E+07
  2.5949990E+03  1.9879962E+07
  2.6049995E+03  1.8491278E+07
  2.6149998E+03  1.7600868E+07
  2.6249990E+03  2.1073826E+07
  2.6350007E+03  2.2115988E+07
  2.6449995E+03  2.7715312E+07
  2.6549998E+03  2.7487152E+07
  2.6649995E+03  2.3692274E+07
  2.6749988E+03  2.5517706E+07
  2.6849988E+03  2.4889544E+07
  2.6949988E+03  2.3698378E+07
  2.7050000E+03  2.4708186E+07
  2.7150000E+03  2.2575180E+07
  2.7249995E+03  2.2992230E+07
  2.7350007E+03  2.5210624E+07
  2.7450002E+03  1.8082120E+07
  2.7549998E+03  1.9709180E+07
  2.7649983E+03  2.1195502E+07
  2.7750005E+03  2.4159826E+07
  2.7850000E+03  2.2103522E+07
  2.7949993E+03  1.1431684E+07
  2.8049995E+03  1.4064244E+07
  2.8150002E+03  2.4554932E+07
  2.8250007E+03  2.6737912E+07
  2.8350000E+03  2.5348730E+07
  2.8450002E+03  2.4272062E+07
  2.8550005E+03  2.3091052E+07
  2.8650000E+03  2.5938696E+07
  2.8749983E+03  2.4903548E+07
  2.8850000E+03  2.5434108E+07
  2.8949988E+03  2.4071574E+07
  2.9099988E+03  2.7911658E+07
  2.9299983E+03  2.6643724E+07
  2.9499990E+03  2.6460724E+07
  2.9700005E+03  2.7177526E+07
  2.9899980E+03  2.7867856E+07
  3.0099995E+03  2.8518718E+07
  3.0299995E+03  2.8057304E+07
  3.0499995E+03  2.7856182E+07
  3.0699995E+03  2.7880946E+07
  3.0899995E+03  2.8639386E+07
  3.1099995E+03  2.7586302E+07
  3.1299998E+03  2.7530600E+07
  3.1499995E+03  2.8363664E+07
  3.1699995E+03  2.8249830E+07
  3.1899995E+03  2.6725724E+07
  3.2099998E+03  2.7701168E+07
  3.2299993E+03  2.6911422E+07
  3.2499993E+03  2.7563136E+07
  3.2699995E+03  2.7796350E+07
  3.2899995E+03  2.8114110E+07
  3.3099998E+03  2.8519148E+07
  3.3299993E+03  2.7854520E+07
  3.3499995E+03  2.7525268E+07
  3.3699995E+03  2.7420784E+07
  3.3899993E+03  2.7366680E+07
  3.4099993E+03  2.7973526E+07
  3.4299995E+03  2.8064214E+07
  3.4499993E+03  2.7862270E+07
  3.4699998E+03  2.7450024E+07
  3.4899993E+03  2.7243958E+07
  3.5099995E+03  2.7941626E+07
  3.5299995E+03  2.8060960E+07
  3.5499995E+03  2.8330986E+07
  3.5699995E+03  2.7506906E+07
  3.5899995E+03  2.7379294E+07
  3.6099995E+03  2.7430022E+07
  3.6299993E+03  2.7571176E+07
  3.6399993E+03  2.7423590E+07
  3.6499995E+03  2.8067290E+07
  3.6699993E+03  2.5935176E+07
  3.6899995E+03  2.8509324E+07
  3.7099995E+03  3.9416552E+07
  3.7299998E+03  4.2956488E+07
  3.7499993E+03  5.8610972E+07
  3.7699993E+03  6.1749368E+07
  3.7899995E+03  7.7995064E+07
  3.8099993E+03  8.9015432E+07
  3.8299998E+03  6.8880296E+07
  3.8499995E+03  9.4919704E+07
  3.8699995E+03  1.0308977E+08
  3.8899995E+03  6.1971836E+07
  3.9099995E+03  1.0007709E+08
  3.9299993E+03  8.4130704E+07
  3.9499993E+03  9.8507176E+07
  3.9699998E+03  5.5878080E+07
  3.9899995E+03  9.7893200E+07
  4.0099995E+03  1.0073097E+08
  4.0299993E+03  9.9227952E+07
  4.0499993E+03  9.8383568E+07
  4.0699993E+03  9.5472248E+07
  4.0899995E+03  8.2796104E+07
  4.1099995E+03  6.2941628E+07
  4.1299995E+03  9.0991168E+07
  4.1499990E+03  9.2968712E+07
  4.1699990E+03  9.0909152E+07
  4.1899995E+03  8.9796552E+07
  4.2099995E+03  8.9132456E+07
  4.2299995E+03  8.7068296E+07
  4.2499995E+03  8.6138128E+07
  4.2699990E+03  8.3797912E+07
  4.2899995E+03  8.4457432E+07
  4.3100000E+03  8.0087784E+07
  4.3299995E+03  6.6586208E+07
  4.3499995E+03  5.6641864E+07
  4.3699995E+03  7.9734400E+07
  4.3899995E+03  7.8698736E+07
  4.4099995E+03  7.7263976E+07
  4.4299995E+03  7.7078544E+07
  4.4499995E+03  7.6956088E+07
  4.4699995E+03  7.6005016E+07
  4.4899995E+03  7.4658560E+07
  4.5099990E+03  7.5125856E+07
  4.5299995E+03  7.3035648E+07
  4.5499990E+03  7.0984696E+07
  4.5699995E+03  7.2525744E+07
  4.5899990E+03  7.0180256E+07
  4.6099990E+03  7.1448144E+07
  4.6299990E+03  6.8979912E+07
  4.6499990E+03  6.9515088E+07
  4.6699990E+03  6.8471808E+07
  4.6899990E+03  6.7243384E+07
  4.7099995E+03  6.4616968E+07
  4.7299990E+03  6.6159712E+07
  4.7499995E+03  6.5735640E+07
  4.7699995E+03  6.4779892E+07
  4.7899990E+03  6.4028268E+07
  4.8099995E+03  6.2778804E+07
  4.8299995E+03  6.1237760E+07
  4.8499990E+03  5.0754276E+07
  4.8700000E+03  4.0434204E+07
  4.8899990E+03  5.8312100E+07
  4.9099990E+03  5.9113168E+07
  4.9299990E+03  5.7952512E+07
  4.9499995E+03  5.7971000E+07
  4.9699995E+03  5.7935472E+07
  4.9899990E+03  5.6502180E+07
  5.0099995E+03  5.4717632E+07
  5.0299995E+03  5.5090416E+07
  5.0499995E+03  5.4142312E+07
  5.0699995E+03  5.4322760E+07
  5.0899995E+03  5.3709120E+07
  5.1099990E+03  5.3099084E+07
  5.1299995E+03  5.2184824E+07
  5.1499985E+03  5.1239132E+07
  5.1700000E+03  5.0032992E+07
  5.1899990E+03  4.9621564E+07
  5.2099990E+03  4.9625776E+07
  5.2299995E+03  4.8543144E+07
  5.2499995E+03  4.8979060E+07
  5.2699995E+03  4.7110460E+07
  5.2899990E+03  4.7928836E+07
  5.3099995E+03  4.6798864E+07
  5.3299990E+03  4.6145956E+07
  5.3499995E+03  4.6615004E+07
  5.3699995E+03  4.5773288E+07
  5.3899995E+03  4.5329192E+07
  5.4099990E+03  4.4487512E+07
  5.4299990E+03  4.4187236E+07
  5.4499990E+03  4.4137484E+07
  5.4699995E+03  4.3657924E+07
  5.4899995E+03  4.3377908E+07
  5.5099995E+03  4.2831532E+07
  5.5299985E+03  4.2229096E+07
  5.5499990E+03  4.2089172E+07
  5.5699990E+03  4.1493600E+07
  5.5899995E+03  4.1194800E+07
  5.6099990E+03  4.0856120E+07
  5.6299995E+03  4.0464140E+07
  5.6499990E+03  3.9962216E+07
  5.6699990E+03  3.9503840E+07
  5.6899995E+03  3.9253380E+07
  5.7099995E+03  3.8866800E+07
  5.7299990E+03  3.8567272E+07
  5.7499990E+03  3.8086368E+07
  5.7699990E+03  3.7743588E+07
  5.7899995E+03  3.7313588E+07
  5.8099985E+03  3.6971212E+07
  5.8300000E+03  3.6607132E+07
  5.8499990E+03  3.6272504E+07
  5.8699985E+03  3.5874872E+07
  5.8899985E+03  3.5172308E+07
  5.9099995E+03  3.5174088E+07
  5.9299985E+03  3.4844036E+07
  5.9499995E+03  3.4409044E+07
  5.9699990E+03  3.4141900E+07
  5.9899990E+03  3.3679092E+07
  6.0099990E+03  3.3388562E+07
  6.0299995E+03  3.3158112E+07
  6.0499990E+03  3.2811626E+07
  6.0699990E+03  3.2546684E+07
  6.0899995E+03  3.2208314E+07
  6.1099985E+03  3.1856532E+07
  6.1299995E+03  3.1486574E+07
  6.1499985E+03  3.0718364E+07
  6.1699985E+03  3.0893608E+07
  6.1900000E+03  3.0700178E+07
  6.2099995E+03  3.0433394E+07
  6.2299985E+03  3.0071372E+07
  6.2499990E+03  2.9365174E+07
  6.2699985E+03  2.9597872E+07
  6.2900000E+03  2.9324236E+07
  6.3099985E+03  2.8903052E+07
  6.3299995E+03  2.8727276E+07
  6.3499985E+03  2.8172888E+07
  6.3699985E+03  2.7986970E+07
  6.3899995E+03  2.7904310E+07
  6.4099990E+03  2.7537906E+07
  6.4299985E+03  2.7390562E+07
  6.4499985E+03  2.6843344E+07
  6.4699990E+03  2.6930526E+07
  6.4899990E+03  2.6442810E+07
  6.5099985E+03  2.6219252E+07
  6.5299990E+03  2.5757610E+07
  6.5499985E+03  2.3025048E+07
  6.5699985E+03  1.8249760E+07
  6.5899995E+03  2.4594120E+07
  6.6099985E+03  2.5061166E+07
  6.6299990E+03  2.4971042E+07
  6.6499985E+03  2.4793808E+07
  6.6699995E+03  2.4584368E+07
  6.6899990E+03  2.4394668E+07
  6.7099995E+03  2.4192562E+07
  6.7299990E+03  2.3920896E+07
  6.7499995E+03  2.3742970E+07
  6.7699985E+03  2.3575772E+07
  6.7899995E+03  2.3357008E+07
  6.8099995E+03  2.3159090E+07
  6.8300000E+03  2.2915436E+07
  6.8499985E+03  2.2731248E+07
  6.8699985E+03  2.2555188E+07
  6.8899985E+03  2.2364914E+07
  6.9099990E+03  2.2164622E+07
  6.9299995E+03  2.1964704E+07
  6.9499990E+03  2.1781534E+07
  6.9699985E+03  2.1580720E+07
  6.9899985E+03  2.1421160E+07
  7.0099985E+03  2.1139640E+07
  7.0299985E+03  2.1021814E+07
  7.0499990E+03  2.0855714E+07
  7.0699980E+03  2.0697194E+07
  7.0899990E+03  2.0527372E+07
  7.1099990E+03  2.0079674E+07
  7.1299995E+03  2.0108724E+07
  7.1499990E+03  1.9966910E+07
  7.1699995E+03  1.9811704E+07
  7.1899985E+03  1.9629498E+07
  7.2099985E+03  1.9478714E+07
  7.2299980E+03  1.9273084E+07
  7.2499990E+03  1.9130338E+07
  7.2699995E+03  1.9017384E+07
  7.2899990E+03  1.8813226E+07
  7.3099980E+03  1.8634990E+07
  7.3299980E+03  1.8534840E+07
  7.3499980E+03  1.8392962E+07
  7.3699985E+03  1.8262058E+07
  7.3899995E+03  1.8081252E+07
  7.4099985E+03  1.7831464E+07
  7.4299995E+03  1.7695328E+07
  7.4500000E+03  1.7584834E+07
  7.4700000E+03  1.7363194E+07
  7.4899990E+03  1.7293432E+07
  7.5099985E+03  1.7171386E+07
  7.5299995E+03  1.7082946E+07
  7.5499980E+03  1.6974720E+07
  7.5699985E+03  1.6824004E+07
  7.5899990E+03  1.6697523E+07
  7.6099980E+03  1.6569545E+07
  7.6299995E+03  1.6432313E+07
  7.6499995E+03  1.6275048E+07
  7.6699980E+03  1.6131372E+07
  7.6899990E+03  1.6028459E+07
  7.7099995E+03  1.5842103E+07
  7.7299985E+03  1.5792392E+07
  7.7499990E+03  1.5662062E+07
  7.7700000E+03  1.5198391E+07
  7.7900000E+03  1.5430234E+07
  7.8099995E+03  1.5306223E+07
  7.8299980E+03  1.5159928E+07
  7.8499980E+03  1.5000246E+07
  7.8699995E+03  1.4868135E+07
  7.8900000E+03  1.4730520E+07
  7.9099995E+03  1.4663349E+07
  7.9300000E+03  1.4576897E+07
  7.9499985E+03  1.4389206E+07
  7.9699990E+03  1.4387655E+07
  7.9900000E+03  1.4088518E+07
  8.0099980E+03  1.4152721E+07
  8.0299985E+03  1.4034983E+07
  8.0500000E+03  1.3942654E+07
  8.0699985E+03  1.3825621E+07
  8.0899990E+03  1.3726261E+07
  8.1099995E+03  1.3630004E+07
  8.1299976E+03  1.3537954E+07
  8.1499976E+03  1.3436427E+07
  8.1699980E+03  1.3335728E+07
  8.1899985E+03  1.3101618E+07
  8.2099990E+03  1.3075309E+07
  8.2300000E+03  1.2966780E+07
  8.2500000E+03  1.2904541E+07
  8.2700000E+03  1.2909953E+07
  8.2899980E+03  1.2701927E+07
  8.3099990E+03  1.2469556E+07
  8.3299980E+03  1.2105169E+07
  8.3500000E+03  1.1993750E+07
  8.3699990E+03  1.1702044E+07
  8.3899990E+03  1.1635617E+07
  8.4099971E+03  1.1562235E+07
  8.4300000E+03  1.1888590E+07
  8.4499990E+03  1.1822885E+07
  8.4699980E+03  1.1037713E+07
  8.4899980E+03  1.2676574E+07
  8.5099990E+03  1.0878531E+07
  8.5299990E+03  1.3058125E+07
  8.5499990E+03  1.0300284E+07
  8.5699990E+03  1.3393549E+07
  8.5900000E+03  1.1769444E+07
  8.6099980E+03  1.1280840E+07
  8.6299990E+03  1.3474536E+07
  8.6499990E+03  1.2712430E+07
  8.6699990E+03  9.8181580E+06
  8.6899990E+03  1.2801206E+07
  8.7099971E+03  1.3322508E+07
  8.7299990E+03  1.2790446E+07
  8.7499980E+03  9.7319560E+06
  8.7699980E+03  1.2183242E+07
  8.7899980E+03  1.3040635E+07
  8.8099990E+03  1.2960619E+07
  8.8299980E+03  1.2627046E+07
  8.8499980E+03  1.1475275E+07
  8.8699980E+03  9.4771190E+06
  8.8899990E+03  1.2231226E+07
  8.9099971E+03  1.2461110E+07
  8.9299980E+03  1.2412912E+07
  8.9499980E+03  1.2433219E+07
  8.9699990E+03  1.2274825E+07
  8.9899990E+03  1.1873464E+07
  9.0099980E+03  9.3617010E+06
  9.0299990E+03  1.0433276E+07
  9.0499990E+03  1.1761626E+07
  9.0699980E+03  1.1583420E+07
  9.0899990E+03  1.1463655E+07
  9.1099980E+03  1.1643071E+07
  9.1299980E+03  1.1621041E+07
  9.1499980E+03  1.1585595E+07
  9.1699980E+03  1.1441924E+07
  9.1899990E+03  1.1212408E+07
  9.2099990E+03  1.0605932E+07
  9.2299980E+03  8.1362575E+06
  9.2499980E+03  1.0214119E+07
  9.2699971E+03  1.0627788E+07
  9.2899990E+03  1.0959662E+07
  9.3099980E+03  1.0930447E+07
  9.3299990E+03  1.0855936E+07
  9.3499980E+03  1.0800496E+07
  9.3699990E+03  1.0732552E+07
  9.3900000E+03  1.0560834E+07
  9.4099980E+03  1.0328794E+07
  9.4299971E+03  1.0456610E+07
  9.4499990E+03  1.0395940E+07
  9.4700000E+03  1.0306283E+07
  9.4899980E+03  1.0216878E+07
  9.5100000E+03  1.0040647E+07
  9.5300000E+03  9.3676250E+06
  9.5500000E+03  7.3977265E+06
  9.5699990E+03  9.4075390E+06
  9.5899980E+03  9.7947720E+06
  9.6099980E+03  9.7348740E+06
  9.6299990E+03  9.5835750E+06
  9.6499990E+03  9.6887230E+06
  9.6699980E+03  9.5447440E+06
  9.6899980E+03  9.5330690E+06
  9.7100000E+03  9.5230020E+06
  9.7299990E+03  9.4460930E+06
  9.7499980E+03  9.3653720E+06
  9.7699961E+03  9.3231260E+06
  9.7899980E+03  9.2571600E+06
  9.8099980E+03  9.1834390E+06
  9.8299990E+03  9.1020500E+06
  9.8499980E+03  9.0053290E+06
  9.8700000E+03  8.9619050E+06
  9.8899980E+03  8.8571410E+06
  9.9099990E+03  8.8498120E+06
  9.9300000E+03  8.7729350E+06
  9.9499980E+03  8.7323770E+06
  9.9699980E+03  8.6807020E+06
  9.9899990E+03  8.5980370E+06
  1.0024998E+04  7.9578295E+06
  1.0074998E+04  7.5394420E+06
  1.0124997E+04  8.1450175E+06
  1.0174997E+04  8.0990055E+06
  1.0224998E+04  7.9861185E+06
  1.0274997E+04  7.8589845E+06
  1.0325000E+04  7.7151985E+06
  1.0374999E+04  7.5948160E+06
  1.0425000E+04  7.4739550E+06
  1.0474998E+04  7.3004620E+06
  1.0524997E+04  7.1945355E+06
  1.0574999E+04  7.1013940E+06
  1.0625000E+04  6.9919985E+06
  1.0674997E+04  6.7778880E+06
  1.0724998E+04  6.7344885E+06
  1.0774999E+04  6.6435760E+06
  1.0824997E+04  6.5440900E+06
  1.0874997E+04  6.4072815E+06
  1.0924999E+04  5.5309450E+06
  1.0974996E+04  6.0073715E+06
  1.1025000E+04  6.1594215E+06
  1.1074998E+04  6.0824330E+06
  1.1124999E+04  5.9843535E+06
  1.1174998E+04  5.8950235E+06
  1.1224999E+04  5.8085375E+06
  1.1274997E+04  5.6285220E+06
  1.1325000E+04  5.5551365E+06
  1.1375000E+04  5.5337760E+06
  1.1425000E+04  5.4384020E+06
  1.1474997E+04  5.3842480E+06
  1.1525000E+04  5.3072805E+06
  1.1574998E+04  5.2244135E+06
  1.1625000E+04  5.1070870E+06
  1.1674998E+04  5.0081600E+06
  1.1724997E+04  4.9997935E+06
  1.1775001E+04  4.8514510E+06
  1.1824999E+04  4.8210195E+06
  1.1875000E+04  4.7297460E+06
  1.1925000E+04  4.7185135E+06
  1.1975001E+04  4.6171910E+06
  1.2024998E+04  4.5752295E+06
  1.2074996E+04  4.4968535E+06
  1.2125000E+04  4.4378015E+06
  1.2175000E+04  4.3846525E+06
  1.2225001E+04  4.3188615E+06
  1.2275001E+04  4.2502450E+06
  1.2324996E+04  4.1942568E+06
  1.2374996E+04  4.1409985E+06
  1.2424998E+04  4.0904102E+06
  1.2475000E+04  4.0177428E+06
  1.2524997E+04  3.9732438E+06
  1.2574997E+04  3.8931088E+06
  1.2624999E+04  3.8533500E+06
  1.2674997E+04  3.8136305E+06
  1.2724999E+04  3.7555668E+06
  1.2774999E+04  3.6475100E+06
  1.2825000E+04  3.1816502E+06
  1.2875001E+04  3.5687965E+06
  1.2924997E+04  3.5568008E+06
  1.2975001E+04  3.5146692E+06
  1.3024998E+04  3.4695298E+06
  1.3074999E+04  3.4243128E+06
  1.3125000E+04  3.3777148E+06
  1.3174998E+04  3.3200055E+06
  1.3224998E+04  3.2897795E+06
  1.3274997E+04  3.2466600E+06
  1.3324997E+04  3.2045172E+06
  1.3374999E+04  3.1622810E+06
  1.3424999E+04  3.1199570E+06
  1.3474999E+04  3.0777580E+06
  1.3525001E+04  3.0330065E+06
  1.3574999E+04  2.9939428E+06
  1.3624997E+04  2.9602395E+06
  1.3674997E+04  2.9182845E+06
  1.3724995E+04  2.8664630E+06
  1.3774998E+04  2.8464845E+06
  1.3824998E+04  2.8109522E+06
  1.3874996E+04  2.7799675E+06
  1.3925000E+04  2.7380835E+06
  1.3974996E+04  2.7083040E+06
  1.4024997E+04  2.6750460E+06
  1.4075001E+04  2.6427608E+06
  1.4124996E+04  2.6076582E+06
  1.4175000E+04  2.5765435E+06
  1.4225000E+04  2.5439408E+06
  1.4274994E+04  2.5119175E+06
  1.4325001E+04  2.4817430E+06
  1.4374998E+04  2.4526590E+06
  1.4424999E+04  2.3909660E+06
  1.4475000E+04  2.3917372E+06
  1.4524997E+04  2.3465508E+06
  1.4569999E+04  2.3366920E+06
  1.4620000E+04  2.3690298E+06
  1.4674998E+04  2.4139330E+06
  1.4725000E+04  2.3450942E+06
  1.4775002E+04  2.2710905E+06
  1.4824998E+04  2.2206588E+06
  1.4874996E+04  2.1630195E+06
  1.4924997E+04  2.1301162E+06
  1.4974999E+04  2.0858438E+06
  1.5024999E+04  2.0441154E+06
  1.5075000E+04  2.0161554E+06
  1.5124999E+04  1.9941196E+06
  1.5175000E+04  1.9772378E+06
  1.5225002E+04  1.9876752E+06
  1.5274998E+04  1.9128448E+06
  1.5324995E+04  1.9066400E+06
  1.5374997E+04  1.9368105E+06
  1.5425001E+04  1.8378211E+06
  1.5474996E+04  1.9058818E+06
  1.5524994E+04  1.8972210E+06
  1.5575001E+04  1.7527402E+06
  1.5624998E+04  1.9095848E+06
  1.5674997E+04  1.8041991E+06
  1.5724994E+04  1.7092549E+06
  1.5774996E+04  1.8474035E+06
  1.5825001E+04  1.8252166E+06
  1.5874995E+04  1.6013160E+06
  1.5925002E+04  1.7508186E+06
  1.5975001E+04  1.7832770E+06
  1.6049998E+04  1.7213144E+06
  1.6150001E+04  1.6034325E+06
  1.6249997E+04  1.6790616E+06
  1.6350000E+04  1.6061596E+06
  1.6449996E+04  1.5002362E+06
  1.6549998E+04  1.5718389E+06
  1.6649994E+04  1.5386105E+06
  1.6749998E+04  1.4696704E+06
  1.6849998E+04  1.3741242E+06
  1.6950000E+04  1.4400439E+06
  1.7049996E+04  1.4082988E+06
  1.7150000E+04  1.3811634E+06
  1.7249992E+04  1.3431679E+06
  1.7349994E+04  1.2146675E+06
  1.7449992E+04  1.2775424E+06
  1.7550000E+04  1.2632685E+06
  1.7649998E+04  1.2370222E+06
  1.7749994E+04  1.2141558E+06
  1.7849994E+04  1.1887660E+06
  1.7949998E+04  1.1673841E+06
  1.8050002E+04  1.1369084E+06
  1.8150002E+04  1.0398218E+06
  1.8249994E+04  1.0784314E+06
  1.8349992E+04  1.0749889E+06
  1.8449992E+04  1.0541372E+06
  1.8549998E+04  1.0311748E+06
  1.8650002E+04  1.0086432E+06
  1.8750002E+04  9.1650388E+05
  1.8850000E+04  9.6585138E+05
  1.8950004E+04  9.5182344E+05
  1.9049996E+04  9.3709269E+05
  1.9149998E+04  9.1895856E+05
  1.9249992E+04  9.0094731E+05
  1.9350000E+04  8.7963475E+05
  1.9449992E+04  8.0163094E+05
  1.9550002E+04  8.4687469E+05
  1.9649992E+04  8.3498012E+05
  1.9749992E+04  8.1845238E+05
  1.9849992E+04  8.0432756E+05
  1.9950002E+04  7.8945875E+05
  2.0050002E+04  7.7501538E+05
  2.0149996E+04  7.6089381E+05
  2.0249994E+04  7.4680112E+05
  2.0349994E+04  7.3304794E+05
  2.0449996E+04  7.2018481E+05
  2.0550000E+04  7.0717988E+05
  2.0649992E+04  6.9395131E+05
  2.0749998E+04  6.8183600E+05
  2.0849992E+04  6.6986938E+05
  2.0950004E+04  6.5800412E+05
  2.1050002E+04  6.4623238E+05
  2.1149992E+04  6.3365150E+05
  2.1250000E+04  6.2273731E+05
  2.1350002E+04  6.1206575E+05
  2.1449996E+04  6.0237669E+05
  2.1550006E+04  5.8988712E+05
  2.1649994E+04  5.4047006E+05
  2.1750002E+04  5.6751738E+05
  2.1849998E+04  5.6217700E+05
  2.1950002E+04  5.5305481E+05
  2.2050000E+04  5.4335444E+05
  2.2149996E+04  5.3346062E+05
  2.2249998E+04  5.2564756E+05
  2.2350004E+04  5.1687381E+05
  2.2449990E+04  5.0833334E+05
  2.2549994E+04  4.9944869E+05
  2.2650000E+04  4.9166275E+05
  2.2750000E+04  4.8363038E+05
  2.2850000E+04  4.7833866E+05
  2.2950004E+04  4.7870666E+05
  2.3050000E+04  4.6894638E+05
  2.3149996E+04  4.5890772E+05
  2.3250000E+04  4.4947659E+05
  2.3349996E+04  4.4050116E+05
  2.3449994E+04  4.3181962E+05
  2.3550002E+04  4.2330981E+05
  2.3649988E+04  4.1577759E+05
  2.3750000E+04  4.0856309E+05
  2.3849990E+04  4.0158794E+05
  2.3950002E+04  3.9520006E+05
  2.4050006E+04  3.8820769E+05
  2.4149992E+04  3.8102719E+05
  2.4249990E+04  3.7976191E+05
  2.4349990E+04  3.7042234E+05
  2.4450002E+04  3.6385016E+05
  2.4549990E+04  3.6333019E+05
  2.4649992E+04  3.5433688E+05
  2.4749992E+04  3.4935141E+05
  2.4850006E+04  3.5131572E+05
  2.4950000E+04  3.3017409E+05
  2.5050006E+04  3.4432944E+05
  2.5149994E+04  3.3713594E+05
  2.5249998E+04  3.1427388E+05
  2.5350004E+04  3.2574003E+05
  2.5449988E+04  3.2345316E+05
  2.5549998E+04  3.1610138E+05
  2.5649990E+04  2.9437331E+05
  2.5749990E+04  3.0781834E+05
  2.5849994E+04  3.0502969E+05
  2.5949990E+04  3.0067503E+05
  2.6049996E+04  2.9197541E+05
  2.6149998E+04  2.7312522E+05
  2.6249988E+04  2.6589822E+05
  2.6350008E+04  2.8100762E+05
  2.6449996E+04  2.7974328E+05
  2.6549994E+04  2.7574803E+05
  2.6649994E+04  2.6990044E+05
  2.6749988E+04  2.4956469E+05
  2.6849986E+04  2.6251366E+05
  2.6949986E+04  2.6094778E+05
  2.7050002E+04  2.5726598E+05
  2.7149998E+04  2.5383092E+05
  2.7249994E+04  2.5030227E+05
  2.7350006E+04  2.4679289E+05
  2.7450004E+04  2.4258319E+05
  2.7549996E+04  2.2523005E+05
  2.7649982E+04  2.3137998E+05
  2.7750004E+04  2.3328147E+05
  2.7850000E+04  2.3041442E+05
  2.7949992E+04  2.2731717E+05
  2.8049994E+04  2.2424362E+05
  2.8150002E+04  2.2120309E+05
  2.8250006E+04  2.1823303E+05
  2.8350000E+04  2.1535102E+05
  2.8450000E+04  2.1228983E+05
  2.8550002E+04  2.0945106E+05
  2.8650002E+04  2.0392498E+05
  2.8749982E+04  1.9030783E+05
  2.8849998E+04  2.0046022E+05
  2.8949986E+04  1.9858344E+05
  2.9049994E+04  1.9623192E+05
  2.9149986E+04  1.9338053E+05
  2.9249984E+04  1.9114025E+05
  2.9349980E+04  1.8868547E+05
  2.9450000E+04  1.8625925E+05
  2.9550004E+04  1.8387895E+05
  2.9649982E+04  1.8151823E+05
  2.9749992E+04  1.7919742E+05
  2.9849994E+04  1.7692906E+05
  2.9949984E+04  1.7465766E+05
  3.0049996E+04  1.7243733E+05
  3.0149994E+04  1.7022612E+05
  3.0249994E+04  1.6765333E+05
  3.0349996E+04  1.5738478E+05
  3.0449996E+04  1.5918881E+05
  3.0549996E+04  1.6158750E+05
  3.0649996E+04  1.5990120E+05
  3.0749994E+04  1.5792264E+05
  3.0849996E+04  1.5579608E+05
  3.0949994E+04  1.5402797E+05
  3.1049996E+04  1.5211131E+05
  3.1149996E+04  1.5017725E+05
  3.1249996E+04  1.4834580E+05
  3.1349996E+04  1.4662662E+05
  3.1449996E+04  1.4477011E+05
  3.1549998E+04  1.4315366E+05
  3.1649996E+04  1.4145697E+05
  3.1749998E+04  1.3968905E+05
  3.1849996E+04  1.3809280E+05
  3.1949994E+04  1.3642889E+05
  3.2099996E+04  1.3400147E+05
  3.2299992E+04  1.3087750E+05
  3.2499994E+04  1.2781642E+05
  3.2699996E+04  1.2478850E+05
  3.2899996E+04  1.1707716E+05
  3.3099996E+04  1.1903297E+05
  3.3299992E+04  1.1719637E+05
  3.3499996E+04  1.1437445E+05
  3.3699996E+04  1.1141539E+05
  3.3899996E+04  1.0876712E+05
  3.4099996E+04  1.0617963E+05
  3.4299996E+04  1.0370255E+05
  3.4499992E+04  1.0137691E+05
  3.4699996E+04  9.9025836E+04
  3.4899996E+04  9.6814656E+04
  3.5099996E+04  9.4742109E+04
  3.5299996E+04  9.2746438E+04
  3.5499996E+04  9.0565414E+04
  3.5699992E+04  8.8453914E+04
  3.5899992E+04  8.7415562E+04
  3.6099996E+04  8.4550375E+04
  3.6299992E+04  8.3892883E+04
  3.6499992E+04  8.0869312E+04
  3.6699992E+04  8.0622445E+04
  3.6899992E+04  7.7188781E+04
  3.7099996E+04  7.7201797E+04
  3.7299996E+04  7.4372352E+04
  3.7499992E+04  7.0888789E+04
  3.7699996E+04  7.2680609E+04
  3.7899996E+04  7.1404109E+04
  3.8099992E+04  6.8582828E+04
  3.8299996E+04  6.7555086E+04
  3.8499996E+04  6.7241359E+04
  3.8699996E+04  6.5848859E+04
  3.8899992E+04  6.4319570E+04
  3.9099996E+04  6.1171906E+04
  3.9299992E+04  6.2033926E+04
  3.9499992E+04  6.0885777E+04
  3.9699992E+04  5.9738441E+04
  3.9900000E+04  5.8521035E+04
  4.0099996E+04  5.6504926E+04
  4.0299992E+04  5.4924840E+04
  4.0499996E+04  5.3317977E+04
  4.0699992E+04  5.4139371E+04
  4.0899992E+04  5.3201305E+04
  4.1099996E+04  5.2243195E+04
  4.1299996E+04  5.1270184E+04
  4.1499992E+04  5.0208480E+04
  4.1699992E+04  4.7496512E+04
  4.1899996E+04  4.8350996E+04
  4.2099996E+04  4.7567488E+04
  4.2299992E+04  4.6737660E+04
  4.2499996E+04  4.5890000E+04
  4.2699992E+04  4.5064414E+04
  4.2899992E+04  4.4256285E+04
  4.3099996E+04  4.3463195E+04
  4.3299996E+04  4.2688875E+04
  4.3499992E+04  4.1909012E+04
  4.3699996E+04  3.9776449E+04
  4.3899996E+04  4.0126402E+04
  4.4099992E+04  3.9753590E+04
  4.4299992E+04  3.9071023E+04
  4.4499996E+04  3.8391484E+04
  4.4699996E+04  3.7922379E+04
  4.4899996E+04  3.7265742E+04
  4.5099992E+04  3.6635914E+04
  4.5299992E+04  3.6004707E+04
  4.5499996E+04  3.5397715E+04
  4.5699992E+04  3.4792742E+04
  4.5899996E+04  3.4204082E+04
  4.6099996E+04  3.3640270E+04
  4.6299992E+04  3.3016367E+04
  4.6499988E+04  3.1307754E+04
  4.6699992E+04  3.0585848E+04
  4.6899992E+04  3.1301795E+04
  4.7099992E+04  3.0944826E+04
  4.7299992E+04  3.0441211E+04
  4.7499996E+04  2.9931598E+04
  4.7699992E+04  2.9454291E+04
  4.7899992E+04  2.8983893E+04
  4.8099996E+04  2.8518648E+04
  4.8299992E+04  2.8060107E+04
  4.8499992E+04  2.7612949E+04
  4.8700000E+04  2.7175340E+04
  4.8899992E+04  2.6743971E+04
  4.9099988E+04  2.6318707E+04
  4.9299988E+04  2.5908748E+04
  4.9499996E+04  2.5502992E+04
  4.9699992E+04  2.5105984E+04
  4.9899988E+04  2.4712992E+04
  5.0099996E+04  2.4332959E+04
  5.0299996E+04  2.3956689E+04
  5.0499996E+04  2.3591518E+04
  5.0699996E+04  2.3231352E+04
  5.0899992E+04  2.2876111E+04
  5.1099992E+04  2.2442025E+04
  5.1299996E+04  2.1278191E+04
  5.1499988E+04  2.1805000E+04
  5.1699996E+04  2.1526678E+04
  5.1899992E+04  2.1205844E+04
  5.2099992E+04  2.0889291E+04
  5.2299996E+04  2.0579701E+04
  5.2499996E+04  2.0275584E+04
  5.2699996E+04  1.9976840E+04
  5.2899992E+04  1.9684719E+04
  5.3099988E+04  1.9396426E+04
  5.3299988E+04  1.9113219E+04
  5.3499992E+04  1.8836328E+04
  5.3699992E+04  1.8561719E+04
  5.3899992E+04  1.8295848E+04
  5.4099992E+04  1.8033391E+04
  5.4299984E+04  1.7775584E+04
  5.4499988E+04  1.7521057E+04
  5.4699996E+04  1.7271029E+04
  5.4899992E+04  1.7029180E+04
  5.5099992E+04  1.6789137E+04
  5.5299988E+04  1.6552119E+04
  5.5499988E+04  1.6320519E+04
  5.5699992E+04  1.6090594E+04
  5.5899992E+04  1.5862332E+04
  5.6099988E+04  1.5647688E+04
  5.6299996E+04  1.5433304E+04
  5.6499988E+04  1.5221565E+04
  5.6699988E+04  1.5011251E+04
  5.6899992E+04  1.4806998E+04
  5.7099996E+04  1.4605236E+04
  5.7299988E+04  1.4407078E+04
  5.7499988E+04  1.4212455E+04
  5.7699988E+04  1.4020178E+04
  5.7899996E+04  1.3831334E+04
  5.8099988E+04  1.3646995E+04
  5.8299996E+04  1.3464846E+04
  5.8499992E+04  1.3321199E+04
  5.8699988E+04  1.3143112E+04
  5.8899988E+04  1.2904148E+04
  5.9099992E+04  1.2280896E+04
  5.9299988E+04  1.2595662E+04
  5.9499996E+04  1.2458981E+04
  5.9699988E+04  1.2302712E+04
  5.9899992E+04  1.2141944E+04
  6.0099992E+04  1.1984086E+04
  6.0299992E+04  1.1830121E+04
  6.0499988E+04  1.1677930E+04
  6.0699992E+04  1.1527481E+04
  6.0899992E+04  1.1379771E+04
  6.1099988E+04  1.1232737E+04
  6.1299992E+04  1.1092386E+04
  6.1499988E+04  1.0950637E+04
  6.1699988E+04  1.0812465E+04
  6.1899996E+04  1.0676828E+04
  6.2099996E+04  1.0542715E+04
  6.2299988E+04  1.0409133E+04
  6.2499992E+04  1.0279932E+04
  6.2699988E+04  1.0151208E+04
  6.2899996E+04  1.0026765E+04
  6.3099984E+04  9.9018057E+03
  6.3299996E+04  9.7791572E+03
  6.3499984E+04  9.6587949E+03
  6.3699984E+04  9.5416035E+03
  6.3900000E+04  9.4247607E+03
  6.4199992E+04  9.2537090E+03
  6.4599984E+04  9.0302363E+03
  6.4999992E+04  8.8143066E+03
  6.5399992E+04  8.6048193E+03
  6.5799992E+04  8.4011504E+03
  6.6199984E+04  8.2027949E+03
  6.6599984E+04  8.0115552E+03
  6.6999992E+04  7.8257935E+03
  6.7399992E+04  7.6446943E+03
  6.7799992E+04  7.4691973E+03
  6.8199992E+04  7.2987363E+03
  6.8599992E+04  7.1322114E+03
  6.8999984E+04  6.9703159E+03
  6.9399984E+04  6.8138550E+03
  6.9800000E+04  6.6620571E+03
  7.0199992E+04  6.5144941E+03
  7.0599984E+04  6.3701401E+03
  7.0999977E+04  6.2312319E+03
  7.1399977E+04  6.0941401E+03
  7.1799984E+04  5.9620454E+03
  7.2199984E+04  5.8312681E+03
  7.2600000E+04  5.7072183E+03
  7.2999984E+04  5.5860996E+03
  7.3400000E+04  5.4670610E+03
  7.3799984E+04  5.3514478E+03
  7.4199992E+04  5.2358784E+03
  7.4599992E+04  5.0316284E+03
  7.5000000E+04  4.9083789E+03
  7.5399992E+04  4.9152837E+03
  7.5799992E+04  4.8175811E+03
  7.6199984E+04  4.7193833E+03
  7.6599992E+04  4.6231597E+03
  7.6999992E+04  4.5295654E+03
  7.7399992E+04  4.4382202E+03
  7.7799984E+04  4.3492573E+03
  7.8199984E+04  4.2624316E+03
  7.8599984E+04  4.1777529E+03
  7.8999984E+04  4.0951699E+03
  7.9399984E+04  4.0145728E+03
  7.9800000E+04  3.9359714E+03
  8.0199992E+04  3.8592642E+03
  8.0599984E+04  3.7844622E+03
  8.0999992E+04  3.7114607E+03
  8.1399977E+04  3.6401084E+03
  8.1799984E+04  3.5705325E+03
  8.2199984E+04  3.5026921E+03
  8.2599992E+04  3.4363816E+03
  8.2999984E+04  3.3715674E+03
  8.3400000E+04  3.3078342E+03
  8.3799992E+04  3.2456990E+03
  8.4199992E+04  3.1857080E+03
  8.4599977E+04  3.1272319E+03
  8.4999977E+04  3.0697109E+03
  8.5399984E+04  3.0133342E+03
  8.5799984E+04  2.9583853E+03
  8.6199992E+04  2.9045771E+03
  8.6599992E+04  2.8521875E+03
  8.6999984E+04  2.8008359E+03
  8.7399992E+04  2.7505981E+03
  8.7799992E+04  2.7015483E+03
  8.8199984E+04  2.6534194E+03
  8.8599977E+04  2.6064790E+03
  8.8999992E+04  2.5606528E+03
  8.9399977E+04  2.5158252E+03
  8.9799977E+04  2.4718323E+03
  9.0199984E+04  2.4289351E+03
  9.0599984E+04  2.3869272E+03
  9.0999992E+04  2.3457446E+03
  9.1400000E+04  2.3055051E+03
  9.1799969E+04  2.2661467E+03
  9.2199969E+04  2.2276030E+03
  9.2599984E+04  2.1898584E+03
  9.3000000E+04  2.1528970E+03
  9.3399984E+04  2.1167473E+03
  9.3799984E+04  2.0813057E+03
  9.4199977E+04  2.0466433E+03
  9.4599984E+04  2.0126593E+03
  9.4999969E+04  1.9794254E+03
  9.5399984E+04  1.9467583E+03
  9.5799984E+04  1.9149779E+03
  9.6199992E+04  1.8836979E+03
  9.6599984E+04  1.8530718E+03
  9.7000000E+04  1.8230850E+03
  9.7399977E+04  1.7936478E+03
  9.7799984E+04  1.7648263E+03
  9.8199977E+04  1.7365708E+03
  9.8599977E+04  1.7089467E+03
  9.8999992E+04  1.6818260E+03
  9.9399984E+04  1.6552013E+03
  9.9799977E+04  1.6290996E+03
  1.0019999E+05  1.6035481E+03
  1.9999991E+05  1.0281995E+02
  3.9999994E+05  6.4002256E+00
  5.9999981E+05  1.2536846E+00
  7.9999994E+05  3.9359191E-01
