  5.0599994E+02  4.3708138E-11
  5.1199994E+02  8.0750490E-11
  5.2000000E+02  1.5648909E-10
  5.2999994E+02  3.4847475E-10
  5.3999994E+02  7.4390577E-10
  5.4999988E+02  1.5551296E-09
  5.5999988E+02  3.1598253E-09
  5.6999988E+02  6.2643917E-09
  5.7999994E+02  1.2071362E-08
  5.8999988E+02  2.3045549E-08
  5.9999988E+02  4.2886885E-08
  6.0999988E+02  7.8435626E-08
  6.1999994E+02  1.4094169E-07
  6.2999988E+02  2.4925706E-07
  6.3999994E+02  4.3434676E-07
  6.4999994E+02  7.4670726E-07
  6.5799994E+02  1.1406477E-06
  6.6499988E+02  1.6402556E-06
  6.7499994E+02  2.7309170E-06
  6.8499988E+02  4.4955873E-06
  6.9499994E+02  7.3144047E-06
  7.0499988E+02  1.1749391E-05
  7.1599988E+02  1.9631192E-05
  7.2599994E+02  3.0921248E-05
  7.3499982E+02  4.6155001E-05
  7.4499994E+02  7.1358845E-05
  7.5499982E+02  1.0932053E-04
  7.6499994E+02  1.6596275E-04
  7.7499994E+02  2.4967091E-04
  7.8499982E+02  3.7237120E-04
  7.9499982E+02  5.4895959E-04
  8.0500000E+02  8.0593344E-04
  8.1499976E+02  1.1725820E-03
  8.2500000E+02  1.6908081E-03
  8.3499994E+02  2.4184184E-03
  8.4499994E+02  3.4324250E-03
  8.5499988E+02  4.8342841E-03
  8.6499994E+02  6.7575062E-03
  8.7499982E+02  9.3737356E-03
  8.8499982E+02  1.2919726E-02
  8.9499988E+02  1.7677214E-02
  9.0499994E+02  2.4011286E-02
  9.1499982E+02  1.8841496E+00
  9.2499988E+02  7.6339507E+00
  9.3499982E+02  1.0302335E+01
  9.4500000E+02  1.3518978E+01
  9.5500000E+02  1.8675449E+01
  9.6499988E+02  2.3736137E+01
  9.7499982E+02  2.7334034E+01
  9.8499976E+02  3.5334038E+01
  9.9499988E+02  4.1355881E+01
  1.0049999E+03  5.4539165E+01
  1.0149997E+03  6.6616020E+01
  1.0249998E+03  6.7542137E+01
  1.0349998E+03  9.5886772E+01
  1.0449998E+03  1.1673287E+02
  1.0549999E+03  1.3914780E+02
  1.0649999E+03  1.6052156E+02
  1.0750000E+03  1.9424998E+02
  1.0849996E+03  2.2957135E+02
  1.0949999E+03  2.6153339E+02
  1.1049999E+03  1.2078352E+03
  1.1149999E+03  2.1272324E+03
  1.1249999E+03  2.7992178E+03
  1.1349996E+03  3.5020134E+03
  1.1449999E+03  4.1566289E+03
  1.1549999E+03  4.3461870E+03
  1.1650000E+03  5.5723374E+03
  1.1749995E+03  6.3325303E+03
  1.1849996E+03  6.2813687E+03
  1.1949998E+03  4.0487556E+03
  1.2049996E+03  4.1206431E+03
  1.2149998E+03  8.9886670E+02
  1.2249996E+03  4.7559082E+03
  1.2349996E+03  9.8889619E+03
  1.2449998E+03  2.1787949E+04
  1.2549996E+03  3.3439031E+04
  1.2650000E+03  3.3253785E+04
  1.2749998E+03  4.9111746E+04
  1.2849995E+03  6.8895609E+04
  1.2949998E+03  8.6083477E+04
  1.3049995E+03  7.6456047E+04
  1.3149998E+03  1.3536009E+05
  1.3249998E+03  1.7497584E+05
  1.3349996E+03  2.0894006E+05
  1.3449995E+03  3.1997941E+05
  1.3549996E+03  3.2391231E+05
  1.3649999E+03  3.7490828E+05
  1.3749999E+03  4.4892138E+05
  1.3849996E+03  4.2441341E+05
  1.3949999E+03  5.1497162E+05
  1.4050001E+03  5.8093238E+05
  1.4149998E+03  6.3903850E+05
  1.4249998E+03  7.2750200E+05
  1.4350000E+03  6.9926738E+05
  1.4419998E+03  9.6424262E+05
  1.4469999E+03  1.2250340E+06
  1.4549994E+03  1.5133219E+06
  1.4650000E+03  1.2422986E+06
  1.4749995E+03  1.3832441E+06
  1.4849996E+03  1.6399120E+06
  1.4949998E+03  1.9679241E+06
  1.5049996E+03  2.2508935E+06
  1.5119995E+03  2.0330120E+06
  1.5169994E+03  1.8703335E+06
  1.5250001E+03  4.9488600E+06
  1.5349994E+03  6.0369100E+06
  1.5449994E+03  9.5853710E+06
  1.5549998E+03  8.1584155E+06
  1.5649999E+03  6.9748440E+06
  1.5750001E+03  1.2445911E+07
  1.5850000E+03  1.3784913E+07
  1.5949996E+03  1.6733660E+07
  1.6049999E+03  1.5374832E+07
  1.6150000E+03  1.4190112E+07
  1.6249996E+03  1.0448875E+07
  1.6350000E+03  1.3799556E+07
  1.6449996E+03  1.9151122E+07
  1.6549999E+03  1.0288060E+07
  1.6649993E+03  1.9048496E+07
  1.6720000E+03  9.8583710E+06
  1.6770001E+03  2.8380266E+07
  1.6849998E+03  3.1110196E+07
  1.6950000E+03  2.3180744E+07
  1.7049995E+03  2.4569742E+07
  1.7150000E+03  2.8977148E+07
  1.7249993E+03  2.8972622E+07
  1.7349994E+03  3.3212622E+07
  1.7449993E+03  3.2374052E+07
  1.7550001E+03  3.7247332E+07
  1.7649998E+03  2.7554554E+07
  1.7749995E+03  3.4486372E+07
  1.7849995E+03  3.4271316E+07
  1.7949999E+03  4.2096264E+07
  1.8050001E+03  3.8112408E+07
  1.8150001E+03  3.8550160E+07
  1.8249994E+03  3.5885876E+07
  1.8349993E+03  3.2661838E+07
  1.8449993E+03  2.7744588E+07
  1.8549998E+03  3.2226266E+07
  1.8650002E+03  3.5959528E+07
  1.8750001E+03  3.4949032E+07
  1.8850000E+03  3.5577972E+07
  1.8950002E+03  3.7940548E+07
  1.9049996E+03  3.4840048E+07
  1.9149999E+03  3.8182588E+07
  1.9249993E+03  3.7531760E+07
  1.9350001E+03  2.9420430E+07
  1.9449993E+03  4.0046192E+07
  1.9550002E+03  4.0109668E+07
  1.9670002E+03  4.3972260E+07
  1.9759990E+03  4.2754476E+07
  1.9839996E+03  4.1337456E+07
  1.9950001E+03  3.9907884E+07
  2.0050002E+03  3.6972076E+07
  2.0149996E+03  3.6745220E+07
  2.0249994E+03  3.4008316E+07
  2.0349995E+03  3.8221648E+07
  2.0449998E+03  4.1975492E+07
  2.0550000E+03  4.0089760E+07
  2.0649993E+03  3.8407272E+07
  2.0739993E+03  4.3984720E+07
  2.0780002E+03  4.5412096E+07
  2.0849993E+03  4.3925676E+07
  2.0950005E+03  4.1534792E+07
  2.1050002E+03  3.7723244E+07
  2.1149990E+03  3.8474052E+07
  2.1250000E+03  4.0226848E+07
  2.1350002E+03  3.2314124E+07
  2.1449998E+03  3.8177488E+07
  2.1550005E+03  3.8021904E+07
  2.1649995E+03  3.4720964E+07
  2.1750002E+03  3.4371344E+07
  2.1849998E+03  3.6301664E+07
  2.1950000E+03  3.9258848E+07
  2.2050000E+03  3.7109792E+07
  2.2149998E+03  3.3007552E+07
  2.2249998E+03  3.2478662E+07
  2.2350005E+03  3.8385052E+07
  2.2449990E+03  3.4127836E+07
  2.2549993E+03  3.1769906E+07
  2.2650000E+03  3.1680166E+07
  2.2750000E+03  3.3847284E+07
  2.2850000E+03  3.6350532E+07
  2.2950002E+03  3.2909436E+07
  2.3050000E+03  3.4003664E+07
  2.3149995E+03  3.2431154E+07
  2.3250000E+03  2.2836230E+07
  2.3349995E+03  2.7955320E+07
  2.3449993E+03  2.3307480E+07
  2.3550000E+03  3.1709012E+07
  2.3649988E+03  2.4460080E+07
  2.3750000E+03  2.8016080E+07
  2.3849990E+03  2.1421554E+07
  2.3950000E+03  2.4840234E+07
  2.4050005E+03  2.3991214E+07
  2.4149993E+03  2.4491882E+07
  2.4249990E+03  2.9637688E+07
  2.4349990E+03  2.8250432E+07
  2.4450000E+03  3.0966590E+07
  2.4549990E+03  3.0338564E+07
  2.4649990E+03  3.0693080E+07
  2.4749993E+03  2.8023016E+07
  2.4850005E+03  2.8582458E+07
  2.4950000E+03  2.6794838E+07
  2.5050005E+03  3.3256824E+07
  2.5129988E+03  2.6130816E+07
  2.5179990E+03  2.4047904E+07
  2.5249998E+03  2.2322866E+07
  2.5350007E+03  2.2722182E+07
  2.5449988E+03  2.3184980E+07
  2.5550000E+03  2.7220126E+07
  2.5649990E+03  2.6332638E+07
  2.5749990E+03  2.9538106E+07
  2.5849993E+03  2.9903108E+07
  2.5949990E+03  2.8887626E+07
  2.6049995E+03  2.7251152E+07
  2.6149998E+03  2.5555082E+07
  2.6249990E+03  3.0670634E+07
  2.6350007E+03  3.1291192E+07
  2.6449995E+03  3.7186380E+07
  2.6549998E+03  3.7904056E+07
  2.6649995E+03  3.2243030E+07
  2.6749988E+03  3.5051832E+07
  2.6849988E+03  3.5038924E+07
  2.6949988E+03  3.1999142E+07
  2.7050000E+03  3.3740064E+07
  2.7150000E+03  3.0748980E+07
  2.7249995E+03  3.1295394E+07
  2.7350007E+03  3.4390436E+07
  2.7450002E+03  2.5978238E+07
  2.7549998E+03  2.7622038E+07
  2.7649983E+03  2.9216806E+07
  2.7750005E+03  3.1609238E+07
  2.7850000E+03  2.6060658E+07
  2.7949993E+03  1.2758831E+07
  2.8049995E+03  1.5571075E+07
  2.8150002E+03  3.0981648E+07
  2.8250007E+03  3.5181164E+07
  2.8350000E+03  3.4217668E+07
  2.8450002E+03  3.2769240E+07
  2.8550005E+03  3.0890524E+07
  2.8650000E+03  3.5051088E+07
  2.8749983E+03  3.4372448E+07
  2.8850000E+03  3.4737440E+07
  2.8949988E+03  3.3125554E+07
  2.9099988E+03  3.7967400E+07
  2.9299983E+03  3.6016756E+07
  2.9499990E+03  3.5677644E+07
  2.9700005E+03  3.6465044E+07
  2.9899980E+03  3.7126380E+07
  3.0099995E+03  3.7673728E+07
  3.0299995E+03  3.7138636E+07
  3.0499995E+03  3.7154532E+07
  3.0699995E+03  3.7317564E+07
  3.0899995E+03  3.7810224E+07
  3.1099995E+03  3.6688256E+07
  3.1299998E+03  3.6615048E+07
  3.1499995E+03  3.7350972E+07
  3.1699995E+03  3.7070852E+07
  3.1899995E+03  3.4763060E+07
  3.2099998E+03  3.6014880E+07
  3.2299993E+03  3.4460964E+07
  3.2499993E+03  3.5594640E+07
  3.2699995E+03  3.6394740E+07
  3.2899995E+03  3.6454792E+07
  3.3099998E+03  3.6999004E+07
  3.3299993E+03  3.6202588E+07
  3.3499995E+03  3.5748100E+07
  3.3699995E+03  3.5414620E+07
  3.3899993E+03  3.5253684E+07
  3.4099993E+03  3.5379180E+07
  3.4299995E+03  3.5403288E+07
  3.4499993E+03  3.5174424E+07
  3.4699998E+03  3.4757600E+07
  3.4899993E+03  3.4722264E+07
  3.5099995E+03  3.5290920E+07
  3.5299995E+03  3.4973788E+07
  3.5499995E+03  3.5573292E+07
  3.5699995E+03  3.4247660E+07
  3.5899995E+03  3.3878824E+07
  3.6099995E+03  3.3886064E+07
  3.6299993E+03  3.4068348E+07
  3.6399993E+03  3.3907004E+07
  3.6499995E+03  3.5109916E+07
  3.6699993E+03  3.4126920E+07
  3.6899995E+03  3.0850054E+07
  3.7099995E+03  3.2242690E+07
  3.7299998E+03  3.2355464E+07
  3.7499993E+03  3.9051652E+07
  3.7699993E+03  4.0923268E+07
  3.7899995E+03  4.9346872E+07
  3.8099993E+03  5.7490604E+07
  3.8299998E+03  4.5832868E+07
  3.8499995E+03  6.4201576E+07
  3.8699995E+03  7.2899616E+07
  3.8899995E+03  4.1634060E+07
  3.9099995E+03  7.2578800E+07
  3.9299993E+03  5.6445700E+07
  3.9499993E+03  6.9049440E+07
  3.9699998E+03  3.7659204E+07
  3.9899995E+03  7.0956480E+07
  4.0099995E+03  8.4185736E+07
  4.0299993E+03  8.5655648E+07
  4.0499993E+03  8.4304160E+07
  4.0699993E+03  7.8064856E+07
  4.0899995E+03  5.8700916E+07
  4.1099995E+03  4.5084148E+07
  4.1299995E+03  7.3562448E+07
  4.1499990E+03  8.0484952E+07
  4.1699990E+03  8.1519472E+07
  4.1899995E+03  8.0571408E+07
  4.2099995E+03  8.0492120E+07
  4.2299995E+03  7.8021016E+07
  4.2499995E+03  7.8051800E+07
  4.2699990E+03  7.4987528E+07
  4.2899995E+03  7.4775096E+07
  4.3100000E+03  6.6897332E+07
  4.3299995E+03  4.9617152E+07
  4.3499995E+03  4.2452528E+07
  4.3699995E+03  6.6588024E+07
  4.3899995E+03  7.0785648E+07
  4.4099995E+03  7.0763000E+07
  4.4299995E+03  6.9962328E+07
  4.4499995E+03  7.1005224E+07
  4.4699995E+03  7.0476832E+07
  4.4899995E+03  6.9231840E+07
  4.5099990E+03  7.0499136E+07
  4.5299995E+03  6.8324856E+07
  4.5499990E+03  6.7152312E+07
  4.5699995E+03  6.8412960E+07
  4.5899990E+03  6.6444768E+07
  4.6099990E+03  6.6908296E+07
  4.6299990E+03  6.5089012E+07
  4.6499990E+03  6.5234216E+07
  4.6699990E+03  6.4832124E+07
  4.6899990E+03  6.2745756E+07
  4.7099995E+03  6.0065768E+07
  4.7299990E+03  6.2379396E+07
  4.7499995E+03  6.1881900E+07
  4.7699995E+03  6.0786204E+07
  4.7899990E+03  5.9695128E+07
  4.8099995E+03  5.7680488E+07
  4.8299995E+03  5.3599392E+07
  4.8499990E+03  4.0302320E+07
  4.8700000E+03  3.2571332E+07
  4.8899990E+03  4.9706764E+07
  4.9099990E+03  5.4039136E+07
  4.9299990E+03  5.4196788E+07
  4.9499995E+03  5.4968200E+07
  4.9699995E+03  5.5222172E+07
  4.9899990E+03  5.3639620E+07
  5.0099995E+03  5.2211092E+07
  5.0299995E+03  5.3020688E+07
  5.0499995E+03  5.1973724E+07
  5.0699995E+03  5.2424800E+07
  5.0899995E+03  5.1783876E+07
  5.1099990E+03  5.1536588E+07
  5.1299995E+03  5.0614444E+07
  5.1499985E+03  4.9557340E+07
  5.1700000E+03  4.8419164E+07
  5.1899990E+03  4.7986584E+07
  5.2099990E+03  4.8097696E+07
  5.2299995E+03  4.7394472E+07
  5.2499995E+03  4.7984008E+07
  5.2699995E+03  4.5733636E+07
  5.2899990E+03  4.6804724E+07
  5.3099995E+03  4.6140156E+07
  5.3299990E+03  4.4888808E+07
  5.3499995E+03  4.5493588E+07
  5.3699995E+03  4.4756888E+07
  5.3899995E+03  4.4357928E+07
  5.4099990E+03  4.3495100E+07
  5.4299990E+03  4.3518992E+07
  5.4499990E+03  4.3386620E+07
  5.4699995E+03  4.2892392E+07
  5.4899995E+03  4.2715440E+07
  5.5099995E+03  4.2367440E+07
  5.5299985E+03  4.1721544E+07
  5.5499990E+03  4.1577932E+07
  5.5699990E+03  4.0890096E+07
  5.5899995E+03  4.0536532E+07
  5.6099990E+03  4.0323436E+07
  5.6299995E+03  4.0107576E+07
  5.6499990E+03  3.9707304E+07
  5.6699990E+03  3.9117136E+07
  5.6899995E+03  3.8958984E+07
  5.7099995E+03  3.8561752E+07
  5.7299990E+03  3.8509900E+07
  5.7499990E+03  3.7923424E+07
  5.7699990E+03  3.7674556E+07
  5.7899995E+03  3.7276504E+07
  5.8099985E+03  3.6974564E+07
  5.8300000E+03  3.6686936E+07
  5.8499990E+03  3.6301124E+07
  5.8699985E+03  3.5935008E+07
  5.8899985E+03  3.5217912E+07
  5.9099995E+03  3.5280872E+07
  5.9299985E+03  3.4979024E+07
  5.9499995E+03  3.4645288E+07
  5.9699990E+03  3.4359648E+07
  5.9899990E+03  3.3947884E+07
  6.0099990E+03  3.3504332E+07
  6.0299995E+03  3.3326996E+07
  6.0499990E+03  3.3096730E+07
  6.0699990E+03  3.2884100E+07
  6.0899995E+03  3.2497812E+07
  6.1099985E+03  3.2153220E+07
  6.1299995E+03  3.1651996E+07
  6.1499985E+03  3.1089888E+07
  6.1699985E+03  3.1098460E+07
  6.1900000E+03  3.1108218E+07
  6.2099995E+03  3.0825134E+07
  6.2299985E+03  3.0420798E+07
  6.2499990E+03  2.9773128E+07
  6.2699985E+03  3.0038686E+07
  6.2900000E+03  2.9780344E+07
  6.3099985E+03  2.9330728E+07
  6.3299995E+03  2.9146610E+07
  6.3499985E+03  2.8631628E+07
  6.3699985E+03  2.8459546E+07
  6.3899995E+03  2.8348098E+07
  6.4099990E+03  2.7900996E+07
  6.4299985E+03  2.7757770E+07
  6.4499985E+03  2.7236354E+07
  6.4699990E+03  2.7158220E+07
  6.4899990E+03  2.6588602E+07
  6.5099985E+03  2.6110804E+07
  6.5299990E+03  2.4823750E+07
  6.5499985E+03  2.0949182E+07
  6.5699985E+03  1.6819278E+07
  6.5899995E+03  2.3121996E+07
  6.6099985E+03  2.4781798E+07
  6.6299990E+03  2.5151880E+07
  6.6499985E+03  2.5153314E+07
  6.6699995E+03  2.5029786E+07
  6.6899990E+03  2.4923286E+07
  6.7099995E+03  2.4739788E+07
  6.7299990E+03  2.4528090E+07
  6.7499995E+03  2.4306882E+07
  6.7699985E+03  2.4211156E+07
  6.7899995E+03  2.4000092E+07
  6.8099995E+03  2.3798406E+07
  6.8300000E+03  2.3569586E+07
  6.8499985E+03  2.3367130E+07
  6.8699985E+03  2.3224092E+07
  6.8899985E+03  2.3037876E+07
  6.9099990E+03  2.2839220E+07
  6.9299995E+03  2.2644038E+07
  6.9499990E+03  2.2465546E+07
  6.9699985E+03  2.2267790E+07
  6.9899985E+03  2.2114330E+07
  7.0099985E+03  2.1802026E+07
  7.0299985E+03  2.1687300E+07
  7.0499990E+03  2.1548506E+07
  7.0699980E+03  2.1391346E+07
  7.0899990E+03  2.1222110E+07
  7.1099990E+03  2.0677354E+07
  7.1299995E+03  2.0765306E+07
  7.1499990E+03  2.0645616E+07
  7.1699995E+03  2.0467574E+07
  7.1899985E+03  2.0291926E+07
  7.2099985E+03  2.0163564E+07
  7.2299980E+03  1.9995228E+07
  7.2499990E+03  1.9806934E+07
  7.2699995E+03  1.9723050E+07
  7.2899990E+03  1.9477458E+07
  7.3099980E+03  1.9370322E+07
  7.3299980E+03  1.9219186E+07
  7.3499980E+03  1.9115430E+07
  7.3699985E+03  1.8969514E+07
  7.3899995E+03  1.8752460E+07
  7.4099985E+03  1.8456514E+07
  7.4299995E+03  1.8371614E+07
  7.4500000E+03  1.8281250E+07
  7.4700000E+03  1.8051836E+07
  7.4899990E+03  1.7964968E+07
  7.5099985E+03  1.7899470E+07
  7.5299995E+03  1.7781918E+07
  7.5499980E+03  1.7689822E+07
  7.5699985E+03  1.7532702E+07
  7.5899990E+03  1.7401182E+07
  7.6099980E+03  1.7266258E+07
  7.6299995E+03  1.7138966E+07
  7.6499995E+03  1.6984450E+07
  7.6699980E+03  1.6779446E+07
  7.6899990E+03  1.6707565E+07
  7.7099995E+03  1.6564591E+07
  7.7299985E+03  1.6494753E+07
  7.7499990E+03  1.6338849E+07
  7.7700000E+03  1.5886049E+07
  7.7900000E+03  1.6141062E+07
  7.8099995E+03  1.5999209E+07
  7.8299980E+03  1.5824185E+07
  7.8499980E+03  1.5662955E+07
  7.8699995E+03  1.5563370E+07
  7.8900000E+03  1.5421023E+07
  7.9099995E+03  1.5314842E+07
  7.9300000E+03  1.5201143E+07
  7.9499985E+03  1.5049060E+07
  7.9699990E+03  1.5075634E+07
  7.9900000E+03  1.4809644E+07
  8.0099980E+03  1.4809771E+07
  8.0299985E+03  1.4691102E+07
  8.0500000E+03  1.4597259E+07
  8.0699985E+03  1.4491449E+07
  8.0899990E+03  1.4381317E+07
  8.1099995E+03  1.4309328E+07
  8.1299976E+03  1.4216220E+07
  8.1499976E+03  1.4110234E+07
  8.1699980E+03  1.4008497E+07
  8.1899985E+03  1.3725612E+07
  8.2099990E+03  1.3692353E+07
  8.2300000E+03  1.3588615E+07
  8.2500000E+03  1.3524473E+07
  8.2700000E+03  1.3565999E+07
  8.2899980E+03  1.3457870E+07
  8.3099990E+03  1.3341339E+07
  8.3299980E+03  1.3124249E+07
  8.3500000E+03  1.3098189E+07
  8.3699990E+03  1.2999642E+07
  8.3899990E+03  1.2781463E+07
  8.4099971E+03  1.2650440E+07
  8.4300000E+03  1.2474377E+07
  8.4499990E+03  1.2209103E+07
  8.4699980E+03  1.2092701E+07
  8.4899980E+03  1.2103216E+07
  8.5099990E+03  1.1550636E+07
  8.5299990E+03  1.2081096E+07
  8.5499990E+03  1.0881597E+07
  8.5699990E+03  1.2186586E+07
  8.5900000E+03  1.1332404E+07
  8.6099980E+03  1.1142611E+07
  8.6299990E+03  1.2197799E+07
  8.6499990E+03  1.1591130E+07
  8.6699990E+03  9.8382060E+06
  8.6899990E+03  1.1670250E+07
  8.7099971E+03  1.2198229E+07
  8.7299990E+03  1.1579864E+07
  8.7499980E+03  9.5169260E+06
  8.7699980E+03  1.1075763E+07
  8.7899980E+03  1.2011816E+07
  8.8099990E+03  1.2078684E+07
  8.8299980E+03  1.1617674E+07
  8.8499980E+03  1.0389654E+07
  8.8699980E+03  9.0049870E+06
  8.8899990E+03  1.1103392E+07
  8.9099971E+03  1.1675261E+07
  8.9299980E+03  1.1795455E+07
  8.9499980E+03  1.1841092E+07
  8.9699990E+03  1.1527080E+07
  8.9899990E+03  1.0838171E+07
  9.0099980E+03  8.6999360E+06
  9.0299990E+03  9.4801340E+06
  9.0499990E+03  1.0872029E+07
  9.0699980E+03  1.1038000E+07
  9.0899990E+03  1.1012276E+07
  9.1099980E+03  1.1282644E+07
  9.1299980E+03  1.1299252E+07
  9.1499980E+03  1.1221112E+07
  9.1699980E+03  1.0988083E+07
  9.1899990E+03  1.0568730E+07
  9.2099990E+03  9.6541510E+06
  9.2299980E+03  7.6272710E+06
  9.2499980E+03  9.2771580E+06
  9.2699971E+03  1.0035067E+07
  9.2899990E+03  1.0555883E+07
  9.3099980E+03  1.0653144E+07
  9.3299990E+03  1.0634784E+07
  9.3499980E+03  1.0611315E+07
  9.3699990E+03  1.0568208E+07
  9.3900000E+03  1.0430945E+07
  9.4099980E+03  1.0099473E+07
  9.4299971E+03  1.0263423E+07
  9.4499990E+03  1.0179946E+07
  9.4700000E+03  1.0072718E+07
  9.4899980E+03  9.8654950E+06
  9.5100000E+03  9.4545550E+06
  9.5300000E+03  8.5380080E+06
  9.5500000E+03  6.9098865E+06
  9.5699990E+03  8.6115800E+06
  9.5899980E+03  9.2896930E+06
  9.6099980E+03  9.4464660E+06
  9.6299990E+03  9.4190480E+06
  9.6499990E+03  9.5386330E+06
  9.6699980E+03  9.4242810E+06
  9.6899980E+03  9.4287510E+06
  9.7100000E+03  9.4674620E+06
  9.7299990E+03  9.3987400E+06
  9.7499980E+03  9.3047390E+06
  9.7699961E+03  9.2911580E+06
  9.7899980E+03  9.2323980E+06
  9.8099980E+03  9.1669970E+06
  9.8299990E+03  9.0923030E+06
  9.8499980E+03  8.9905740E+06
  9.8700000E+03  8.9282600E+06
  9.8899980E+03  8.8251720E+06
  9.9099990E+03  8.7922700E+06
  9.9300000E+03  8.7324350E+06
  9.9499980E+03  8.6551300E+06
  9.9699980E+03  8.5677590E+06
  9.9899990E+03  8.3968360E+06
  1.0024998E+04  7.4750145E+06
  1.0074998E+04  7.0929545E+06
  1.0124997E+04  8.0355060E+06
  1.0174997E+04  8.0913645E+06
  1.0224998E+04  8.0246745E+06
  1.0274997E+04  7.9221450E+06
  1.0325000E+04  7.7883490E+06
  1.0374999E+04  7.6735640E+06
  1.0425000E+04  7.5516025E+06
  1.0474998E+04  7.3667270E+06
  1.0524997E+04  7.2809175E+06
  1.0574999E+04  7.1910035E+06
  1.0625000E+04  7.0797650E+06
  1.0674997E+04  6.8416935E+06
  1.0724998E+04  6.8121100E+06
  1.0774999E+04  6.7100960E+06
  1.0824997E+04  6.5727025E+06
  1.0874997E+04  6.3244590E+06
  1.0924999E+04  5.2471855E+06
  1.0974996E+04  5.7458955E+06
  1.1025000E+04  6.1631405E+06
  1.1074998E+04  6.1668985E+06
  1.1124999E+04  6.0884560E+06
  1.1174998E+04  6.0141845E+06
  1.1224999E+04  5.9400950E+06
  1.1274997E+04  5.7497280E+06
  1.1325000E+04  5.6752745E+06
  1.1375000E+04  5.6586835E+06
  1.1425000E+04  5.5535595E+06
  1.1474997E+04  5.5255845E+06
  1.1525000E+04  5.4522150E+06
  1.1574998E+04  5.3672555E+06
  1.1625000E+04  5.2344855E+06
  1.1674998E+04  5.1306005E+06
  1.1724997E+04  5.1483210E+06
  1.1775001E+04  4.9761680E+06
  1.1824999E+04  4.9554605E+06
  1.1875000E+04  4.8579815E+06
  1.1925000E+04  4.8732270E+06
  1.1975001E+04  4.7551160E+06
  1.2024998E+04  4.7206075E+06
  1.2074996E+04  4.6389625E+06
  1.2125000E+04  4.5830980E+06
  1.2175000E+04  4.5376530E+06
  1.2225001E+04  4.4683440E+06
  1.2275001E+04  4.4007625E+06
  1.2324996E+04  4.3435560E+06
  1.2374996E+04  4.2922910E+06
  1.2424998E+04  4.2446365E+06
  1.2475000E+04  4.1753345E+06
  1.2524997E+04  4.1185325E+06
  1.2574997E+04  4.0310505E+06
  1.2624999E+04  3.9876015E+06
  1.2674997E+04  3.9355690E+06
  1.2724999E+04  3.8456060E+06
  1.2774999E+04  3.6177312E+06
  1.2825000E+04  3.0540728E+06
  1.2875001E+04  3.5683418E+06
  1.2924997E+04  3.6558008E+06
  1.2975001E+04  3.6422230E+06
  1.3024998E+04  3.6076535E+06
  1.3074999E+04  3.5715188E+06
  1.3125000E+04  3.5224892E+06
  1.3174998E+04  3.4654202E+06
  1.3224998E+04  3.4384045E+06
  1.3274997E+04  3.3937400E+06
  1.3324997E+04  3.3524052E+06
  1.3374999E+04  3.3082222E+06
  1.3424999E+04  3.2664858E+06
  1.3474999E+04  3.2244465E+06
  1.3525001E+04  3.1761410E+06
  1.3574999E+04  3.1337760E+06
  1.3624997E+04  3.1035128E+06
  1.3674997E+04  3.0605125E+06
  1.3724995E+04  2.9992570E+06
  1.3774998E+04  2.9822868E+06
  1.3824998E+04  2.9469568E+06
  1.3874996E+04  2.9198858E+06
  1.3925000E+04  2.8709755E+06
  1.3974996E+04  2.8435262E+06
  1.4024997E+04  2.8094972E+06
  1.4075001E+04  2.7781602E+06
  1.4124996E+04  2.7385132E+06
  1.4175000E+04  2.7092892E+06
  1.4225000E+04  2.6729622E+06
  1.4274994E+04  2.6383730E+06
  1.4325001E+04  2.6108055E+06
  1.4374998E+04  2.5835600E+06
  1.4424999E+04  2.5044852E+06
  1.4475000E+04  2.5181385E+06
  1.4524997E+04  2.4644052E+06
  1.4569999E+04  2.4598532E+06
  1.4620000E+04  2.4786598E+06
  1.4674998E+04  2.5237920E+06
  1.4725000E+04  2.4781862E+06
  1.4775002E+04  2.4231295E+06
  1.4824998E+04  2.3874438E+06
  1.4874996E+04  2.3307285E+06
  1.4924997E+04  2.3129392E+06
  1.4974999E+04  2.2630800E+06
  1.5024999E+04  2.2201742E+06
  1.5075000E+04  2.1815990E+06
  1.5124999E+04  2.1583065E+06
  1.5175000E+04  2.1251295E+06
  1.5225002E+04  2.0916909E+06
  1.5274998E+04  2.0647808E+06
  1.5324995E+04  2.0291936E+06
  1.5374997E+04  2.0131481E+06
  1.5425001E+04  1.9655992E+06
  1.5474996E+04  1.9631451E+06
  1.5524994E+04  1.9333272E+06
  1.5575001E+04  1.8903381E+06
  1.5624998E+04  1.9220839E+06
  1.5674997E+04  1.8500440E+06
  1.5724994E+04  1.8145311E+06
  1.5774996E+04  1.8607256E+06
  1.5825001E+04  1.8357469E+06
  1.5874995E+04  1.6996791E+06
  1.5925002E+04  1.7726554E+06
  1.5975001E+04  1.8234302E+06
  1.6049998E+04  1.7400338E+06
  1.6150001E+04  1.6424315E+06
  1.6249997E+04  1.7217194E+06
  1.6350000E+04  1.6156019E+06
  1.6449996E+04  1.5191702E+06
  1.6549998E+04  1.6184659E+06
  1.6649994E+04  1.5878046E+06
  1.6749998E+04  1.4738330E+06
  1.6849998E+04  1.3783704E+06
  1.6950000E+04  1.4852829E+06
  1.7049996E+04  1.4607842E+06
  1.7150000E+04  1.4334229E+06
  1.7249992E+04  1.3746929E+06
  1.7349994E+04  1.1991862E+06
  1.7449992E+04  1.2923889E+06
  1.7550000E+04  1.3074241E+06
  1.7649998E+04  1.2849118E+06
  1.7749994E+04  1.2631811E+06
  1.7849994E+04  1.2357065E+06
  1.7949998E+04  1.2121544E+06
  1.8050002E+04  1.1680020E+06
  1.8150002E+04  1.0270704E+06
  1.8249994E+04  1.0845845E+06
  1.8349992E+04  1.1107130E+06
  1.8449992E+04  1.0928064E+06
  1.8549998E+04  1.0670961E+06
  1.8650002E+04  1.0306196E+06
  1.8750002E+04  8.9904750E+05
  1.8850000E+04  9.8362119E+05
  1.8950004E+04  9.8226812E+05
  1.9049996E+04  9.7328119E+05
  1.9149998E+04  9.5390719E+05
  1.9249992E+04  9.3210769E+05
  1.9350000E+04  8.9550206E+05
  1.9449992E+04  7.8490069E+05
  1.9550002E+04  8.6242894E+05
  1.9649992E+04  8.6422131E+05
  1.9749992E+04  8.4960031E+05
  1.9849992E+04  8.3696956E+05
  1.9950002E+04  8.2162281E+05
  2.0050002E+04  8.0677519E+05
  2.0149996E+04  7.9227419E+05
  2.0249994E+04  7.7697194E+05
  2.0349994E+04  7.6204956E+05
  2.0449996E+04  7.4967831E+05
  2.0550000E+04  7.3586956E+05
  2.0649992E+04  7.2139206E+05
  2.0749998E+04  7.0894281E+05
  2.0849992E+04  6.9657812E+05
  2.0950004E+04  6.8391781E+05
  2.1050002E+04  6.7184931E+05
  2.1149992E+04  6.5826900E+05
  2.1250000E+04  6.4668138E+05
  2.1350002E+04  6.3452981E+05
  2.1449996E+04  6.2278131E+05
  2.1550006E+04  6.0181206E+05
  2.1649994E+04  5.3096975E+05
  2.1750002E+04  5.7465281E+05
  2.1849998E+04  5.7971075E+05
  2.1950002E+04  5.7347088E+05
  2.2050000E+04  5.6370969E+05
  2.2149996E+04  5.5385525E+05
  2.2249998E+04  5.4614075E+05
  2.2350004E+04  5.3696531E+05
  2.2449990E+04  5.2801456E+05
  2.2549994E+04  5.1807416E+05
  2.2650000E+04  5.1041781E+05
  2.2750000E+04  5.0214816E+05
  2.2850000E+04  4.9563406E+05
  2.2950004E+04  4.9412069E+05
  2.3050000E+04  4.8658812E+05
  2.3149996E+04  4.7741666E+05
  2.3250000E+04  4.6901147E+05
  2.3349996E+04  4.6022834E+05
  2.3449994E+04  4.5205041E+05
  2.3550002E+04  4.4398725E+05
  2.3649988E+04  4.3628053E+05
  2.3750000E+04  4.2829925E+05
  2.3849990E+04  4.2088084E+05
  2.3950002E+04  4.1376075E+05
  2.4050006E+04  4.0688797E+05
  2.4149992E+04  3.9968875E+05
  2.4249990E+04  3.9308712E+05
  2.4349990E+04  3.8703766E+05
  2.4450002E+04  3.8003988E+05
  2.4549990E+04  3.7474403E+05
  2.4649992E+04  3.6805150E+05
  2.4749992E+04  3.6312150E+05
  2.4850006E+04  3.5791672E+05
  2.4950000E+04  3.4998203E+05
  2.5050006E+04  3.5264456E+05
  2.5149994E+04  3.4403900E+05
  2.5249998E+04  3.3256212E+05
  2.5350004E+04  3.3222384E+05
  2.5449988E+04  3.2964188E+05
  2.5549998E+04  3.2141644E+05
  2.5649990E+04  3.0990825E+05
  2.5749990E+04  3.1327844E+05
  2.5849994E+04  3.1081978E+05
  2.5949990E+04  3.0619675E+05
  2.6049996E+04  2.9563394E+05
  2.6149998E+04  2.8198409E+05
  2.6249988E+04  2.6098309E+05
  2.6350008E+04  2.8150141E+05
  2.6449996E+04  2.8471359E+05
  2.6549994E+04  2.8106044E+05
  2.6649994E+04  2.7311494E+05
  2.6749988E+04  2.5798322E+05
  2.6849986E+04  2.6598875E+05
  2.6949986E+04  2.6671056E+05
  2.7050002E+04  2.6390781E+05
  2.7149998E+04  2.6058748E+05
  2.7249994E+04  2.5683175E+05
  2.7350006E+04  2.5255450E+05
  2.7450004E+04  2.4645298E+05
  2.7549996E+04  2.2965258E+05
  2.7649982E+04  2.3327222E+05
  2.7750004E+04  2.3786061E+05
  2.7850000E+04  2.3621873E+05
  2.7949992E+04  2.3365392E+05
  2.8049994E+04  2.3076031E+05
  2.8150002E+04  2.2767355E+05
  2.8250006E+04  2.2456334E+05
  2.8350000E+04  2.2132270E+05
  2.8450000E+04  2.1753077E+05
  2.8550002E+04  2.1360616E+05
  2.8650002E+04  2.0484294E+05
  2.8749982E+04  1.9181189E+05
  2.8849998E+04  2.0302661E+05
  2.8949986E+04  2.0315042E+05
  2.9049994E+04  2.0143716E+05
  2.9149986E+04  1.9880283E+05
  2.9249984E+04  1.9658719E+05
  2.9349980E+04  1.9413031E+05
  2.9450000E+04  1.9160638E+05
  2.9550004E+04  1.8915977E+05
  2.9649982E+04  1.8673347E+05
  2.9749992E+04  1.8432659E+05
  2.9849994E+04  1.8198586E+05
  2.9949984E+04  1.7954217E+05
  3.0049996E+04  1.7694308E+05
  3.0149994E+04  1.7410942E+05
  3.0249994E+04  1.7014825E+05
  3.0349996E+04  1.5738069E+05
  3.0449996E+04  1.5891252E+05
  3.0549996E+04  1.6436062E+05
  3.0649996E+04  1.6367888E+05
  3.0749994E+04  1.6216981E+05
  3.0849996E+04  1.6006720E+05
  3.0949994E+04  1.5829516E+05
  3.1049996E+04  1.5632370E+05
  3.1149996E+04  1.5414522E+05
  3.1249996E+04  1.5242731E+05
  3.1349996E+04  1.5065911E+05
  3.1449996E+04  1.4875034E+05
  3.1549998E+04  1.4707842E+05
  3.1649996E+04  1.4540211E+05
  3.1749998E+04  1.4348977E+05
  3.1849996E+04  1.4192539E+05
  3.1949994E+04  1.4021170E+05
  3.2099996E+04  1.3767955E+05
  3.2299992E+04  1.3448128E+05
  3.2499994E+04  1.3127256E+05
  3.2699996E+04  1.2750137E+05
  3.2899996E+04  1.1706324E+05
  3.3099996E+04  1.1970691E+05
  3.3299992E+04  1.1981916E+05
  3.3499996E+04  1.1745950E+05
  3.3699996E+04  1.1445065E+05
  3.3899996E+04  1.1183552E+05
  3.4099996E+04  1.0928988E+05
  3.4299996E+04  1.0687270E+05
  3.4499992E+04  1.0452941E+05
  3.4699996E+04  1.0214523E+05
  3.4899996E+04  9.9817984E+04
  3.5099996E+04  9.7607320E+04
  3.5299996E+04  9.5422078E+04
  3.5499996E+04  9.3360445E+04
  3.5699992E+04  9.1217727E+04
  3.5899992E+04  8.9280500E+04
  3.6099996E+04  8.7340008E+04
  3.6299992E+04  8.5519680E+04
  3.6499992E+04  8.3592484E+04
  3.6699992E+04  8.2006992E+04
  3.6899992E+04  7.9789594E+04
  3.7099996E+04  7.8354109E+04
  3.7299996E+04  7.4323609E+04
  3.7499992E+04  7.1823758E+04
  3.7699996E+04  7.3717000E+04
  3.7899996E+04  7.2537133E+04
  3.8099992E+04  7.0466992E+04
  3.8299996E+04  6.9211602E+04
  3.8499996E+04  6.8443539E+04
  3.8699996E+04  6.7033633E+04
  3.8899992E+04  6.5347785E+04
  3.9099996E+04  6.3281277E+04
  3.9299992E+04  6.3087660E+04
  3.9499992E+04  6.2146184E+04
  3.9699992E+04  6.1022027E+04
  3.9900000E+04  5.9725535E+04
  4.0099996E+04  5.7512352E+04
  4.0299992E+04  5.6121777E+04
  4.0499996E+04  5.3083707E+04
  4.0699992E+04  5.4830758E+04
  4.0899992E+04  5.4192227E+04
  4.1099996E+04  5.3344922E+04
  4.1299996E+04  5.2242012E+04
  4.1499992E+04  5.0915031E+04
  4.1699992E+04  4.8599270E+04
  4.1899996E+04  4.8996906E+04
  4.2099996E+04  4.8447461E+04
  4.2299992E+04  4.7727238E+04
  4.2499996E+04  4.6851516E+04
  4.2699992E+04  4.6014883E+04
  4.2899992E+04  4.5187672E+04
  4.3099996E+04  4.4375824E+04
  4.3299996E+04  4.3542855E+04
  4.3499992E+04  4.2554074E+04
  4.3699996E+04  4.0409699E+04
  4.3899996E+04  4.0515406E+04
  4.4099992E+04  4.0437387E+04
  4.4299992E+04  3.9865766E+04
  4.4499996E+04  3.9179098E+04
  4.4699996E+04  3.8635082E+04
  4.4899996E+04  3.7962770E+04
  4.5099992E+04  3.7324918E+04
  4.5299992E+04  3.6682137E+04
  4.5499996E+04  3.6061922E+04
  4.5699992E+04  3.5436711E+04
  4.5899996E+04  3.4831730E+04
  4.6099996E+04  3.4164984E+04
  4.6299992E+04  3.3359059E+04
  4.6499988E+04  3.0961031E+04
  4.6699992E+04  3.0698131E+04
  4.6899992E+04  3.1521025E+04
  4.7099992E+04  3.1393156E+04
  4.7299992E+04  3.0990154E+04
  4.7499996E+04  3.0480941E+04
  4.7699992E+04  2.9994070E+04
  4.7899992E+04  2.9517529E+04
  4.8099996E+04  2.9039713E+04
  4.8299992E+04  2.8573639E+04
  4.8499992E+04  2.8115846E+04
  4.8700000E+04  2.7669350E+04
  4.8899992E+04  2.7230797E+04
  4.9099988E+04  2.6793764E+04
  4.9299988E+04  2.6376857E+04
  4.9499996E+04  2.5962717E+04
  4.9699992E+04  2.5557436E+04
  4.9899988E+04  2.5157807E+04
  5.0099996E+04  2.4769727E+04
  5.0299996E+04  2.4384035E+04
  5.0499996E+04  2.4012529E+04
  5.0699996E+04  2.3646119E+04
  5.0899992E+04  2.3217830E+04
  5.1099992E+04  2.2605057E+04
  5.1299996E+04  2.1276760E+04
  5.1499988E+04  2.2005279E+04
  5.1699996E+04  2.1866357E+04
  5.1899992E+04  2.1580674E+04
  5.2099992E+04  2.1257084E+04
  5.2299996E+04  2.0943311E+04
  5.2499996E+04  2.0633697E+04
  5.2699996E+04  2.0329525E+04
  5.2899992E+04  2.0030703E+04
  5.3099988E+04  1.9737135E+04
  5.3299988E+04  1.9450051E+04
  5.3499992E+04  1.9166695E+04
  5.3699992E+04  1.8884406E+04
  5.3899992E+04  1.8616145E+04
  5.4099992E+04  1.8348752E+04
  5.4299984E+04  1.8083512E+04
  5.4499988E+04  1.7825463E+04
  5.4699996E+04  1.7566916E+04
  5.4899992E+04  1.7324168E+04
  5.5099992E+04  1.7080744E+04
  5.5299988E+04  1.6837924E+04
  5.5499988E+04  1.6603045E+04
  5.5699992E+04  1.6366237E+04
  5.5899992E+04  1.6132392E+04
  5.6099988E+04  1.5917021E+04
  5.6299996E+04  1.5697161E+04
  5.6499988E+04  1.5482379E+04
  5.6699988E+04  1.5269055E+04
  5.6899992E+04  1.5060666E+04
  5.7099996E+04  1.4855975E+04
  5.7299988E+04  1.4652627E+04
  5.7499988E+04  1.4455159E+04
  5.7699988E+04  1.4258940E+04
  5.7899996E+04  1.4065077E+04
  5.8099988E+04  1.3878017E+04
  5.8299996E+04  1.3693176E+04
  5.8499992E+04  1.3530359E+04
  5.8699988E+04  1.3303835E+04
  5.8899988E+04  1.2963875E+04
  5.9099992E+04  1.2216180E+04
  5.9299988E+04  1.2686724E+04
  5.9499996E+04  1.2618602E+04
  5.9699988E+04  1.2496147E+04
  5.9899992E+04  1.2333041E+04
  6.0099992E+04  1.2171826E+04
  6.0299992E+04  1.2016618E+04
  6.0499988E+04  1.1862167E+04
  6.0699992E+04  1.1708462E+04
  6.0899992E+04  1.1556518E+04
  6.1099988E+04  1.1404292E+04
  6.1299992E+04  1.1265831E+04
  6.1499988E+04  1.1121957E+04
  6.1699988E+04  1.0981688E+04
  6.1899996E+04  1.0842992E+04
  6.2099996E+04  1.0706834E+04
  6.2299988E+04  1.0568318E+04
  6.2499992E+04  1.0439064E+04
  6.2699988E+04  1.0307410E+04
  6.2899996E+04  1.0181974E+04
  6.3099984E+04  1.0053195E+04
  6.3299996E+04  9.9295908E+03
  6.3499984E+04  9.8082822E+03
  6.3699984E+04  9.6892256E+03
  6.3900000E+04  9.5696152E+03
  6.4199992E+04  9.3962998E+03
  6.4599984E+04  9.1692607E+03
  6.4999992E+04  8.9488604E+03
  6.5399992E+04  8.7371152E+03
  6.5799992E+04  8.5297559E+03
  6.6199984E+04  8.3284756E+03
  6.6599984E+04  8.1337759E+03
  6.6999992E+04  7.9447974E+03
  6.7399992E+04  7.7607134E+03
  6.7799992E+04  7.5826221E+03
  6.8199992E+04  7.4091333E+03
  6.8599992E+04  7.2402061E+03
  6.8999984E+04  7.0749243E+03
  6.9399984E+04  6.9160098E+03
  6.9800000E+04  6.7615757E+03
  7.0199992E+04  6.6114287E+03
  7.0599984E+04  6.4650723E+03
  7.0999977E+04  6.3245747E+03
  7.1399977E+04  6.1852573E+03
  7.1799984E+04  6.0509810E+03
  7.2199984E+04  5.9169087E+03
  7.2600000E+04  5.7919175E+03
  7.2999984E+04  5.6691660E+03
  7.3400000E+04  5.5477559E+03
  7.3799984E+04  5.4305786E+03
  7.4199992E+04  5.2930151E+03
  7.4599992E+04  5.0041440E+03
  7.5000000E+04  4.8927075E+03
  7.5399992E+04  4.9651162E+03
  7.5799992E+04  4.8874766E+03
  7.6199984E+04  4.7883535E+03
  7.6599992E+04  4.6907046E+03
  7.6999992E+04  4.5955210E+03
  7.7399992E+04  4.5029302E+03
  7.7799984E+04  4.4125566E+03
  7.8199984E+04  4.3243452E+03
  7.8599984E+04  4.2382451E+03
  7.8999984E+04  4.1543267E+03
  7.9399984E+04  4.0724778E+03
  7.9800000E+04  3.9925876E+03
  8.0199992E+04  3.9144971E+03
  8.0599984E+04  3.8384526E+03
  8.0999992E+04  3.7645173E+03
  8.1399977E+04  3.6917349E+03
  8.1799984E+04  3.6212041E+03
  8.2199984E+04  3.5524260E+03
  8.2599992E+04  3.4850833E+03
  8.2999984E+04  3.4192539E+03
  8.3400000E+04  3.3540352E+03
  8.3799992E+04  3.2908701E+03
  8.4199992E+04  3.2302913E+03
  8.4599977E+04  3.1710789E+03
  8.4999977E+04  3.1127810E+03
  8.5399984E+04  3.0554336E+03
  8.5799984E+04  2.9996323E+03
  8.6199992E+04  2.9449856E+03
  8.6599992E+04  2.8919226E+03
  8.6999984E+04  2.8398083E+03
  8.7399992E+04  2.7888198E+03
  8.7799992E+04  2.7390322E+03
  8.8199984E+04  2.6900310E+03
  8.8599977E+04  2.6424250E+03
  8.8999992E+04  2.5958960E+03
  8.9399977E+04  2.5504707E+03
  8.9799977E+04  2.5057024E+03
  9.0199984E+04  2.4621814E+03
  9.0599984E+04  2.4196514E+03
  9.0999992E+04  2.3776812E+03
  9.1400000E+04  2.3369375E+03
  9.1799969E+04  2.2970820E+03
  9.2199969E+04  2.2579602E+03
  9.2599984E+04  2.2196904E+03
  9.3000000E+04  2.1821680E+03
  9.3399984E+04  2.1454661E+03
  9.3799984E+04  2.1095227E+03
  9.4199977E+04  2.0743667E+03
  9.4599984E+04  2.0398541E+03
  9.4999969E+04  2.0061410E+03
  9.5399984E+04  1.9728365E+03
  9.5799984E+04  1.9407155E+03
  9.6199992E+04  1.9089371E+03
  9.6599984E+04  1.8779409E+03
  9.7000000E+04  1.8475092E+03
  9.7399977E+04  1.8175143E+03
  9.7799984E+04  1.7883798E+03
  9.8199977E+04  1.7596984E+03
  9.8599977E+04  1.7316932E+03
  9.8999992E+04  1.7042356E+03
  9.9399984E+04  1.6772402E+03
  9.9799977E+04  1.6506975E+03
  1.0019999E+05  1.6247487E+03
  1.9999991E+05  1.0399723E+02
  3.9999994E+05  6.4703918E+00
  5.9999981E+05  1.2671840E+00
  7.9999994E+05  3.9781252E-01
