  5.0599994E+02  1.4803823E-11
  5.1199994E+02  2.7776706E-11
  5.2000000E+02  5.4845028E-11
  5.2999994E+02  1.2482887E-10
  5.3999994E+02  2.7198166E-10
  5.4999988E+02  5.8019400E-10
  5.5999988E+02  1.2013055E-09
  5.6999988E+02  2.4238935E-09
  5.7999994E+02  4.7484718E-09
  5.8999988E+02  9.2071817E-09
  5.9999988E+02  1.7384144E-08
  6.0999988E+02  3.2227341E-08
  6.1999994E+02  5.8642559E-08
  6.2999988E+02  1.0493287E-07
  6.3999994E+02  1.8484384E-07
  6.4999994E+02  3.2103904E-07
  6.5799994E+02  4.9416172E-07
  6.6499988E+02  7.1508805E-07
  6.7499994E+02  1.2008328E-06
  6.8499988E+02  1.9929182E-06
  6.9499994E+02  3.2675807E-06
  7.0499988E+02  5.2865053E-06
  7.1599988E+02  8.9028936E-06
  7.2599994E+02  1.4117948E-05
  7.3499982E+02  2.1199152E-05
  7.4499994E+02  3.2986751E-05
  7.5499982E+02  5.0860050E-05
  7.6499994E+02  7.7705925E-05
  7.7499994E+02  1.1763167E-04
  7.8499982E+02  1.7654756E-04
  7.9499982E+02  2.6179536E-04
  8.0500000E+02  3.8685149E-04
  8.1499976E+02  5.6641147E-04
  8.2500000E+02  8.2185218E-04
  8.3499994E+02  1.1827870E-03
  8.4499994E+02  1.6892772E-03
  8.5499988E+02  2.3940543E-03
  8.6499994E+02  3.3673237E-03
  8.7499982E+02  4.6993173E-03
  8.8499982E+02  6.5175840E-03
  8.9499988E+02  8.9721754E-03
  9.0499994E+02  1.2258859E-02
  9.1499982E+02  2.1635861E+00
  9.2499988E+02  7.3508368E+00
  9.3499982E+02  9.6037922E+00
  9.4500000E+02  1.2409482E+01
  9.5500000E+02  1.7325525E+01
  9.6499988E+02  2.1982386E+01
  9.7499982E+02  2.5590710E+01
  9.8499976E+02  3.2794983E+01
  9.9499988E+02  3.8254566E+01
  1.0049999E+03  5.0861439E+01
  1.0149997E+03  6.2381443E+01
  1.0249998E+03  6.1872990E+01
  1.0349998E+03  8.9911644E+01
  1.0449998E+03  1.1017468E+02
  1.0549999E+03  1.3162346E+02
  1.0649999E+03  1.5145053E+02
  1.0750000E+03  1.8419615E+02
  1.0849996E+03  2.1704906E+02
  1.0949999E+03  2.4675346E+02
  1.1049999E+03  1.1150577E+03
  1.1149999E+03  1.9422939E+03
  1.1249999E+03  2.5682295E+03
  1.1349996E+03  3.1347036E+03
  1.1449999E+03  3.7204197E+03
  1.1549999E+03  3.9011194E+03
  1.1650000E+03  4.9572290E+03
  1.1749995E+03  5.5534829E+03
  1.1849996E+03  5.3769785E+03
  1.1949998E+03  3.1021902E+03
  1.2049996E+03  3.0252297E+03
  1.2149998E+03  6.1712555E+02
  1.2249996E+03  3.4973899E+03
  1.2349996E+03  8.0754746E+03
  1.2449998E+03  1.8618824E+04
  1.2549996E+03  3.0322355E+04
  1.2650000E+03  3.0890117E+04
  1.2749998E+03  5.8101203E+04
  1.2849995E+03  1.3126830E+05
  1.2949998E+03  2.1828406E+05
  1.3049995E+03  1.3578127E+05
  1.3149998E+03  4.8441709E+05
  1.3249998E+03  6.9903650E+05
  1.3349996E+03  7.1984594E+05
  1.3449995E+03  1.2737532E+06
  1.3549996E+03  1.2746172E+06
  1.3649999E+03  1.3135539E+06
  1.3749999E+03  1.5607136E+06
  1.3849996E+03  1.4617224E+06
  1.3949999E+03  1.7190308E+06
  1.4050001E+03  1.9178019E+06
  1.4149998E+03  1.8821370E+06
  1.4249998E+03  2.2968085E+06
  1.4350000E+03  2.1044615E+06
  1.4419998E+03  2.7783508E+06
  1.4469999E+03  4.1208715E+06
  1.4549994E+03  4.5931735E+06
  1.4650000E+03  3.8631270E+06
  1.4749995E+03  4.0156022E+06
  1.4849996E+03  4.8396305E+06
  1.4949998E+03  5.7060525E+06
  1.5049996E+03  6.3177375E+06
  1.5119995E+03  5.4113680E+06
  1.5169994E+03  5.3110925E+06
  1.5250001E+03  9.2871710E+06
  1.5349994E+03  9.5044120E+06
  1.5449994E+03  1.5853567E+07
  1.5549998E+03  1.3001988E+07
  1.5649999E+03  1.1145599E+07
  1.5750001E+03  1.7272196E+07
  1.5850000E+03  1.9352324E+07
  1.5949996E+03  2.3582614E+07
  1.6049999E+03  2.0913164E+07
  1.6150000E+03  1.8689140E+07
  1.6249996E+03  1.4572128E+07
  1.6350000E+03  1.7754144E+07
  1.6449996E+03  2.2034370E+07
  1.6549999E+03  1.3404230E+07
  1.6649993E+03  2.1885998E+07
  1.6720000E+03  9.9459650E+06
  1.6770001E+03  2.7261716E+07
  1.6849998E+03  3.0311408E+07
  1.6950000E+03  2.5181754E+07
  1.7049995E+03  2.4043590E+07
  1.7150000E+03  2.6725374E+07
  1.7249993E+03  2.6684842E+07
  1.7349994E+03  3.0632008E+07
  1.7449993E+03  2.9466612E+07
  1.7550001E+03  3.4758228E+07
  1.7649998E+03  2.6180758E+07
  1.7749995E+03  3.2134350E+07
  1.7849995E+03  3.0641404E+07
  1.7949999E+03  3.8354680E+07
  1.8050001E+03  3.5278260E+07
  1.8150001E+03  3.5781468E+07
  1.8249994E+03  3.3018490E+07
  1.8349993E+03  3.0075116E+07
  1.8449993E+03  2.6441968E+07
  1.8549998E+03  2.9883336E+07
  1.8650002E+03  3.2074382E+07
  1.8750001E+03  3.1513496E+07
  1.8850000E+03  3.1896760E+07
  1.8950002E+03  3.3980212E+07
  1.9049996E+03  3.0949212E+07
  1.9149999E+03  3.3580296E+07
  1.9249993E+03  3.3827076E+07
  1.9350001E+03  2.7885014E+07
  1.9449993E+03  3.5219300E+07
  1.9550002E+03  3.5085612E+07
  1.9670002E+03  3.8011272E+07
  1.9759990E+03  3.7228772E+07
  1.9839996E+03  3.5819860E+07
  1.9950001E+03  3.4465168E+07
  2.0050002E+03  3.2381024E+07
  2.0149996E+03  3.1322788E+07
  2.0249994E+03  2.9795976E+07
  2.0349995E+03  3.2715148E+07
  2.0449998E+03  3.5894828E+07
  2.0550000E+03  3.3728244E+07
  2.0649993E+03  3.2298932E+07
  2.0739993E+03  3.7419548E+07
  2.0780002E+03  3.8221332E+07
  2.0849993E+03  3.6795240E+07
  2.0950005E+03  3.4972692E+07
  2.1050002E+03  3.1880558E+07
  2.1149990E+03  3.2274646E+07
  2.1250000E+03  3.3822020E+07
  2.1350002E+03  2.6671672E+07
  2.1449998E+03  3.1573848E+07
  2.1550005E+03  3.1820938E+07
  2.1649995E+03  2.9103592E+07
  2.1750002E+03  2.8757730E+07
  2.1849998E+03  2.9964414E+07
  2.1950000E+03  3.2646898E+07
  2.2050000E+03  3.0831974E+07
  2.2149998E+03  2.7300764E+07
  2.2249998E+03  2.6495070E+07
  2.2350005E+03  3.1476704E+07
  2.2449990E+03  2.7887846E+07
  2.2549993E+03  2.5985948E+07
  2.2650000E+03  2.6210800E+07
  2.2750000E+03  2.8155846E+07
  2.2850000E+03  2.9905006E+07
  2.2950002E+03  2.7332500E+07
  2.3050000E+03  2.7914134E+07
  2.3149995E+03  2.6316086E+07
  2.3250000E+03  1.6551338E+07
  2.3349995E+03  2.2026098E+07
  2.3449993E+03  1.8658454E+07
  2.3550000E+03  2.5614470E+07
  2.3649988E+03  1.9240720E+07
  2.3750000E+03  2.2561404E+07
  2.3849990E+03  1.6760922E+07
  2.3950000E+03  1.9953758E+07
  2.4050005E+03  1.9005908E+07
  2.4149993E+03  2.0151094E+07
  2.4249990E+03  2.4677892E+07
  2.4349990E+03  2.3689014E+07
  2.4450000E+03  2.5706976E+07
  2.4549990E+03  2.5060444E+07
  2.4649990E+03  2.5063992E+07
  2.4749993E+03  2.3236996E+07
  2.4850005E+03  2.4164322E+07
  2.4950000E+03  2.2829022E+07
  2.5050005E+03  2.7961572E+07
  2.5129988E+03  2.2405342E+07
  2.5179990E+03  2.2074016E+07
  2.5249998E+03  1.9824558E+07
  2.5350007E+03  1.9832594E+07
  2.5449988E+03  2.0064448E+07
  2.5550000E+03  2.3085772E+07
  2.5649990E+03  2.2220722E+07
  2.5749990E+03  2.4916030E+07
  2.5849993E+03  2.4783384E+07
  2.5949990E+03  2.3485042E+07
  2.6049995E+03  2.2074836E+07
  2.6149998E+03  2.0869490E+07
  2.6249990E+03  2.4969300E+07
  2.6350007E+03  2.5736152E+07
  2.6449995E+03  3.1427704E+07
  2.6549998E+03  3.1524896E+07
  2.6649995E+03  2.7056878E+07
  2.6749988E+03  2.9253646E+07
  2.6849988E+03  2.8846452E+07
  2.6949988E+03  2.6970344E+07
  2.7050000E+03  2.8235058E+07
  2.7150000E+03  2.5817000E+07
  2.7249995E+03  2.6268646E+07
  2.7350007E+03  2.8844878E+07
  2.7450002E+03  2.1334962E+07
  2.7549998E+03  2.2931502E+07
  2.7649983E+03  2.4417720E+07
  2.7750005E+03  2.7318746E+07
  2.7850000E+03  2.4134306E+07
  2.7949993E+03  1.2267421E+07
  2.8049995E+03  1.5028578E+07
  2.8150002E+03  2.7499676E+07
  2.8250007E+03  3.0220764E+07
  2.8350000E+03  2.8940178E+07
  2.8450002E+03  2.7657252E+07
  2.8550005E+03  2.6315758E+07
  2.8650000E+03  2.9482404E+07
  2.8749983E+03  2.8606790E+07
  2.8850000E+03  2.9102662E+07
  2.8949988E+03  2.7610098E+07
  2.9099988E+03  3.1813304E+07
  2.9299983E+03  3.0342206E+07
  2.9499990E+03  3.0074592E+07
  2.9700005E+03  3.0777474E+07
  2.9899980E+03  3.1465326E+07
  3.0099995E+03  3.2071028E+07
  3.0299995E+03  3.1587906E+07
  3.0499995E+03  3.1493310E+07
  3.0699995E+03  3.1603552E+07
  3.0899995E+03  3.2242542E+07
  3.1099995E+03  3.1133912E+07
  3.1299998E+03  3.1096468E+07
  3.1499995E+03  3.1903380E+07
  3.1699995E+03  3.1719904E+07
  3.1899995E+03  2.9945102E+07
  3.2099998E+03  3.0977074E+07
  3.2299993E+03  2.9885092E+07
  3.2499993E+03  3.0774598E+07
  3.2699995E+03  3.1226194E+07
  3.2899995E+03  3.1450518E+07
  3.3099998E+03  3.1895478E+07
  3.3299993E+03  3.1182604E+07
  3.3499995E+03  3.0793590E+07
  3.3699995E+03  3.0619910E+07
  3.3899993E+03  3.0519972E+07
  3.4099993E+03  3.0948680E+07
  3.4299995E+03  3.1059532E+07
  3.4499993E+03  3.0802704E+07
  3.4699998E+03  3.0374494E+07
  3.4899993E+03  3.0239236E+07
  3.5099995E+03  3.0902874E+07
  3.5299995E+03  3.0856022E+07
  3.5499995E+03  3.1247698E+07
  3.5699995E+03  3.0236428E+07
  3.5899995E+03  3.0005706E+07
  3.6099995E+03  3.0055740E+07
  3.6299993E+03  3.0245812E+07
  3.6399993E+03  3.0037200E+07
  3.6499995E+03  3.0978504E+07
  3.6699993E+03  2.9153754E+07
  3.6899995E+03  2.7679278E+07
  3.7099995E+03  3.3436052E+07
  3.7299998E+03  3.5112000E+07
  3.7499993E+03  4.4782020E+07
  3.7699993E+03  4.7382884E+07
  3.7899995E+03  5.9412944E+07
  3.8099993E+03  7.0347608E+07
  3.8299998E+03  5.4739536E+07
  3.8499995E+03  7.8363544E+07
  3.8699995E+03  8.9212168E+07
  3.8899995E+03  4.8370996E+07
  3.9099995E+03  8.7859464E+07
  3.9299993E+03  7.0705312E+07
  3.9499993E+03  8.4951784E+07
  3.9699998E+03  4.3766424E+07
  3.9899995E+03  8.5280296E+07
  4.0099995E+03  9.5956224E+07
  4.0299993E+03  9.5678888E+07
  4.0499993E+03  9.4582360E+07
  4.0699993E+03  8.9702368E+07
  4.0899995E+03  6.9429912E+07
  4.1099995E+03  5.2111612E+07
  4.1299995E+03  8.4497640E+07
  4.1499990E+03  8.9385680E+07
  4.1699990E+03  8.8742632E+07
  4.1899995E+03  8.7367408E+07
  4.2099995E+03  8.7074928E+07
  4.2299995E+03  8.4588032E+07
  4.2499995E+03  8.4273504E+07
  4.2699990E+03  8.1281256E+07
  4.2899995E+03  8.1898672E+07
  4.3100000E+03  7.5334032E+07
  4.3299995E+03  5.6804640E+07
  4.3499995E+03  4.8110744E+07
  4.3699995E+03  7.4832128E+07
  4.3899995E+03  7.6730232E+07
  4.4099995E+03  7.5667792E+07
  4.4299995E+03  7.4966904E+07
  4.4499995E+03  7.5578720E+07
  4.4699995E+03  7.4666344E+07
  4.4899995E+03  7.3402784E+07
  4.5099990E+03  7.4290528E+07
  4.5299995E+03  7.2029608E+07
  4.5499990E+03  7.0305936E+07
  4.5699995E+03  7.1798792E+07
  4.5899990E+03  6.9588376E+07
  4.6099990E+03  7.0380992E+07
  4.6299990E+03  6.8275192E+07
  4.6499990E+03  6.8539392E+07
  4.6699990E+03  6.7773936E+07
  4.6899990E+03  6.5994808E+07
  4.7099995E+03  6.3319540E+07
  4.7299990E+03  6.5273988E+07
  4.7499995E+03  6.4845676E+07
  4.7699995E+03  6.3764920E+07
  4.7899990E+03  6.2933076E+07
  4.8099995E+03  6.1352384E+07
  4.8299995E+03  5.8384268E+07
  4.8499990E+03  4.4743520E+07
  4.8700000E+03  3.5638644E+07
  4.8899990E+03  5.4564008E+07
  4.9099990E+03  5.7556736E+07
  4.9299990E+03  5.6912440E+07
  4.9499995E+03  5.7237592E+07
  4.9699995E+03  5.7323876E+07
  4.9899990E+03  5.5732080E+07
  5.0099995E+03  5.4073732E+07
  5.0299995E+03  5.4713696E+07
  5.0499995E+03  5.3641532E+07
  5.0699995E+03  5.3988596E+07
  5.0899995E+03  5.3345592E+07
  5.1099990E+03  5.2895660E+07
  5.1299995E+03  5.1948620E+07
  5.1499985E+03  5.0922372E+07
  5.1700000E+03  4.9724324E+07
  5.1899990E+03  4.9281708E+07
  5.2099990E+03  4.9321824E+07
  5.2299995E+03  4.8423316E+07
  5.2499995E+03  4.8953092E+07
  5.2699995E+03  4.6840520E+07
  5.2899990E+03  4.7782100E+07
  5.3099995E+03  4.6862996E+07
  5.3299990E+03  4.5887368E+07
  5.3499995E+03  4.6434684E+07
  5.3699995E+03  4.5636112E+07
  5.3899995E+03  4.5202112E+07
  5.4099990E+03  4.4347212E+07
  5.4299990E+03  4.4196180E+07
  5.4499990E+03  4.4095624E+07
  5.4699995E+03  4.3601260E+07
  5.4899995E+03  4.3379160E+07
  5.5099995E+03  4.2904748E+07
  5.5299985E+03  4.2270984E+07
  5.5499990E+03  4.2119748E+07
  5.5699990E+03  4.1463240E+07
  5.5899995E+03  4.1136932E+07
  5.6099990E+03  4.0859704E+07
  5.6299995E+03  4.0552088E+07
  5.6499990E+03  4.0089668E+07
  5.6699990E+03  3.9555408E+07
  5.6899995E+03  3.9346472E+07
  5.7099995E+03  3.8948840E+07
  5.7299990E+03  3.8764632E+07
  5.7499990E+03  3.8229940E+07
  5.7699990E+03  3.7923504E+07
  5.7899995E+03  3.7503504E+07
  5.8099985E+03  3.7174336E+07
  5.8300000E+03  3.6850980E+07
  5.8499990E+03  3.6479460E+07
  5.8699985E+03  3.6095728E+07
  5.8899985E+03  3.5375372E+07
  5.9099995E+03  3.5408148E+07
  5.9299985E+03  3.5087228E+07
  5.9499995E+03  3.4692112E+07
  5.9699990E+03  3.4411440E+07
  5.9899990E+03  3.3967836E+07
  6.0099990E+03  3.3585688E+07
  6.0299995E+03  3.3389158E+07
  6.0499990E+03  3.3092610E+07
  6.0699990E+03  3.2853426E+07
  6.0899995E+03  3.2483590E+07
  6.1099985E+03  3.2139094E+07
  6.1299995E+03  3.1700122E+07
  6.1499985E+03  3.1010206E+07
  6.1699985E+03  3.1136064E+07
  6.1900000E+03  3.1015798E+07
  6.2099995E+03  3.0742098E+07
  6.2299985E+03  3.0360622E+07
  6.2499990E+03  2.9668004E+07
  6.2699985E+03  2.9925606E+07
  6.2900000E+03  2.9656552E+07
  6.3099985E+03  2.9212454E+07
  6.3299995E+03  2.9041306E+07
  6.3499985E+03  2.8498958E+07
  6.3699985E+03  2.8332352E+07
  6.3899995E+03  2.8234614E+07
  6.4099990E+03  2.7814806E+07
  6.4299985E+03  2.7680322E+07
  6.4499985E+03  2.7145798E+07
  6.4699990E+03  2.7165420E+07
  6.4899990E+03  2.6661050E+07
  6.5099985E+03  2.6358816E+07
  6.5299990E+03  2.5515532E+07
  6.5499985E+03  2.2002044E+07
  6.5699985E+03  1.7494808E+07
  6.5899995E+03  2.4019844E+07
  6.6099985E+03  2.5117212E+07
  6.6299990E+03  2.5200732E+07
  6.6499985E+03  2.5072382E+07
  6.6699995E+03  2.4888368E+07
  6.6899990E+03  2.4742310E+07
  6.7099995E+03  2.4545666E+07
  6.7299990E+03  2.4298520E+07
  6.7499995E+03  2.4086938E+07
  6.7699985E+03  2.3951416E+07
  6.7899995E+03  2.3736160E+07
  6.8099995E+03  2.3531956E+07
  6.8300000E+03  2.3291774E+07
  6.8499985E+03  2.3102180E+07
  6.8699985E+03  2.2939130E+07
  6.8899985E+03  2.2749010E+07
  6.9099990E+03  2.2547288E+07
  6.9299995E+03  2.2346730E+07
  6.9499990E+03  2.2164488E+07
  6.9699985E+03  2.1962252E+07
  6.9899985E+03  2.1806682E+07
  7.0099985E+03  2.1509932E+07
  7.0299985E+03  2.1387716E+07
  7.0499990E+03  2.1238492E+07
  7.0699980E+03  2.1080068E+07
  7.0899990E+03  2.0907342E+07
  7.1099990E+03  2.0388946E+07
  7.1299995E+03  2.0463694E+07
  7.1499990E+03  2.0335372E+07
  7.1699995E+03  2.0172248E+07
  7.1899985E+03  1.9994600E+07
  7.2099985E+03  1.9854112E+07
  7.2299980E+03  1.9661544E+07
  7.2499990E+03  1.9491570E+07
  7.2699995E+03  1.9395164E+07
  7.2899990E+03  1.9174054E+07
  7.3099980E+03  1.9027684E+07
  7.3299980E+03  1.8901554E+07
  7.3499980E+03  1.8777908E+07
  7.3699985E+03  1.8639366E+07
  7.3899995E+03  1.8443412E+07
  7.4099985E+03  1.8169718E+07
  7.4299995E+03  1.8053602E+07
  7.4500000E+03  1.7949332E+07
  7.4700000E+03  1.7710892E+07
  7.4899990E+03  1.7642630E+07
  7.5099985E+03  1.7554132E+07
  7.5299995E+03  1.7447048E+07
  7.5499980E+03  1.7348794E+07
  7.5699985E+03  1.7194788E+07
  7.5899990E+03  1.7065050E+07
  7.6099980E+03  1.6934488E+07
  7.6299995E+03  1.6799878E+07
  7.6499995E+03  1.6641981E+07
  7.6699980E+03  1.6471418E+07
  7.6899990E+03  1.6382664E+07
  7.7099995E+03  1.6220459E+07
  7.7299985E+03  1.6154921E+07
  7.7499990E+03  1.6013940E+07
  7.7700000E+03  1.5557197E+07
  7.7900000E+03  1.5795892E+07
  7.8099995E+03  1.5663833E+07
  7.8299980E+03  1.5503424E+07
  7.8499980E+03  1.5333435E+07
  7.8699995E+03  1.5225182E+07
  7.8900000E+03  1.5079101E+07
  7.9099995E+03  1.4992107E+07
  7.9300000E+03  1.4896809E+07
  7.9499985E+03  1.4724796E+07
  7.9699990E+03  1.4737577E+07
  7.9900000E+03  1.4452622E+07
  8.0099980E+03  1.4488587E+07
  8.0299985E+03  1.4366839E+07
  8.0500000E+03  1.4276932E+07
  8.0699985E+03  1.4159983E+07
  8.0899990E+03  1.4057820E+07
  8.1099995E+03  1.3973675E+07
  8.1299976E+03  1.3881077E+07
  8.1499976E+03  1.3776165E+07
  8.1699980E+03  1.3676064E+07
  8.1899985E+03  1.3409963E+07
  8.2099990E+03  1.3383272E+07
  8.2300000E+03  1.3278254E+07
  8.2500000E+03  1.3216721E+07
  8.2700000E+03  1.3253675E+07
  8.2899980E+03  1.3125672E+07
  8.3099990E+03  1.2989462E+07
  8.3299980E+03  1.2708907E+07
  8.3500000E+03  1.2586494E+07
  8.3699990E+03  1.2411878E+07
  8.3899990E+03  1.2163315E+07
  8.4099971E+03  1.1995813E+07
  8.4300000E+03  1.1946373E+07
  8.4499990E+03  1.1816554E+07
  8.4699980E+03  1.1340714E+07
  8.4899980E+03  1.2100604E+07
  8.5099990E+03  1.0948759E+07
  8.5299990E+03  1.2313056E+07
  8.5499990E+03  1.0259056E+07
  8.5699990E+03  1.2602586E+07
  8.5900000E+03  1.1259904E+07
  8.6099980E+03  1.0901221E+07
  8.6299990E+03  1.2743093E+07
  8.6499990E+03  1.1970770E+07
  8.6699990E+03  9.5344900E+06
  8.6899990E+03  1.2119739E+07
  8.7099971E+03  1.2779735E+07
  8.7299990E+03  1.2091976E+07
  8.7499980E+03  9.3717680E+06
  8.7699980E+03  1.1477904E+07
  8.7899980E+03  1.2564745E+07
  8.8099990E+03  1.2609204E+07
  8.8299980E+03  1.2139513E+07
  8.8499980E+03  1.0791292E+07
  8.8699980E+03  9.0571800E+06
  8.8899990E+03  1.1616781E+07
  8.9099971E+03  1.2146961E+07
  8.9299980E+03  1.2204574E+07
  8.9499980E+03  1.2242742E+07
  8.9699990E+03  1.1985934E+07
  8.9899990E+03  1.1347194E+07
  9.0099980E+03  8.9004150E+06
  9.0299990E+03  9.8432800E+06
  9.0499990E+03  1.1348566E+07
  9.0699980E+03  1.1391997E+07
  9.0899990E+03  1.1324594E+07
  9.1099980E+03  1.1553646E+07
  9.1299980E+03  1.1543757E+07
  9.1499980E+03  1.1492899E+07
  9.1699980E+03  1.1304384E+07
  9.1899990E+03  1.0959488E+07
  9.2099990E+03  1.0092957E+07
  9.2299980E+03  7.7900055E+06
  9.2499980E+03  9.6861970E+06
  9.2699971E+03  1.0387543E+07
  9.2899990E+03  1.0843112E+07
  9.3099980E+03  1.0871336E+07
  9.3299990E+03  1.0811793E+07
  9.3499980E+03  1.0769899E+07
  9.3699990E+03  1.0711098E+07
  9.3900000E+03  1.0551862E+07
  9.4099980E+03  1.0273060E+07
  9.4299971E+03  1.0417210E+07
  9.4499990E+03  1.0352066E+07
  9.4700000E+03  1.0262174E+07
  9.4899980E+03  1.0116901E+07
  9.5100000E+03  9.8015450E+06
  9.5300000E+03  8.9092610E+06
  9.5500000E+03  7.0875085E+06
  9.5699990E+03  8.9834390E+06
  9.5899980E+03  9.6010160E+06
  9.6099980E+03  9.6602220E+06
  9.6299990E+03  9.5571700E+06
  9.6499990E+03  9.6644490E+06
  9.6699980E+03  9.5302410E+06
  9.6899980E+03  9.5242420E+06
  9.7100000E+03  9.5489750E+06
  9.7299990E+03  9.4731520E+06
  9.7499980E+03  9.3832070E+06
  9.7699961E+03  9.3562800E+06
  9.7899980E+03  9.2929290E+06
  9.8099980E+03  9.2233690E+06
  9.8299990E+03  9.1433760E+06
  9.8499980E+03  9.0394990E+06
  9.8700000E+03  8.9893630E+06
  9.8899980E+03  8.8837170E+06
  9.9099990E+03  8.8586350E+06
  9.9300000E+03  8.7916550E+06
  9.9499980E+03  8.7361830E+06
  9.9699980E+03  8.6780490E+06
  9.9899990E+03  8.5557590E+06
  1.0024998E+04  7.7194200E+06
  1.0074998E+04  7.3119295E+06
  1.0124997E+04  8.1380345E+06
  1.0174997E+04  8.1310280E+06
  1.0224998E+04  8.0430520E+06
  1.0274997E+04  7.9203605E+06
  1.0325000E+04  7.7795150E+06
  1.0374999E+04  7.6585150E+06
  1.0425000E+04  7.5363500E+06
  1.0474998E+04  7.3533360E+06
  1.0524997E+04  7.2571110E+06
  1.0574999E+04  7.1660750E+06
  1.0625000E+04  7.0570720E+06
  1.0674997E+04  6.8321065E+06
  1.0724998E+04  6.7980270E+06
  1.0774999E+04  6.6993880E+06
  1.0824997E+04  6.5845980E+06
  1.0874997E+04  6.4028220E+06
  1.0924999E+04  5.3797535E+06
  1.0974996E+04  5.8869550E+06
  1.1025000E+04  6.1935145E+06
  1.1074998E+04  6.1447840E+06
  1.1124999E+04  6.0564945E+06
  1.1174998E+04  5.9707440E+06
  1.1224999E+04  5.8883685E+06
  1.1274997E+04  5.7005345E+06
  1.1325000E+04  5.6250455E+06
  1.1375000E+04  5.6065660E+06
  1.1425000E+04  5.5053610E+06
  1.1474997E+04  5.4652165E+06
  1.1525000E+04  5.3895330E+06
  1.1574998E+04  5.3048325E+06
  1.1625000E+04  5.1787310E+06
  1.1674998E+04  5.0767045E+06
  1.1724997E+04  5.0822785E+06
  1.1775001E+04  4.9218250E+06
  1.1824999E+04  4.8932240E+06
  1.1875000E+04  4.7994735E+06
  1.1925000E+04  4.8022285E+06
  1.1975001E+04  4.6907510E+06
  1.2024998E+04  4.6533895E+06
  1.2074996E+04  4.5730760E+06
  1.2125000E+04  4.5146780E+06
  1.2175000E+04  4.4652190E+06
  1.2225001E+04  4.3967535E+06
  1.2275001E+04  4.3292545E+06
  1.2324996E+04  4.2718830E+06
  1.2374996E+04  4.2199660E+06
  1.2424998E+04  4.1709395E+06
  1.2475000E+04  4.0993230E+06
  1.2524997E+04  4.0500905E+06
  1.2574997E+04  3.9672020E+06
  1.2624999E+04  3.9289850E+06
  1.2674997E+04  3.8809312E+06
  1.2724999E+04  3.8128005E+06
  1.2774999E+04  3.6458938E+06
  1.2825000E+04  3.1113338E+06
  1.2875001E+04  3.5828870E+06
  1.2924997E+04  3.6154342E+06
  1.2975001E+04  3.5831455E+06
  1.3024998E+04  3.5441430E+06
  1.3074999E+04  3.5003398E+06
  1.3125000E+04  3.4516328E+06
  1.3174998E+04  3.3933638E+06
  1.3224998E+04  3.3643072E+06
  1.3274997E+04  3.3204132E+06
  1.3324997E+04  3.2785675E+06
  1.3374999E+04  3.2351465E+06
  1.3424999E+04  3.1926988E+06
  1.3474999E+04  3.1507910E+06
  1.3525001E+04  3.1034410E+06
  1.3574999E+04  3.0634502E+06
  1.3624997E+04  3.0308612E+06
  1.3674997E+04  2.9883910E+06
  1.3724995E+04  2.9304602E+06
  1.3774998E+04  2.9127975E+06
  1.3824998E+04  2.8771805E+06
  1.3874996E+04  2.8482635E+06
  1.3925000E+04  2.8025868E+06
  1.3974996E+04  2.7738895E+06
  1.4024997E+04  2.7405478E+06
  1.4075001E+04  2.7087492E+06
  1.4124996E+04  2.6714808E+06
  1.4175000E+04  2.6408540E+06
  1.4225000E+04  2.6066828E+06
  1.4274994E+04  2.5736665E+06
  1.4325001E+04  2.5439792E+06
  1.4374998E+04  2.5159218E+06
  1.4424999E+04  2.4449192E+06
  1.4475000E+04  2.4525108E+06
  1.4524997E+04  2.4024425E+06
  1.4569999E+04  2.3959655E+06
  1.4620000E+04  2.4233158E+06
  1.4674998E+04  2.4734110E+06
  1.4725000E+04  2.4192852E+06
  1.4775002E+04  2.3527185E+06
  1.4824998E+04  2.3080795E+06
  1.4874996E+04  2.2498538E+06
  1.4924997E+04  2.2231345E+06
  1.4974999E+04  2.1740418E+06
  1.5024999E+04  2.1318945E+06
  1.5075000E+04  2.0917490E+06
  1.5124999E+04  2.0674029E+06
  1.5175000E+04  2.0361326E+06
  1.5225002E+04  2.0193675E+06
  1.5274998E+04  1.9793674E+06
  1.5324995E+04  1.9533196E+06
  1.5374997E+04  1.9583251E+06
  1.5425001E+04  1.8864308E+06
  1.5474996E+04  1.9179954E+06
  1.5524994E+04  1.8983152E+06
  1.5575001E+04  1.8002628E+06
  1.5624998E+04  1.9114365E+06
  1.5674997E+04  1.8077258E+06
  1.5724994E+04  1.7363738E+06
  1.5774996E+04  1.8537619E+06
  1.5825001E+04  1.8283755E+06
  1.5874995E+04  1.6180588E+06
  1.5925002E+04  1.7487389E+06
  1.5975001E+04  1.8058632E+06
  1.6049998E+04  1.7271641E+06
  1.6150001E+04  1.6083434E+06
  1.6249997E+04  1.7055981E+06
  1.6350000E+04  1.6094011E+06
  1.6449996E+04  1.5000971E+06
  1.6549998E+04  1.5985221E+06
  1.6649994E+04  1.5663331E+06
  1.6749998E+04  1.4722215E+06
  1.6849998E+04  1.3708071E+06
  1.6950000E+04  1.4656138E+06
  1.7049996E+04  1.4362910E+06
  1.7150000E+04  1.4093425E+06
  1.7249992E+04  1.3624121E+06
  1.7349994E+04  1.2025028E+06
  1.7449992E+04  1.2881824E+06
  1.7550000E+04  1.2869975E+06
  1.7649998E+04  1.2622972E+06
  1.7749994E+04  1.2396250E+06
  1.7849994E+04  1.2133595E+06
  1.7949998E+04  1.1914589E+06
  1.8050002E+04  1.1551205E+06
  1.8150002E+04  1.0325140E+06
  1.8249994E+04  1.0842566E+06
  1.8349992E+04  1.0943669E+06
  1.8449992E+04  1.0753754E+06
  1.8549998E+04  1.0500496E+06
  1.8650002E+04  1.0224963E+06
  1.8750002E+04  9.0834900E+05
  1.8850000E+04  9.7757775E+05
  1.8950004E+04  9.6826281E+05
  1.9049996E+04  9.5679600E+05
  1.9149998E+04  9.3790194E+05
  1.9249992E+04  9.1787462E+05
  1.9350000E+04  8.9031038E+05
  1.9449992E+04  7.9282769E+05
  1.9550002E+04  8.5728350E+05
  1.9649992E+04  8.5096181E+05
  1.9749992E+04  8.3483275E+05
  1.9849992E+04  8.2093538E+05
  1.9950002E+04  8.0585319E+05
  2.0050002E+04  7.9115294E+05
  2.0149996E+04  7.7680669E+05
  2.0249994E+04  7.6216212E+05
  2.0349994E+04  7.4783988E+05
  2.0449996E+04  7.3516569E+05
  2.0550000E+04  7.2174769E+05
  2.0649992E+04  7.0797200E+05
  2.0749998E+04  6.9559062E+05
  2.0849992E+04  6.8344906E+05
  2.0950004E+04  6.7127431E+05
  2.1050002E+04  6.5922362E+05
  2.1149992E+04  6.4613288E+05
  2.1250000E+04  6.3504306E+05
  2.1350002E+04  6.2404162E+05
  2.1449996E+04  6.1348788E+05
  2.1550006E+04  5.9752069E+05
  2.1649994E+04  5.3569581E+05
  2.1750002E+04  5.7278931E+05
  2.1849998E+04  5.7170925E+05
  2.1950002E+04  5.6407994E+05
  2.2050000E+04  5.5383812E+05
  2.2149996E+04  5.4382688E+05
  2.2249998E+04  5.3611856E+05
  2.2350004E+04  5.2711569E+05
  2.2449990E+04  5.1840197E+05
  2.2549994E+04  5.0895403E+05
  2.2650000E+04  5.0126059E+05
  2.2750000E+04  4.9310762E+05
  2.2850000E+04  4.8728581E+05
  2.2950004E+04  4.8723269E+05
  2.3050000E+04  4.7868197E+05
  2.3149996E+04  4.6911466E+05
  2.3250000E+04  4.6013259E+05
  2.3349996E+04  4.5107994E+05
  2.3449994E+04  4.4273316E+05
  2.3550002E+04  4.3450444E+05
  2.3649988E+04  4.2657462E+05
  2.3750000E+04  4.1876178E+05
  2.3849990E+04  4.1115822E+05
  2.3950002E+04  4.0425053E+05
  2.4050006E+04  3.9729381E+05
  2.4149992E+04  3.9023844E+05
  2.4249990E+04  3.8500231E+05
  2.4349990E+04  3.7850441E+05
  2.4450002E+04  3.7156375E+05
  2.4549990E+04  3.6818700E+05
  2.4649992E+04  3.6036338E+05
  2.4749992E+04  3.5555069E+05
  2.4850006E+04  3.5404888E+05
  2.4950000E+04  3.3873756E+05
  2.5050006E+04  3.4895828E+05
  2.5149994E+04  3.4049512E+05
  2.5249998E+04  3.2146506E+05
  2.5350004E+04  3.2850122E+05
  2.5449988E+04  3.2716406E+05
  2.5549998E+04  3.1844438E+05
  2.5649990E+04  2.9958406E+05
  2.5749990E+04  3.1051147E+05
  2.5849994E+04  3.0845753E+05
  2.5949990E+04  3.0412122E+05
  2.6049996E+04  2.9329116E+05
  2.6149998E+04  2.7575312E+05
  2.6249988E+04  2.6334497E+05
  2.6350008E+04  2.8204397E+05
  2.6449996E+04  2.8297422E+05
  2.6549994E+04  2.7896006E+05
  2.6649994E+04  2.7166153E+05
  2.6749988E+04  2.5097041E+05
  2.6849986E+04  2.6430609E+05
  2.6949986E+04  2.6428303E+05
  2.7050002E+04  2.6127681E+05
  2.7149998E+04  2.5789406E+05
  2.7249994E+04  2.5424939E+05
  2.7350006E+04  2.5014711E+05
  2.7450004E+04  2.4500808E+05
  2.7549996E+04  2.2574628E+05
  2.7649982E+04  2.3187275E+05
  2.7750004E+04  2.3603581E+05
  2.7850000E+04  2.3389697E+05
  2.7949992E+04  2.3094848E+05
  2.8049994E+04  2.2781558E+05
  2.8150002E+04  2.2471169E+05
  2.8250006E+04  2.2169323E+05
  2.8350000E+04  2.1878212E+05
  2.8450000E+04  2.1542694E+05
  2.8550002E+04  2.1196075E+05
  2.8650002E+04  2.0448034E+05
  2.8749982E+04  1.8987938E+05
  2.8849998E+04  2.0219377E+05
  2.8949986E+04  2.0123553E+05
  2.9049994E+04  1.9930327E+05
  2.9149986E+04  1.9633331E+05
  2.9249984E+04  1.9412133E+05
  2.9349980E+04  1.9164188E+05
  2.9450000E+04  1.8917823E+05
  2.9550004E+04  1.8675666E+05
  2.9649982E+04  1.8435941E+05
  2.9749992E+04  1.8199400E+05
  2.9849994E+04  1.7968575E+05
  2.9949984E+04  1.7734983E+05
  3.0049996E+04  1.7509072E+05
  3.0149994E+04  1.7253869E+05
  3.0249994E+04  1.6932484E+05
  3.0349996E+04  1.5701669E+05
  3.0449996E+04  1.5899378E+05
  3.0549996E+04  1.6335956E+05
  3.0649996E+04  1.6217502E+05
  3.0749994E+04  1.6032909E+05
  3.0849996E+04  1.5812361E+05
  3.0949994E+04  1.5635230E+05
  3.1049996E+04  1.5439336E+05
  3.1149996E+04  1.5234759E+05
  3.1249996E+04  1.5056014E+05
  3.1349996E+04  1.4881920E+05
  3.1449996E+04  1.4692591E+05
  3.1549998E+04  1.4529961E+05
  3.1649996E+04  1.4360817E+05
  3.1749998E+04  1.4176319E+05
  3.1849996E+04  1.4018364E+05
  3.1949994E+04  1.3848452E+05
  3.2099996E+04  1.3600503E+05
  3.2299992E+04  1.3284188E+05
  3.2499994E+04  1.2972461E+05
  3.2699996E+04  1.2642327E+05
  3.2899996E+04  1.1704930E+05
  3.3099996E+04  1.1964503E+05
  3.3299992E+04  1.1880333E+05
  3.3499996E+04  1.1612008E+05
  3.3699996E+04  1.1315360E+05
  3.3899996E+04  1.1049801E+05
  3.4099996E+04  1.0794212E+05
  3.4299996E+04  1.0549898E+05
  3.4499992E+04  1.0313674E+05
  3.4699996E+04  1.0073102E+05
  3.4899996E+04  9.8435406E+04
  3.5099996E+04  9.6237406E+04
  3.5299996E+04  9.4128094E+04
  3.5499996E+04  9.2036172E+04
  3.5699992E+04  8.9925984E+04
  3.5899992E+04  8.8295414E+04
  3.6099996E+04  8.6033359E+04
  3.6299992E+04  8.4693414E+04
  3.6499992E+04  8.2308664E+04
  3.6699992E+04  8.1372055E+04
  3.6899992E+04  7.8516852E+04
  3.7099996E+04  7.7858703E+04
  3.7299996E+04  7.4440047E+04
  3.7499992E+04  7.1384406E+04
  3.7699996E+04  7.3292898E+04
  3.7899996E+04  7.2075539E+04
  3.8099992E+04  6.9465219E+04
  3.8299996E+04  6.8302438E+04
  3.8499996E+04  6.7970805E+04
  3.8699996E+04  6.6608523E+04
  3.8899992E+04  6.4854836E+04
  3.9099996E+04  6.1987562E+04
  3.9299992E+04  6.2638848E+04
  3.9499992E+04  6.1634301E+04
  3.9699992E+04  6.0479426E+04
  3.9900000E+04  5.9216758E+04
  4.0099996E+04  5.6903207E+04
  4.0299992E+04  5.5409645E+04
  4.0499996E+04  5.3260562E+04
  4.0699992E+04  5.4598773E+04
  4.0899992E+04  5.3825133E+04
  4.1099996E+04  5.2885504E+04
  4.1299996E+04  5.1890828E+04
  4.1499992E+04  5.0626285E+04
  4.1699992E+04  4.7782492E+04
  4.1899996E+04  4.8724375E+04
  4.2099996E+04  4.8113754E+04
  4.2299992E+04  4.7306137E+04
  4.2499996E+04  4.6444801E+04
  4.2699992E+04  4.5611965E+04
  4.2899992E+04  4.4792598E+04
  4.3099996E+04  4.3988461E+04
  4.3299996E+04  4.3197242E+04
  4.3499992E+04  4.2315160E+04
  4.3699996E+04  3.9946105E+04
  4.3899996E+04  4.0323832E+04
  4.4099992E+04  4.0185562E+04
  4.4299992E+04  3.9531746E+04
  4.4499996E+04  3.8844266E+04
  4.4699996E+04  3.8346609E+04
  4.4899996E+04  3.7678730E+04
  4.5099992E+04  3.7043387E+04
  4.5299992E+04  3.6406758E+04
  4.5499996E+04  3.5792602E+04
  4.5699992E+04  3.5175156E+04
  4.5899996E+04  3.4577812E+04
  4.6099996E+04  3.3993035E+04
  4.6299992E+04  3.3257133E+04
  4.6499988E+04  3.1137006E+04
  4.6699992E+04  3.0539207E+04
  4.6899992E+04  3.1462797E+04
  4.7099992E+04  3.1243713E+04
  4.7299992E+04  3.0772934E+04
  4.7499996E+04  3.0255529E+04
  4.7699992E+04  2.9773852E+04
  4.7899992E+04  2.9299150E+04
  4.8099996E+04  2.8826400E+04
  4.8299992E+04  2.8363707E+04
  4.8499992E+04  2.7910842E+04
  4.8700000E+04  2.7467617E+04
  4.8899992E+04  2.7032285E+04
  4.9099988E+04  2.6599990E+04
  4.9299988E+04  2.6186203E+04
  4.9499996E+04  2.5776676E+04
  4.9699992E+04  2.5374416E+04
  4.9899988E+04  2.4976250E+04
  5.0099996E+04  2.4592615E+04
  5.0299996E+04  2.4209820E+04
  5.0499996E+04  2.3841174E+04
  5.0699996E+04  2.3477572E+04
  5.0899992E+04  2.3102955E+04
  5.1099992E+04  2.2564656E+04
  5.1299996E+04  2.1232385E+04
  5.1499988E+04  2.1947043E+04
  5.1699996E+04  2.1749373E+04
  5.1899992E+04  2.1429623E+04
  5.2099992E+04  2.1108580E+04
  5.2299996E+04  2.0795939E+04
  5.2499996E+04  2.0488811E+04
  5.2699996E+04  2.0185740E+04
  5.2899992E+04  1.9890691E+04
  5.3099988E+04  1.9598180E+04
  5.3299988E+04  1.9313461E+04
  5.3499992E+04  1.9032443E+04
  5.3699992E+04  1.8753764E+04
  5.3899992E+04  1.8485174E+04
  5.4099992E+04  1.8221320E+04
  5.4299984E+04  1.7958297E+04
  5.4499988E+04  1.7701162E+04
  5.4699996E+04  1.7447303E+04
  5.4899992E+04  1.7204172E+04
  5.5099992E+04  1.6961619E+04
  5.5299988E+04  1.6722125E+04
  5.5499988E+04  1.6488076E+04
  5.5699992E+04  1.6253309E+04
  5.5899992E+04  1.6021474E+04
  5.6099988E+04  1.5806895E+04
  5.6299996E+04  1.5590192E+04
  5.6499988E+04  1.5376166E+04
  5.6699988E+04  1.5163589E+04
  5.6899992E+04  1.4957105E+04
  5.7099996E+04  1.4753137E+04
  5.7299988E+04  1.4551654E+04
  5.7499988E+04  1.4356026E+04
  5.7699988E+04  1.4161623E+04
  5.7899996E+04  1.3969558E+04
  5.8099988E+04  1.3784267E+04
  5.8299996E+04  1.3600071E+04
  5.8499992E+04  1.3448896E+04
  5.8699988E+04  1.3253542E+04
  5.8899988E+04  1.2957359E+04
  5.9099992E+04  1.2230201E+04
  5.9299988E+04  1.2665298E+04
  5.9499996E+04  1.2567523E+04
  5.9699988E+04  1.2420042E+04
  5.9899992E+04  1.2257441E+04
  6.0099992E+04  1.2097771E+04
  6.0299992E+04  1.1943055E+04
  6.0499988E+04  1.1789090E+04
  6.0699992E+04  1.1636888E+04
  6.0899992E+04  1.1487445E+04
  6.1099988E+04  1.1336679E+04
  6.1299992E+04  1.1196653E+04
  6.1499988E+04  1.1054226E+04
  6.1699988E+04  1.0915385E+04
  6.1899996E+04  1.0777117E+04
  6.2099996E+04  1.0642358E+04
  6.2299988E+04  1.0506197E+04
  6.2499992E+04  1.0376375E+04
  6.2699988E+04  1.0246080E+04
  6.2899996E+04  1.0121032E+04
  6.3099984E+04  9.9935850E+03
  6.3299996E+04  9.8703564E+03
  6.3499984E+04  9.7494219E+03
  6.3699984E+04  9.6307334E+03
  6.3900000E+04  9.5124111E+03
  6.4199992E+04  9.3396289E+03
  6.4599984E+04  9.1141934E+03
  6.4999992E+04  8.8957158E+03
  6.5399992E+04  8.6846201E+03
  6.5799992E+04  8.4785918E+03
  6.6199984E+04  8.2785303E+03
  6.6599984E+04  8.0851089E+03
  6.6999992E+04  7.8975483E+03
  6.7399992E+04  7.7146880E+03
  6.7799992E+04  7.5374648E+03
  6.8199992E+04  7.3652339E+03
  6.8599992E+04  7.1971362E+03
  6.8999984E+04  7.0331445E+03
  6.9399984E+04  6.8752583E+03
  6.9800000E+04  6.7218291E+03
  7.0199992E+04  6.5728999E+03
  7.0599984E+04  6.4272808E+03
  7.0999977E+04  6.2875063E+03
  7.1399977E+04  6.1488994E+03
  7.1799984E+04  6.0155381E+03
  7.2199984E+04  5.8825083E+03
  7.2600000E+04  5.7580381E+03
  7.2999984E+04  5.6360103E+03
  7.3400000E+04  5.5156597E+03
  7.3799984E+04  5.3990371E+03
  7.4199992E+04  5.2747451E+03
  7.4599992E+04  5.0248589E+03
  7.5000000E+04  4.9020835E+03
  7.5399992E+04  4.9493452E+03
  7.5799992E+04  4.8598066E+03
  7.6199984E+04  4.7607778E+03
  7.6599992E+04  4.6636738E+03
  7.6999992E+04  4.5692148E+03
  7.7399992E+04  4.4771465E+03
  7.7799984E+04  4.3872866E+03
  7.8199984E+04  4.2996411E+03
  7.8599984E+04  4.2140967E+03
  7.8999984E+04  4.1307241E+03
  7.9399984E+04  4.0494114E+03
  7.9800000E+04  3.9699883E+03
  8.0199992E+04  3.8924739E+03
  8.0599984E+04  3.8169956E+03
  8.0999992E+04  3.7433867E+03
  8.1399977E+04  3.6712095E+03
  8.1799984E+04  3.6010479E+03
  8.2199984E+04  3.5326331E+03
  8.2599992E+04  3.4657021E+03
  8.2999984E+04  3.4002778E+03
  8.3400000E+04  3.3356738E+03
  8.3799992E+04  3.2727910E+03
  8.4199992E+04  3.2124900E+03
  8.4599977E+04  3.1536030E+03
  8.4999977E+04  3.0956260E+03
  8.5399984E+04  3.0386970E+03
  8.5799984E+04  2.9832563E+03
  8.6199992E+04  2.9289136E+03
  8.6599992E+04  2.8760989E+03
  8.6999984E+04  2.8242793E+03
  8.7399992E+04  2.7735806E+03
  8.7799992E+04  2.7241265E+03
  8.8199984E+04  2.6754539E+03
  8.8599977E+04  2.6280757E+03
  8.8999992E+04  2.5818652E+03
  8.9399977E+04  2.5366597E+03
  8.9799977E+04  2.4922012E+03
  9.0199984E+04  2.4489849E+03
  9.0599984E+04  2.4066172E+03
  9.0999992E+04  2.3649431E+03
  9.1400000E+04  2.3244456E+03
  9.1799969E+04  2.2847437E+03
  9.2199969E+04  2.2458616E+03
  9.2599984E+04  2.2077837E+03
  9.3000000E+04  2.1704944E+03
  9.3399984E+04  2.1340220E+03
  9.3799984E+04  2.0983044E+03
  9.4199977E+04  2.0633281E+03
  9.4599984E+04  2.0290353E+03
  9.4999969E+04  1.9954967E+03
  9.5399984E+04  1.9624468E+03
  9.5799984E+04  1.9304535E+03
  9.6199992E+04  1.8989227E+03
  9.6599984E+04  1.8680498E+03
  9.7000000E+04  1.8377795E+03
  9.7399977E+04  1.8080236E+03
  9.7799984E+04  1.7790059E+03
  9.8199977E+04  1.7504786E+03
  9.8599977E+04  1.7226257E+03
  9.8999992E+04  1.6952794E+03
  9.9399984E+04  1.6684323E+03
  9.9799977E+04  1.6420735E+03
  1.0019999E+05  1.6162684E+03
  1.9999991E+05  1.0351691E+02
  3.9999994E+05  6.4402528E+00
  5.9999981E+05  1.2613239E+00
  7.9999994E+05  3.9595231E-01
