  5.0599994E+02  2.6563307E-11
  5.1199994E+02  4.9388157E-11
  5.2000000E+02  9.6376213E-11
  5.2999994E+02  2.1635667E-10
  5.3999994E+02  4.6523180E-10
  5.4999988E+02  9.7959330E-10
  5.5999988E+02  2.0033171E-09
  5.6999988E+02  3.9950643E-09
  5.7999994E+02  7.7388185E-09
  5.8999988E+02  1.4846383E-08
  5.9999988E+02  2.7746399E-08
  6.0999988E+02  5.0942507E-08
  6.1999994E+02  9.1848776E-08
  6.2999988E+02  1.6292830E-07
  6.3999994E+02  2.8466525E-07
  6.4999994E+02  4.9056445E-07
  6.5799994E+02  7.5067481E-07
  6.6499988E+02  1.0809807E-06
  6.7499994E+02  1.8031096E-06
  6.8499988E+02  2.9735604E-06
  6.9499994E+02  4.8463457E-06
  7.0499988E+02  7.7973009E-06
  7.1599988E+02  1.3053414E-05
  7.2599994E+02  2.0595820E-05
  7.3499982E+02  3.0792784E-05
  7.4499994E+02  4.7696329E-05
  7.5499982E+02  7.3215211E-05
  7.6499994E+02  1.1139287E-04
  7.7499994E+02  1.6794221E-04
  7.8499982E+02  2.5106579E-04
  7.9499982E+02  3.7093041E-04
  8.0500000E+02  5.4606155E-04
  8.1499976E+02  7.9660030E-04
  8.2500000E+02  1.1517998E-03
  8.3499994E+02  1.6520655E-03
  8.4499994E+02  2.3514391E-03
  8.5499988E+02  3.3214767E-03
  8.6499994E+02  4.6566920E-03
  8.7499982E+02  6.4784572E-03
  8.8499982E+02  8.9567471E-03
  8.9499988E+02  1.2292122E-02
  9.0499994E+02  1.6745480E-02
  9.1499982E+02  2.0139682E+00
  9.2499988E+02  7.3684483E+00
  9.3499982E+02  9.7666845E+00
  9.4500000E+02  1.2699303E+01
  9.5500000E+02  1.7614676E+01
  9.6499988E+02  2.2352961E+01
  9.7499982E+02  2.5942623E+01
  9.8499976E+02  3.3328499E+01
  9.9499988E+02  3.8958546E+01
  1.0049999E+03  5.1592506E+01
  1.0149997E+03  6.3142052E+01
  1.0249998E+03  6.3587009E+01
  1.0349998E+03  9.1001877E+01
  1.0449998E+03  1.1112339E+02
  1.0549999E+03  1.3261519E+02
  1.0649999E+03  1.5284888E+02
  1.0750000E+03  1.8539258E+02
  1.0849996E+03  2.1881233E+02
  1.0949999E+03  2.4918535E+02
  1.1049999E+03  1.1477937E+03
  1.1149999E+03  2.0117784E+03
  1.1249999E+03  2.6532427E+03
  1.1349996E+03  3.2797559E+03
  1.1449999E+03  3.8936963E+03
  1.1549999E+03  4.0767742E+03
  1.1650000E+03  5.2125986E+03
  1.1749995E+03  5.8923887E+03
  1.1849996E+03  5.7901382E+03
  1.1949998E+03  3.5480361E+03
  1.2049996E+03  3.5475105E+03
  1.2149998E+03  7.4010657E+02
  1.2249996E+03  4.0941377E+03
  1.2349996E+03  8.9501084E+03
  1.2449998E+03  2.0536002E+04
  1.2549996E+03  3.2599463E+04
  1.2650000E+03  3.2455693E+04
  1.2749998E+03  5.1681824E+04
  1.2849995E+03  8.4314234E+04
  1.2949998E+03  1.2255888E+05
  1.3049995E+03  9.6686078E+04
  1.3149998E+03  2.5474655E+05
  1.3249998E+03  3.5805875E+05
  1.3349996E+03  4.0613141E+05
  1.3449995E+03  6.8581588E+05
  1.3549996E+03  6.8498438E+05
  1.3649999E+03  7.4979638E+05
  1.3749999E+03  8.9774306E+05
  1.3849996E+03  8.3083688E+05
  1.3949999E+03  9.8952150E+05
  1.4050001E+03  1.1083709E+06
  1.4149998E+03  1.1522561E+06
  1.4249998E+03  1.3593840E+06
  1.4350000E+03  1.2647441E+06
  1.4419998E+03  1.7283751E+06
  1.4469999E+03  2.4335148E+06
  1.4549994E+03  2.8591890E+06
  1.4650000E+03  2.3570552E+06
  1.4749995E+03  2.5286692E+06
  1.4849996E+03  3.0250040E+06
  1.4949998E+03  3.6182835E+06
  1.5049996E+03  4.0598578E+06
  1.5119995E+03  3.5472658E+06
  1.5169994E+03  3.3402438E+06
  1.5250001E+03  7.3290105E+06
  1.5349994E+03  8.0895585E+06
  1.5449994E+03  1.3359294E+07
  1.5549998E+03  1.1076431E+07
  1.5649999E+03  9.4743740E+06
  1.5750001E+03  1.5727674E+07
  1.5850000E+03  1.7416342E+07
  1.5949996E+03  2.1276922E+07
  1.6049999E+03  1.9194774E+07
  1.6150000E+03  1.7285182E+07
  1.6249996E+03  1.3048718E+07
  1.6350000E+03  1.6587258E+07
  1.6449996E+03  2.1643162E+07
  1.6549999E+03  1.2394941E+07
  1.6649993E+03  2.1460642E+07
  1.6720000E+03  1.0408866E+07
  1.6770001E+03  2.9037996E+07
  1.6849998E+03  3.1944808E+07
  1.6950000E+03  2.5141106E+07
  1.7049995E+03  2.5221600E+07
  1.7150000E+03  2.8756836E+07
  1.7249993E+03  2.8683956E+07
  1.7349994E+03  3.2828412E+07
  1.7449993E+03  3.1809888E+07
  1.7550001E+03  3.7019828E+07
  1.7649998E+03  2.7584788E+07
  1.7749995E+03  3.4171892E+07
  1.7849995E+03  3.3218996E+07
  1.7949999E+03  4.1140988E+07
  1.8050001E+03  3.7499560E+07
  1.8150001E+03  3.7916600E+07
  1.8249994E+03  3.5140472E+07
  1.8349993E+03  3.1955860E+07
  1.8449993E+03  2.7650516E+07
  1.8549998E+03  3.1610976E+07
  1.8650002E+03  3.4496232E+07
  1.8750001E+03  3.3700620E+07
  1.8850000E+03  3.4167828E+07
  1.8950002E+03  3.6418312E+07
  1.9049996E+03  3.3253818E+07
  1.9149999E+03  3.6234832E+07
  1.9249993E+03  3.6045416E+07
  1.9350001E+03  2.8991804E+07
  1.9449993E+03  3.7900132E+07
  1.9550002E+03  3.7849480E+07
  1.9670002E+03  4.1195272E+07
  1.9759990E+03  4.0212092E+07
  1.9839996E+03  3.8773424E+07
  1.9950001E+03  3.7290648E+07
  2.0050002E+03  3.4815716E+07
  2.0149996E+03  3.4093388E+07
  2.0249994E+03  3.1988962E+07
  2.0349995E+03  3.5467032E+07
  2.0449998E+03  3.8931556E+07
  2.0550000E+03  3.6830940E+07
  2.0649993E+03  3.5312464E+07
  2.0739993E+03  4.0651332E+07
  2.0780002E+03  4.1692824E+07
  2.0849993E+03  4.0216596E+07
  2.0950005E+03  3.8100528E+07
  2.1050002E+03  3.4642908E+07
  2.1149990E+03  3.5129692E+07
  2.1250000E+03  3.6846312E+07
  2.1350002E+03  2.9264372E+07
  2.1449998E+03  3.4616516E+07
  2.1550005E+03  3.4655340E+07
  2.1649995E+03  3.1671554E+07
  2.1750002E+03  3.1327616E+07
  2.1849998E+03  3.2841466E+07
  2.1950000E+03  3.5649488E+07
  2.2050000E+03  3.3681864E+07
  2.2149998E+03  2.9919956E+07
  2.2249998E+03  2.9208728E+07
  2.2350005E+03  3.4579424E+07
  2.2449990E+03  3.0671472E+07
  2.2549993E+03  2.8582694E+07
  2.2650000E+03  2.8706828E+07
  2.2750000E+03  3.0731876E+07
  2.2850000E+03  3.2773852E+07
  2.2950002E+03  2.9832356E+07
  2.3050000E+03  3.0643358E+07
  2.3149995E+03  2.9061156E+07
  2.3250000E+03  1.9357168E+07
  2.3349995E+03  2.4711904E+07
  2.3449993E+03  2.0791828E+07
  2.3550000E+03  2.8333644E+07
  2.3649988E+03  2.1640588E+07
  2.3750000E+03  2.5026592E+07
  2.3849990E+03  1.8916720E+07
  2.3950000E+03  2.2175002E+07
  2.4050005E+03  2.1283620E+07
  2.4149993E+03  2.2114784E+07
  2.4249990E+03  2.6891926E+07
  2.4349990E+03  2.5708262E+07
  2.4450000E+03  2.8005298E+07
  2.4549990E+03  2.7375716E+07
  2.4649990E+03  2.7549000E+07
  2.4749993E+03  2.5347714E+07
  2.4850005E+03  2.6141562E+07
  2.4950000E+03  2.4593154E+07
  2.5050005E+03  3.0320418E+07
  2.5129988E+03  2.4108502E+07
  2.5179990E+03  2.3041350E+07
  2.5249998E+03  2.0976806E+07
  2.5350007E+03  2.1152812E+07
  2.5449988E+03  2.1463888E+07
  2.5550000E+03  2.4908834E+07
  2.5649990E+03  2.4073690E+07
  2.5749990E+03  2.6983038E+07
  2.5849993E+03  2.7078552E+07
  2.5949990E+03  2.5925354E+07
  2.6049995E+03  2.4425388E+07
  2.6149998E+03  2.3013128E+07
  2.6249990E+03  2.7550426E+07
  2.6350007E+03  2.8230440E+07
  2.6449995E+03  3.3967792E+07
  2.6549998E+03  3.4317916E+07
  2.6649995E+03  2.9350514E+07
  2.6749988E+03  3.1804994E+07
  2.6849988E+03  3.1575844E+07
  2.6949988E+03  2.9197642E+07
  2.7050000E+03  3.0677608E+07
  2.7150000E+03  2.8002912E+07
  2.7249995E+03  2.8508562E+07
  2.7350007E+03  3.1316234E+07
  2.7450002E+03  2.3472356E+07
  2.7549998E+03  2.5069792E+07
  2.7649983E+03  2.6579994E+07
  2.7750005E+03  2.9317714E+07
  2.7850000E+03  2.5150910E+07
  2.7949993E+03  1.2577023E+07
  2.8049995E+03  1.5364707E+07
  2.8150002E+03  2.9194072E+07
  2.8250007E+03  3.2451244E+07
  2.8350000E+03  3.1313854E+07
  2.8450002E+03  2.9954694E+07
  2.8550005E+03  2.8435362E+07
  2.8650000E+03  3.1931472E+07
  2.8749983E+03  3.1160544E+07
  2.8850000E+03  3.1617016E+07
  2.8949988E+03  3.0049124E+07
  2.9099988E+03  3.4520432E+07
  2.9299983E+03  3.2855398E+07
  2.9499990E+03  3.2570708E+07
  2.9700005E+03  3.3304574E+07
  2.9899980E+03  3.3977272E+07
  3.0099995E+03  3.4544304E+07
  3.0299995E+03  3.4042584E+07
  3.0499995E+03  3.4013096E+07
  3.0699995E+03  3.4148172E+07
  3.0899995E+03  3.4728288E+07
  3.1099995E+03  3.3602204E+07
  3.1299998E+03  3.3556776E+07
  3.1499995E+03  3.4343556E+07
  3.1699995E+03  3.4110268E+07
  3.1899995E+03  3.2110850E+07
  3.2099998E+03  3.3235114E+07
  3.2299993E+03  3.1939392E+07
  3.2499993E+03  3.2945294E+07
  3.2699995E+03  3.3548340E+07
  3.2899995E+03  3.3711804E+07
  3.3099998E+03  3.4195540E+07
  3.3299993E+03  3.3451380E+07
  3.3499995E+03  3.3018570E+07
  3.3699995E+03  3.2786716E+07
  3.3899993E+03  3.2666532E+07
  3.4099993E+03  3.2955770E+07
  3.4299995E+03  3.3040076E+07
  3.4499993E+03  3.2781562E+07
  3.4699998E+03  3.2357826E+07
  3.4899993E+03  3.2266406E+07
  3.5099995E+03  3.2896604E+07
  3.5299995E+03  3.2733504E+07
  3.5499995E+03  3.3211702E+07
  3.5699995E+03  3.2066164E+07
  3.5899995E+03  3.1777112E+07
  3.6099995E+03  3.1807570E+07
  3.6299993E+03  3.1998404E+07
  3.6399993E+03  3.1811454E+07
  3.6499995E+03  3.2867474E+07
  3.6699993E+03  3.1478108E+07
  3.6899995E+03  2.8733436E+07
  3.7099995E+03  3.2300168E+07
  3.7299998E+03  3.3286946E+07
  3.7499993E+03  4.1326116E+07
  3.7699993E+03  4.3499696E+07
  3.7899995E+03  5.3341300E+07
  3.8099993E+03  6.2686352E+07
  3.8299998E+03  4.9469504E+07
  3.8499995E+03  7.0250656E+07
  3.8699995E+03  8.0269816E+07
  3.8899995E+03  4.4377632E+07
  3.9099995E+03  7.9725056E+07
  3.9299993E+03  6.3241336E+07
  3.9499993E+03  7.6372816E+07
  3.9699998E+03  4.0169016E+07
  3.9899995E+03  7.7568200E+07
  4.0099995E+03  9.0980016E+07
  4.0299993E+03  9.1707632E+07
  4.0499993E+03  9.0441216E+07
  4.0699993E+03  8.4416936E+07
  4.0899995E+03  6.3313216E+07
  4.1099995E+03  4.8021364E+07
  4.1299995E+03  7.9146000E+07
  4.1499990E+03  8.5708576E+07
  4.1699990E+03  8.5997656E+07
  4.1899995E+03  8.4833136E+07
  4.2099995E+03  8.4611432E+07
  4.2299995E+03  8.2074080E+07
  4.2499995E+03  8.1931240E+07
  4.2699990E+03  7.8762528E+07
  4.2899995E+03  7.8965312E+07
  4.3100000E+03  7.1263728E+07
  4.3299995E+03  5.2665352E+07
  4.3499995E+03  4.4837660E+07
  4.3699995E+03  7.0730784E+07
  4.3899995E+03  7.4263264E+07
  4.4099995E+03  7.3742288E+07
  4.4299995E+03  7.2935896E+07
  4.4499995E+03  7.3826552E+07
  4.4699995E+03  7.3076896E+07
  4.4899995E+03  7.1758328E+07
  4.5099990E+03  7.2881024E+07
  4.5299995E+03  7.0604976E+07
  4.5499990E+03  6.9163128E+07
  4.5699995E+03  7.0537904E+07
  4.5899990E+03  6.8449304E+07
  4.6099990E+03  6.9031968E+07
  4.6299990E+03  6.7062580E+07
  4.6499990E+03  6.7239624E+07
  4.6699990E+03  6.6651108E+07
  4.6899990E+03  6.4662296E+07
  4.7099995E+03  6.1962668E+07
  4.7299990E+03  6.4127272E+07
  4.7499995E+03  6.3661836E+07
  4.7699995E+03  6.2546276E+07
  4.7899990E+03  6.1566968E+07
  4.8099995E+03  5.9715904E+07
  4.8299995E+03  5.5952268E+07
  4.8499990E+03  4.2232232E+07
  4.8700000E+03  3.3896104E+07
  4.8899990E+03  5.1972320E+07
  4.9099990E+03  5.5928416E+07
  4.9299990E+03  5.5726668E+07
  4.9499995E+03  5.6290480E+07
  4.9699995E+03  5.6456048E+07
  4.9899990E+03  5.4851524E+07
  5.0099995E+03  5.3288756E+07
  5.0299995E+03  5.4010876E+07
  5.0499995E+03  5.2935408E+07
  5.0699995E+03  5.3349596E+07
  5.0899995E+03  5.2695600E+07
  5.1099990E+03  5.2338760E+07
  5.1299995E+03  5.1410368E+07
  5.1499985E+03  5.0337156E+07
  5.1700000E+03  4.9187316E+07
  5.1899990E+03  4.8740440E+07
  5.2099990E+03  4.8805528E+07
  5.2299995E+03  4.7989468E+07
  5.2499995E+03  4.8553976E+07
  5.2699995E+03  4.6356256E+07
  5.2899990E+03  4.7370144E+07
  5.3099995E+03  4.6577064E+07
  5.3299990E+03  4.5448428E+07
  5.3499995E+03  4.6033236E+07
  5.3699995E+03  4.5262476E+07
  5.3899995E+03  4.4841612E+07
  5.4099990E+03  4.3977792E+07
  5.4299990E+03  4.3913804E+07
  5.4499990E+03  4.3792488E+07
  5.4699995E+03  4.3290264E+07
  5.4899995E+03  4.3087920E+07
  5.5099995E+03  4.2677664E+07
  5.5299985E+03  4.2033220E+07
  5.5499990E+03  4.1883700E+07
  5.5699990E+03  4.1202172E+07
  5.5899995E+03  4.0860848E+07
  5.6099990E+03  4.0613120E+07
  5.6299995E+03  4.0353604E+07
  5.6499990E+03  3.9922092E+07
  5.6699990E+03  3.9360880E+07
  5.6899995E+03  3.9171928E+07
  5.7099995E+03  3.8777828E+07
  5.7299990E+03  3.8656772E+07
  5.7499990E+03  3.8092064E+07
  5.7699990E+03  3.7814876E+07
  5.7899995E+03  3.7403492E+07
  5.8099985E+03  3.7089516E+07
  5.8300000E+03  3.6780044E+07
  5.8499990E+03  3.6402400E+07
  5.8699985E+03  3.6026848E+07
  5.8899985E+03  3.5306960E+07
  5.9099995E+03  3.5349900E+07
  5.9299985E+03  3.5041160E+07
  5.9499995E+03  3.4671888E+07
  5.9699990E+03  3.4386072E+07
  5.9899990E+03  3.3960484E+07
  6.0099990E+03  3.3540838E+07
  6.0299995E+03  3.3357042E+07
  6.0499990E+03  3.3091586E+07
  6.0699990E+03  3.2867738E+07
  6.0899995E+03  3.2482572E+07
  6.1099985E+03  3.2144138E+07
  6.1299995E+03  3.1669038E+07
  6.1499985E+03  3.1042080E+07
  6.1699985E+03  3.1111328E+07
  6.1900000E+03  3.1054140E+07
  6.2099995E+03  3.0777266E+07
  6.2299985E+03  3.0381004E+07
  6.2499990E+03  2.9710440E+07
  6.2699985E+03  2.9977356E+07
  6.2900000E+03  2.9711786E+07
  6.3099985E+03  2.9264494E+07
  6.3299995E+03  2.9087374E+07
  6.3499985E+03  2.8557818E+07
  6.3699985E+03  2.8394560E+07
  6.3899995E+03  2.8293664E+07
  6.4099990E+03  2.7843232E+07
  6.4299985E+03  2.7713122E+07
  6.4499985E+03  2.7187452E+07
  6.4699990E+03  2.7166322E+07
  6.4899990E+03  2.6632430E+07
  6.5099985E+03  2.6253922E+07
  6.5299990E+03  2.5189518E+07
  6.5499985E+03  2.1468150E+07
  6.5699985E+03  1.7151806E+07
  6.5899995E+03  2.3580896E+07
  6.6099985E+03  2.4971492E+07
  6.6299990E+03  2.5187020E+07
  6.6499985E+03  2.5114978E+07
  6.6699995E+03  2.4956960E+07
  6.6899990E+03  2.4820592E+07
  6.7099995E+03  2.4631848E+07
  6.7299990E+03  2.4416630E+07
  6.7499995E+03  2.4192772E+07
  6.7699985E+03  2.4071424E+07
  6.7899995E+03  2.3857912E+07
  6.8099995E+03  2.3656246E+07
  6.8300000E+03  2.3419374E+07
  6.8499985E+03  2.3225824E+07
  6.8699985E+03  2.3070036E+07
  6.8899985E+03  2.2883920E+07
  6.9099990E+03  2.2683788E+07
  6.9299995E+03  2.2485580E+07
  6.9499990E+03  2.2305658E+07
  6.9699985E+03  2.2104940E+07
  6.9899985E+03  2.1949326E+07
  7.0099985E+03  2.1645630E+07
  7.0299985E+03  2.1525694E+07
  7.0499990E+03  2.1382508E+07
  7.0699980E+03  2.1225530E+07
  7.0899990E+03  2.1054984E+07
  7.1099990E+03  2.0517872E+07
  7.1299995E+03  2.0603752E+07
  7.1499990E+03  2.0482018E+07
  7.1699995E+03  2.0310016E+07
  7.1899985E+03  2.0134516E+07
  7.2099985E+03  2.0001228E+07
  7.2299980E+03  1.9819378E+07
  7.2499990E+03  1.9638502E+07
  7.2699995E+03  1.9549130E+07
  7.2899990E+03  1.9317248E+07
  7.3099980E+03  1.9191248E+07
  7.3299980E+03  1.9050202E+07
  7.3499980E+03  1.8939000E+07
  7.3699985E+03  1.8795424E+07
  7.3899995E+03  1.8591038E+07
  7.4099985E+03  1.8307628E+07
  7.4299995E+03  1.8203054E+07
  7.4500000E+03  1.8105448E+07
  7.4700000E+03  1.7870224E+07
  7.4899990E+03  1.7795066E+07
  7.5099985E+03  1.7721124E+07
  7.5299995E+03  1.7605180E+07
  7.5499980E+03  1.7511376E+07
  7.5699985E+03  1.7357170E+07
  7.5899990E+03  1.7226578E+07
  7.6099980E+03  1.7094520E+07
  7.6299995E+03  1.6961656E+07
  7.6499995E+03  1.6805490E+07
  7.6699980E+03  1.6618708E+07
  7.6899990E+03  1.6537471E+07
  7.7099995E+03  1.6387771E+07
  7.7299985E+03  1.6317586E+07
  7.7499990E+03  1.6170121E+07
  7.7700000E+03  1.5716320E+07
  7.7900000E+03  1.5961649E+07
  7.8099995E+03  1.5824419E+07
  7.8299980E+03  1.5657660E+07
  7.8499980E+03  1.5490553E+07
  7.8699995E+03  1.5388801E+07
  7.8900000E+03  1.5243707E+07
  7.9099995E+03  1.5145045E+07
  7.9300000E+03  1.5043584E+07
  7.9499985E+03  1.4880372E+07
  7.9699990E+03  1.4901267E+07
  7.9900000E+03  1.4624935E+07
  8.0099980E+03  1.4643601E+07
  8.0299985E+03  1.4523421E+07
  8.0500000E+03  1.4432155E+07
  8.0699985E+03  1.4320221E+07
  8.0899990E+03  1.4214389E+07
  8.1099995E+03  1.4136347E+07
  8.1299976E+03  1.4042949E+07
  8.1499976E+03  1.3937811E+07
  8.1699980E+03  1.3838048E+07
  8.1899985E+03  1.3562170E+07
  8.2099990E+03  1.3532504E+07
  8.2300000E+03  1.3428984E+07
  8.2500000E+03  1.3364508E+07
  8.2700000E+03  1.3406806E+07
  8.2899980E+03  1.3291770E+07
  8.3099990E+03  1.3172219E+07
  8.3299980E+03  1.2932051E+07
  8.3500000E+03  1.2866927E+07
  8.3699990E+03  1.2730766E+07
  8.3899990E+03  1.2480150E+07
  8.4099971E+03  1.2320730E+07
  8.4300000E+03  1.2174326E+07
  8.4499990E+03  1.1975894E+07
  8.4699980E+03  1.1696227E+07
  8.4899980E+03  1.2023772E+07
  8.5099990E+03  1.1211462E+07
  8.5299990E+03  1.2122517E+07
  8.5499990E+03  1.0501269E+07
  8.5699990E+03  1.2333801E+07
  8.5900000E+03  1.1213954E+07
  8.6099980E+03  1.0939335E+07
  8.6299990E+03  1.2423909E+07
  8.6499990E+03  1.1721034E+07
  8.6699990E+03  9.6006450E+06
  8.6899990E+03  1.1847352E+07
  8.7099971E+03  1.2459434E+07
  8.7299990E+03  1.1795880E+07
  8.7499980E+03  9.3619270E+06
  8.7699980E+03  1.1225158E+07
  8.7899980E+03  1.2264389E+07
  8.8099990E+03  1.2332538E+07
  8.8299980E+03  1.1856850E+07
  8.8499980E+03  1.0546943E+07
  8.8699980E+03  8.9748200E+06
  8.8899990E+03  1.1328388E+07
  8.9099971E+03  1.1900196E+07
  8.9299980E+03  1.1999069E+07
  8.9499980E+03  1.2042386E+07
  8.9699990E+03  1.1749016E+07
  8.9899990E+03  1.1070308E+07
  9.0099980E+03  8.7621220E+06
  9.0299990E+03  9.6270550E+06
  9.0499990E+03  1.1093738E+07
  9.0699980E+03  1.1212480E+07
  9.0899990E+03  1.1171399E+07
  9.1099980E+03  1.1423819E+07
  9.1299980E+03  1.1424443E+07
  9.1499980E+03  1.1361056E+07
  9.1699980E+03  1.1148025E+07
  9.1899990E+03  1.0758756E+07
  9.2099990E+03  9.8553450E+06
  9.2299980E+03  7.6852010E+06
  9.2499980E+03  9.4607640E+06
  9.2699971E+03  1.0204291E+07
  9.2899990E+03  1.0701680E+07
  9.3099980E+03  1.0767021E+07
  9.3299990E+03  1.0727832E+07
  9.3499980E+03  1.0693624E+07
  9.3699990E+03  1.0642013E+07
  9.3900000E+03  1.0493753E+07
  9.4099980E+03  1.0190947E+07
  9.4299971E+03  1.0343070E+07
  9.4499990E+03  1.0268958E+07
  9.4700000E+03  1.0171856E+07
  9.4899980E+03  9.9934980E+06
  9.5100000E+03  9.6236770E+06
  9.5300000E+03  8.7072490E+06
  9.5500000E+03  6.9842395E+06
  9.5699990E+03  8.7831120E+06
  9.5899980E+03  9.4428970E+06
  9.6099980E+03  9.5562000E+06
  9.6299990E+03  9.4909530E+06
  9.6499990E+03  9.6037650E+06
  9.6699980E+03  9.4778660E+06
  9.6899980E+03  9.4764970E+06
  9.7100000E+03  9.5046230E+06
  9.7299990E+03  9.4317670E+06
  9.7499980E+03  9.3475390E+06
  9.7699961E+03  9.3302300E+06
  9.7899980E+03  9.2673810E+06
  9.8099980E+03  9.2002720E+06
  9.8299990E+03  9.1195940E+06
  9.8499980E+03  9.0154240E+06
  9.8700000E+03  8.9549440E+06
  9.8899980E+03  8.8517480E+06
  9.9099990E+03  8.8256450E+06
  9.9300000E+03  8.7630010E+06
  9.9499980E+03  8.6977500E+06
  9.9699980E+03  8.6265050E+06
  9.9899990E+03  8.4798840E+06
  1.0024998E+04  7.5915950E+06
  1.0074998E+04  7.1961320E+06
  1.0124997E+04  8.0895265E+06
  1.0174997E+04  8.1128330E+06
  1.0224998E+04  8.0347640E+06
  1.0274997E+04  7.9217880E+06
  1.0325000E+04  7.7834025E+06
  1.0374999E+04  7.6651640E+06
  1.0425000E+04  7.5425900E+06
  1.0474998E+04  7.3584865E+06
  1.0524997E+04  7.2666335E+06
  1.0574999E+04  7.1771915E+06
  1.0625000E+04  7.0677510E+06
  1.0674997E+04  6.8373950E+06
  1.0724998E+04  6.8055600E+06
  1.0774999E+04  6.7029580E+06
  1.0824997E+04  6.5807405E+06
  1.0874997E+04  6.3674635E+06
  1.0924999E+04  5.3099980E+06
  1.0974996E+04  5.8150180E+06
  1.1025000E+04  6.1823565E+06
  1.1074998E+04  6.1570695E+06
  1.1124999E+04  6.0720185E+06
  1.1174998E+04  5.9924640E+06
  1.1224999E+04  5.9137835E+06
  1.1274997E+04  5.7239460E+06
  1.1325000E+04  5.6491320E+06
  1.1375000E+04  5.6313145E+06
  1.1425000E+04  5.5275840E+06
  1.1474997E+04  5.4941130E+06
  1.1525000E+04  5.4198815E+06
  1.1574998E+04  5.3349190E+06
  1.1625000E+04  5.2054925E+06
  1.1674998E+04  5.1026855E+06
  1.1724997E+04  5.1143405E+06
  1.1775001E+04  4.9484530E+06
  1.1824999E+04  4.9228600E+06
  1.1875000E+04  4.8272585E+06
  1.1925000E+04  4.8366680E+06
  1.1975001E+04  4.7212260E+06
  1.2024998E+04  4.6856955E+06
  1.2074996E+04  4.6045980E+06
  1.2125000E+04  4.5477345E+06
  1.2175000E+04  4.4997840E+06
  1.2225001E+04  4.4307840E+06
  1.2275001E+04  4.3642585E+06
  1.2324996E+04  4.3066035E+06
  1.2374996E+04  4.2546525E+06
  1.2424998E+04  4.2065680E+06
  1.2475000E+04  4.1358762E+06
  1.2524997E+04  4.0834715E+06
  1.2574997E+04  3.9998408E+06
  1.2624999E+04  3.9564025E+06
  1.2674997E+04  3.9088362E+06
  1.2724999E+04  3.8314132E+06
  1.2774999E+04  3.6334290E+06
  1.2825000E+04  3.0813288E+06
  1.2875001E+04  3.5778872E+06
  1.2924997E+04  3.6373092E+06
  1.2975001E+04  3.6122365E+06
  1.3024998E+04  3.5758978E+06
  1.3074999E+04  3.5362602E+06
  1.3125000E+04  3.4864052E+06
  1.3174998E+04  3.4283065E+06
  1.3224998E+04  3.4000635E+06
  1.3274997E+04  3.3559008E+06
  1.3324997E+04  3.3144258E+06
  1.3374999E+04  3.2705262E+06
  1.3424999E+04  3.2284430E+06
  1.3474999E+04  3.1862700E+06
  1.3525001E+04  3.1384525E+06
  1.3574999E+04  3.0973862E+06
  1.3624997E+04  3.0661722E+06
  1.3674997E+04  3.0230418E+06
  1.3724995E+04  2.9632588E+06
  1.3774998E+04  2.9461522E+06
  1.3824998E+04  2.9106888E+06
  1.3874996E+04  2.8829002E+06
  1.3925000E+04  2.8356155E+06
  1.3974996E+04  2.8072610E+06
  1.4024997E+04  2.7736818E+06
  1.4075001E+04  2.7424088E+06
  1.4124996E+04  2.7039585E+06
  1.4175000E+04  2.6738528E+06
  1.4225000E+04  2.6387055E+06
  1.4274994E+04  2.6049102E+06
  1.4325001E+04  2.5761072E+06
  1.4374998E+04  2.5485558E+06
  1.4424999E+04  2.4735255E+06
  1.4475000E+04  2.4841560E+06
  1.4524997E+04  2.4322630E+06
  1.4569999E+04  2.4268448E+06
  1.4620000E+04  2.4499302E+06
  1.4674998E+04  2.4982518E+06
  1.4725000E+04  2.4491702E+06
  1.4775002E+04  2.3884418E+06
  1.4824998E+04  2.3481902E+06
  1.4874996E+04  2.2905465E+06
  1.4924997E+04  2.2676142E+06
  1.4974999E+04  2.2185612E+06
  1.5024999E+04  2.1781202E+06
  1.5075000E+04  2.1351820E+06
  1.5124999E+04  2.1120312E+06
  1.5175000E+04  2.0770322E+06
  1.5225002E+04  2.0507348E+06
  1.5274998E+04  2.0203786E+06
  1.5324995E+04  1.9876474E+06
  1.5374997E+04  1.9814338E+06
  1.5425001E+04  1.9233232E+06
  1.5474996E+04  1.9360866E+06
  1.5524994E+04  1.9105070E+06
  1.5575001E+04  1.8420389E+06
  1.5624998E+04  1.9134426E+06
  1.5674997E+04  1.8232118E+06
  1.5724994E+04  1.7697392E+06
  1.5774996E+04  1.8554274E+06
  1.5825001E+04  1.8294288E+06
  1.5874995E+04  1.6506470E+06
  1.5925002E+04  1.7549779E+06
  1.5975001E+04  1.8138349E+06
  1.6049998E+04  1.7308202E+06
  1.6150001E+04  1.6197542E+06
  1.6249997E+04  1.7143009E+06
  1.6350000E+04  1.6106692E+06
  1.6449996E+04  1.5053874E+06
  1.6549998E+04  1.6091130E+06
  1.6649994E+04  1.5777484E+06
  1.6749998E+04  1.4719530E+06
  1.6849998E+04  1.3718686E+06
  1.6950000E+04  1.4759728E+06
  1.7049996E+04  1.4482136E+06
  1.7150000E+04  1.4213828E+06
  1.7249992E+04  1.3692488E+06
  1.7349994E+04  1.1988232E+06
  1.7449992E+04  1.2906568E+06
  1.7550000E+04  1.2975166E+06
  1.7649998E+04  1.2739069E+06
  1.7749994E+04  1.2519412E+06
  1.7849994E+04  1.2249469E+06
  1.7949998E+04  1.2016314E+06
  1.8050002E+04  1.1622202E+06
  1.8150002E+04  1.0291289E+06
  1.8249994E+04  1.0848108E+06
  1.8349992E+04  1.1030041E+06
  1.8449992E+04  1.0838640E+06
  1.8549998E+04  1.0588082E+06
  1.8650002E+04  1.0272186E+06
  1.8750002E+04  9.0373038E+05
  1.8850000E+04  9.8122500E+05
  1.8950004E+04  9.7550156E+05
  1.9049996E+04  9.6506975E+05
  1.9149998E+04  9.4600738E+05
  1.9249992E+04  9.2516400E+05
  1.9350000E+04  8.9352000E+05
  1.9449992E+04  7.8849569E+05
  1.9550002E+04  8.6043775E+05
  1.9649992E+04  8.5769394E+05
  1.9749992E+04  8.4265606E+05
  1.9849992E+04  8.2898588E+05
  1.9950002E+04  8.1369062E+05
  2.0050002E+04  7.9896869E+05
  2.0149996E+04  7.8452662E+05
  2.0249994E+04  7.6958538E+05
  2.0349994E+04  7.5496288E+05
  2.0449996E+04  7.4243556E+05
  2.0550000E+04  7.2883981E+05
  2.0649992E+04  7.1471300E+05
  2.0749998E+04  7.0228425E+05
  2.0849992E+04  6.9004394E+05
  2.0950004E+04  6.7770331E+05
  2.1050002E+04  6.6557481E+05
  2.1149992E+04  6.5228094E+05
  2.1250000E+04  6.4095819E+05
  2.1350002E+04  6.2963694E+05
  2.1449996E+04  6.1825331E+05
  2.1550006E+04  6.0011650E+05
  2.1649994E+04  5.3329262E+05
  2.1750002E+04  5.7411925E+05
  2.1849998E+04  5.7595469E+05
  2.1950002E+04  5.6908425E+05
  2.2050000E+04  5.5889006E+05
  2.2149996E+04  5.4891019E+05
  2.2249998E+04  5.4120200E+05
  2.2350004E+04  5.3209331E+05
  2.2449990E+04  5.2325319E+05
  2.2549994E+04  5.1355484E+05
  2.2650000E+04  5.0590162E+05
  2.2750000E+04  4.9768609E+05
  2.2850000E+04  4.9155731E+05
  2.2950004E+04  4.9081619E+05
  2.3050000E+04  4.8287969E+05
  2.3149996E+04  4.7347300E+05
  2.3250000E+04  4.6481597E+05
  2.3349996E+04  4.5588216E+05
  2.3449994E+04  4.4755619E+05
  2.3550002E+04  4.3950394E+05
  2.3649988E+04  4.3155897E+05
  2.3750000E+04  4.2370419E+05
  2.3849990E+04  4.1644344E+05
  2.3950002E+04  4.0905822E+05
  2.4050006E+04  4.0207456E+05
  2.4149992E+04  3.9508956E+05
  2.4249990E+04  3.8874362E+05
  2.4349990E+04  3.8275512E+05
  2.4450002E+04  3.7579238E+05
  2.4549990E+04  3.7130612E+05
  2.4649992E+04  3.6408344E+05
  2.4749992E+04  3.5928381E+05
  2.4850006E+04  3.5569603E+05
  2.4950000E+04  3.4439006E+05
  2.5050006E+04  3.5090947E+05
  2.5149994E+04  3.4210925E+05
  2.5249998E+04  3.2690131E+05
  2.5350004E+04  3.3014266E+05
  2.5449988E+04  3.2846112E+05
  2.5549998E+04  3.1970825E+05
  2.5649990E+04  3.0441119E+05
  2.5749990E+04  3.1176712E+05
  2.5849994E+04  3.0978803E+05
  2.5949990E+04  3.0530169E+05
  2.6049996E+04  2.9422381E+05
  2.6149998E+04  2.7867850E+05
  2.6249988E+04  2.6213670E+05
  2.6350008E+04  2.8193547E+05
  2.6449996E+04  2.8406738E+05
  2.6549994E+04  2.8017859E+05
  2.6649994E+04  2.7227684E+05
  2.6749988E+04  2.5372920E+05
  2.6849986E+04  2.6502200E+05
  2.6949986E+04  2.6563166E+05
  2.7050002E+04  2.6260519E+05
  2.7149998E+04  2.5958575E+05
  2.7249994E+04  2.5564962E+05
  2.7350006E+04  2.5147672E+05
  2.7450004E+04  2.4578803E+05
  2.7549996E+04  2.2711125E+05
  2.7649982E+04  2.3230639E+05
  2.7750004E+04  2.3706806E+05
  2.7850000E+04  2.3513559E+05
  2.7949992E+04  2.3253992E+05
  2.8049994E+04  2.2939569E+05
  2.8150002E+04  2.2628058E+05
  2.8250006E+04  2.2323212E+05
  2.8350000E+04  2.2027272E+05
  2.8450000E+04  2.1650678E+05
  2.8550002E+04  2.1291288E+05
  2.8650002E+04  2.0458131E+05
  2.8749982E+04  1.9039441E+05
  2.8849998E+04  2.0267356E+05
  2.8949986E+04  2.0229636E+05
  2.9049994E+04  2.0053983E+05
  2.9149986E+04  1.9766339E+05
  2.9249984E+04  1.9544673E+05
  2.9349980E+04  1.9296262E+05
  2.9450000E+04  1.9046397E+05
  2.9550004E+04  1.8803802E+05
  2.9649982E+04  1.8562358E+05
  2.9749992E+04  1.8323266E+05
  2.9849994E+04  1.8091616E+05
  2.9949984E+04  1.7852577E+05
  3.0049996E+04  1.7619630E+05
  3.0149994E+04  1.7338830E+05
  3.0249994E+04  1.6984359E+05
  3.0349996E+04  1.5703306E+05
  3.0449996E+04  1.5886783E+05
  3.0549996E+04  1.6396908E+05
  3.0649996E+04  1.6296906E+05
  3.0749994E+04  1.6138094E+05
  3.0849996E+04  1.5916866E+05
  3.0949994E+04  1.5739452E+05
  3.1049996E+04  1.5541712E+05
  3.1149996E+04  1.5330658E+05
  3.1249996E+04  1.5155159E+05
  3.1349996E+04  1.4980433E+05
  3.1449996E+04  1.4789716E+05
  3.1549998E+04  1.4625336E+05
  3.1649996E+04  1.4456719E+05
  3.1749998E+04  1.4268627E+05
  3.1849996E+04  1.4111580E+05
  3.1949994E+04  1.3940717E+05
  3.2099996E+04  1.3690078E+05
  3.2299992E+04  1.3371936E+05
  3.2499994E+04  1.3056634E+05
  3.2699996E+04  1.2703279E+05
  3.2899996E+04  1.1703538E+05
  3.3099996E+04  1.1973098E+05
  3.3299992E+04  1.1940807E+05
  3.3499996E+04  1.1684516E+05
  3.3699996E+04  1.1387345E+05
  3.3899996E+04  1.1123234E+05
  3.4099996E+04  1.0868405E+05
  3.4299996E+04  1.0625148E+05
  3.4499992E+04  1.0389955E+05
  3.4699996E+04  1.0149131E+05
  3.4899996E+04  9.9190102E+04
  3.5099996E+04  9.7004922E+04
  3.5299996E+04  9.4802289E+04
  3.5499996E+04  9.2726711E+04
  3.5699992E+04  9.0617672E+04
  3.5899992E+04  8.8786500E+04
  3.6099996E+04  8.6730047E+04
  3.6299992E+04  8.5110836E+04
  3.6499992E+04  8.3004305E+04
  3.6699992E+04  8.1696516E+04
  3.6899992E+04  7.9205797E+04
  3.7099996E+04  7.8129672E+04
  3.7299996E+04  7.4396719E+04
  3.7499992E+04  7.1636227E+04
  3.7699996E+04  7.3534109E+04
  3.7899996E+04  7.2337812E+04
  3.8099992E+04  6.9973891E+04
  3.8299996E+04  6.8759586E+04
  3.8499996E+04  6.8222430E+04
  3.8699996E+04  6.6827367E+04
  3.8899992E+04  6.5101312E+04
  3.9099996E+04  6.2615938E+04
  3.9299992E+04  6.2873012E+04
  3.9499992E+04  6.1933703E+04
  3.9699992E+04  6.0787773E+04
  3.9900000E+04  5.9505457E+04
  4.0099996E+04  5.7184348E+04
  4.0299992E+04  5.5752953E+04
  4.0499996E+04  5.3187059E+04
  4.0699992E+04  5.4751156E+04
  4.0899992E+04  5.4050348E+04
  4.1099996E+04  5.3148672E+04
  4.1299996E+04  5.2111703E+04
  4.1499992E+04  5.0783781E+04
  4.1699992E+04  4.8124801E+04
  4.1899996E+04  4.8870301E+04
  4.2099996E+04  4.8315684E+04
  4.2299992E+04  4.7541953E+04
  4.2499996E+04  4.6672148E+04
  4.2699992E+04  4.5839250E+04
  4.2899992E+04  4.5015719E+04
  4.3099996E+04  4.4205465E+04
  4.3299996E+04  4.3400191E+04
  4.3499992E+04  4.2450547E+04
  4.3699996E+04  4.0129574E+04
  4.3899996E+04  4.0411805E+04
  4.4099992E+04  4.0334723E+04
  4.4299992E+04  3.9723715E+04
  4.4499996E+04  3.9032613E+04
  4.4699996E+04  3.8514418E+04
  4.4899996E+04  3.7841305E+04
  4.5099992E+04  3.7206383E+04
  4.5299992E+04  3.6564641E+04
  4.5499996E+04  3.5949098E+04
  4.5699992E+04  3.5326680E+04
  4.5899996E+04  3.4726227E+04
  4.6099996E+04  3.4101168E+04
  4.6299992E+04  3.3330941E+04
  4.6499988E+04  3.1042918E+04
  4.6699992E+04  3.0585848E+04
  4.6899992E+04  3.1500471E+04
  4.7099992E+04  3.1333717E+04
  4.7299992E+04  3.0904279E+04
  4.7499996E+04  3.0385766E+04
  4.7699992E+04  2.9901348E+04
  4.7899992E+04  2.9425578E+04
  4.8099996E+04  2.8950154E+04
  4.8299992E+04  2.8484820E+04
  4.8499992E+04  2.8029359E+04
  4.8700000E+04  2.7585162E+04
  4.8899992E+04  2.7147297E+04
  4.9099988E+04  2.6712502E+04
  4.9299988E+04  2.6296256E+04
  4.9499996E+04  2.5884303E+04
  4.9699992E+04  2.5481178E+04
  4.9899988E+04  2.5080645E+04
  5.0099996E+04  2.4694680E+04
  5.0299996E+04  2.4311072E+04
  5.0499996E+04  2.3940145E+04
  5.0699996E+04  2.3574307E+04
  5.0899992E+04  2.3177113E+04
  5.1099992E+04  2.2594957E+04
  5.1299996E+04  2.1238109E+04
  5.1499988E+04  2.1988236E+04
  5.1699996E+04  2.1824074E+04
  5.1899992E+04  2.1517734E+04
  5.2099992E+04  2.1194629E+04
  5.2299996E+04  2.0881334E+04
  5.2499996E+04  2.0573557E+04
  5.2699996E+04  2.0269840E+04
  5.2899992E+04  1.9972814E+04
  5.3099988E+04  1.9679682E+04
  5.3299988E+04  1.9393025E+04
  5.3499992E+04  1.9110098E+04
  5.3699992E+04  1.8829537E+04
  5.3899992E+04  1.8561680E+04
  5.4099992E+04  1.8295977E+04
  5.4299984E+04  1.8031125E+04
  5.4499988E+04  1.7773459E+04
  5.4699996E+04  1.7517812E+04
  5.4899992E+04  1.7274168E+04
  5.5099992E+04  1.7031109E+04
  5.5299988E+04  1.6789881E+04
  5.5499988E+04  1.6554123E+04
  5.5699992E+04  1.6318881E+04
  5.5899992E+04  1.6086577E+04
  5.6099988E+04  1.5870337E+04
  5.6299996E+04  1.5653185E+04
  5.6499988E+04  1.5437533E+04
  5.6699988E+04  1.5225696E+04
  5.6899992E+04  1.5017613E+04
  5.7099996E+04  1.4813222E+04
  5.7299988E+04  1.4610173E+04
  5.7499988E+04  1.4414138E+04
  5.7699988E+04  1.4218202E+04
  5.7899996E+04  1.4025748E+04
  5.8099988E+04  1.3838953E+04
  5.8299996E+04  1.3654383E+04
  5.8499992E+04  1.3498434E+04
  5.8699988E+04  1.3287435E+04
  5.8899988E+04  1.2967134E+04
  5.9099992E+04  1.2217259E+04
  5.9299988E+04  1.2683511E+04
  5.9499996E+04  1.2602640E+04
  5.9699988E+04  1.2465495E+04
  5.9899992E+04  1.2302591E+04
  6.0099992E+04  1.2141578E+04
  6.0299992E+04  1.1986571E+04
  6.0499988E+04  1.1832319E+04
  6.0699992E+04  1.1679831E+04
  6.0899992E+04  1.1529091E+04
  6.1099988E+04  1.1377044E+04
  6.1299992E+04  1.1237759E+04
  6.1499988E+04  1.1095064E+04
  6.1699988E+04  1.0954970E+04
  6.1899996E+04  1.0815462E+04
  6.2099996E+04  1.0680459E+04
  6.2299988E+04  1.0543081E+04
  6.2499992E+04  1.0413988E+04
  6.2699988E+04  1.0282494E+04
  6.2899996E+04  1.0157217E+04
  6.3099984E+04  1.0028595E+04
  6.3299996E+04  9.9060859E+03
  6.3499984E+04  9.7839922E+03
  6.3699984E+04  9.6650869E+03
  6.3900000E+04  9.5465488E+03
  6.4199992E+04  9.3734482E+03
  6.4599984E+04  9.1466914E+03
  6.4999992E+04  8.9274590E+03
  6.5399992E+04  8.7158877E+03
  6.5799992E+04  8.5090459E+03
  6.6199984E+04  8.3082734E+03
  6.6599984E+04  8.1139868E+03
  6.6999992E+04  7.9256621E+03
  6.7399992E+04  7.7420542E+03
  6.7799992E+04  7.5643462E+03
  6.8199992E+04  7.3913960E+03
  6.8599992E+04  7.2227539E+03
  6.8999984E+04  7.0579907E+03
  6.9399984E+04  6.8994277E+03
  6.9800000E+04  6.7453369E+03
  7.0199992E+04  6.5958335E+03
  7.0599984E+04  6.4496538E+03
  7.0999977E+04  6.3095527E+03
  7.1399977E+04  6.1704780E+03
  7.1799984E+04  6.0365845E+03
  7.2199984E+04  5.9028882E+03
  7.2600000E+04  5.7781938E+03
  7.2999984E+04  5.6557339E+03
  7.3400000E+04  5.5349595E+03
  7.3799984E+04  5.4178516E+03
  7.4199992E+04  5.2871299E+03
  7.4599992E+04  5.0176831E+03
  7.5000000E+04  4.8982656E+03
  7.5399992E+04  4.9607427E+03
  7.5799992E+04  4.8765269E+03
  7.6199984E+04  4.7771938E+03
  7.6599992E+04  4.6797891E+03
  7.6999992E+04  4.5849097E+03
  7.7399992E+04  4.4924912E+03
  7.7799984E+04  4.4023491E+03
  7.8199984E+04  4.3143652E+03
  7.8599984E+04  4.2284883E+03
  7.8999984E+04  4.1448496E+03
  7.9399984E+04  4.0631555E+03
  7.9800000E+04  3.9834771E+03
  8.0199992E+04  3.9055940E+03
  8.0599984E+04  3.8298115E+03
  8.0999992E+04  3.7559617E+03
  8.1399977E+04  3.6834905E+03
  8.1799984E+04  3.6130969E+03
  8.2199984E+04  3.5444531E+03
  8.2599992E+04  3.4772971E+03
  8.2999984E+04  3.4116523E+03
  8.3400000E+04  3.3466689E+03
  8.3799992E+04  3.2835737E+03
  8.4199992E+04  3.2231174E+03
  8.4599977E+04  3.1640779E+03
  8.4999977E+04  3.1058982E+03
  8.5399984E+04  3.0487183E+03
  8.5799984E+04  2.9930820E+03
  8.6199992E+04  2.9385471E+03
  8.6599992E+04  2.8855930E+03
  8.6999984E+04  2.8335869E+03
  8.7399992E+04  2.7827046E+03
  8.7799992E+04  2.7330698E+03
  8.8199984E+04  2.6841711E+03
  8.8599977E+04  2.6366658E+03
  8.8999992E+04  2.5902358E+03
  8.9399977E+04  2.5449558E+03
  8.9799977E+04  2.5002832E+03
  9.0199984E+04  2.4569028E+03
  9.0599984E+04  2.4144192E+03
  9.0999992E+04  2.3725859E+03
  9.1400000E+04  2.3319316E+03
  9.1799969E+04  2.2921646E+03
  9.2199969E+04  2.2531299E+03
  9.2599984E+04  2.2149014E+03
  9.3000000E+04  2.1775073E+03
  9.3399984E+04  2.1408882E+03
  9.3799984E+04  2.1050271E+03
  9.4199977E+04  2.0699514E+03
  9.4599984E+04  2.0355181E+03
  9.4999969E+04  2.0018833E+03
  9.5399984E+04  1.9686971E+03
  9.5799984E+04  1.9366107E+03
  9.6199992E+04  1.9049476E+03
  9.6599984E+04  1.8739844E+03
  9.7000000E+04  1.8436251E+03
  9.7399977E+04  1.8137418E+03
  9.7799984E+04  1.7846382E+03
  9.8199977E+04  1.7560260E+03
  9.8599977E+04  1.7280894E+03
  9.8999992E+04  1.7006610E+03
  9.9399984E+04  1.6737322E+03
  9.9799977E+04  1.6472555E+03
  1.0019999E+05  1.6213717E+03
  1.9999991E+05  1.0379945E+02
  3.9999994E+05  6.4579115E+00
  5.9999981E+05  1.2647772E+00
  7.9999994E+05  3.9702955E-01
