  5.0599994E+02  7.3610069E-11
  5.1199994E+02  1.3544307E-10
  5.2000000E+02  2.6158145E-10
  5.2999994E+02  5.8050964E-10
  5.3999994E+02  1.2361909E-09
  5.4999988E+02  2.5782247E-09
  5.5999988E+02  5.2304165E-09
  5.6999988E+02  1.0360220E-08
  5.7999994E+02  1.9962149E-08
  5.8999988E+02  3.8109466E-08
  5.9999988E+02  7.0970252E-08
  6.0999988E+02  1.2993802E-07
  6.1999994E+02  2.3380188E-07
  6.2999988E+02  4.1415021E-07
  6.3999994E+02  7.2295774E-07
  6.4999994E+02  1.2450472E-06
  6.5799994E+02  1.9044442E-06
  6.6499988E+02  2.7419378E-06
  6.7499994E+02  4.5721449E-06
  6.8499988E+02  7.5355460E-06
  6.9499994E+02  1.2272440E-05
  7.0499988E+02  1.9731637E-05
  7.1599988E+02  3.2972675E-05
  7.2599994E+02  5.1930918E-05
  7.3499982E+02  7.7484059E-05
  7.4499994E+02  1.1970069E-04
  7.5499982E+02  1.8316360E-04
  7.6499994E+02  2.7764527E-04
  7.7499994E+02  4.1689182E-04
  7.8499982E+02  6.2040467E-04
  7.9499982E+02  9.1270736E-04
  8.0500000E+02  1.3361297E-03
  8.1499976E+02  1.9379876E-03
  8.2500000E+02  2.7857623E-03
  8.3499994E+02  3.9714952E-03
  8.4499994E+02  5.6170304E-03
  8.5499988E+02  7.8827804E-03
  8.6499994E+02  1.0978367E-02
  8.7499982E+02  1.5171675E-02
  8.8499982E+02  2.0830773E-02
  8.9499988E+02  2.8390020E-02
  9.0499994E+02  3.8414560E-02
  9.1499982E+02  1.8733500E+00
  9.2499988E+02  8.4106426E+00
  9.3499982E+02  1.1567988E+01
  9.4500000E+02  1.5386139E+01
  9.5500000E+02  2.1168344E+01
  9.6499988E+02  2.6967331E+01
  9.7499982E+02  3.0707741E+01
  9.8499976E+02  4.0064243E+01
  9.9499988E+02  4.6938236E+01
  1.0049999E+03  6.1633503E+01
  1.0149997E+03  7.5096153E+01
  1.0249998E+03  7.6219780E+01
  1.0349998E+03  1.0784755E+02
  1.0449998E+03  1.3099457E+02
  1.0549999E+03  1.5590239E+02
  1.0649999E+03  1.7992580E+02
  1.0750000E+03  2.1722968E+02
  1.0849996E+03  2.5689447E+02
  1.0949999E+03  2.9271143E+02
  1.1049999E+03  1.3020320E+03
  1.1149999E+03  2.2891106E+03
  1.1249999E+03  3.0058279E+03
  1.1349996E+03  3.8041074E+03
  1.1449999E+03  4.5083545E+03
  1.1549999E+03  4.7102046E+03
  1.1650000E+03  6.0267290E+03
  1.1749995E+03  6.8654492E+03
  1.1849996E+03  6.8377930E+03
  1.1949998E+03  4.5953779E+03
  1.2049996E+03  4.7085654E+03
  1.2149998E+03  1.1113976E+03
  1.2249996E+03  5.4445405E+03
  1.2349996E+03  1.0834979E+04
  1.2449998E+03  2.2130893E+04
  1.2549996E+03  3.2673613E+04
  1.2650000E+03  3.2884168E+04
  1.2749998E+03  4.6073551E+04
  1.2849995E+03  6.2324781E+04
  1.2949998E+03  7.5037742E+04
  1.3049995E+03  7.0087289E+04
  1.3149998E+03  1.0012522E+05
  1.3249998E+03  1.1805467E+05
  1.3349996E+03  1.3511642E+05
  1.3449995E+03  1.7699139E+05
  1.3549996E+03  1.8115573E+05
  1.3649999E+03  2.0914959E+05
  1.3749999E+03  2.3875788E+05
  1.3849996E+03  2.3775792E+05
  1.3949999E+03  2.8424975E+05
  1.4050001E+03  3.1792878E+05
  1.4149998E+03  3.5456353E+05
  1.4249998E+03  3.9429781E+05
  1.4350000E+03  3.9641375E+05
  1.4419998E+03  5.2325759E+05
  1.4469999E+03  5.8575288E+05
  1.4549994E+03  7.2386394E+05
  1.4650000E+03  6.2788100E+05
  1.4749995E+03  7.1179531E+05
  1.4849996E+03  8.3088094E+05
  1.4949998E+03  9.8340581E+05
  1.5049996E+03  1.1430940E+06
  1.5119995E+03  1.0902329E+06
  1.5169994E+03  1.0136471E+06
  1.5250001E+03  2.7694178E+06
  1.5349994E+03  3.7943140E+06
  1.5449994E+03  5.5488275E+06
  1.5549998E+03  5.0425315E+06
  1.5649999E+03  4.3244185E+06
  1.5750001E+03  8.2713045E+06
  1.5850000E+03  9.3447510E+06
  1.5949996E+03  1.1238208E+07
  1.6049999E+03  1.0495629E+07
  1.6150000E+03  1.0132636E+07
  1.6249996E+03  7.4220270E+06
  1.6350000E+03  1.0093847E+07
  1.6449996E+03  1.4974519E+07
  1.6549999E+03  7.5988255E+06
  1.6649993E+03  1.5081701E+07
  1.6720000E+03  8.3020270E+06
  1.6770001E+03  2.5036684E+07
  1.6849998E+03  2.7474524E+07
  1.6950000E+03  1.9558998E+07
  1.7049995E+03  2.2003778E+07
  1.7150000E+03  2.6987956E+07
  1.7249993E+03  2.7200128E+07
  1.7349994E+03  3.1316584E+07
  1.7449993E+03  3.0661758E+07
  1.7550001E+03  3.5094592E+07
  1.7649998E+03  2.5843354E+07
  1.7749995E+03  3.2699936E+07
  1.7849995E+03  3.3323046E+07
  1.7949999E+03  4.0721232E+07
  1.8050001E+03  3.6729444E+07
  1.8150001E+03  3.7225856E+07
  1.8249994E+03  3.4892752E+07
  1.8349993E+03  3.1949150E+07
  1.8449993E+03  2.6441968E+07
  1.8549998E+03  3.1428138E+07
  1.8650002E+03  3.6000684E+07
  1.8750001E+03  3.4820440E+07
  1.8850000E+03  3.5627800E+07
  1.8950002E+03  3.8136732E+07
  1.9049996E+03  3.5234536E+07
  1.9149999E+03  3.8942788E+07
  1.9249993E+03  3.7827604E+07
  1.9350001E+03  2.8948538E+07
  1.9449993E+03  4.1157568E+07
  1.9550002E+03  4.1365436E+07
  1.9670002E+03  4.5746340E+07
  1.9759990E+03  4.4299196E+07
  1.9839996E+03  4.2919520E+07
  1.9950001E+03  4.1623052E+07
  2.0050002E+03  3.8314064E+07
  2.0149996E+03  3.8767960E+07
  2.0249994E+03  3.5274316E+07
  2.0349995E+03  4.0423156E+07
  2.0449998E+03  4.4382536E+07
  2.0550000E+03  4.2795472E+07
  2.0649993E+03  4.1025004E+07
  2.0739993E+03  4.6831144E+07
  2.0780002E+03  4.8696012E+07
  2.0849993E+03  4.7145116E+07
  2.0950005E+03  4.4589668E+07
  2.1050002E+03  4.0545108E+07
  2.1149990E+03  4.1688716E+07
  2.1250000E+03  4.3297860E+07
  2.1350002E+03  3.5319240E+07
  2.1449998E+03  4.1665588E+07
  2.1550005E+03  4.1255432E+07
  2.1649995E+03  3.7611228E+07
  2.1750002E+03  3.7359324E+07
  2.1849998E+03  3.9779216E+07
  2.1950000E+03  4.2938584E+07
  2.2050000E+03  4.0560188E+07
  2.2149998E+03  3.6046008E+07
  2.2249998E+03  3.5795780E+07
  2.2350005E+03  4.2373184E+07
  2.2449990E+03  3.7722484E+07
  2.2549993E+03  3.5078620E+07
  2.2650000E+03  3.4743100E+07
  2.2750000E+03  3.6950316E+07
  2.2850000E+03  4.0094612E+07
  2.2950002E+03  3.6071632E+07
  2.3050000E+03  3.7608596E+07
  2.3149995E+03  3.6058436E+07
  2.3250000E+03  2.6619852E+07
  2.3349995E+03  3.1365266E+07
  2.3449993E+03  2.5821762E+07
  2.3550000E+03  3.5352696E+07
  2.3649988E+03  2.7342890E+07
  2.3750000E+03  3.1175878E+07
  2.3849990E+03  2.3936986E+07
  2.3950000E+03  2.7586900E+07
  2.4050005E+03  2.6819952E+07
  2.4149993E+03  2.6963938E+07
  2.4249990E+03  3.2677500E+07
  2.4349990E+03  3.0974322E+07
  2.4450000E+03  3.4219668E+07
  2.4549990E+03  3.3667708E+07
  2.4649990E+03  3.4189328E+07
  2.4749993E+03  3.0943094E+07
  2.4850005E+03  3.1121576E+07
  2.4950000E+03  2.9137534E+07
  2.5050005E+03  3.6483804E+07
  2.5129988E+03  2.8132848E+07
  2.5179990E+03  2.4825694E+07
  2.5249998E+03  2.3578518E+07
  2.5350007E+03  2.4384768E+07
  2.5449988E+03  2.5056714E+07
  2.5550000E+03  2.9838432E+07
  2.5649990E+03  2.8732448E+07
  2.5749990E+03  3.2380100E+07
  2.5849993E+03  3.3024222E+07
  2.5949990E+03  3.2082074E+07
  2.6049995E+03  3.0337288E+07
  2.6149998E+03  2.8232016E+07
  2.6249990E+03  3.4068032E+07
  2.6350007E+03  3.4687272E+07
  2.6449995E+03  4.0955316E+07
  2.6549998E+03  4.2116032E+07
  2.6649995E+03  3.5615588E+07
  2.6749988E+03  3.8874644E+07
  2.6849988E+03  3.9194408E+07
  2.6949988E+03  3.5293408E+07
  2.7050000E+03  3.7321000E+07
  2.7150000E+03  3.3880404E+07
  2.7249995E+03  3.4558108E+07
  2.7350007E+03  3.7925980E+07
  2.7450002E+03  2.8675106E+07
  2.7549998E+03  3.0450758E+07
  2.7649983E+03  3.2277398E+07
  2.7750005E+03  3.4158096E+07
  2.7850000E+03  2.6798464E+07
  2.7949993E+03  1.2827793E+07
  2.8049995E+03  1.5629970E+07
  2.8150002E+03  3.2847192E+07
  2.8250007E+03  3.8340656E+07
  2.8350000E+03  3.7646936E+07
  2.8450002E+03  3.6013860E+07
  2.8550005E+03  3.3442276E+07
  2.8650000E+03  3.8818772E+07
  2.8749983E+03  3.8285808E+07
  2.8850000E+03  3.8418668E+07
  2.8949988E+03  3.6856016E+07
  2.9099988E+03  4.2140424E+07
  2.9299983E+03  3.9866188E+07
  2.9499990E+03  3.9433508E+07
  2.9700005E+03  4.0287512E+07
  2.9899980E+03  4.0959828E+07
  3.0099995E+03  4.1488420E+07
  3.0299995E+03  4.0907648E+07
  3.0499995E+03  4.0979980E+07
  3.0699995E+03  4.1203248E+07
  3.0899995E+03  4.1555420E+07
  3.1099995E+03  4.0453992E+07
  3.1299998E+03  4.0361652E+07
  3.1499995E+03  4.0978388E+07
  3.1699995E+03  4.0680384E+07
  3.1899995E+03  3.7987624E+07
  3.2099998E+03  3.9373052E+07
  3.2299993E+03  3.7478684E+07
  3.2499993E+03  3.8805748E+07
  3.2699995E+03  3.9861576E+07
  3.2899995E+03  3.9768224E+07
  3.3099998E+03  4.0396316E+07
  3.3299993E+03  3.9528632E+07
  3.3499995E+03  3.9037908E+07
  3.3699995E+03  3.8569292E+07
  3.3899993E+03  3.8351576E+07
  3.4099993E+03  3.8275604E+07
  3.4299995E+03  3.8221204E+07
  3.4499993E+03  3.8010404E+07
  3.4699998E+03  3.7629816E+07
  3.4899993E+03  3.7669916E+07
  3.5099995E+03  3.8159208E+07
  3.5299995E+03  3.7643380E+07
  3.5499995E+03  3.8365344E+07
  3.5699995E+03  3.6834112E+07
  3.5899995E+03  3.6340084E+07
  3.6099995E+03  3.6357708E+07
  3.6299993E+03  3.6507112E+07
  3.6399993E+03  3.6377884E+07
  3.6499995E+03  3.7776528E+07
  3.6699993E+03  3.7049852E+07
  3.6899995E+03  3.3840992E+07
  3.7099995E+03  3.3370366E+07
  3.7299998E+03  3.2466484E+07
  3.7499993E+03  3.7717520E+07
  3.7699993E+03  3.9237464E+07
  3.7899995E+03  4.6577252E+07
  3.8099993E+03  5.3797516E+07
  3.8299998E+03  4.3159328E+07
  3.8499995E+03  5.9906220E+07
  3.8699995E+03  6.7579488E+07
  3.8899995E+03  3.9624936E+07
  3.9099995E+03  6.7344792E+07
  3.9299993E+03  5.1699000E+07
  3.9499993E+03  6.3814652E+07
  3.9699998E+03  3.5816280E+07
  3.9899995E+03  6.6046200E+07
  4.0099995E+03  7.7972488E+07
  4.0299993E+03  7.9510872E+07
  4.0499993E+03  7.8190072E+07
  4.0699993E+03  7.2633872E+07
  4.0899995E+03  5.5288988E+07
  4.1099995E+03  4.2885140E+07
  4.1299995E+03  6.8981632E+07
  4.1499990E+03  7.5241632E+07
  4.1699990E+03  7.6549488E+07
  4.1899995E+03  7.5633736E+07
  4.2099995E+03  7.5688400E+07
  4.2299995E+03  7.3321560E+07
  4.2499995E+03  7.3598792E+07
  4.2699990E+03  7.0830280E+07
  4.2899995E+03  7.0486624E+07
  4.3100000E+03  6.3188028E+07
  4.3299995E+03  4.7266200E+07
  4.3499995E+03  4.0610920E+07
  4.3699995E+03  6.3112044E+07
  4.3899995E+03  6.7231808E+07
  4.4099995E+03  6.7411784E+07
  4.4299995E+03  6.6658576E+07
  4.4499995E+03  6.7689256E+07
  4.4699995E+03  6.7343192E+07
  4.4899995E+03  6.6253116E+07
  4.5099990E+03  6.7578256E+07
  4.5299995E+03  6.5521508E+07
  4.5499990E+03  6.4606476E+07
  4.5699995E+03  6.5750476E+07
  4.5899990E+03  6.3946696E+07
  4.6099990E+03  6.4282948E+07
  4.6299990E+03  6.2681364E+07
  4.6499990E+03  6.2784504E+07
  4.6699990E+03  6.2539828E+07
  4.6899990E+03  6.0496948E+07
  4.7099995E+03  5.7839408E+07
  4.7299990E+03  6.0235812E+07
  4.7499995E+03  5.9726280E+07
  4.7699995E+03  5.8726444E+07
  4.7899990E+03  5.7598348E+07
  4.8099995E+03  5.5576684E+07
  4.8299995E+03  5.1475824E+07
  4.8499990E+03  3.8780812E+07
  4.8700000E+03  3.1513420E+07
  4.8899990E+03  4.7746856E+07
  4.9099990E+03  5.2113912E+07
  4.9299990E+03  5.2445252E+07
  4.9499995E+03  5.3363028E+07
  4.9699995E+03  5.3680224E+07
  4.9899990E+03  5.2138752E+07
  5.0099995E+03  5.0848256E+07
  5.0299995E+03  5.1734184E+07
  5.0499995E+03  5.0762392E+07
  5.0699995E+03  5.1198084E+07
  5.0899995E+03  5.0581324E+07
  5.1099990E+03  5.0414124E+07
  5.1299995E+03  4.9533636E+07
  5.1499985E+03  4.8496276E+07
  5.1700000E+03  4.7329648E+07
  5.1899990E+03  4.6941816E+07
  5.2099990E+03  4.7131720E+07
  5.2299995E+03  4.6559824E+07
  5.2499995E+03  4.7155708E+07
  5.2699995E+03  4.4891260E+07
  5.2899990E+03  4.6011788E+07
  5.3099995E+03  4.5481448E+07
  5.3299990E+03  4.4136904E+07
  5.3499995E+03  4.4738080E+07
  5.3699995E+03  4.4025292E+07
  5.3899995E+03  4.3666760E+07
  5.4099990E+03  4.2791012E+07
  5.4299990E+03  4.2901852E+07
  5.4499990E+03  4.2763856E+07
  5.4699995E+03  4.2277948E+07
  5.4899995E+03  4.2125468E+07
  5.5099995E+03  4.1823936E+07
  5.5299985E+03  4.1207832E+07
  5.5499990E+03  4.1075252E+07
  5.5699990E+03  4.0371592E+07
  5.5899995E+03  4.0026560E+07
  5.6099990E+03  3.9838636E+07
  5.6299995E+03  3.9663060E+07
  5.6499990E+03  3.9311948E+07
  5.6699990E+03  3.8706992E+07
  5.6899995E+03  3.8571500E+07
  5.7099995E+03  3.8180448E+07
  5.7299990E+03  3.8189768E+07
  5.7499990E+03  3.7595260E+07
  5.7699990E+03  3.7366768E+07
  5.7899995E+03  3.6991068E+07
  5.8099985E+03  3.6708944E+07
  5.8300000E+03  3.6440872E+07
  5.8499990E+03  3.6054536E+07
  5.8699985E+03  3.5690100E+07
  5.8899985E+03  3.4973576E+07
  5.9099995E+03  3.5062996E+07
  5.9299985E+03  3.4772252E+07
  5.9499995E+03  3.4469704E+07
  5.9699990E+03  3.4187352E+07
  5.9899990E+03  3.3795640E+07
  6.0099990E+03  3.3346838E+07
  6.0299995E+03  3.3162256E+07
  6.0499990E+03  3.2970132E+07
  6.0699990E+03  3.2765496E+07
  6.0899995E+03  3.2384044E+07
  6.1099985E+03  3.2039190E+07
  6.1299995E+03  3.1510636E+07
  6.1499985E+03  3.1024148E+07
  6.1699985E+03  3.0965852E+07
  6.1900000E+03  3.1034474E+07
  6.2099995E+03  3.0750892E+07
  6.2299985E+03  3.0342178E+07
  6.2499990E+03  2.9722012E+07
  6.2699985E+03  2.9982148E+07
  6.2900000E+03  2.9733688E+07
  6.3099985E+03  2.9282474E+07
  6.3299995E+03  2.9083614E+07
  6.3499985E+03  2.8607340E+07
  6.3699985E+03  2.8436340E+07
  6.3899995E+03  2.8325956E+07
  6.4099990E+03  2.7856986E+07
  6.4299985E+03  2.7707656E+07
  6.4499985E+03  2.7191982E+07
  6.4699990E+03  2.7043024E+07
  6.4899990E+03  2.6438336E+07
  6.5099985E+03  2.5859232E+07
  6.5299990E+03  2.4390834E+07
  6.5499985E+03  2.0430218E+07
  6.5699985E+03  1.6485880E+07
  6.5899995E+03  2.2628396E+07
  6.6099985E+03  2.4500706E+07
  6.6299990E+03  2.5013896E+07
  6.6499985E+03  2.5097086E+07
  6.6699995E+03  2.5013696E+07
  6.6899990E+03  2.4940964E+07
  6.7099995E+03  2.4772422E+07
  6.7299990E+03  2.4581322E+07
  6.7499995E+03  2.4344916E+07
  6.7699985E+03  2.4260478E+07
  6.7899995E+03  2.4065464E+07
  6.8099995E+03  2.3870704E+07
  6.8300000E+03  2.3651152E+07
  6.8499985E+03  2.3445012E+07
  6.8699985E+03  2.3314290E+07
  6.8899985E+03  2.3131520E+07
  6.9099990E+03  2.2931532E+07
  6.9299995E+03  2.2745234E+07
  6.9499990E+03  2.2568498E+07
  6.9699985E+03  2.2370928E+07
  6.9899985E+03  2.2223818E+07
  7.0099985E+03  2.1905526E+07
  7.0299985E+03  2.1797070E+07
  7.0499990E+03  2.1664476E+07
  7.0699980E+03  2.1505906E+07
  7.0899990E+03  2.1338272E+07
  7.1099990E+03  2.0798082E+07
  7.1299995E+03  2.0883876E+07
  7.1499990E+03  2.0762784E+07
  7.1699995E+03  2.0581160E+07
  7.1899985E+03  2.0403422E+07
  7.2099985E+03  2.0286762E+07
  7.2299980E+03  2.0127120E+07
  7.2499990E+03  1.9938098E+07
  7.2699995E+03  1.9854918E+07
  7.2899990E+03  1.9597968E+07
  7.3099980E+03  1.9507800E+07
  7.3299980E+03  1.9352410E+07
  7.3499980E+03  1.9256298E+07
  7.3699985E+03  1.9106842E+07
  7.3899995E+03  1.8879388E+07
  7.4099985E+03  1.8566980E+07
  7.4299995E+03  1.8511512E+07
  7.4500000E+03  1.8427184E+07
  7.4700000E+03  1.8206444E+07
  7.4899990E+03  1.8103976E+07
  7.5099985E+03  1.8042414E+07
  7.5299995E+03  1.7929420E+07
  7.5499980E+03  1.7837204E+07
  7.5699985E+03  1.7679962E+07
  7.5899990E+03  1.7547672E+07
  7.6099980E+03  1.7410674E+07
  7.6299995E+03  1.7289098E+07
  7.6499995E+03  1.7136374E+07
  7.6699980E+03  1.6915206E+07
  7.6899990E+03  1.6852814E+07
  7.7099995E+03  1.6714157E+07
  7.7299985E+03  1.6647331E+07
  7.7499990E+03  1.6484367E+07
  7.7700000E+03  1.6030820E+07
  7.7900000E+03  1.6296264E+07
  7.8099995E+03  1.6151146E+07
  7.8299980E+03  1.5969817E+07
  7.8499980E+03  1.5817016E+07
  7.8699995E+03  1.5719081E+07
  7.8900000E+03  1.5582000E+07
  7.9099995E+03  1.5471994E+07
  7.9300000E+03  1.5338933E+07
  7.9499985E+03  1.5199866E+07
  7.9699990E+03  1.5230430E+07
  7.9900000E+03  1.4978419E+07
  8.0099980E+03  1.4959502E+07
  8.0299985E+03  1.4844176E+07
  8.0500000E+03  1.4746086E+07
  8.0699985E+03  1.4648796E+07
  8.0899990E+03  1.4531556E+07
  8.1099995E+03  1.4465697E+07
  8.1299976E+03  1.4374671E+07
  8.1499976E+03  1.4266775E+07
  8.1699980E+03  1.4165966E+07
  8.1899985E+03  1.3877819E+07
  8.2099990E+03  1.3842145E+07
  8.2300000E+03  1.3734341E+07
  8.2500000E+03  1.3672260E+07
  8.2700000E+03  1.3714173E+07
  8.2899980E+03  1.3608619E+07
  8.3099990E+03  1.3486453E+07
  8.3299980E+03  1.3279526E+07
  8.3500000E+03  1.3285143E+07
  8.3699990E+03  1.3205601E+07
  8.3899990E+03  1.3014807E+07
  8.4099971E+03  1.2917830E+07
  8.4300000E+03  1.2754815E+07
  8.4499990E+03  1.2460248E+07
  8.4699980E+03  1.2444013E+07
  8.4899980E+03  1.2295556E+07
  8.5099990E+03  1.1882526E+07
  8.5299990E+03  1.2187756E+07
  8.5499990E+03  1.1289754E+07
  8.5699990E+03  1.2175299E+07
  8.5900000E+03  1.1577473E+07
  8.6099980E+03  1.1457691E+07
  8.6299990E+03  1.2082468E+07
  8.6499990E+03  1.1602207E+07
  8.6699990E+03  1.0222612E+07
  8.6899990E+03  1.1602402E+07
  8.7099971E+03  1.2007041E+07
  8.7299990E+03  1.1473585E+07
  8.7499980E+03  9.8584150E+06
  8.7699980E+03  1.1059109E+07
  8.7899980E+03  1.1821169E+07
  8.8099990E+03  1.1856864E+07
  8.8299980E+03  1.1438413E+07
  8.8499980E+03  1.0350212E+07
  8.8699980E+03  9.1879020E+06
  8.8899990E+03  1.0965631E+07
  8.9099971E+03  1.1484019E+07
  8.9299980E+03  1.1597509E+07
  8.9499980E+03  1.1638387E+07
  8.9699990E+03  1.1327618E+07
  8.9899990E+03  1.0668497E+07
  9.0099980E+03  8.7375260E+06
  9.0299990E+03  9.4242300E+06
  9.0499990E+03  1.0699998E+07
  9.0699980E+03  1.0869474E+07
  9.0899990E+03  1.0843580E+07
  9.1099980E+03  1.1122404E+07
  9.1299980E+03  1.1155080E+07
  9.1499980E+03  1.1064519E+07
  9.1699980E+03  1.0822316E+07
  9.1899990E+03  1.0398332E+07
  9.2099990E+03  9.5027010E+06
  9.2299980E+03  7.6308090E+06
  9.2499980E+03  9.1450670E+06
  9.2699971E+03  9.8864480E+06
  9.2899990E+03  1.0403975E+07
  9.3099980E+03  1.0521447E+07
  9.3299990E+03  1.0518798E+07
  9.3499980E+03  1.0504013E+07
  9.3699990E+03  1.0469088E+07
  9.3900000E+03  1.0343780E+07
  9.4099980E+03  9.9858770E+06
  9.4299971E+03  1.0162595E+07
  9.4499990E+03  1.0069419E+07
  9.4700000E+03  9.9571960E+06
  9.4899980E+03  9.7295430E+06
  9.5100000E+03  9.2991800E+06
  9.5300000E+03  8.4031940E+06
  9.5500000E+03  6.8706450E+06
  9.5699990E+03  8.4725440E+06
  9.5899980E+03  9.1455020E+06
  9.6099980E+03  9.3281660E+06
  9.6299990E+03  9.3317070E+06
  9.6499990E+03  9.4561020E+06
  9.6699980E+03  9.3525670E+06
  9.6899980E+03  9.3653570E+06
  9.7100000E+03  9.4083250E+06
  9.7299990E+03  9.3458140E+06
  9.7499980E+03  9.2492570E+06
  9.7699961E+03  9.2398480E+06
  9.7899980E+03  9.1836570E+06
  9.8099980E+03  9.1208040E+06
  9.8299990E+03  9.0490260E+06
  9.8499980E+03  8.9513560E+06
  9.8700000E+03  8.8841740E+06
  9.8899980E+03  8.7828050E+06
  9.9099990E+03  8.7416350E+06
  9.9300000E+03  8.6835320E+06
  9.9499980E+03  8.5969090E+06
  9.9699980E+03  8.4934740E+06
  9.9899990E+03  8.3051065E+06
  1.0024998E+04  7.3711785E+06
  1.0074998E+04  7.0046215E+06
  1.0124997E+04  7.9704600E+06
  1.0174997E+04  8.0531565E+06
  1.0224998E+04  8.0012525E+06
  1.0274997E+04  7.8996645E+06
  1.0325000E+04  7.7773945E+06
  1.0374999E+04  7.6662140E+06
  1.0425000E+04  7.5457095E+06
  1.0474998E+04  7.3639795E+06
  1.0524997E+04  7.2826180E+06
  1.0574999E+04  7.1916775E+06
  1.0625000E+04  7.0770955E+06
  1.0674997E+04  6.8294610E+06
  1.0724998E+04  6.8075255E+06
  1.0774999E+04  6.7042550E+06
  1.0824997E+04  6.5521265E+06
  1.0874997E+04  6.2744470E+06
  1.0924999E+04  5.1916330E+06
  1.0974996E+04  5.6795885E+06
  1.1025000E+04  6.1336970E+06
  1.1074998E+04  6.1653630E+06
  1.1124999E+04  6.0972830E+06
  1.1174998E+04  6.0229335E+06
  1.1224999E+04  5.9562405E+06
  1.1274997E+04  5.7660265E+06
  1.1325000E+04  5.6949550E+06
  1.1375000E+04  5.6799380E+06
  1.1425000E+04  5.5731860E+06
  1.1474997E+04  5.5504760E+06
  1.1525000E+04  5.4780255E+06
  1.1574998E+04  5.3939685E+06
  1.1625000E+04  5.2595745E+06
  1.1674998E+04  5.1540930E+06
  1.1724997E+04  5.1779175E+06
  1.1775001E+04  4.9979045E+06
  1.1824999E+04  4.9842885E+06
  1.1875000E+04  4.8852315E+06
  1.1925000E+04  4.9052830E+06
  1.1975001E+04  4.7853280E+06
  1.2024998E+04  4.7510895E+06
  1.2074996E+04  4.6699685E+06
  1.2125000E+04  4.6156420E+06
  1.2175000E+04  4.5722175E+06
  1.2225001E+04  4.5038870E+06
  1.2275001E+04  4.4355165E+06
  1.2324996E+04  4.3787725E+06
  1.2374996E+04  4.3279620E+06
  1.2424998E+04  4.2802645E+06
  1.2475000E+04  4.2123725E+06
  1.2524997E+04  4.1490315E+06
  1.2574997E+04  4.0620225E+06
  1.2624999E+04  4.0152555E+06
  1.2674997E+04  3.9573770E+06
  1.2724999E+04  3.8535160E+06
  1.2774999E+04  3.5990332E+06
  1.2825000E+04  3.0297940E+06
  1.2875001E+04  3.5551602E+06
  1.2924997E+04  3.6688808E+06
  1.2975001E+04  3.6686290E+06
  1.3024998E+04  3.6385200E+06
  1.3074999E+04  3.6036930E+06
  1.3125000E+04  3.5557308E+06
  1.3174998E+04  3.5014482E+06
  1.3224998E+04  3.4760992E+06
  1.3274997E+04  3.4313650E+06
  1.3324997E+04  3.3903848E+06
  1.3374999E+04  3.3459188E+06
  1.3424999E+04  3.3045290E+06
  1.3474999E+04  3.2628302E+06
  1.3525001E+04  3.2136235E+06
  1.3574999E+04  3.1705738E+06
  1.3624997E+04  3.1414618E+06
  1.3674997E+04  3.0983858E+06
  1.3724995E+04  3.0364552E+06
  1.3774998E+04  3.0190168E+06
  1.3824998E+04  2.9838158E+06
  1.3874996E+04  2.9574582E+06
  1.3925000E+04  2.9078902E+06
  1.3974996E+04  2.8801770E+06
  1.4024997E+04  2.8460788E+06
  1.4075001E+04  2.8152430E+06
  1.4124996E+04  2.7742010E+06
  1.4175000E+04  2.7458508E+06
  1.4225000E+04  2.7081502E+06
  1.4274994E+04  2.6727602E+06
  1.4325001E+04  2.6467888E+06
  1.4374998E+04  2.6198405E+06
  1.4424999E+04  2.5356260E+06
  1.4475000E+04  2.5537395E+06
  1.4524997E+04  2.4983330E+06
  1.4569999E+04  2.4942818E+06
  1.4620000E+04  2.5077418E+06
  1.4674998E+04  2.5479332E+06
  1.4725000E+04  2.5039010E+06
  1.4775002E+04  2.4536752E+06
  1.4824998E+04  2.4227550E+06
  1.4874996E+04  2.3675055E+06
  1.4924997E+04  2.3552205E+06
  1.4974999E+04  2.3070952E+06
  1.5024999E+04  2.2618942E+06
  1.5075000E+04  2.2242030E+06
  1.5124999E+04  2.2039230E+06
  1.5175000E+04  2.1720820E+06
  1.5225002E+04  2.1347600E+06
  1.5274998E+04  2.1119280E+06
  1.5324995E+04  2.0745900E+06
  1.5374997E+04  2.0528309E+06
  1.5425001E+04  2.0121506E+06
  1.5474996E+04  1.9982264E+06
  1.5524994E+04  1.9663075E+06
  1.5575001E+04  1.9397241E+06
  1.5624998E+04  1.9407556E+06
  1.5674997E+04  1.8856159E+06
  1.5724994E+04  1.8634369E+06
  1.5774996E+04  1.8731396E+06
  1.5825001E+04  1.8513920E+06
  1.5874995E+04  1.7570825E+06
  1.5925002E+04  1.8029600E+06
  1.5975001E+04  1.8378972E+06
  1.6049998E+04  1.7581681E+06
  1.6150001E+04  1.6757971E+06
  1.6249997E+04  1.7292810E+06
  1.6350000E+04  1.6278626E+06
  1.6449996E+04  1.5446475E+06
  1.6549998E+04  1.6274061E+06
  1.6649994E+04  1.5966378E+06
  1.6749998E+04  1.4809496E+06
  1.6849998E+04  1.3940275E+06
  1.6950000E+04  1.4938061E+06
  1.7049996E+04  1.4723182E+06
  1.7150000E+04  1.4440541E+06
  1.7249992E+04  1.3791241E+06
  1.7349994E+04  1.2066952E+06
  1.7449992E+04  1.2948632E+06
  1.7550000E+04  1.3164755E+06
  1.7649998E+04  1.2961585E+06
  1.7749994E+04  1.2750189E+06
  1.7849994E+04  1.2470574E+06
  1.7949998E+04  1.2215084E+06
  1.8050002E+04  1.1723960E+06
  1.8150002E+04  1.0280996E+06
  1.8249994E+04  1.0846072E+06
  1.8349992E+04  1.1168889E+06
  1.8449992E+04  1.1006974E+06
  1.8549998E+04  1.0744205E+06
  1.8650002E+04  1.0325584E+06
  1.8750002E+04  8.9437538E+05
  1.8850000E+04  9.8463912E+05
  1.8950004E+04  9.8803825E+05
  1.9049996E+04  9.8103594E+05
  1.9149998E+04  9.6134494E+05
  1.9249992E+04  9.3784156E+05
  1.9350000E+04  8.9627694E+05
  1.9449992E+04  7.8282938E+05
  1.9550002E+04  8.6326675E+05
  1.9649992E+04  8.6967538E+05
  1.9749992E+04  8.5618738E+05
  1.9849992E+04  8.4438900E+05
  1.9950002E+04  8.2918588E+05
  2.0050002E+04  8.1439400E+05
  2.0149996E+04  7.9981769E+05
  2.0249994E+04  7.8415631E+05
  2.0349994E+04  7.6884525E+05
  2.0449996E+04  7.5667781E+05
  2.0550000E+04  7.4267619E+05
  2.0649992E+04  7.2777956E+05
  2.0749998E+04  7.1537394E+05
  2.0849992E+04  7.0286975E+05
  2.0950004E+04  6.8990906E+05
  2.1050002E+04  6.7775838E+05
  2.1149992E+04  6.6400431E+05
  2.1250000E+04  6.5157869E+05
  2.1350002E+04  6.3915812E+05
  2.1449996E+04  6.2646581E+05
  2.1550006E+04  6.0257456E+05
  2.1649994E+04  5.2903275E+05
  2.1750002E+04  5.7442194E+05
  2.1849998E+04  5.8263044E+05
  2.1950002E+04  5.7752912E+05
  2.2050000E+04  5.6787062E+05
  2.2149996E+04  5.5853156E+05
  2.2249998E+04  5.5076750E+05
  2.2350004E+04  5.4151306E+05
  2.2449990E+04  5.3244712E+05
  2.2549994E+04  5.2226750E+05
  2.2650000E+04  5.1458884E+05
  2.2750000E+04  5.0628984E+05
  2.2850000E+04  4.9936434E+05
  2.2950004E+04  4.9706044E+05
  2.3050000E+04  4.8959462E+05
  2.3149996E+04  4.8104391E+05
  2.3250000E+04  4.7257275E+05
  2.3349996E+04  4.6392506E+05
  2.3449994E+04  4.5596225E+05
  2.3550002E+04  4.4796106E+05
  2.3649988E+04  4.4024103E+05
  2.3750000E+04  4.3243350E+05
  2.3849990E+04  4.2499372E+05
  2.3950002E+04  4.1783938E+05
  2.4050006E+04  4.1088062E+05
  2.4149992E+04  4.0388738E+05
  2.4249990E+04  3.9720644E+05
  2.4349990E+04  3.9081181E+05
  2.4450002E+04  3.8424331E+05
  2.4549990E+04  3.7838819E+05
  2.4649992E+04  3.7201338E+05
  2.4749992E+04  3.6690997E+05
  2.4850006E+04  3.6071081E+05
  2.4950000E+04  3.5506562E+05
  2.5050006E+04  3.5422350E+05
  2.5149994E+04  3.4619509E+05
  2.5249998E+04  3.3759653E+05
  2.5350004E+04  3.3454538E+05
  2.5449988E+04  3.3090984E+05
  2.5549998E+04  3.2344212E+05
  2.5649990E+04  3.1508462E+05
  2.5749990E+04  3.1501706E+05
  2.5849994E+04  3.1171056E+05
  2.5949990E+04  3.0696884E+05
  2.6049996E+04  2.9728275E+05
  2.6149998E+04  2.8482131E+05
  2.6249988E+04  2.5992242E+05
  2.6350008E+04  2.8083403E+05
  2.6449996E+04  2.8497206E+05
  2.6549994E+04  2.8172850E+05
  2.6649994E+04  2.7432438E+05
  2.6749988E+04  2.6306906E+05
  2.6849986E+04  2.6738403E+05
  2.6949986E+04  2.6761309E+05
  2.7050002E+04  2.6490153E+05
  2.7149998E+04  2.6159434E+05
  2.7249994E+04  2.5777541E+05
  2.7350006E+04  2.5336534E+05
  2.7450004E+04  2.4720797E+05
  2.7549996E+04  2.3333053E+05
  2.7649982E+04  2.3495258E+05
  2.7750004E+04  2.3857488E+05
  2.7850000E+04  2.3706388E+05
  2.7949992E+04  2.3449783E+05
  2.8049994E+04  2.3160300E+05
  2.8150002E+04  2.2872898E+05
  2.8250006E+04  2.2532808E+05
  2.8350000E+04  2.2210078E+05
  2.8450000E+04  2.1826617E+05
  2.8550002E+04  2.1412381E+05
  2.8650002E+04  2.0550845E+05
  2.8749982E+04  1.9437341E+05
  2.8849998E+04  2.0345211E+05
  2.8949986E+04  2.0377525E+05
  2.9049994E+04  2.0216481E+05
  2.9149986E+04  1.9957872E+05
  2.9249984E+04  1.9752950E+05
  2.9349980E+04  1.9508373E+05
  2.9450000E+04  1.9253595E+05
  2.9550004E+04  1.9008305E+05
  2.9649982E+04  1.8764625E+05
  2.9749992E+04  1.8522048E+05
  2.9849994E+04  1.8283569E+05
  2.9949984E+04  1.8021836E+05
  3.0049996E+04  1.7756055E+05
  3.0149994E+04  1.7460258E+05
  3.0249994E+04  1.7034998E+05
  3.0349996E+04  1.5828458E+05
  3.0449996E+04  1.5932695E+05
  3.0549996E+04  1.6461494E+05
  3.0649996E+04  1.6417212E+05
  3.0749994E+04  1.6269972E+05
  3.0849996E+04  1.6076786E+05
  3.0949994E+04  1.5900308E+05
  3.1049996E+04  1.5706223E+05
  3.1149996E+04  1.5482080E+05
  3.1249996E+04  1.5312942E+05
  3.1349996E+04  1.5136059E+05
  3.1449996E+04  1.4944356E+05
  3.1549998E+04  1.4773317E+05
  3.1649996E+04  1.4606775E+05
  3.1749998E+04  1.4414378E+05
  3.1849996E+04  1.4257531E+05
  3.1949994E+04  1.4085756E+05
  3.2099996E+04  1.3830473E+05
  3.2299992E+04  1.3508794E+05
  3.2499994E+04  1.3175764E+05
  3.2699996E+04  1.2781494E+05
  3.2899996E+04  1.1722681E+05
  3.3099996E+04  1.1964503E+05
  3.3299992E+04  1.2007735E+05
  3.3499996E+04  1.1783547E+05
  3.3699996E+04  1.1496481E+05
  3.3899996E+04  1.1230102E+05
  3.4099996E+04  1.0973376E+05
  3.4299996E+04  1.0734344E+05
  3.4499992E+04  1.0500419E+05
  3.4699996E+04  1.0260829E+05
  3.4899996E+04  1.0032833E+05
  3.5099996E+04  9.8093531E+04
  3.5299996E+04  9.5896742E+04
  3.5499996E+04  9.3823805E+04
  3.5699992E+04  9.1705453E+04
  3.5899992E+04  8.9716039E+04
  3.6099996E+04  8.7805422E+04
  3.6299992E+04  8.5902789E+04
  3.6499992E+04  8.4050594E+04
  3.6699992E+04  8.2295086E+04
  3.6899992E+04  8.0226750E+04
  3.7099996E+04  7.8515594E+04
  3.7299996E+04  7.4239664E+04
  3.7499992E+04  7.1944312E+04
  3.7699996E+04  7.3844234E+04
  3.7899996E+04  7.2681383E+04
  3.8099992E+04  7.0882242E+04
  3.8299996E+04  6.9604539E+04
  3.8499996E+04  6.8608758E+04
  3.8699996E+04  6.7182047E+04
  3.8899992E+04  6.5579320E+04
  3.9099996E+04  6.3875156E+04
  3.9299992E+04  6.3273043E+04
  3.9499992E+04  6.2278980E+04
  3.9699992E+04  6.1184574E+04
  3.9900000E+04  5.9879344E+04
  4.0099996E+04  5.7842691E+04
  4.0299992E+04  5.6453492E+04
  4.0499996E+04  5.2964270E+04
  4.0699992E+04  5.4842125E+04
  4.0899992E+04  5.4282316E+04
  4.1099996E+04  5.3387297E+04
  4.1299996E+04  5.2339191E+04
  4.1499992E+04  5.1030961E+04
  4.1699992E+04  4.9136559E+04
  4.1899996E+04  4.9119223E+04
  4.2099996E+04  4.8526105E+04
  4.2299992E+04  4.7847254E+04
  4.2499996E+04  4.6972488E+04
  4.2699992E+04  4.6134719E+04
  4.2899992E+04  4.5306398E+04
  4.3099996E+04  4.4487363E+04
  4.3299996E+04  4.3615188E+04
  4.3499992E+04  4.2623758E+04
  4.3699996E+04  4.0774660E+04
  4.3899996E+04  4.0648336E+04
  4.4099992E+04  4.0501320E+04
  4.4299992E+04  3.9954070E+04
  4.4499996E+04  3.9276125E+04
  4.4699996E+04  3.8708613E+04
  4.4899996E+04  3.8035648E+04
  4.5099992E+04  3.7397156E+04
  4.5299992E+04  3.6751898E+04
  4.5499996E+04  3.6129254E+04
  4.5699992E+04  3.5498047E+04
  4.5899996E+04  3.4865703E+04
  4.6099996E+04  3.4196895E+04
  4.6299992E+04  3.3346762E+04
  4.6499988E+04  3.0889594E+04
  4.6699992E+04  3.0876057E+04
  4.6899992E+04  3.1534725E+04
  4.7099992E+04  3.1418627E+04
  4.7299992E+04  3.1017098E+04
  4.7499996E+04  3.0537713E+04
  4.7699992E+04  3.0047051E+04
  4.7899992E+04  2.9570072E+04
  4.8099996E+04  2.9091820E+04
  4.8299992E+04  2.8625314E+04
  4.8499992E+04  2.8167096E+04
  4.8700000E+04  2.7718594E+04
  4.8899992E+04  2.7279637E+04
  4.9099988E+04  2.6840645E+04
  4.9299988E+04  2.6424908E+04
  4.9499996E+04  2.6008840E+04
  4.9699992E+04  2.5603193E+04
  4.9899988E+04  2.5203197E+04
  5.0099996E+04  2.4813252E+04
  5.0299996E+04  2.4427219E+04
  5.0499996E+04  2.4053893E+04
  5.0699996E+04  2.3679830E+04
  5.0899992E+04  2.3233822E+04
  5.1099992E+04  2.2603613E+04
  5.1299996E+04  2.1368377E+04
  5.1499988E+04  2.2008121E+04
  5.1699996E+04  2.1877633E+04
  5.1899992E+04  2.1618436E+04
  5.2099992E+04  2.1293172E+04
  5.2299996E+04  2.0979121E+04
  5.2499996E+04  2.0669234E+04
  5.2699996E+04  2.0364793E+04
  5.2899992E+04  2.0065707E+04
  5.3099988E+04  1.9770539E+04
  5.3299988E+04  1.9483203E+04
  5.3499992E+04  1.9198285E+04
  5.3699992E+04  1.8915760E+04
  5.3899992E+04  1.8647266E+04
  5.4099992E+04  1.8379643E+04
  5.4299984E+04  1.8112898E+04
  5.4499988E+04  1.7855902E+04
  5.4699996E+04  1.7595877E+04
  5.4899992E+04  1.7352914E+04
  5.5099992E+04  1.7108045E+04
  5.5299988E+04  1.6866258E+04
  5.5499988E+04  1.6629953E+04
  5.5699992E+04  1.6394166E+04
  5.5899992E+04  1.6158914E+04
  5.6099988E+04  1.5943355E+04
  5.6299996E+04  1.5723310E+04
  5.6499988E+04  1.5508342E+04
  5.6699988E+04  1.5293663E+04
  5.6899992E+04  1.5085103E+04
  5.7099996E+04  1.4880239E+04
  5.7299988E+04  1.4676725E+04
  5.7499988E+04  1.4479087E+04
  5.7699988E+04  1.4281571E+04
  5.7899996E+04  1.4087554E+04
  5.8099988E+04  1.3900337E+04
  5.8299996E+04  1.3715345E+04
  5.8499992E+04  1.3539166E+04
  5.8699988E+04  1.3309302E+04
  5.8899988E+04  1.2953017E+04
  5.9099992E+04  1.2232358E+04
  5.9299988E+04  1.2680297E+04
  5.9499996E+04  1.2622859E+04
  5.9699988E+04  1.2510946E+04
  5.9899992E+04  1.2348790E+04
  6.0099992E+04  1.2186428E+04
  6.0299992E+04  1.2032160E+04
  6.0499988E+04  1.1876577E+04
  6.0699992E+04  1.1722776E+04
  6.0899992E+04  1.1570738E+04
  6.1099988E+04  1.1418419E+04
  6.1299992E+04  1.1279866E+04
  6.1499988E+04  1.1135902E+04
  6.1699988E+04  1.0995542E+04
  6.1899996E+04  1.0855774E+04
  6.2099996E+04  1.0720511E+04
  6.2299988E+04  1.0580937E+04
  6.2499992E+04  1.0451602E+04
  6.2699988E+04  1.0319868E+04
  6.2899996E+04  1.0194353E+04
  6.3099984E+04  1.0065496E+04
  6.3299996E+04  9.9427539E+03
  6.3499984E+04  9.8204297E+03
  6.3699984E+04  9.7003682E+03
  6.3900000E+04  9.5816104E+03
  6.4199992E+04  9.4081816E+03
  6.4599984E+04  9.1800938E+03
  6.4999992E+04  8.9595605E+03
  6.5399992E+04  8.7478613E+03
  6.5799992E+04  8.5402832E+03
  6.6199984E+04  8.3388770E+03
  6.6599984E+04  8.1438833E+03
  6.6999992E+04  7.9545317E+03
  6.7399992E+04  7.7701680E+03
  6.7799992E+04  7.5919648E+03
  6.8199992E+04  7.4182856E+03
  6.8599992E+04  7.2492520E+03
  6.8999984E+04  7.0838657E+03
  6.9399984E+04  6.9246138E+03
  6.9800000E+04  6.7700034E+03
  7.0199992E+04  6.6194551E+03
  7.0599984E+04  6.4730083E+03
  7.0999977E+04  6.3323472E+03
  7.1399977E+04  6.1929429E+03
  7.1799984E+04  6.0583618E+03
  7.2199984E+04  5.9243530E+03
  7.2600000E+04  5.7989932E+03
  7.2999984E+04  5.6760938E+03
  7.3400000E+04  5.5544692E+03
  7.3799984E+04  5.4366655E+03
  7.4199992E+04  5.2945884E+03
  7.4599992E+04  4.9912148E+03
  7.5000000E+04  4.8878179E+03
  7.5399992E+04  4.9657129E+03
  7.5799992E+04  4.8923291E+03
  7.6199984E+04  4.7939976E+03
  7.6599992E+04  4.6962261E+03
  7.6999992E+04  4.6008584E+03
  7.7399992E+04  4.5082754E+03
  7.7799984E+04  4.4177227E+03
  7.8199984E+04  4.3293970E+03
  7.8599984E+04  4.2431846E+03
  7.8999984E+04  4.1591558E+03
  7.9399984E+04  4.0771987E+03
  7.9800000E+04  3.9972019E+03
  8.0199992E+04  3.9189485E+03
  8.0599984E+04  3.8428596E+03
  8.0999992E+04  3.7688235E+03
  8.1399977E+04  3.6958860E+03
  8.1799984E+04  3.6252581E+03
  8.2199984E+04  3.5564409E+03
  8.2599992E+04  3.4890037E+03
  8.2999984E+04  3.4231367E+03
  8.3400000E+04  3.3577722E+03
  8.3799992E+04  3.2946252E+03
  8.4199992E+04  3.2339583E+03
  8.4599977E+04  3.1746052E+03
  8.4999977E+04  3.1162224E+03
  8.5399984E+04  3.0588428E+03
  8.5799984E+04  3.0029077E+03
  8.6199992E+04  2.9481799E+03
  8.6599992E+04  2.8950874E+03
  8.6999984E+04  2.8428943E+03
  8.7399992E+04  2.7918284E+03
  8.7799992E+04  2.7420132E+03
  8.8199984E+04  2.6928879E+03
  8.8599977E+04  2.6453044E+03
  8.8999992E+04  2.5986545E+03
  8.9399977E+04  2.5531577E+03
  8.9799977E+04  2.5083188E+03
  9.0199984E+04  2.4648210E+03
  9.0599984E+04  2.4222676E+03
  9.0999992E+04  2.3801833E+03
  9.1400000E+04  2.3393728E+03
  9.1799969E+04  2.2995408E+03
  9.2199969E+04  2.2603535E+03
  9.2599984E+04  2.2220190E+03
  9.3000000E+04  2.1844766E+03
  9.3399984E+04  2.1477117E+03
  9.3799984E+04  2.1117493E+03
  9.4199977E+04  2.0765320E+03
  9.4599984E+04  2.0420011E+03
  9.4999969E+04  2.0082283E+03
  9.5399984E+04  1.9748647E+03
  9.5799984E+04  1.9427681E+03
  9.6199992E+04  1.9108910E+03
  9.6599984E+04  1.8799192E+03
  9.7000000E+04  1.8494309E+03
  9.7399977E+04  1.8193413E+03
  9.7799984E+04  1.7901918E+03
  9.8199977E+04  1.7614955E+03
  9.8599977E+04  1.7334757E+03
  9.8999992E+04  1.7059653E+03
  9.9399984E+04  1.6789180E+03
  9.9799977E+04  1.6523617E+03
  1.0019999E+05  1.6264373E+03
  1.9999991E+05  1.0409142E+02
  3.9999994E+05  6.4772196E+00
  5.9999981E+05  1.2686493E+00
  7.9999994E+05  3.9828929E-01
