  5.0599994E+02  2.4507751E-10
  5.1199994E+02  4.4644216E-10
  5.2000000E+02  8.5035218E-10
  5.2999994E+02  1.8563057E-09
  5.3999994E+02  3.8887742E-09
  5.4999988E+02  7.9884872E-09
  5.5999988E+02  1.5966711E-08
  5.6999988E+02  3.1169481E-08
  5.7999994E+02  5.9201071E-08
  5.8999988E+02  1.1146151E-07
  5.9999988E+02  2.0475449E-07
  6.0999988E+02  3.6983838E-07
  6.1999994E+02  6.5668570E-07
  6.2999988E+02  1.1480442E-06
  6.3999994E+02  1.9780325E-06
  6.4999994E+02  3.3629558E-06
  6.5799994E+02  5.0918011E-06
  6.6499988E+02  7.2658868E-06
  6.7499994E+02  1.1963679E-05
  6.8499988E+02  1.9472340E-05
  6.9499994E+02  3.1322601E-05
  7.0499988E+02  4.9742190E-05
  7.1599988E+02  8.2025676E-05
  7.2599994E+02  1.2764191E-04
  7.3499982E+02  1.8843458E-04
  7.4499994E+02  2.8771607E-04
  7.5499982E+02  4.3524650E-04
  7.6499994E+02  6.5236661E-04
  7.7499994E+02  9.6876465E-04
  7.8499982E+02  1.4261114E-03
  7.9499982E+02  2.0754675E-03
  8.0500000E+02  3.0069461E-03
  8.1499976E+02  4.3172957E-03
  8.2500000E+02  6.1439653E-03
  8.3499994E+02  8.6739520E-03
  8.4499994E+02  1.2151062E-02
  8.5499988E+02  1.6894175E-02
  8.6499994E+02  2.3314677E-02
  8.7499982E+02  3.1931721E-02
  8.8499982E+02  4.3461941E-02
  8.9499988E+02  5.8732785E-02
  9.0499994E+02  7.8794144E-02
  9.1499982E+02  5.4915366E+00
  9.2499988E+02  2.5250860E+01
  9.3499982E+02  3.4918571E+01
  9.4500000E+02  4.6678993E+01
  9.5500000E+02  6.4455933E+01
  9.6499988E+02  8.1704224E+01
  9.7499982E+02  9.0946999E+01
  9.8499976E+02  1.1883370E+02
  9.9499988E+02  1.3711977E+02
  1.0049999E+03  1.7926085E+02
  1.0149997E+03  2.1686317E+02
  1.0249998E+03  2.1219693E+02
  1.0349998E+03  3.0560324E+02
  1.0449998E+03  3.6885889E+02
  1.0549999E+03  4.3521344E+02
  1.0649999E+03  4.9603317E+02
  1.0750000E+03  5.9602460E+02
  1.0849996E+03  6.9543121E+02
  1.0949999E+03  7.8333081E+02
  1.1049999E+03  3.1313560E+03
  1.1149999E+03  5.3039146E+03
  1.1249999E+03  6.8811372E+03
  1.1349996E+03  8.5066016E+03
  1.1449999E+03  9.9701611E+03
  1.1549999E+03  1.0393571E+04
  1.1650000E+03  1.3147939E+04
  1.1749995E+03  1.4822384E+04
  1.1849996E+03  1.4634707E+04
  1.1949998E+03  9.4339932E+03
  1.2049996E+03  9.5707275E+03
  1.2149998E+03  2.1146414E+03
  1.2249996E+03  1.0872763E+04
  1.2349996E+03  2.2346742E+04
  1.2449998E+03  4.6201328E+04
  1.2549996E+03  7.0382211E+04
  1.2650000E+03  7.1112477E+04
  1.2749998E+03  1.1167409E+05
  1.2849995E+03  2.0000422E+05
  1.2949998E+03  3.2198184E+05
  1.3049995E+03  2.7494712E+05
  1.3149998E+03  7.5500212E+05
  1.3249998E+03  1.0624170E+06
  1.3349996E+03  1.2434432E+06
  1.3449995E+03  2.0679644E+06
  1.3549996E+03  2.0326696E+06
  1.3649999E+03  2.2599232E+06
  1.3749999E+03  2.7440615E+06
  1.3849996E+03  2.4649760E+06
  1.3949999E+03  2.9878848E+06
  1.4050001E+03  3.2758558E+06
  1.4149998E+03  3.4197578E+06
  1.4249998E+03  3.9735898E+06
  1.4350000E+03  3.6320852E+06
  1.4419998E+03  4.9466785E+06
  1.4469999E+03  6.3089655E+06
  1.4549994E+03  7.2295640E+06
  1.4650000E+03  5.8606910E+06
  1.4749995E+03  6.3236645E+06
  1.4849996E+03  7.3929545E+06
  1.4949998E+03  8.7320200E+06
  1.5049996E+03  9.6595640E+06
  1.5119995E+03  8.4484450E+06
  1.5169994E+03  8.1644765E+06
  1.5250001E+03  1.3043120E+07
  1.5349994E+03  1.3775835E+07
  1.5449994E+03  2.1974038E+07
  1.5549998E+03  1.8752330E+07
  1.5649999E+03  1.6093900E+07
  1.5750001E+03  2.5670614E+07
  1.5850000E+03  2.7621114E+07
  1.5949996E+03  3.2928290E+07
  1.6049999E+03  3.0220252E+07
  1.6150000E+03  2.7762886E+07
  1.6249996E+03  2.1243294E+07
  1.6350000E+03  2.7170974E+07
  1.6449996E+03  3.4585068E+07
  1.6549999E+03  2.0231166E+07
  1.6649993E+03  3.4119324E+07
  1.6720000E+03  1.8432478E+07
  1.6770001E+03  4.1920708E+07
  1.6849998E+03  4.6407880E+07
  1.6950000E+03  3.6064036E+07
  1.7049995E+03  3.7222012E+07
  1.7150000E+03  4.1580920E+07
  1.7249993E+03  4.1134436E+07
  1.7349994E+03  4.6348492E+07
  1.7449993E+03  4.5285572E+07
  1.7550001E+03  5.1525152E+07
  1.7649998E+03  3.9087924E+07
  1.7749995E+03  4.7853560E+07
  1.7849995E+03  4.7393384E+07
  1.7949999E+03  5.6705956E+07
  1.8050001E+03  5.1964004E+07
  1.8150001E+03  5.1589680E+07
  1.8249994E+03  4.8528388E+07
  1.8349993E+03  4.4553816E+07
  1.8449993E+03  3.8417880E+07
  1.8549998E+03  4.3714300E+07
  1.8650002E+03  4.7268360E+07
  1.8750001E+03  4.6740876E+07
  1.8850000E+03  4.7096596E+07
  1.8950002E+03  4.9599148E+07
  1.9049996E+03  4.5554400E+07
  1.9149999E+03  4.9753044E+07
  1.9249993E+03  4.9538428E+07
  1.9350001E+03  4.0963220E+07
  1.9449993E+03  5.1710608E+07
  1.9550002E+03  5.1480580E+07
  1.9670002E+03  5.5604072E+07
  1.9759990E+03  5.4126212E+07
  1.9839996E+03  5.2238660E+07
  1.9950001E+03  5.0215912E+07
  2.0050002E+03  4.6995736E+07
  2.0149996E+03  4.6594484E+07
  2.0249994E+03  4.3495952E+07
  2.0349995E+03  4.7949224E+07
  2.0449998E+03  5.2318924E+07
  2.0550000E+03  4.9812676E+07
  2.0649993E+03  4.8011524E+07
  2.0739993E+03  5.3896408E+07
  2.0780002E+03  5.5120768E+07
  2.0849993E+03  5.3468744E+07
  2.0950005E+03  5.0844480E+07
  2.1050002E+03  4.6599504E+07
  2.1149990E+03  4.7237952E+07
  2.1250000E+03  4.9425704E+07
  2.1350002E+03  3.9965768E+07
  2.1449998E+03  4.6656184E+07
  2.1550005E+03  4.6551892E+07
  2.1649995E+03  4.2676428E+07
  2.1750002E+03  4.2171792E+07
  2.1849998E+03  4.4119252E+07
  2.1950000E+03  4.7519872E+07
  2.2050000E+03  4.5047336E+07
  2.2149998E+03  4.0424388E+07
  2.2249998E+03  3.9738420E+07
  2.2350005E+03  4.6303244E+07
  2.2449990E+03  4.1058500E+07
  2.2549993E+03  3.8795552E+07
  2.2650000E+03  3.8735708E+07
  2.2750000E+03  4.1154660E+07
  2.2850000E+03  4.3739116E+07
  2.2950002E+03  4.0018476E+07
  2.3050000E+03  4.0818580E+07
  2.3149995E+03  3.9089612E+07
  2.3250000E+03  2.8121734E+07
  2.3349995E+03  3.4506424E+07
  2.3449993E+03  2.9574008E+07
  2.3550000E+03  3.8478760E+07
  2.3649988E+03  3.0789458E+07
  2.3750000E+03  3.4446548E+07
  2.3849990E+03  2.7471038E+07
  2.3950000E+03  3.1373264E+07
  2.4050005E+03  3.0093554E+07
  2.4149993E+03  3.0724020E+07
  2.4249990E+03  3.5944736E+07
  2.4349990E+03  3.4218596E+07
  2.4450000E+03  3.7204908E+07
  2.4549990E+03  3.6244256E+07
  2.4649990E+03  3.6647676E+07
  2.4749993E+03  3.3794904E+07
  2.4850005E+03  3.4828372E+07
  2.4950000E+03  3.2806808E+07
  2.5050005E+03  3.9651348E+07
  2.5129988E+03  3.2350478E+07
  2.5179990E+03  3.0850744E+07
  2.5249998E+03  2.8338778E+07
  2.5350007E+03  2.8456226E+07
  2.5449988E+03  2.8767614E+07
  2.5550000E+03  3.3101364E+07
  2.5649990E+03  3.2395438E+07
  2.5749990E+03  3.5920944E+07
  2.5849993E+03  3.6321224E+07
  2.5949990E+03  3.5150080E+07
  2.6049995E+03  3.3378454E+07
  2.6149998E+03  3.1722110E+07
  2.6249990E+03  3.6918156E+07
  2.6350007E+03  3.7287360E+07
  2.6449995E+03  4.3662868E+07
  2.6549998E+03  4.3916584E+07
  2.6649995E+03  3.8229616E+07
  2.6749988E+03  4.1037444E+07
  2.6849988E+03  4.0972720E+07
  2.6949988E+03  3.7882244E+07
  2.7050000E+03  3.9541640E+07
  2.7150000E+03  3.6437880E+07
  2.7249995E+03  3.7039012E+07
  2.7350007E+03  4.0490004E+07
  2.7450002E+03  3.1642460E+07
  2.7549998E+03  3.3173248E+07
  2.7649983E+03  3.4822056E+07
  2.7750005E+03  3.7476008E+07
  2.7850000E+03  3.2082096E+07
  2.7949993E+03  1.6605721E+07
  2.8049995E+03  1.9999638E+07
  2.8150002E+03  3.7037064E+07
  2.8250007E+03  4.0912436E+07
  2.8350000E+03  3.9756244E+07
  2.8450002E+03  3.8118608E+07
  2.8550005E+03  3.6402148E+07
  2.8650000E+03  4.0435724E+07
  2.8749983E+03  3.9530092E+07
  2.8850000E+03  4.0115120E+07
  2.8949988E+03  3.8323204E+07
  2.9099988E+03  4.3393224E+07
  2.9299983E+03  4.1341108E+07
  2.9499990E+03  4.1026156E+07
  2.9700005E+03  4.1701184E+07
  2.9899980E+03  4.2350444E+07
  3.0099995E+03  4.2899700E+07
  3.0299995E+03  4.2331132E+07
  3.0499995E+03  4.2271868E+07
  3.0699995E+03  4.2290492E+07
  3.0899995E+03  4.2814080E+07
  3.1099995E+03  4.1579660E+07
  3.1299998E+03  4.1530664E+07
  3.1499995E+03  4.2227520E+07
  3.1699995E+03  4.1898808E+07
  3.1899995E+03  3.9575840E+07
  3.2099998E+03  4.0813572E+07
  3.2299993E+03  3.9338360E+07
  3.2499993E+03  4.0375100E+07
  3.2699995E+03  4.1031276E+07
  3.2899995E+03  4.1156944E+07
  3.3099998E+03  4.1596372E+07
  3.3299993E+03  4.0734708E+07
  3.3499995E+03  4.0182624E+07
  3.3699995E+03  3.9912764E+07
  3.3899993E+03  3.9653016E+07
  3.4099993E+03  3.9918216E+07
  3.4299995E+03  3.9899144E+07
  3.4499993E+03  3.9586656E+07
  3.4699998E+03  3.9112856E+07
  3.4899993E+03  3.9012284E+07
  3.5099995E+03  3.9608636E+07
  3.5299995E+03  3.9324348E+07
  3.5499995E+03  3.9749412E+07
  3.5699995E+03  3.8521964E+07
  3.5899995E+03  3.8158256E+07
  3.6099995E+03  3.8097976E+07
  3.6299993E+03  3.8239692E+07
  3.6399993E+03  3.8035560E+07
  3.6499995E+03  3.9153660E+07
  3.6699993E+03  3.8157484E+07
  3.6899995E+03  3.4524396E+07
  3.7099995E+03  3.6028060E+07
  3.7299998E+03  3.6219492E+07
  3.7499993E+03  4.3723816E+07
  3.7699993E+03  4.5691776E+07
  3.7899995E+03  5.5261148E+07
  3.8099993E+03  6.4567924E+07
  3.8299998E+03  5.1413668E+07
  3.8499995E+03  7.2370376E+07
  3.8699995E+03  8.2845616E+07
  3.8899995E+03  4.6262284E+07
  3.9099995E+03  8.3004936E+07
  3.9299993E+03  6.8327080E+07
  3.9499993E+03  7.9931896E+07
  3.9699998E+03  4.2530636E+07
  3.9899995E+03  8.0523824E+07
  4.0099995E+03  9.7188568E+07
  4.0299993E+03  9.9072544E+07
  4.0499993E+03  9.7455656E+07
  4.0699993E+03  8.9415816E+07
  4.0899995E+03  6.5308572E+07
  4.1099995E+03  4.9856848E+07
  4.1299995E+03  8.3452936E+07
  4.1499990E+03  9.2133112E+07
  4.1699990E+03  9.3441808E+07
  4.1899995E+03  9.2300800E+07
  4.2099995E+03  9.2091208E+07
  4.2299995E+03  8.9304328E+07
  4.2499995E+03  8.9091512E+07
  4.2699990E+03  8.5570744E+07
  4.2899995E+03  8.5055160E+07
  4.3100000E+03  7.5692992E+07
  4.3299995E+03  5.4668680E+07
  4.3499995E+03  4.6699172E+07
  4.3699995E+03  7.4508592E+07
  4.3899995E+03  7.9889200E+07
  4.4099995E+03  8.0115424E+07
  4.4299995E+03  7.9297680E+07
  4.4499995E+03  8.0403336E+07
  4.4699995E+03  7.9647736E+07
  4.4899995E+03  7.8063344E+07
  4.5099990E+03  7.9139504E+07
  4.5299995E+03  7.6984568E+07
  4.5499990E+03  7.5490384E+07
  4.5699995E+03  7.6609680E+07
  4.5899990E+03  7.4625640E+07
  4.6099990E+03  7.5013024E+07
  4.6299990E+03  7.2993816E+07
  4.6499990E+03  7.3072904E+07
  4.6699990E+03  7.2431088E+07
  4.6899990E+03  7.0202976E+07
  4.7099995E+03  6.7222032E+07
  4.7299990E+03  6.9581368E+07
  4.7499995E+03  6.8938184E+07
  4.7699995E+03  6.7665880E+07
  4.7899990E+03  6.6368060E+07
  4.8099995E+03  6.3949576E+07
  4.8299995E+03  5.9005996E+07
  4.8499990E+03  4.3904288E+07
  4.8700000E+03  3.5517924E+07
  4.8899990E+03  5.4620724E+07
  4.9099990E+03  5.9814820E+07
  4.9299990E+03  6.0130304E+07
  4.9499995E+03  6.0835416E+07
  4.9699995E+03  6.1080392E+07
  4.9899990E+03  5.9559916E+07
  5.0099995E+03  5.8030172E+07
  5.0299995E+03  5.8662544E+07
  5.0499995E+03  5.7513376E+07
  5.0699995E+03  5.7870996E+07
  5.0899995E+03  5.7198988E+07
  5.1099990E+03  5.6808408E+07
  5.1299995E+03  5.5866708E+07
  5.1499985E+03  5.4764632E+07
  5.1700000E+03  5.3452340E+07
  5.1899990E+03  5.2983852E+07
  5.2099990E+03  5.3083032E+07
  5.2299995E+03  5.2161324E+07
  5.2499995E+03  5.2709144E+07
  5.2699995E+03  5.0489444E+07
  5.2899990E+03  5.1426368E+07
  5.3099995E+03  5.0598776E+07
  5.3299990E+03  4.9410844E+07
  5.3499995E+03  4.9918692E+07
  5.3699995E+03  4.9078548E+07
  5.3899995E+03  4.8644980E+07
  5.4099990E+03  4.7728636E+07
  5.4299990E+03  4.7654956E+07
  5.4499990E+03  4.7431404E+07
  5.4699995E+03  4.6921500E+07
  5.4899995E+03  4.6660248E+07
  5.5099995E+03  4.6241476E+07
  5.5299985E+03  4.5540508E+07
  5.5499990E+03  4.5335172E+07
  5.5699990E+03  4.4634972E+07
  5.5899995E+03  4.4237784E+07
  5.6099990E+03  4.3958840E+07
  5.6299995E+03  4.3655392E+07
  5.6499990E+03  4.3204084E+07
  5.6699990E+03  4.2609220E+07
  5.6899995E+03  4.2369540E+07
  5.7099995E+03  4.1939216E+07
  5.7299990E+03  4.1767444E+07
  5.7499990E+03  4.1177716E+07
  5.7699990E+03  4.0862196E+07
  5.7899995E+03  4.0426432E+07
  5.8099985E+03  4.0076056E+07
  5.8300000E+03  3.9736144E+07
  5.8499990E+03  3.9327320E+07
  5.8699985E+03  3.8910004E+07
  5.8899985E+03  3.8154280E+07
  5.9099995E+03  3.8180136E+07
  5.9299985E+03  3.7837340E+07
  5.9499995E+03  3.7445048E+07
  5.9699990E+03  3.7121652E+07
  5.9899990E+03  3.6677828E+07
  6.0099990E+03  3.6227608E+07
  6.0299995E+03  3.6007372E+07
  6.0499990E+03  3.5715152E+07
  6.0699990E+03  3.5459740E+07
  6.0899995E+03  3.5058588E+07
  6.1099985E+03  3.4694232E+07
  6.1299995E+03  3.4199516E+07
  6.1499985E+03  3.3560108E+07
  6.1699985E+03  3.3582380E+07
  6.1900000E+03  3.3496468E+07
  6.2099995E+03  3.3186306E+07
  6.2299985E+03  3.2774600E+07
  6.2499990E+03  3.2121534E+07
  6.2699985E+03  3.2311758E+07
  6.2900000E+03  3.2022798E+07
  6.3099985E+03  3.1570342E+07
  6.3299995E+03  3.1355172E+07
  6.3499985E+03  3.0772110E+07
  6.3699985E+03  3.0577326E+07
  6.3899995E+03  3.0455406E+07
  6.4099990E+03  3.0004342E+07
  6.4299985E+03  2.9828008E+07
  6.4499985E+03  2.9260270E+07
  6.4699990E+03  2.9167840E+07
  6.4899990E+03  2.8569754E+07
  6.5099985E+03  2.8014018E+07
  6.5299990E+03  2.6611074E+07
  6.5499985E+03  2.2417392E+07
  6.5699985E+03  1.8035930E+07
  6.5899995E+03  2.4769352E+07
  6.6099985E+03  2.6543366E+07
  6.6299990E+03  2.6933688E+07
  6.6499985E+03  2.6929534E+07
  6.6699995E+03  2.6797908E+07
  6.6899990E+03  2.6664016E+07
  6.7099995E+03  2.6466812E+07
  6.7299990E+03  2.6228226E+07
  6.7499995E+03  2.6005228E+07
  6.7699985E+03  2.5878938E+07
  6.7899995E+03  2.5650708E+07
  6.8099995E+03  2.5431216E+07
  6.8300000E+03  2.5179926E+07
  6.8499985E+03  2.4970490E+07
  6.8699985E+03  2.4794980E+07
  6.8899985E+03  2.4591724E+07
  6.9099990E+03  2.4375404E+07
  6.9299995E+03  2.4161172E+07
  6.9499990E+03  2.3965380E+07
  6.9699985E+03  2.3751278E+07
  6.9899985E+03  2.3580086E+07
  7.0099985E+03  2.3264030E+07
  7.0299985E+03  2.3125750E+07
  7.0499990E+03  2.2965162E+07
  7.0699980E+03  2.2793968E+07
  7.0899990E+03  2.2607086E+07
  7.1099990E+03  2.2054552E+07
  7.1299995E+03  2.2131084E+07
  7.1499990E+03  2.1990498E+07
  7.1699995E+03  2.1806430E+07
  7.1899985E+03  2.1624072E+07
  7.2099985E+03  2.1472386E+07
  7.2299980E+03  2.1283850E+07
  7.2499990E+03  2.1080570E+07
  7.2699995E+03  2.0978996E+07
  7.2899990E+03  2.0735028E+07
  7.3099980E+03  2.0604806E+07
  7.3299980E+03  2.0443436E+07
  7.3499980E+03  2.0316290E+07
  7.3699985E+03  2.0155540E+07
  7.3899995E+03  1.9942424E+07
  7.4099985E+03  1.9640064E+07
  7.4299995E+03  1.9530376E+07
  7.4500000E+03  1.9424972E+07
  7.4700000E+03  1.9176616E+07
  7.4899990E+03  1.9085090E+07
  7.5099985E+03  1.9003616E+07
  7.5299995E+03  1.8872898E+07
  7.5499980E+03  1.8763134E+07
  7.5699985E+03  1.8599034E+07
  7.5899990E+03  1.8456674E+07
  7.6099980E+03  1.8311652E+07
  7.6299995E+03  1.8168532E+07
  7.6499995E+03  1.8006710E+07
  7.6699980E+03  1.7807908E+07
  7.6899990E+03  1.7712210E+07
  7.7099995E+03  1.7560230E+07
  7.7299985E+03  1.7470744E+07
  7.7499990E+03  1.7314196E+07
  7.7700000E+03  1.6824560E+07
  7.7900000E+03  1.7083452E+07
  7.8099995E+03  1.6938014E+07
  7.8299980E+03  1.6762500E+07
  7.8499980E+03  1.6588550E+07
  7.8699995E+03  1.6467233E+07
  7.8900000E+03  1.6313048E+07
  7.9099995E+03  1.6210791E+07
  7.9300000E+03  1.6100366E+07
  7.9499985E+03  1.5924689E+07
  7.9699990E+03  1.5936794E+07
  7.9900000E+03  1.5646435E+07
  8.0099980E+03  1.5664115E+07
  8.0299985E+03  1.5534183E+07
  8.0500000E+03  1.5433250E+07
  8.0699985E+03  1.5312889E+07
  8.0899990E+03  1.5199275E+07
  8.1099995E+03  1.5110082E+07
  8.1299976E+03  1.5009620E+07
  8.1499976E+03  1.4895207E+07
  8.1699980E+03  1.4786811E+07
  8.1899985E+03  1.4506304E+07
  8.2099990E+03  1.4465895E+07
  8.2300000E+03  1.4351728E+07
  8.2500000E+03  1.4281675E+07
  8.2700000E+03  1.4315686E+07
  8.2899980E+03  1.4200109E+07
  8.3099990E+03  1.4084919E+07
  8.3299980E+03  1.3859378E+07
  8.3500000E+03  1.3820072E+07
  8.3699990E+03  1.3701948E+07
  8.3899990E+03  1.3474537E+07
  8.4099971E+03  1.3316785E+07
  8.4300000E+03  1.3129612E+07
  8.4499990E+03  1.2852269E+07
  8.4699980E+03  1.2716555E+07
  8.4899980E+03  1.2739815E+07
  8.5099990E+03  1.2167079E+07
  8.5299990E+03  1.2717951E+07
  8.5499990E+03  1.1448996E+07
  8.5699990E+03  1.2845722E+07
  8.5900000E+03  1.1903211E+07
  8.6099980E+03  1.1705180E+07
  8.6299990E+03  1.2884728E+07
  8.6499990E+03  1.2201878E+07
  8.6699990E+03  1.0343396E+07
  8.6899990E+03  1.2333259E+07
  8.7099971E+03  1.2911828E+07
  8.7299990E+03  1.2219015E+07
  8.7499980E+03  9.9696210E+06
  8.7699980E+03  1.1653259E+07
  8.7899980E+03  1.2717849E+07
  8.8099990E+03  1.2809666E+07
  8.8299980E+03  1.2302345E+07
  8.8499980E+03  1.0928377E+07
  8.8699980E+03  9.4464730E+06
  8.8899990E+03  1.1714501E+07
  8.9099971E+03  1.2367625E+07
  8.9299980E+03  1.2519679E+07
  8.9499980E+03  1.2562084E+07
  8.9699990E+03  1.2212552E+07
  8.9899990E+03  1.1431565E+07
  9.0099980E+03  9.1315220E+06
  9.0299990E+03  9.9449230E+06
  9.0499990E+03  1.1476900E+07
  9.0699980E+03  1.1699282E+07
  9.0899990E+03  1.1700742E+07
  9.1099980E+03  1.1978985E+07
  9.1299980E+03  1.1983056E+07
  9.1499980E+03  1.1892929E+07
  9.1699980E+03  1.1635468E+07
  9.1899990E+03  1.1165573E+07
  9.2099990E+03  1.0156024E+07
  9.2299980E+03  7.9969605E+06
  9.2499980E+03  9.7518030E+06
  9.2699971E+03  1.0593155E+07
  9.2899990E+03  1.1164389E+07
  9.3099980E+03  1.1276424E+07
  9.3299990E+03  1.1263618E+07
  9.3499980E+03  1.1238755E+07
  9.3699990E+03  1.1188681E+07
  9.3900000E+03  1.1040232E+07
  9.4099980E+03  1.0722766E+07
  9.4299971E+03  1.0871790E+07
  9.4499990E+03  1.0778568E+07
  9.4700000E+03  1.0648649E+07
  9.4899980E+03  1.0415995E+07
  9.5100000E+03  9.9635850E+06
  9.5300000E+03  8.9486680E+06
  9.5500000E+03  7.2358020E+06
  9.5699990E+03  9.0344470E+06
  9.5899980E+03  9.7890380E+06
  9.6099980E+03  9.9759600E+06
  9.6299990E+03  9.9536580E+06
  9.6499990E+03  1.0084378E+07
  9.6699980E+03  9.9677740E+06
  9.6899980E+03  9.9728100E+06
  9.7100000E+03  9.9984940E+06
  9.7299990E+03  9.9259980E+06
  9.7499980E+03  9.8357820E+06
  9.7699961E+03  9.8101620E+06
  9.7899980E+03  9.7457450E+06
  9.8099980E+03  9.6755130E+06
  9.8299990E+03  9.5929040E+06
  9.8499980E+03  9.4903090E+06
  9.8700000E+03  9.4236530E+06
  9.8899980E+03  9.3116300E+06
  9.9099990E+03  9.2802190E+06
  9.9300000E+03  9.2061930E+06
  9.9499980E+03  9.1239420E+06
  9.9699980E+03  9.0252160E+06
  9.9899990E+03  8.8384970E+06
  1.0024998E+04  7.8333765E+06
  1.0074998E+04  7.4303245E+06
  1.0124997E+04  8.4555460E+06
  1.0174997E+04  8.5196580E+06
  1.0224998E+04  8.4430240E+06
  1.0274997E+04  8.3307240E+06
  1.0325000E+04  8.1919205E+06
  1.0374999E+04  8.0655555E+06
  1.0425000E+04  7.9353355E+06
  1.0474998E+04  7.7468045E+06
  1.0524997E+04  7.6482105E+06
  1.0574999E+04  7.5494420E+06
  1.0625000E+04  7.4331690E+06
  1.0674997E+04  7.1868360E+06
  1.0724998E+04  7.1481475E+06
  1.0774999E+04  7.0391270E+06
  1.0824997E+04  6.8932355E+06
  1.0874997E+04  6.6258055E+06
  1.0924999E+04  5.4747615E+06
  1.0974996E+04  6.0011160E+06
  1.1025000E+04  6.4495245E+06
  1.1074998E+04  6.4519310E+06
  1.1124999E+04  6.3706270E+06
  1.1174998E+04  6.2914235E+06
  1.1224999E+04  6.2097860E+06
  1.1274997E+04  6.0155515E+06
  1.1325000E+04  5.9355245E+06
  1.1375000E+04  5.9146125E+06
  1.1425000E+04  5.8081200E+06
  1.1474997E+04  5.7676310E+06
  1.1525000E+04  5.6896135E+06
  1.1574998E+04  5.6009200E+06
  1.1625000E+04  5.4678165E+06
  1.1674998E+04  5.3583445E+06
  1.1724997E+04  5.3672760E+06
  1.1775001E+04  5.1932670E+06
  1.1824999E+04  5.1680335E+06
  1.1875000E+04  5.0679665E+06
  1.1925000E+04  5.0732430E+06
  1.1975001E+04  4.9558290E+06
  1.2024998E+04  4.9152255E+06
  1.2074996E+04  4.8301645E+06
  1.2125000E+04  4.7699065E+06
  1.2175000E+04  4.7188640E+06
  1.2225001E+04  4.6468160E+06
  1.2275001E+04  4.5755330E+06
  1.2324996E+04  4.5151750E+06
  1.2374996E+04  4.4600665E+06
  1.2424998E+04  4.4088675E+06
  1.2475000E+04  4.3351055E+06
  1.2524997E+04  4.2784715E+06
  1.2574997E+04  4.1866228E+06
  1.2624999E+04  4.1398165E+06
  1.2674997E+04  4.0847095E+06
  1.2724999E+04  3.9893882E+06
  1.2774999E+04  3.7495415E+06
  1.2825000E+04  3.1690528E+06
  1.2875001E+04  3.6985668E+06
  1.2924997E+04  3.7904328E+06
  1.2975001E+04  3.7747002E+06
  1.3024998E+04  3.7380052E+06
  1.3074999E+04  3.6993330E+06
  1.3125000E+04  3.6488940E+06
  1.3174998E+04  3.5891310E+06
  1.3224998E+04  3.5588122E+06
  1.3274997E+04  3.5126010E+06
  1.3324997E+04  3.4686782E+06
  1.3374999E+04  3.4225750E+06
  1.3424999E+04  3.3783160E+06
  1.3474999E+04  3.3339955E+06
  1.3525001E+04  3.2842640E+06
  1.3574999E+04  3.2413080E+06
  1.3624997E+04  3.2076190E+06
  1.3674997E+04  3.1628515E+06
  1.3724995E+04  3.1020520E+06
  1.3774998E+04  3.0823518E+06
  1.3824998E+04  3.0447222E+06
  1.3874996E+04  3.0144038E+06
  1.3925000E+04  2.9657878E+06
  1.3974996E+04  2.9357320E+06
  1.4024997E+04  2.9002808E+06
  1.4075001E+04  2.8669685E+06
  1.4124996E+04  2.8270715E+06
  1.4175000E+04  2.7949742E+06
  1.4225000E+04  2.7584180E+06
  1.4274994E+04  2.7232312E+06
  1.4325001E+04  2.6926858E+06
  1.4374998E+04  2.6632308E+06
  1.4424999E+04  2.5868638E+06
  1.4475000E+04  2.5959932E+06
  1.4524997E+04  2.5429748E+06
  1.4569999E+04  2.5358088E+06
  1.4620000E+04  2.5569165E+06
  1.4674998E+04  2.6049622E+06
  1.4725000E+04  2.5584585E+06
  1.4775002E+04  2.5007882E+06
  1.4824998E+04  2.4618372E+06
  1.4874996E+04  2.4034308E+06
  1.4924997E+04  2.3809272E+06
  1.4974999E+04  2.3311185E+06
  1.5024999E+04  2.2877608E+06
  1.5075000E+04  2.2457538E+06
  1.5124999E+04  2.2203912E+06
  1.5175000E+04  2.1848428E+06
  1.5225002E+04  2.1515000E+06
  1.5274998E+04  2.1233918E+06
  1.5324995E+04  2.0864602E+06
  1.5374997E+04  2.0700428E+06
  1.5425001E+04  2.0211759E+06
  1.5474996E+04  2.0188348E+06
  1.5524994E+04  1.9877210E+06
  1.5575001E+04  1.9423642E+06
  1.5624998E+04  1.9771725E+06
  1.5674997E+04  1.9017152E+06
  1.5724994E+04  1.8640464E+06
  1.5774996E+04  1.9168910E+06
  1.5825001E+04  1.8890004E+06
  1.5874995E+04  1.7467678E+06
  1.5925002E+04  1.8218259E+06
  1.5975001E+04  1.8762791E+06
  1.6049998E+04  1.7899038E+06
  1.6150001E+04  1.6880745E+06
  1.6249997E+04  1.7710826E+06
  1.6350000E+04  1.6615445E+06
  1.6449996E+04  1.5626070E+06
  1.6549998E+04  1.6646800E+06
  1.6649994E+04  1.6329220E+06
  1.6749998E+04  1.5155932E+06
  1.6849998E+04  1.4180442E+06
  1.6950000E+04  1.5272438E+06
  1.7049996E+04  1.5027728E+06
  1.7150000E+04  1.4738982E+06
  1.7249992E+04  1.4145739E+06
  1.7349994E+04  1.2349420E+06
  1.7449992E+04  1.3298762E+06
  1.7550000E+04  1.3450971E+06
  1.7649998E+04  1.3219172E+06
  1.7749994E+04  1.2992925E+06
  1.7849994E+04  1.2709415E+06
  1.7949998E+04  1.2460625E+06
  1.8050002E+04  1.2011884E+06
  1.8150002E+04  1.0573989E+06
  1.8249994E+04  1.1152606E+06
  1.8349992E+04  1.1420959E+06
  1.8449992E+04  1.1238834E+06
  1.8549998E+04  1.0974558E+06
  1.8650002E+04  1.0600588E+06
  1.8750002E+04  9.2645900E+05
  1.8850000E+04  1.0117923E+06
  1.8950004E+04  1.0112546E+06
  1.9049996E+04  1.0004071E+06
  1.9149998E+04  9.8063756E+05
  1.9249992E+04  9.5829669E+05
  1.9350000E+04  9.2068662E+05
  1.9449992E+04  8.0825338E+05
  1.9550002E+04  8.8651912E+05
  1.9649992E+04  8.8846706E+05
  1.9749992E+04  8.7375575E+05
  1.9849992E+04  8.6034662E+05
  1.9950002E+04  8.4445381E+05
  2.0050002E+04  8.2913519E+05
  2.0149996E+04  8.1409750E+05
  2.0249994E+04  7.9862619E+05
  2.0349994E+04  7.8346431E+05
  2.0449996E+04  7.7031656E+05
  2.0550000E+04  7.5620025E+05
  2.0649992E+04  7.4157062E+05
  2.0749998E+04  7.2863856E+05
  2.0849992E+04  7.1587756E+05
  2.0950004E+04  7.0305044E+05
  2.1050002E+04  6.9044362E+05
  2.1149992E+04  6.7668775E+05
  2.1250000E+04  6.6472706E+05
  2.1350002E+04  6.5237369E+05
  2.1449996E+04  6.3994344E+05
  2.1550006E+04  6.1836094E+05
  2.1649994E+04  5.4653031E+05
  2.1750002E+04  5.9050069E+05
  2.1849998E+04  5.9588725E+05
  2.1950002E+04  5.8932050E+05
  2.2050000E+04  5.7946231E+05
  2.2149996E+04  5.6928175E+05
  2.2249998E+04  5.6114725E+05
  2.2350004E+04  5.5169462E+05
  2.2449990E+04  5.4253075E+05
  2.2549994E+04  5.3258775E+05
  2.2650000E+04  5.2451706E+05
  2.2750000E+04  5.1597091E+05
  2.2850000E+04  5.0945153E+05
  2.2950004E+04  5.0829016E+05
  2.3050000E+04  5.0035838E+05
  2.3149996E+04  4.9096269E+05
  2.3250000E+04  4.8216944E+05
  2.3349996E+04  4.7313572E+05
  2.3449994E+04  4.6460812E+05
  2.3550002E+04  4.5631628E+05
  2.3649988E+04  4.4820916E+05
  2.3750000E+04  4.4015434E+05
  2.3849990E+04  4.3262353E+05
  2.3950002E+04  4.2503775E+05
  2.4050006E+04  4.1786294E+05
  2.4149992E+04  4.1063116E+05
  2.4249990E+04  4.0372166E+05
  2.4349990E+04  3.9761678E+05
  2.4450002E+04  3.9034994E+05
  2.4549990E+04  3.8505772E+05
  2.4649992E+04  3.7799028E+05
  2.4749992E+04  3.7300475E+05
  2.4850006E+04  3.6779984E+05
  2.4950000E+04  3.5942906E+05
  2.5050006E+04  3.6250859E+05
  2.5149994E+04  3.5351506E+05
  2.5249998E+04  3.4136053E+05
  2.5350004E+04  3.4125197E+05
  2.5449988E+04  3.3880281E+05
  2.5549998E+04  3.3017684E+05
  2.5649990E+04  3.1811375E+05
  2.5749990E+04  3.2185219E+05
  2.5849994E+04  3.1963172E+05
  2.5949990E+04  3.1469478E+05
  2.6049996E+04  3.0351719E+05
  2.6149998E+04  2.8939947E+05
  2.6249988E+04  2.6846788E+05
  2.6350008E+04  2.8918447E+05
  2.6449996E+04  2.9268331E+05
  2.6549994E+04  2.8893288E+05
  2.6649994E+04  2.8062603E+05
  2.6749988E+04  2.6466431E+05
  2.6849986E+04  2.7317934E+05
  2.6949986E+04  2.7411241E+05
  2.7050002E+04  2.7129109E+05
  2.7149998E+04  2.6788066E+05
  2.7249994E+04  2.6401062E+05
  2.7350006E+04  2.5958025E+05
  2.7450004E+04  2.5316766E+05
  2.7549996E+04  2.3571306E+05
  2.7649982E+04  2.3945155E+05
  2.7750004E+04  2.4442600E+05
  2.7850000E+04  2.4280017E+05
  2.7949992E+04  2.4016425E+05
  2.8049994E+04  2.3724823E+05
  2.8150002E+04  2.3402992E+05
  2.8250006E+04  2.3082756E+05
  2.8350000E+04  2.2748186E+05
  2.8450000E+04  2.2360484E+05
  2.8550002E+04  2.1948059E+05
  2.8650002E+04  2.1029092E+05
  2.8749982E+04  1.9694400E+05
  2.8849998E+04  2.0853962E+05
  2.8949986E+04  2.0876480E+05
  2.9049994E+04  2.0699505E+05
  2.9149986E+04  2.0437144E+05
  2.9249984E+04  2.0210898E+05
  2.9349980E+04  1.9953147E+05
  2.9450000E+04  1.9694481E+05
  2.9550004E+04  1.9443625E+05
  2.9649982E+04  1.9193588E+05
  2.9749992E+04  1.8945577E+05
  2.9849994E+04  1.8705958E+05
  2.9949984E+04  1.8457786E+05
  3.0049996E+04  1.8182433E+05
  3.0149994E+04  1.7892931E+05
  3.0249994E+04  1.7477167E+05
  3.0349996E+04  1.6164241E+05
  3.0449996E+04  1.6314222E+05
  3.0549996E+04  1.6884928E+05
  3.0649996E+04  1.6821848E+05
  3.0749994E+04  1.6667200E+05
  3.0849996E+04  1.6456398E+05
  3.0949994E+04  1.6272361E+05
  3.1049996E+04  1.6068850E+05
  3.1149996E+04  1.5852086E+05
  3.1249996E+04  1.5669011E+05
  3.1349996E+04  1.5487944E+05
  3.1449996E+04  1.5290580E+05
  3.1549998E+04  1.5119242E+05
  3.1649996E+04  1.4944127E+05
  3.1749998E+04  1.4750725E+05
  3.1849996E+04  1.4586944E+05
  3.1949994E+04  1.4410155E+05
  3.2099996E+04  1.4151120E+05
  3.2299992E+04  1.3821147E+05
  3.2499994E+04  1.3491773E+05
  3.2699996E+04  1.3101401E+05
  3.2899996E+04  1.2024790E+05
  3.3099996E+04  1.2298045E+05
  3.3299992E+04  1.2322334E+05
  3.3499996E+04  1.2076944E+05
  3.3699996E+04  1.1771479E+05
  3.3899996E+04  1.1501864E+05
  3.4099996E+04  1.1239366E+05
  3.4299996E+04  1.0988595E+05
  3.4499992E+04  1.0744768E+05
  3.4699996E+04  1.0498304E+05
  3.4899996E+04  1.0260789E+05
  3.5099996E+04  1.0034106E+05
  3.5299996E+04  9.8058422E+04
  3.5499996E+04  9.5925320E+04
  3.5699992E+04  9.3750984E+04
  3.5899992E+04  9.1747617E+04
  3.6099996E+04  8.9753836E+04
  3.6299992E+04  8.7872672E+04
  3.6499992E+04  8.5899961E+04
  3.6699992E+04  8.4275406E+04
  3.6899992E+04  8.2005812E+04
  3.7099996E+04  8.0527352E+04
  3.7299996E+04  7.6335508E+04
  3.7499992E+04  7.3771391E+04
  3.7699996E+04  7.5758000E+04
  3.7899996E+04  7.4564516E+04
  3.8099992E+04  7.2392688E+04
  3.8299996E+04  7.1101828E+04
  3.8499996E+04  7.0352320E+04
  3.8699996E+04  6.8922719E+04
  3.8899992E+04  6.7145297E+04
  3.9099996E+04  6.4974199E+04
  3.9299992E+04  6.4836578E+04
  3.9499992E+04  6.3887086E+04
  3.9699992E+04  6.2754996E+04
  3.9900000E+04  6.1438809E+04
  4.0099996E+04  5.9065660E+04
  4.0299992E+04  5.7617961E+04
  4.0499996E+04  5.4519211E+04
  4.0699992E+04  5.6343152E+04
  4.0899992E+04  5.5712391E+04
  4.1099996E+04  5.4848102E+04
  4.1299996E+04  5.3693113E+04
  4.1499992E+04  5.2312805E+04
  4.1699992E+04  4.9868844E+04
  4.1899996E+04  5.0340227E+04
  4.2099996E+04  4.9812062E+04
  4.2299992E+04  4.9070539E+04
  4.2499996E+04  4.8173859E+04
  4.2699992E+04  4.7312473E+04
  4.2899992E+04  4.6460906E+04
  4.3099996E+04  4.5623070E+04
  4.3299996E+04  4.4756508E+04
  4.3499992E+04  4.3728715E+04
  4.3699996E+04  4.1471039E+04
  4.3899996E+04  4.1596418E+04
  4.4099992E+04  4.1560922E+04
  4.4299992E+04  4.0986855E+04
  4.4499996E+04  4.0280621E+04
  4.4699996E+04  3.9738082E+04
  4.4899996E+04  3.9044750E+04
  4.5099992E+04  3.8386211E+04
  4.5299992E+04  3.7724902E+04
  4.5499996E+04  3.7088262E+04
  4.5699992E+04  3.6446871E+04
  4.5899996E+04  3.5817012E+04
  4.6099996E+04  3.5124008E+04
  4.6299992E+04  3.4272910E+04
  4.6499988E+04  3.1788633E+04
  4.6699992E+04  3.1496199E+04
  4.6899992E+04  3.2368824E+04
  4.7099992E+04  3.2271131E+04
  4.7299992E+04  3.1857354E+04
  4.7499996E+04  3.1347533E+04
  4.7699992E+04  3.0846785E+04
  4.7899992E+04  3.0354930E+04
  4.8099996E+04  2.9863652E+04
  4.8299992E+04  2.9384307E+04
  4.8499992E+04  2.8913436E+04
  4.8700000E+04  2.8454049E+04
  4.8899992E+04  2.8002789E+04
  4.9099988E+04  2.7554793E+04
  4.9299988E+04  2.7125523E+04
  4.9499996E+04  2.6699193E+04
  4.9699992E+04  2.6283422E+04
  4.9899988E+04  2.5871932E+04
  5.0099996E+04  2.5472156E+04
  5.0299996E+04  2.5076426E+04
  5.0499996E+04  2.4693537E+04
  5.0699996E+04  2.4315904E+04
  5.0899992E+04  2.3862002E+04
  5.1099992E+04  2.3212455E+04
  5.1299996E+04  2.1832191E+04
  5.1499988E+04  2.2601861E+04
  5.1699996E+04  2.2471016E+04
  5.1899992E+04  2.2191869E+04
  5.2099992E+04  2.1859434E+04
  5.2299996E+04  2.1535553E+04
  5.2499996E+04  2.1218701E+04
  5.2699996E+04  2.0904672E+04
  5.2899992E+04  2.0597469E+04
  5.3099988E+04  2.0295633E+04
  5.3299988E+04  2.0000385E+04
  5.3499992E+04  1.9708977E+04
  5.3699992E+04  1.9420041E+04
  5.3899992E+04  1.9142625E+04
  5.4099992E+04  1.8867484E+04
  5.4299984E+04  1.8595875E+04
  5.4499988E+04  1.8330268E+04
  5.4699996E+04  1.8065520E+04
  5.4899992E+04  1.7814143E+04
  5.5099992E+04  1.7563449E+04
  5.5299988E+04  1.7314680E+04
  5.5499988E+04  1.7071479E+04
  5.5699992E+04  1.6828883E+04
  5.5899992E+04  1.6589320E+04
  5.6099988E+04  1.6365911E+04
  5.6299996E+04  1.6141678E+04
  5.6499988E+04  1.5919034E+04
  5.6699988E+04  1.5700290E+04
  5.6899992E+04  1.5485386E+04
  5.7099996E+04  1.5274256E+04
  5.7299988E+04  1.5065701E+04
  5.7499988E+04  1.4863085E+04
  5.7699988E+04  1.4660647E+04
  5.7899996E+04  1.4461768E+04
  5.8099988E+04  1.4269749E+04
  5.8299996E+04  1.4078900E+04
  5.8499992E+04  1.3909046E+04
  5.8699988E+04  1.3675572E+04
  5.8899988E+04  1.3311374E+04
  5.9099992E+04  1.2534366E+04
  5.9299988E+04  1.3029550E+04
  5.9499996E+04  1.2972961E+04
  5.9699988E+04  1.2851308E+04
  5.9899992E+04  1.2683732E+04
  6.0099992E+04  1.2518103E+04
  6.0299992E+04  1.2357493E+04
  6.0499988E+04  1.2198732E+04
  6.0699992E+04  1.2040769E+04
  6.0899992E+04  1.1885630E+04
  6.1099988E+04  1.1730244E+04
  6.1299992E+04  1.1585649E+04
  6.1499988E+04  1.1437709E+04
  6.1699988E+04  1.1293415E+04
  6.1899996E+04  1.1149758E+04
  6.2099996E+04  1.1010649E+04
  6.2299988E+04  1.0869216E+04
  6.2499992E+04  1.0735146E+04
  6.2699988E+04  1.0600648E+04
  6.2899996E+04  1.0470494E+04
  6.3099984E+04  1.0338942E+04
  6.3299996E+04  1.0211655E+04
  6.3499984E+04  1.0085770E+04
  6.3699984E+04  9.9631162E+03
  6.3900000E+04  9.8408711E+03
  6.4199992E+04  9.6622842E+03
  6.4599984E+04  9.4283516E+03
  6.4999992E+04  9.2020967E+03
  6.5399992E+04  8.9841807E+03
  6.5799992E+04  8.7708672E+03
  6.6199984E+04  8.5638447E+03
  6.6599984E+04  8.3635254E+03
  6.6999992E+04  8.1692920E+03
  6.7399992E+04  7.9799819E+03
  6.7799992E+04  7.7966875E+03
  6.8199992E+04  7.6183477E+03
  6.8599992E+04  7.4445049E+03
  6.8999984E+04  7.2748833E+03
  6.9399984E+04  7.1113242E+03
  6.9800000E+04  6.9524141E+03
  7.0199992E+04  6.7981885E+03
  7.0599984E+04  6.6476807E+03
  7.0999977E+04  6.5029648E+03
  7.1399977E+04  6.3595845E+03
  7.1799984E+04  6.2214712E+03
  7.2199984E+04  6.0839971E+03
  7.2600000E+04  5.9550972E+03
  7.2999984E+04  5.8287241E+03
  7.3400000E+04  5.7041816E+03
  7.3799984E+04  5.5833071E+03
  7.4199992E+04  5.4383535E+03
  7.4599992E+04  5.1357432E+03
  7.5000000E+04  5.0188867E+03
  7.5399992E+04  5.1007627E+03
  7.5799992E+04  5.0247778E+03
  7.6199984E+04  4.9228530E+03
  7.6599992E+04  4.8224551E+03
  7.6999992E+04  4.7246357E+03
  7.7399992E+04  4.6293931E+03
  7.7799984E+04  4.5364160E+03
  7.8199984E+04  4.4457080E+03
  7.8599984E+04  4.3572173E+03
  7.8999984E+04  4.2709502E+03
  7.9399984E+04  4.1867939E+03
  7.9800000E+04  4.1046367E+03
  8.0199992E+04  4.0244355E+03
  8.0599984E+04  3.9463745E+03
  8.0999992E+04  3.8701702E+03
  8.1399977E+04  3.7954424E+03
  8.1799984E+04  3.7228862E+03
  8.2199984E+04  3.6521177E+03
  8.2599992E+04  3.5828174E+03
  8.2999984E+04  3.5151733E+03
  8.3400000E+04  3.4483865E+03
  8.3799992E+04  3.3833572E+03
  8.4199992E+04  3.3209990E+03
  8.4599977E+04  3.2600354E+03
  8.4999977E+04  3.2000164E+03
  8.5399984E+04  3.1411301E+03
  8.5799984E+04  3.0837642E+03
  8.6199992E+04  3.0275784E+03
  8.6599992E+04  2.9729502E+03
  8.6999984E+04  2.9193459E+03
  8.7399992E+04  2.8668914E+03
  8.7799992E+04  2.8157095E+03
  8.8199984E+04  2.7653850E+03
  8.8599977E+04  2.7164282E+03
  8.8999992E+04  2.6685698E+03
  8.9399977E+04  2.6218828E+03
  8.9799977E+04  2.5758728E+03
  9.0199984E+04  2.5311750E+03
  9.0599984E+04  2.4873484E+03
  9.0999992E+04  2.4442839E+03
  9.1400000E+04  2.4023271E+03
  9.1799969E+04  2.3613220E+03
  9.2199969E+04  2.3211123E+03
  9.2599984E+04  2.2817268E+03
  9.3000000E+04  2.2431926E+03
  9.3399984E+04  2.2054509E+03
  9.3799984E+04  2.1685266E+03
  9.4199977E+04  2.1323606E+03
  9.4599984E+04  2.0968958E+03
  9.4999969E+04  2.0622024E+03
  9.5399984E+04  2.0280149E+03
  9.5799984E+04  1.9949823E+03
  9.6199992E+04  1.9623057E+03
  9.6599984E+04  1.9304243E+03
  9.7000000E+04  1.8991204E+03
  9.7399977E+04  1.8683452E+03
  9.7799984E+04  1.8383624E+03
  9.8199977E+04  1.8088446E+03
  9.8599977E+04  1.7800541E+03
  9.8999992E+04  1.7517836E+03
  9.9399984E+04  1.7240632E+03
  9.9799977E+04  1.6967676E+03
  1.0019999E+05  1.6701141E+03
  1.9999991E+05  1.0685099E+02
  3.9999994E+05  6.6446304E+00
  5.9999981E+05  1.3011948E+00
  7.9999994E+05  4.0844339E-01
