  5.0599994E+02  2.0062629E-09
  5.1199994E+02  3.5872019E-09
  5.2000000E+02  6.6957888E-09
  5.2999994E+02  1.4287425E-08
  5.3999994E+02  2.9306632E-08
  5.4999988E+02  5.9013228E-08
  5.5999988E+02  1.1579979E-07
  5.6999988E+02  2.2220182E-07
  5.7999994E+02  4.1550388E-07
  5.8999988E+02  7.7025214E-07
  5.9999988E+02  1.3947499E-06
  6.0999988E+02  2.4848596E-06
  6.1999994E+02  4.3539917E-06
  6.2999988E+02  7.5136859E-06
  6.3999994E+02  1.2780964E-05
  6.4999994E+02  2.1451049E-05
  6.5799994E+02  3.2145050E-05
  6.6499988E+02  4.5460140E-05
  6.7499994E+02  7.3871510E-05
  6.8499988E+02  1.1862607E-04
  6.9499994E+02  1.8821639E-04
  7.0499988E+02  2.9483761E-04
  7.1599988E+02  4.7843411E-04
  7.2599994E+02  7.3370157E-04
  7.3499982E+02  1.0687095E-03
  7.4499994E+02  1.6073898E-03
  7.5499982E+02  2.3944639E-03
  7.6499994E+02  3.5333631E-03
  7.7499994E+02  5.1653436E-03
  7.8499982E+02  7.4842270E-03
  7.9499982E+02  1.0725146E-02
  8.0500000E+02  1.5289073E-02
  8.1499976E+02  2.1602642E-02
  8.2500000E+02  3.0258199E-02
  8.3499994E+02  4.2043783E-02
  8.4499994E+02  5.7980042E-02
  8.5499988E+02  7.9353459E-02
  8.6499994E+02  1.0782504E-01
  8.7499982E+02  1.4542824E-01
  8.8499982E+02  1.9493587E-01
  8.9499988E+02  2.5947681E-01
  9.0499994E+02  3.4299603E-01
  9.1499982E+02  1.2759586E+01
  9.2499988E+02  7.1839622E+01
  9.3499982E+02  1.0548829E+02
  9.4500000E+02  1.4789204E+02
  9.5500000E+02  2.0356244E+02
  9.6499988E+02  2.5946637E+02
  9.7499982E+02  2.7370493E+02
  9.8499976E+02  3.7022342E+02
  9.9499988E+02  4.2269147E+02
  1.0049999E+03  5.4602570E+02
  1.0149997E+03  6.5284943E+02
  1.0249998E+03  6.1102045E+02
  1.0349998E+03  9.0126184E+02
  1.0449998E+03  1.0778394E+03
  1.0549999E+03  1.2583889E+03
  1.0649999E+03  1.4211047E+03
  1.0750000E+03  1.6925234E+03
  1.0849996E+03  1.9555983E+03
  1.0949999E+03  2.1816130E+03
  1.1049999E+03  7.4805132E+03
  1.1149999E+03  1.2224489E+04
  1.1249999E+03  1.5622684E+04
  1.1349996E+03  1.9345441E+04
  1.1449999E+03  2.2384301E+04
  1.1549999E+03  2.3238404E+04
  1.1650000E+03  2.9051100E+04
  1.1749995E+03  3.2572680E+04
  1.1849996E+03  3.2172799E+04
  1.1949998E+03  2.1712959E+04
  1.2049996E+03  2.2176545E+04
  1.2149998E+03  5.4276011E+03
  1.2249996E+03  2.4939395E+04
  1.2349996E+03  4.8160402E+04
  1.2449998E+03  9.0152008E+04
  1.2549996E+03  1.3180431E+05
  1.2650000E+03  1.3475022E+05
  1.2749998E+03  2.0484781E+05
  1.2849995E+03  3.6737328E+05
  1.2949998E+03  6.1091862E+05
  1.3049995E+03  5.7920506E+05
  1.3149998E+03  1.5182178E+06
  1.3249998E+03  2.1428592E+06
  1.3349996E+03  2.6154498E+06
  1.3449995E+03  4.3114435E+06
  1.3549996E+03  4.1850472E+06
  1.3649999E+03  4.8110060E+06
  1.3749999E+03  5.9318835E+06
  1.3849996E+03  5.2811095E+06
  1.3949999E+03  6.5249875E+06
  1.4050001E+03  7.0559245E+06
  1.4149998E+03  7.4935505E+06
  1.4249998E+03  8.5727730E+06
  1.4350000E+03  7.7724030E+06
  1.4419998E+03  1.0553384E+07
  1.4469999E+03  1.2485505E+07
  1.4549994E+03  1.4184189E+07
  1.4650000E+03  1.1308002E+07
  1.4749995E+03  1.2434687E+07
  1.4849996E+03  1.4200281E+07
  1.4949998E+03  1.6635743E+07
  1.5049996E+03  1.8250982E+07
  1.5119995E+03  1.6069479E+07
  1.5169994E+03  1.5874834E+07
  1.5250001E+03  2.0926144E+07
  1.5349994E+03  2.1696870E+07
  1.5449994E+03  3.3157554E+07
  1.5549998E+03  2.9153668E+07
  1.5649999E+03  2.4955312E+07
  1.5750001E+03  3.8836240E+07
  1.5850000E+03  4.0925556E+07
  1.5949996E+03  4.7841980E+07
  1.6049999E+03  4.4144324E+07
  1.6150000E+03  4.1382164E+07
  1.6249996E+03  3.1964806E+07
  1.6350000E+03  4.1012948E+07
  1.6449996E+03  5.1526764E+07
  1.6549999E+03  3.0087482E+07
  1.6649993E+03  5.0150932E+07
  1.6720000E+03  2.9314354E+07
  1.6770001E+03  5.8301040E+07
  1.6849998E+03  6.4981644E+07
  1.6950000E+03  5.0016016E+07
  1.7049995E+03  5.2638528E+07
  1.7150000E+03  5.8198940E+07
  1.7249993E+03  5.7185600E+07
  1.7349994E+03  6.3670672E+07
  1.7449993E+03  6.2428340E+07
  1.7550001E+03  6.9726832E+07
  1.7649998E+03  5.3643404E+07
  1.7749995E+03  6.5276712E+07
  1.7849995E+03  6.5365572E+07
  1.7949999E+03  7.6260376E+07
  1.8050001E+03  7.0294032E+07
  1.8150001E+03  6.8774800E+07
  1.8249994E+03  6.5391108E+07
  1.8349993E+03  6.0338196E+07
  1.8449993E+03  5.1769464E+07
  1.8549998E+03  5.8845920E+07
  1.8650002E+03  6.3431740E+07
  1.8750001E+03  6.3152372E+07
  1.8850000E+03  6.3372592E+07
  1.8950002E+03  6.6174868E+07
  1.9049996E+03  6.1017068E+07
  1.9149999E+03  6.6607904E+07
  1.9249993E+03  6.6119016E+07
  1.9350001E+03  5.5473212E+07
  1.9449993E+03  6.8815360E+07
  1.9550002E+03  6.8324040E+07
  1.9670002E+03  7.3296184E+07
  1.9759990E+03  7.1059336E+07
  1.9839996E+03  6.8678504E+07
  1.9950001E+03  6.6036712E+07
  2.0050002E+03  6.1852224E+07
  2.0149996E+03  6.1890300E+07
  2.0249994E+03  5.7431120E+07
  2.0349995E+03  6.3222424E+07
  2.0449998E+03  6.8560144E+07
  2.0550000E+03  6.5536704E+07
  2.0649993E+03  6.3430792E+07
  2.0739993E+03  6.9737424E+07
  2.0780002E+03  7.1276000E+07
  2.0849993E+03  6.9416032E+07
  2.0950005E+03  6.6139456E+07
  2.1050002E+03  6.1085484E+07
  2.1149990E+03  6.1942696E+07
  2.1250000E+03  6.4448720E+07
  2.1350002E+03  5.3081348E+07
  2.1449998E+03  6.1244788E+07
  2.1550005E+03  6.0865064E+07
  2.1649995E+03  5.5816040E+07
  2.1750002E+03  5.5155012E+07
  2.1849998E+03  5.7642816E+07
  2.1950000E+03  6.1668012E+07
  2.2050000E+03  5.8569208E+07
  2.2149998E+03  5.2862304E+07
  2.2249998E+03  5.2312868E+07
  2.2350005E+03  6.0256440E+07
  2.2449990E+03  5.3493624E+07
  2.2549993E+03  5.0945056E+07
  2.2650000E+03  5.0560784E+07
  2.2750000E+03  5.3415380E+07
  2.2850000E+03  5.6692232E+07
  2.2950002E+03  5.1978452E+07
  2.3050000E+03  5.2819660E+07
  2.3149995E+03  5.0939440E+07
  2.3250000E+03  3.8822360E+07
  2.3349995E+03  4.6120272E+07
  2.3449993E+03  4.0048364E+07
  2.3550000E+03  5.0366244E+07
  2.3649988E+03  4.1607396E+07
  2.3750000E+03  4.5461428E+07
  2.3849990E+03  3.7600972E+07
  2.3950000E+03  4.2237788E+07
  2.4050005E+03  4.0494048E+07
  2.4149993E+03  4.0914544E+07
  2.4249990E+03  4.6589524E+07
  2.4349990E+03  4.4142016E+07
  2.4450000E+03  4.7925808E+07
  2.4549990E+03  4.6612976E+07
  2.4649990E+03  4.7233144E+07
  2.4749993E+03  4.3628940E+07
  2.4850005E+03  4.4864048E+07
  2.4950000E+03  4.2371248E+07
  2.5050005E+03  5.0369132E+07
  2.5129988E+03  4.1920980E+07
  2.5179990E+03  3.9832460E+07
  2.5249998E+03  3.6874268E+07
  2.5350007E+03  3.6973748E+07
  2.5449988E+03  3.7307920E+07
  2.5550000E+03  4.2690476E+07
  2.5649990E+03  4.2035904E+07
  2.5749990E+03  4.6219056E+07
  2.5849993E+03  4.6937848E+07
  2.5949990E+03  4.5784616E+07
  2.6049995E+03  4.3711100E+07
  2.6149998E+03  4.1771484E+07
  2.6249990E+03  4.7559768E+07
  2.6350007E+03  4.7650840E+07
  2.6449995E+03  5.4727348E+07
  2.6549998E+03  5.4887712E+07
  2.6649995E+03  4.8497420E+07
  2.6749988E+03  5.1637708E+07
  2.6849988E+03  5.1832792E+07
  2.6949988E+03  4.7926360E+07
  2.7050000E+03  4.9718600E+07
  2.7150000E+03  4.6112228E+07
  2.7249995E+03  4.6792660E+07
  2.7350007E+03  5.0842292E+07
  2.7450002E+03  4.0956004E+07
  2.7549998E+03  4.2421296E+07
  2.7649983E+03  4.4302944E+07
  2.7750005E+03  4.6660700E+07
  2.7850000E+03  3.9635476E+07
  2.7949993E+03  2.0842752E+07
  2.8049995E+03  2.4855786E+07
  2.8150002E+03  4.5670680E+07
  2.8250007E+03  5.0448980E+07
  2.8350000E+03  4.9315632E+07
  2.8450002E+03  4.7349796E+07
  2.8550005E+03  4.5373732E+07
  2.8650000E+03  5.0119540E+07
  2.8749983E+03  4.9051408E+07
  2.8850000E+03  4.9752944E+07
  2.8949988E+03  4.7832088E+07
  2.9099988E+03  5.3426276E+07
  2.9299983E+03  5.0913364E+07
  2.9499990E+03  5.0580308E+07
  2.9700005E+03  5.1152716E+07
  2.9899980E+03  5.1751820E+07
  3.0099995E+03  5.2272188E+07
  3.0299995E+03  5.1633640E+07
  3.0499995E+03  5.1533772E+07
  3.0699995E+03  5.1428116E+07
  3.0899995E+03  5.1829856E+07
  3.1099995E+03  5.0526588E+07
  3.1299998E+03  5.0463600E+07
  3.1499995E+03  5.1017012E+07
  3.1699995E+03  5.0566492E+07
  3.1899995E+03  4.7905644E+07
  3.2099998E+03  4.9251960E+07
  3.2299993E+03  4.7596740E+07
  3.2499993E+03  4.8646284E+07
  3.2699995E+03  4.9381288E+07
  3.2899995E+03  4.9416180E+07
  3.3099998E+03  4.9797356E+07
  3.3299993E+03  4.8820496E+07
  3.3499995E+03  4.8152016E+07
  3.3699995E+03  4.7807744E+07
  3.3899993E+03  4.7389556E+07
  3.4099993E+03  4.7590176E+07
  3.4299995E+03  4.7453088E+07
  3.4499993E+03  4.7084916E+07
  3.4699998E+03  4.6559352E+07
  3.4899993E+03  4.6447908E+07
  3.5099995E+03  4.6987288E+07
  3.5299995E+03  4.6547064E+07
  3.5499995E+03  4.6908912E+07
  3.5699995E+03  4.5586684E+07
  3.5899995E+03  4.5144488E+07
  3.6099995E+03  4.4978100E+07
  3.6299993E+03  4.5061368E+07
  3.6399993E+03  4.4839704E+07
  3.6499995E+03  4.5996928E+07
  3.6699993E+03  4.5357112E+07
  3.6899995E+03  4.1618524E+07
  3.7099995E+03  4.0787824E+07
  3.7299998E+03  3.9845228E+07
  3.7499993E+03  4.6335836E+07
  3.7699993E+03  4.7968680E+07
  3.7899995E+03  5.7081332E+07
  3.8099993E+03  6.6182188E+07
  3.8299998E+03  5.3201160E+07
  3.8499995E+03  7.4042768E+07
  3.8699995E+03  8.4702000E+07
  3.8899995E+03  4.8017472E+07
  3.9099995E+03  8.5501208E+07
  3.9299993E+03  7.2971336E+07
  3.9499993E+03  8.2773848E+07
  3.9699998E+03  4.4650840E+07
  3.9899995E+03  8.2684352E+07
  4.0099995E+03  1.0242250E+08
  4.0299993E+03  1.0576939E+08
  4.0499993E+03  1.0368458E+08
  4.0699993E+03  9.3450400E+07
  4.0899995E+03  6.6821984E+07
  4.1099995E+03  5.1447004E+07
  4.1299995E+03  8.6814544E+07
  4.1499990E+03  9.7862032E+07
  4.1699990E+03  1.0053282E+08
  4.1899995E+03  9.9538864E+07
  4.2099995E+03  9.9392448E+07
  4.2299995E+03  9.6355616E+07
  4.2499995E+03  9.6034864E+07
  4.2699990E+03  9.2017368E+07
  4.2899995E+03  9.0504296E+07
  4.3100000E+03  7.9309008E+07
  4.3299995E+03  5.6272156E+07
  4.3499995E+03  4.8293908E+07
  4.3699995E+03  7.7432208E+07
  4.3899995E+03  8.4883752E+07
  4.4099995E+03  8.6151488E+07
  4.4299995E+03  8.5494368E+07
  4.4499995E+03  8.6862152E+07
  4.4699995E+03  8.6133736E+07
  4.4899995E+03  8.4345936E+07
  4.5099990E+03  8.5410952E+07
  4.5299995E+03  8.3342112E+07
  4.5499990E+03  8.1815832E+07
  4.5699995E+03  8.2685048E+07
  4.5899990E+03  8.0773368E+07
  4.6099990E+03  8.0939112E+07
  4.6299990E+03  7.8900464E+07
  4.6499990E+03  7.8839984E+07
  4.6699990E+03  7.8128136E+07
  4.6899990E+03  7.5651152E+07
  4.7099995E+03  7.2362520E+07
  4.7299990E+03  7.4878856E+07
  4.7499995E+03  7.4009160E+07
  4.7699995E+03  7.2513944E+07
  4.7899990E+03  7.0784944E+07
  4.8099995E+03  6.7619840E+07
  4.8299995E+03  6.1404092E+07
  4.8499990E+03  4.5294468E+07
  4.8700000E+03  3.6988832E+07
  4.8899990E+03  5.6679896E+07
  4.9099990E+03  6.3116764E+07
  4.9299990E+03  6.4138676E+07
  4.9499995E+03  6.5117432E+07
  4.9699995E+03  6.5506460E+07
  4.9899990E+03  6.4082200E+07
  5.0099995E+03  6.2606480E+07
  5.0299995E+03  6.3178716E+07
  5.0499995E+03  6.1971684E+07
  5.0699995E+03  6.2253164E+07
  5.0899995E+03  6.1570056E+07
  5.1099990E+03  6.1140996E+07
  5.1299995E+03  6.0172732E+07
  5.1499985E+03  5.9051488E+07
  5.1700000E+03  5.7587692E+07
  5.1899990E+03  5.7109776E+07
  5.2099990E+03  5.7225920E+07
  5.2299995E+03  5.6225760E+07
  5.2499995E+03  5.6734468E+07
  5.2699995E+03  5.4493764E+07
  5.2899990E+03  5.5352004E+07
  5.3099995E+03  5.4512268E+07
  5.3299990E+03  5.3245956E+07
  5.3499995E+03  5.3679116E+07
  5.3699995E+03  5.2773120E+07
  5.3899995E+03  5.2321268E+07
  5.4099990E+03  5.1346900E+07
  5.4299990E+03  5.1264500E+07
  5.4499990E+03  5.0951084E+07
  5.4699995E+03  5.0421792E+07
  5.4899995E+03  5.0101332E+07
  5.5099995E+03  4.9670032E+07
  5.5299985E+03  4.8929528E+07
  5.5499990E+03  4.8663120E+07
  5.5699990E+03  4.7935420E+07
  5.5899995E+03  4.7486928E+07
  5.6099990E+03  4.7175284E+07
  5.6299995E+03  4.6832380E+07
  5.6499990E+03  4.6356264E+07
  5.6699990E+03  4.5726304E+07
  5.6899995E+03  4.5435668E+07
  5.7099995E+03  4.4974656E+07
  5.7299990E+03  4.4757640E+07
  5.7499990E+03  4.4134608E+07
  5.7699990E+03  4.3786180E+07
  5.7899995E+03  4.3325748E+07
  5.8099985E+03  4.2940936E+07
  5.8300000E+03  4.2567000E+07
  5.8499990E+03  4.2128940E+07
  5.8699985E+03  4.1672888E+07
  5.8899985E+03  4.0883228E+07
  5.9099995E+03  4.0889568E+07
  5.9299985E+03  4.0518884E+07
  5.9499995E+03  4.0102212E+07
  5.9699990E+03  3.9747304E+07
  5.9899990E+03  3.9285976E+07
  6.0099990E+03  3.8803824E+07
  6.0299995E+03  3.8548908E+07
  6.0499990E+03  3.8232716E+07
  6.0699990E+03  3.7947444E+07
  6.0899995E+03  3.7533028E+07
  6.1099985E+03  3.7137360E+07
  6.1299995E+03  3.6623716E+07
  6.1499985E+03  3.5975544E+07
  6.1699985E+03  3.5946548E+07
  6.1900000E+03  3.5837524E+07
  6.2099995E+03  3.5496676E+07
  6.2299985E+03  3.5065308E+07
  6.2499990E+03  3.4429428E+07
  6.2699985E+03  3.4539792E+07
  6.2900000E+03  3.4228112E+07
  6.3099985E+03  3.3760760E+07
  6.3299995E+03  3.3487572E+07
  6.3499985E+03  3.2878958E+07
  6.3699985E+03  3.2668178E+07
  6.3899995E+03  3.2524886E+07
  6.4099990E+03  3.2049928E+07
  6.4299985E+03  3.1821708E+07
  6.4499985E+03  3.1205400E+07
  6.4699990E+03  3.1018166E+07
  6.4899990E+03  3.0329092E+07
  6.5099985E+03  2.9555440E+07
  6.5299990E+03  2.7801150E+07
  6.5499985E+03  2.3239308E+07
  6.5699985E+03  1.8866814E+07
  6.5899995E+03  2.5754818E+07
  6.6099985E+03  2.7897092E+07
  6.6299990E+03  2.8505520E+07
  6.6499985E+03  2.8606080E+07
  6.6699995E+03  2.8523692E+07
  6.6899990E+03  2.8403908E+07
  6.7099995E+03  2.8212244E+07
  6.7299990E+03  2.7970790E+07
  6.7499995E+03  2.7726728E+07
  6.7699985E+03  2.7587814E+07
  6.7899995E+03  2.7357704E+07
  6.8099995E+03  2.7129824E+07
  6.8300000E+03  2.6869410E+07
  6.8499985E+03  2.6643700E+07
  6.8699985E+03  2.6450482E+07
  6.8899985E+03  2.6231278E+07
  6.9099990E+03  2.5998382E+07
  6.9299995E+03  2.5768516E+07
  6.9499990E+03  2.5558808E+07
  6.9699985E+03  2.5330920E+07
  6.9899985E+03  2.5142994E+07
  7.0099985E+03  2.4815734E+07
  7.0299985E+03  2.4660250E+07
  7.0499990E+03  2.4487180E+07
  7.0699980E+03  2.4299098E+07
  7.0899990E+03  2.4097740E+07
  7.1099990E+03  2.3530868E+07
  7.1299995E+03  2.3598386E+07
  7.1499990E+03  2.3439288E+07
  7.1699995E+03  2.3244950E+07
  7.1899985E+03  2.3050228E+07
  7.2099985E+03  2.2885568E+07
  7.2299980E+03  2.2689224E+07
  7.2499990E+03  2.2465298E+07
  7.2699995E+03  2.2350414E+07
  7.2899990E+03  2.2096806E+07
  7.3099980E+03  2.1958436E+07
  7.3299980E+03  2.1779174E+07
  7.3499980E+03  2.1638492E+07
  7.3699985E+03  2.1464336E+07
  7.3899995E+03  2.1240694E+07
  7.4099985E+03  2.0917612E+07
  7.4299995E+03  2.0807878E+07
  7.4500000E+03  2.0693590E+07
  7.4700000E+03  2.0435072E+07
  7.4899990E+03  2.0325422E+07
  7.5099985E+03  2.0234676E+07
  7.5299995E+03  2.0090780E+07
  7.5499980E+03  1.9967306E+07
  7.5699985E+03  1.9794220E+07
  7.5899990E+03  1.9640338E+07
  7.6099980E+03  1.9483898E+07
  7.6299995E+03  1.9330762E+07
  7.6499995E+03  1.9162224E+07
  7.6699980E+03  1.8952922E+07
  7.6899990E+03  1.8843632E+07
  7.7099995E+03  1.8688320E+07
  7.7299985E+03  1.8584812E+07
  7.7499990E+03  1.8417506E+07
  7.7700000E+03  1.7890994E+07
  7.7900000E+03  1.8166146E+07
  7.8099995E+03  1.8011460E+07
  7.8299980E+03  1.7828016E+07
  7.8499980E+03  1.7646808E+07
  7.8699995E+03  1.7508562E+07
  7.8900000E+03  1.7346078E+07
  7.9099995E+03  1.7240412E+07
  7.9300000E+03  1.7120006E+07
  7.9499985E+03  1.6933842E+07
  7.9699990E+03  1.6937328E+07
  7.9900000E+03  1.6635475E+07
  8.0099980E+03  1.6648809E+07
  8.0299985E+03  1.6511641E+07
  8.0500000E+03  1.6400625E+07
  8.0699985E+03  1.6273163E+07
  8.0899990E+03  1.6151929E+07
  8.1099995E+03  1.6052887E+07
  8.1299976E+03  1.5944371E+07
  8.1499976E+03  1.5822540E+07
  8.1699980E+03  1.5706224E+07
  8.1899985E+03  1.5422356E+07
  8.2099990E+03  1.5373018E+07
  8.2300000E+03  1.5247216E+07
  8.2500000E+03  1.5172826E+07
  8.2700000E+03  1.5198127E+07
  8.2899980E+03  1.5078295E+07
  8.3099990E+03  1.4960522E+07
  8.3299980E+03  1.4737836E+07
  8.3500000E+03  1.4724048E+07
  8.3699990E+03  1.4620429E+07
  8.3899990E+03  1.4426644E+07
  8.4099971E+03  1.4281415E+07
  8.4300000E+03  1.4080656E+07
  8.4499990E+03  1.3744474E+07
  8.4699980E+03  1.3729531E+07
  8.4899980E+03  1.3532690E+07
  8.5099990E+03  1.3137262E+07
  8.5299990E+03  1.3390533E+07
  8.5499990E+03  1.2452896E+07
  8.5699990E+03  1.3401756E+07
  8.5900000E+03  1.2688452E+07
  8.6099980E+03  1.2561482E+07
  8.6299990E+03  1.3353135E+07
  8.6499990E+03  1.2734583E+07
  8.6699990E+03  1.1225978E+07
  8.6899990E+03  1.2832137E+07
  8.7099971E+03  1.3333433E+07
  8.7299990E+03  1.2650553E+07
  8.7499980E+03  1.0735758E+07
  8.7699980E+03  1.2124464E+07
  8.7899980E+03  1.3134740E+07
  8.8099990E+03  1.3225151E+07
  8.8299980E+03  1.2706770E+07
  8.8499980E+03  1.1337229E+07
  8.8699980E+03  1.0023949E+07
  8.8899990E+03  1.2092035E+07
  8.9099971E+03  1.2781429E+07
  8.9299980E+03  1.2965647E+07
  8.9499980E+03  1.2998536E+07
  8.9699990E+03  1.2608665E+07
  8.9899990E+03  1.1762990E+07
  9.0099980E+03  9.5505790E+06
  9.0299990E+03  1.0281734E+07
  9.0499990E+03  1.1820503E+07
  9.0699980E+03  1.2119681E+07
  9.0899990E+03  1.2154401E+07
  9.1099980E+03  1.2456528E+07
  9.1299980E+03  1.2466192E+07
  9.1499980E+03  1.2347408E+07
  9.1699980E+03  1.2046749E+07
  9.1899990E+03  1.1510830E+07
  9.2099990E+03  1.0429167E+07
  9.2299980E+03  8.3405585E+06
  9.2499980E+03  1.0021708E+07
  9.2699971E+03  1.0929410E+07
  9.2899990E+03  1.1556383E+07
  9.3099980E+03  1.1716286E+07
  9.3299990E+03  1.1734919E+07
  9.3499980E+03  1.1723556E+07
  9.3699990E+03  1.1678710E+07
  9.3900000E+03  1.1532873E+07
  9.4099980E+03  1.1198001E+07
  9.4299971E+03  1.1342044E+07
  9.4499990E+03  1.1225741E+07
  9.4700000E+03  1.1058230E+07
  9.4899980E+03  1.0769888E+07
  9.5100000E+03  1.0246009E+07
  9.5300000E+03  9.1643680E+06
  9.5500000E+03  7.5005815E+06
  9.5699990E+03  9.2545180E+06
  9.5899980E+03  1.0076192E+07
  9.6099980E+03  1.0332085E+07
  9.6299990E+03  1.0358272E+07
  9.6499990E+03  1.0511187E+07
  9.6699980E+03  1.0408127E+07
  9.6899980E+03  1.0424988E+07
  9.7100000E+03  1.0450809E+07
  9.7299990E+03  1.0380038E+07
  9.7499980E+03  1.0291131E+07
  9.7699961E+03  1.0261280E+07
  9.7899980E+03  1.0194629E+07
  9.8099980E+03  1.0121004E+07
  9.8299990E+03  1.0034243E+07
  9.8499980E+03  9.9314110E+06
  9.8700000E+03  9.8548470E+06
  9.8899980E+03  9.7333800E+06
  9.9099990E+03  9.6929800E+06
  9.9300000E+03  9.6062140E+06
  9.9499980E+03  9.5014270E+06
  9.9699980E+03  9.3708680E+06
  9.9899990E+03  9.1408650E+06
  1.0024998E+04  8.0421725E+06
  1.0074998E+04  7.6377955E+06
  1.0124997E+04  8.7719530E+06
  1.0174997E+04  8.8868180E+06
  1.0224998E+04  8.8228180E+06
  1.0274997E+04  8.7036180E+06
  1.0325000E+04  8.5693400E+06
  1.0374999E+04  8.4400450E+06
  1.0425000E+04  8.3034700E+06
  1.0474998E+04  8.1097170E+06
  1.0524997E+04  8.0056420E+06
  1.0574999E+04  7.8987845E+06
  1.0625000E+04  7.7722235E+06
  1.0674997E+04  7.5088370E+06
  1.0724998E+04  7.4684625E+06
  1.0774999E+04  7.3483650E+06
  1.0824997E+04  7.1732605E+06
  1.0874997E+04  6.8465600E+06
  1.0924999E+04  5.6253210E+06
  1.0974996E+04  6.1600035E+06
  1.1025000E+04  6.6835285E+06
  1.1074998E+04  6.7206850E+06
  1.1124999E+04  6.6503645E+06
  1.1174998E+04  6.5674560E+06
  1.1224999E+04  6.4878495E+06
  1.1274997E+04  6.2902650E+06
  1.1325000E+04  6.2072300E+06
  1.1375000E+04  6.1821880E+06
  1.1425000E+04  6.0739355E+06
  1.1474997E+04  6.0271305E+06
  1.1525000E+04  5.9451640E+06
  1.1574998E+04  5.8528615E+06
  1.1625000E+04  5.7164805E+06
  1.1674998E+04  5.5999085E+06
  1.1724997E+04  5.6067840E+06
  1.1775001E+04  5.4239525E+06
  1.1824999E+04  5.4010825E+06
  1.1875000E+04  5.2961185E+06
  1.1925000E+04  5.2978965E+06
  1.1975001E+04  5.1791355E+06
  1.2024998E+04  5.1330320E+06
  1.2074996E+04  5.0443615E+06
  1.2125000E+04  4.9813155E+06
  1.2175000E+04  4.9275240E+06
  1.2225001E+04  4.8525110E+06
  1.2275001E+04  4.7773065E+06
  1.2324996E+04  4.7135790E+06
  1.2374996E+04  4.6558865E+06
  1.2424998E+04  4.6014065E+06
  1.2475000E+04  4.5251350E+06
  1.2524997E+04  4.4593025E+06
  1.2574997E+04  4.3655425E+06
  1.2624999E+04  4.3114125E+06
  1.2674997E+04  4.2462780E+06
  1.2724999E+04  4.1301462E+06
  1.2774999E+04  3.8492642E+06
  1.2825000E+04  3.2524250E+06
  1.2875001E+04  3.8026555E+06
  1.2924997E+04  3.9282220E+06
  1.2975001E+04  3.9250795E+06
  1.3024998E+04  3.8921172E+06
  1.3074999E+04  3.8509470E+06
  1.3125000E+04  3.8026352E+06
  1.3174998E+04  3.7432270E+06
  1.3224998E+04  3.7108835E+06
  1.3274997E+04  3.6624600E+06
  1.3324997E+04  3.6163540E+06
  1.3374999E+04  3.5683065E+06
  1.3424999E+04  3.5223365E+06
  1.3474999E+04  3.4759120E+06
  1.3525001E+04  3.4245155E+06
  1.3574999E+04  3.3799150E+06
  1.3624997E+04  3.3437898E+06
  1.3674997E+04  3.2974238E+06
  1.3724995E+04  3.2356455E+06
  1.3774998E+04  3.2133888E+06
  1.3824998E+04  3.1740248E+06
  1.3874996E+04  3.1416022E+06
  1.3925000E+04  3.0911025E+06
  1.3974996E+04  3.0595732E+06
  1.4024997E+04  3.0224742E+06
  1.4075001E+04  2.9873448E+06
  1.4124996E+04  2.9460305E+06
  1.4175000E+04  2.9121578E+06
  1.4225000E+04  2.8742210E+06
  1.4274994E+04  2.8374852E+06
  1.4325001E+04  2.8052252E+06
  1.4374998E+04  2.7742595E+06
  1.4424999E+04  2.6962188E+06
  1.4475000E+04  2.7042345E+06
  1.4524997E+04  2.6502938E+06
  1.4569999E+04  2.6414008E+06
  1.4620000E+04  2.6596725E+06
  1.4674998E+04  2.7055500E+06
  1.4725000E+04  2.6609702E+06
  1.4775002E+04  2.6058865E+06
  1.4824998E+04  2.5693132E+06
  1.4874996E+04  2.5113775E+06
  1.4924997E+04  2.4893358E+06
  1.4974999E+04  2.4394762E+06
  1.5024999E+04  2.3933958E+06
  1.5075000E+04  2.3535078E+06
  1.5124999E+04  2.3264455E+06
  1.5175000E+04  2.2910175E+06
  1.5225002E+04  2.2529152E+06
  1.5274998E+04  2.2244672E+06
  1.5324995E+04  2.1857545E+06
  1.5374997E+04  2.1623175E+06
  1.5425001E+04  2.1201365E+06
  1.5474996E+04  2.1052010E+06
  1.5524994E+04  2.0700934E+06
  1.5575001E+04  2.0425341E+06
  1.5624998E+04  2.0436800E+06
  1.5674997E+04  1.9848184E+06
  1.5724994E+04  1.9604861E+06
  1.5774996E+04  1.9786581E+06
  1.5825001E+04  1.9505281E+06
  1.5874995E+04  1.8499145E+06
  1.5925002E+04  1.8956555E+06
  1.5975001E+04  1.9382804E+06
  1.6049998E+04  1.8514731E+06
  1.6150001E+04  1.7624614E+06
  1.6249997E+04  1.8240126E+06
  1.6350000E+04  1.7138289E+06
  1.6449996E+04  1.6259521E+06
  1.6549998E+04  1.7163964E+06
  1.6649994E+04  1.6838829E+06
  1.6749998E+04  1.5595021E+06
  1.6849998E+04  1.4685988E+06
  1.6950000E+04  1.5749742E+06
  1.7049996E+04  1.5542215E+06
  1.7150000E+04  1.5230839E+06
  1.7249992E+04  1.4564808E+06
  1.7349994E+04  1.2741644E+06
  1.7449992E+04  1.3666214E+06
  1.7550000E+04  1.3899869E+06
  1.7649998E+04  1.3687182E+06
  1.7749994E+04  1.3455676E+06
  1.7849994E+04  1.3161085E+06
  1.7949998E+04  1.2883891E+06
  1.8050002E+04  1.2372656E+06
  1.8150002E+04  1.0861611E+06
  1.8249994E+04  1.1435611E+06
  1.8349992E+04  1.1786815E+06
  1.8449992E+04  1.1621761E+06
  1.8549998E+04  1.1342418E+06
  1.8650002E+04  1.0901586E+06
  1.8750002E+04  9.4781588E+05
  1.8850000E+04  1.0397300E+06
  1.8950004E+04  1.0453083E+06
  1.9049996E+04  1.0349658E+06
  1.9149998E+04  1.0144561E+06
  1.9249992E+04  9.8978231E+05
  1.9350000E+04  9.4545856E+05
  1.9449992E+04  8.2794138E+05
  1.9550002E+04  9.1033344E+05
  1.9649992E+04  9.1786438E+05
  1.9749992E+04  9.0395712E+05
  1.9849992E+04  8.9098081E+05
  1.9950002E+04  8.7488575E+05
  2.0050002E+04  8.5903000E+05
  2.0149996E+04  8.4340862E+05
  2.0249994E+04  8.2740981E+05
  2.0349994E+04  8.1168369E+05
  2.0449996E+04  7.9798131E+05
  2.0550000E+04  7.8333775E+05
  2.0649992E+04  7.6819862E+05
  2.0749998E+04  7.5477419E+05
  2.0849992E+04  7.4151175E+05
  2.0950004E+04  7.2813150E+05
  2.1050002E+04  7.1513388E+05
  2.1149992E+04  7.0079981E+05
  2.1250000E+04  6.8776169E+05
  2.1350002E+04  6.7463112E+05
  2.1449996E+04  6.6075738E+05
  2.1550006E+04  6.3512069E+05
  2.1649994E+04  5.5940631E+05
  2.1750002E+04  6.0544056E+05
  2.1849998E+04  6.1491238E+05
  2.1950002E+04  6.0915788E+05
  2.2050000E+04  5.9955406E+05
  2.2149996E+04  5.8946900E+05
  2.2249998E+04  5.8101644E+05
  2.2350004E+04  5.7121294E+05
  2.2449990E+04  5.6171856E+05
  2.2549994E+04  5.5151694E+05
  2.2650000E+04  5.4306662E+05
  2.2750000E+04  5.3419025E+05
  2.2850000E+04  5.2726638E+05
  2.2950004E+04  5.2566394E+05
  2.3050000E+04  5.1751800E+05
  2.3149996E+04  5.0851566E+05
  2.3250000E+04  4.9929994E+05
  2.3349996E+04  4.9016812E+05
  2.3449994E+04  4.8147509E+05
  2.3550002E+04  4.7295872E+05
  2.3649988E+04  4.6461691E+05
  2.3750000E+04  4.5637750E+05
  2.3849990E+04  4.4856512E+05
  2.3950002E+04  4.4090562E+05
  2.4050006E+04  4.3352097E+05
  2.4149992E+04  4.2603062E+05
  2.4249990E+04  4.1887909E+05
  2.4349990E+04  4.1240216E+05
  2.4450002E+04  4.0492003E+05
  2.4549990E+04  3.9903438E+05
  2.4649992E+04  3.9207078E+05
  2.4749992E+04  3.8687941E+05
  2.4850006E+04  3.8048934E+05
  2.4950000E+04  3.7444994E+05
  2.5050006E+04  3.7392762E+05
  2.5149994E+04  3.6508766E+05
  2.5249998E+04  3.5564250E+05
  2.5350004E+04  3.5259575E+05
  2.5449988E+04  3.4897000E+05
  2.5549998E+04  3.4088209E+05
  2.5649990E+04  3.3188503E+05
  2.5749990E+04  3.3201106E+05
  2.5849994E+04  3.2909766E+05
  2.5949990E+04  3.2370188E+05
  2.6049996E+04  3.1293828E+05
  2.6149998E+04  2.9969625E+05
  2.6249988E+04  2.7461862E+05
  2.6350008E+04  2.9579862E+05
  2.6449996E+04  3.0068538E+05
  2.6549994E+04  2.9723816E+05
  2.6649994E+04  2.8902825E+05
  2.6749988E+04  2.7653128E+05
  2.6849986E+04  2.8147781E+05
  2.6949986E+04  2.8228712E+05
  2.7050002E+04  2.7964228E+05
  2.7149998E+04  2.7619603E+05
  2.7249994E+04  2.7213828E+05
  2.7350006E+04  2.6733122E+05
  2.7450004E+04  2.6035233E+05
  2.7549996E+04  2.4523805E+05
  2.7649982E+04  2.4705006E+05
  2.7750004E+04  2.5150017E+05
  2.7850000E+04  2.5019767E+05
  2.7949992E+04  2.4753298E+05
  2.8049994E+04  2.4442089E+05
  2.8150002E+04  2.4116119E+05
  2.8250006E+04  2.3782820E+05
  2.8350000E+04  2.3442852E+05
  2.8450000E+04  2.3038170E+05
  2.8550002E+04  2.2569705E+05
  2.8650002E+04  2.1607852E+05
  2.8749982E+04  2.0437328E+05
  2.8849998E+04  2.1417033E+05
  2.8949986E+04  2.1490055E+05
  2.9049994E+04  2.1334309E+05
  2.9149986E+04  2.1067603E+05
  2.9249984E+04  2.0855988E+05
  2.9349980E+04  2.0593412E+05
  2.9450000E+04  2.0326061E+05
  2.9550004E+04  2.0066622E+05
  2.9649982E+04  1.9808105E+05
  2.9749992E+04  1.9551288E+05
  2.9849994E+04  1.9297891E+05
  2.9949984E+04  1.9013855E+05
  3.0049996E+04  1.8736059E+05
  3.0149994E+04  1.8413464E+05
  3.0249994E+04  1.7935391E+05
  3.0349996E+04  1.6654625E+05
  3.0449996E+04  1.6752633E+05
  3.0549996E+04  1.7338636E+05
  3.0649996E+04  1.7316714E+05
  3.0749994E+04  1.7165227E+05
  3.0849996E+04  1.6968225E+05
  3.0949994E+04  1.6788748E+05
  3.1049996E+04  1.6579573E+05
  3.1149996E+04  1.6356819E+05
  3.1249996E+04  1.6167047E+05
  3.1349996E+04  1.5979741E+05
  3.1449996E+04  1.5776205E+05
  3.1549998E+04  1.5598011E+05
  3.1649996E+04  1.5416864E+05
  3.1749998E+04  1.5218623E+05
  3.1849996E+04  1.5048191E+05
  3.1949994E+04  1.4865941E+05
  3.2099996E+04  1.4598266E+05
  3.2299992E+04  1.4257356E+05
  3.2499994E+04  1.3902658E+05
  3.2699996E+04  1.3478031E+05
  3.2899996E+04  1.2344299E+05
  3.3099996E+04  1.2602702E+05
  3.3299992E+04  1.2685176E+05
  3.3499996E+04  1.2450573E+05
  3.3699996E+04  1.2146656E+05
  3.3899996E+04  1.1868366E+05
  3.4099996E+04  1.1598990E+05
  3.4299996E+04  1.1340837E+05
  3.4499992E+04  1.1089138E+05
  3.4699996E+04  1.0836212E+05
  3.4899996E+04  1.0592361E+05
  3.5099996E+04  1.0357630E+05
  3.5299996E+04  1.0124499E+05
  3.5499996E+04  9.9046211E+04
  3.5699992E+04  9.6804484E+04
  3.5899992E+04  9.4694109E+04
  3.6099996E+04  9.2690891E+04
  3.6299992E+04  9.0625930E+04
  3.6499992E+04  8.8702305E+04
  3.6699992E+04  8.6831922E+04
  3.6899992E+04  8.4697930E+04
  3.7099996E+04  8.2842898E+04
  3.7299996E+04  7.8182227E+04
  3.7499992E+04  7.5777938E+04
  3.7699996E+04  7.7897070E+04
  3.7899996E+04  7.6717789E+04
  3.8099992E+04  7.4772562E+04
  3.8299996E+04  7.3423516E+04
  3.8499996E+04  7.2421195E+04
  3.8699996E+04  7.0947641E+04
  3.8899992E+04  6.9184305E+04
  3.9099996E+04  6.7330000E+04
  3.9299992E+04  6.6770867E+04
  3.9499992E+04  6.5755961E+04
  3.9699992E+04  6.4657684E+04
  3.9900000E+04  6.3322457E+04
  4.0099996E+04  6.0968055E+04
  4.0299992E+04  5.9455125E+04
  4.0499996E+04  5.5775559E+04
  4.0699992E+04  5.7830535E+04
  4.0899992E+04  5.7338410E+04
  4.1099996E+04  5.6386961E+04
  4.1299996E+04  5.5256867E+04
  4.1499992E+04  5.3811211E+04
  4.1699992E+04  5.1706051E+04
  4.1899996E+04  5.1792988E+04
  4.2099996E+04  5.1255305E+04
  4.2299992E+04  5.0544379E+04
  4.2499996E+04  4.9633863E+04
  4.2699992E+04  4.8748496E+04
  4.2899992E+04  4.7867203E+04
  4.3099996E+04  4.7002148E+04
  4.3299996E+04  4.6034461E+04
  4.3499992E+04  4.4955129E+04
  4.3699996E+04  4.2891418E+04
  4.3899996E+04  4.2798625E+04
  4.4099992E+04  4.2752250E+04
  4.4299992E+04  4.2192402E+04
  4.4499996E+04  4.1498188E+04
  4.4699996E+04  4.0929695E+04
  4.4899996E+04  4.0214562E+04
  4.5099992E+04  3.9536410E+04
  4.5299992E+04  3.8855785E+04
  4.5499996E+04  3.8196484E+04
  4.5699992E+04  3.7530992E+04
  4.5899996E+04  3.6829117E+04
  4.6099996E+04  3.6113164E+04
  4.6299992E+04  3.5149855E+04
  4.6499988E+04  3.2508211E+04
  4.6699992E+04  3.2454926E+04
  4.6899992E+04  3.3206348E+04
  4.7099992E+04  3.3167789E+04
  4.7299992E+04  3.2754865E+04
  4.7499996E+04  3.2282580E+04
  4.7699992E+04  3.1767387E+04
  4.7899992E+04  3.1259650E+04
  4.8099996E+04  3.0754352E+04
  4.8299992E+04  3.0259572E+04
  4.8499992E+04  2.9775088E+04
  4.8700000E+04  2.9302285E+04
  4.8899992E+04  2.8836223E+04
  4.9099988E+04  2.8375199E+04
  4.9299988E+04  2.7931539E+04
  4.9499996E+04  2.7494096E+04
  4.9699992E+04  2.7064316E+04
  4.9899988E+04  2.6640527E+04
  5.0099996E+04  2.6228623E+04
  5.0299996E+04  2.5820930E+04
  5.0499996E+04  2.5426248E+04
  5.0699996E+04  2.5003273E+04
  5.0899992E+04  2.4526529E+04
  5.1099992E+04  2.3802539E+04
  5.1299996E+04  2.2459199E+04
  5.1499988E+04  2.3184234E+04
  5.1699996E+04  2.3098223E+04
  5.1899992E+04  2.2836633E+04
  5.2099992E+04  2.2506195E+04
  5.2299996E+04  2.2173246E+04
  5.2499996E+04  2.1846074E+04
  5.2699996E+04  2.1523225E+04
  5.2899992E+04  2.1207316E+04
  5.3099988E+04  2.0895549E+04
  5.3299988E+04  2.0590506E+04
  5.3499992E+04  2.0290744E+04
  5.3699992E+04  1.9993562E+04
  5.3899992E+04  1.9706711E+04
  5.4099992E+04  1.9424832E+04
  5.4299984E+04  1.9144018E+04
  5.4499988E+04  1.8870586E+04
  5.4699996E+04  1.8599377E+04
  5.4899992E+04  1.8339117E+04
  5.5099992E+04  1.8079656E+04
  5.5299988E+04  1.7824695E+04
  5.5499988E+04  1.7575379E+04
  5.5699992E+04  1.7325531E+04
  5.5899992E+04  1.7078803E+04
  5.6099988E+04  1.6848316E+04
  5.6299996E+04  1.6615910E+04
  5.6499988E+04  1.6387555E+04
  5.6699988E+04  1.6161996E+04
  5.6899992E+04  1.5940360E+04
  5.7099996E+04  1.5723739E+04
  5.7299988E+04  1.5508607E+04
  5.7499988E+04  1.5298356E+04
  5.7699988E+04  1.5091775E+04
  5.7899996E+04  1.4886552E+04
  5.8099988E+04  1.4688265E+04
  5.8299996E+04  1.4492334E+04
  5.8499992E+04  1.4294339E+04
  5.8699988E+04  1.4046217E+04
  5.8899988E+04  1.3634981E+04
  5.9099992E+04  1.2855786E+04
  5.9299988E+04  1.3354165E+04
  5.9499996E+04  1.3330514E+04
  5.9699988E+04  1.3211753E+04
  5.9899992E+04  1.3053325E+04
  6.0099992E+04  1.2883151E+04
  6.0299992E+04  1.2718054E+04
  6.0499988E+04  1.2553827E+04
  6.0699992E+04  1.2391480E+04
  6.0899992E+04  1.2232010E+04
  6.1099988E+04  1.2071332E+04
  6.1299992E+04  1.1922511E+04
  6.1499988E+04  1.1770390E+04
  6.1699988E+04  1.1621966E+04
  6.1899996E+04  1.1474224E+04
  6.2099996E+04  1.1330097E+04
  6.2299988E+04  1.1184674E+04
  6.2499992E+04  1.1046658E+04
  6.2699988E+04  1.0908261E+04
  6.2899996E+04  1.0774249E+04
  6.3099984E+04  1.0638883E+04
  6.3299996E+04  1.0507822E+04
  6.3499984E+04  1.0379141E+04
  6.3699984E+04  1.0251862E+04
  6.3900000E+04  1.0125966E+04
  6.4199992E+04  9.9419795E+03
  6.4599984E+04  9.7018838E+03
  6.4999992E+04  9.4687070E+03
  6.5399992E+04  9.2440166E+03
  6.5799992E+04  9.0249434E+03
  6.6199984E+04  8.8113350E+03
  6.6599984E+04  8.6055889E+03
  6.6999992E+04  8.4057900E+03
  6.7399992E+04  8.2106953E+03
  6.7799992E+04  8.0218999E+03
  6.8199992E+04  7.8383335E+03
  6.8599992E+04  7.6594517E+03
  6.8999984E+04  7.4850493E+03
  6.9399984E+04  7.3167285E+03
  6.9800000E+04  7.1530752E+03
  7.0199992E+04  6.9941978E+03
  7.0599984E+04  6.8393599E+03
  7.0999977E+04  6.6901724E+03
  7.1399977E+04  6.5427808E+03
  7.1799984E+04  6.4005850E+03
  7.2199984E+04  6.2593247E+03
  7.2600000E+04  6.1263540E+03
  7.2999984E+04  5.9962007E+03
  7.3400000E+04  5.8677393E+03
  7.3799984E+04  5.7377646E+03
  7.4199992E+04  5.5825288E+03
  7.4599992E+04  5.2473721E+03
  7.5000000E+04  5.1348882E+03
  7.5399992E+04  5.2338247E+03
  7.5799992E+04  5.1638486E+03
  7.6199984E+04  5.0639067E+03
  7.6599992E+04  4.9605625E+03
  7.6999992E+04  4.8599141E+03
  7.7399992E+04  4.7618936E+03
  7.7799984E+04  4.6661875E+03
  7.8199984E+04  4.5728623E+03
  7.8599984E+04  4.4817998E+03
  7.8999984E+04  4.3930063E+03
  7.9399984E+04  4.3063687E+03
  7.9800000E+04  4.2218325E+03
  8.0199992E+04  4.1393525E+03
  8.0599984E+04  4.0589937E+03
  8.0999992E+04  3.9805315E+03
  8.1399977E+04  3.9036980E+03
  8.1799984E+04  3.8290166E+03
  8.2199984E+04  3.7561580E+03
  8.2599992E+04  3.6849136E+03
  8.2999984E+04  3.6153040E+03
  8.3400000E+04  3.5466379E+03
  8.3799992E+04  3.4798147E+03
  8.4199992E+04  3.4155854E+03
  8.4599977E+04  3.3527827E+03
  8.4999977E+04  3.2910579E+03
  8.5399984E+04  3.2304426E+03
  8.5799984E+04  3.1714275E+03
  8.6199992E+04  3.1136184E+03
  8.6599992E+04  3.0573936E+03
  8.6999984E+04  3.0022681E+03
  8.7399992E+04  2.9483164E+03
  8.7799992E+04  2.8956611E+03
  8.8199984E+04  2.8439351E+03
  8.8599977E+04  2.7935510E+03
  8.8999992E+04  2.7442871E+03
  8.9399977E+04  2.6962173E+03
  8.9799977E+04  2.6489390E+03
  9.0199984E+04  2.6029463E+03
  9.0599984E+04  2.5578452E+03
  9.0999992E+04  2.5135708E+03
  9.1400000E+04  2.4704226E+03
  9.1799969E+04  2.4281997E+03
  9.2199969E+04  2.3868347E+03
  9.2599984E+04  2.3463552E+03
  9.3000000E+04  2.3067002E+03
  9.3399984E+04  2.2678545E+03
  9.3799984E+04  2.2298420E+03
  9.4199977E+04  2.1926470E+03
  9.4599984E+04  2.1561685E+03
  9.4999969E+04  2.1204758E+03
  9.5399984E+04  2.0853452E+03
  9.5799984E+04  2.0513018E+03
  9.6199992E+04  2.0177506E+03
  9.6599984E+04  1.9849263E+03
  9.7000000E+04  1.9527332E+03
  9.7399977E+04  1.9210820E+03
  9.7799984E+04  1.8902356E+03
  9.8199977E+04  1.8599053E+03
  9.8599977E+04  1.8302751E+03
  9.8999992E+04  1.8011769E+03
  9.9399984E+04  1.7726401E+03
  9.9799977E+04  1.7446534E+03
  1.0019999E+05  1.7172432E+03
  1.9999991E+05  1.0979894E+02
  3.9999994E+05  6.8254623E+00
  5.9999981E+05  1.3363565E+00
  7.9999994E+05  4.1947463E-01
