  5.0599994E+02  1.6295829E-10
  5.1199994E+02  3.0995861E-10
  5.2000000E+02  6.2453526E-10
  5.2999994E+02  1.4590528E-09
  5.3999994E+02  3.2624361E-09
  5.4999988E+02  7.1581789E-09
  5.5999988E+02  1.5215887E-08
  5.6999988E+02  3.1494153E-08
  5.7999994E+02  6.3246141E-08
  5.8999988E+02  1.2547672E-07
  5.9999988E+02  2.4213480E-07
  6.0999988E+02  4.5798240E-07
  6.1999994E+02  8.4864899E-07
  6.2999988E+02  1.5431917E-06
  6.3999994E+02  2.7551364E-06
  6.4999994E+02  4.8404627E-06
  6.5799994E+02  7.5046596E-06
  6.6499988E+02  1.0915443E-05
  6.7499994E+02  1.8418888E-05
  6.8499988E+02  3.0637242E-05
  6.9499994E+02  5.0220679E-05
  7.0499988E+02  8.1065562E-05
  7.1599988E+02  1.3568555E-04
  7.2599994E+02  2.1356327E-04
  7.3499982E+02  3.1792803E-04
  7.4499994E+02  4.8911996E-04
  7.5499982E+02  7.4424676E-04
  7.6499994E+02  1.1203659E-03
  7.7499994E+02  1.6687590E-03
  7.8499982E+02  2.4611382E-03
  7.9499982E+02  3.5838308E-03
  8.0500000E+02  5.1911576E-03
  8.1499976E+02  7.4470355E-03
  8.2500000E+02  1.0580351E-02
  8.3499994E+02  1.4898579E-02
  8.4499994E+02  2.0819314E-02
  8.5499988E+02  2.8851822E-02
  8.6499994E+02  3.9673474E-02
  8.7499982E+02  5.4111801E-02
  8.8499982E+02  7.3362492E-02
  8.9499988E+02  9.8700047E-02
  9.0499994E+02  1.3175596E-01
  9.1499982E+02  2.9530733E+01
  9.2499988E+02  1.4479761E+02
  9.3499982E+02  1.9181297E+02
  9.4500000E+02  2.6180313E+02
  9.5500000E+02  3.9291931E+02
  9.6499988E+02  4.9926315E+02
  9.7499982E+02  5.2692114E+02
  9.8499976E+02  7.0529840E+02
  9.9499988E+02  7.7928510E+02
  1.0049999E+03  1.0279337E+03
  1.0149997E+03  1.2537357E+03
  1.0249998E+03  1.0057095E+03
  1.0349998E+03  1.7023285E+03
  1.0449998E+03  2.1267341E+03
  1.0549999E+03  2.5118699E+03
  1.0649999E+03  2.7340283E+03
  1.0750000E+03  3.3154133E+03
  1.0849996E+03  3.7912539E+03
  1.0949999E+03  4.0695127E+03
  1.1049999E+03  1.7095496E+04
  1.1149999E+03  4.8339164E+04
  1.1249999E+03  5.5987930E+04
  1.1349996E+03  7.3529117E+04
  1.1449999E+03  6.5747438E+04
  1.1549999E+03  6.4088605E+04
  1.1650000E+03  6.0233977E+04
  1.1749995E+03  4.3506641E+04
  1.1849996E+03  3.2712055E+04
  1.1949998E+03  1.4151781E+04
  1.2049996E+03  1.3639479E+04
  1.2149998E+03  2.6926189E+03
  1.2249996E+03  1.5174770E+04
  1.2349996E+03  3.9201645E+04
  1.2449998E+03  1.1079422E+05
  1.2549996E+03  4.4001741E+05
  1.2650000E+03  7.1279631E+05
  1.2749998E+03  4.0585792E+06
  1.2849995E+03  8.1152030E+06
  1.2949998E+03  8.7348220E+06
  1.3049995E+03  3.6914008E+06
  1.3149998E+03  1.2740376E+07
  1.3249998E+03  1.7383854E+07
  1.3349996E+03  1.2258350E+07
  1.3449995E+03  2.4321766E+07
  1.3549996E+03  2.5123414E+07
  1.3649999E+03  2.1153548E+07
  1.3749999E+03  2.5406134E+07
  1.3849996E+03  2.6544988E+07
  1.3949999E+03  2.9272908E+07
  1.4050001E+03  3.0844380E+07
  1.4149998E+03  2.7598904E+07
  1.4249998E+03  3.3624680E+07
  1.4350000E+03  2.9551744E+07
  1.4419998E+03  3.4032308E+07
  1.4469999E+03  4.0929828E+07
  1.4549994E+03  3.9032456E+07
  1.4650000E+03  3.4962636E+07
  1.4749995E+03  3.3373306E+07
  1.4849996E+03  3.9934772E+07
  1.4949998E+03  4.3156108E+07
  1.5049996E+03  4.5458636E+07
  1.5119995E+03  3.7196356E+07
  1.5169994E+03  4.2879340E+07
  1.5250001E+03  3.6172844E+07
  1.5349994E+03  3.0455564E+07
  1.5449994E+03  4.4902924E+07
  1.5549998E+03  3.7520240E+07
  1.5649999E+03  3.2935352E+07
  1.5750001E+03  3.7452700E+07
  1.5850000E+03  4.3513864E+07
  1.5949996E+03  4.9598268E+07
  1.6049999E+03  4.3582740E+07
  1.6150000E+03  4.2263252E+07
  1.6249996E+03  3.6911112E+07
  1.6350000E+03  3.9674132E+07
  1.6449996E+03  4.2832468E+07
  1.6549999E+03  3.4450336E+07
  1.6649993E+03  4.2365476E+07
  1.6720000E+03  1.8743774E+07
  1.6770001E+03  4.1542944E+07
  1.6849998E+03  4.9076252E+07
  1.6950000E+03  4.6289368E+07
  1.7049995E+03  4.0704204E+07
  1.7150000E+03  4.0579276E+07
  1.7249993E+03  4.0509004E+07
  1.7349994E+03  4.5907964E+07
  1.7449993E+03  4.4023620E+07
  1.7550001E+03  5.2996600E+07
  1.7649998E+03  4.2448648E+07
  1.7749995E+03  4.8785048E+07
  1.7849995E+03  4.5450728E+07
  1.7949999E+03  5.6806512E+07
  1.8050001E+03  5.3593264E+07
  1.8150001E+03  5.3571568E+07
  1.8249994E+03  5.0490880E+07
  1.8349993E+03  4.7501924E+07
  1.8449993E+03  4.2804956E+07
  1.8549998E+03  4.5898480E+07
  1.8650002E+03  4.6906604E+07
  1.8750001E+03  4.9917080E+07
  1.8850000E+03  4.8361480E+07
  1.8950002E+03  4.9189996E+07
  1.9049996E+03  4.6330908E+07
  1.9149999E+03  4.8753484E+07
  1.9249993E+03  5.0510348E+07
  1.9350001E+03  4.8204636E+07
  1.9449993E+03  5.1797248E+07
  1.9550002E+03  5.0997596E+07
  1.9670002E+03  5.4808556E+07
  1.9759990E+03  5.4855636E+07
  1.9839996E+03  5.2276940E+07
  1.9950001E+03  5.0069200E+07
  2.0050002E+03  4.9601920E+07
  2.0149996E+03  4.6086944E+07
  2.0249994E+03  4.7334372E+07
  2.0349995E+03  4.8163920E+07
  2.0449998E+03  5.1854092E+07
  2.0550000E+03  4.7820632E+07
  2.0649993E+03  4.6552904E+07
  2.0739993E+03  5.2537132E+07
  2.0780002E+03  5.3047816E+07
  2.0849993E+03  5.1896724E+07
  2.0950005E+03  4.9712312E+07
  2.1050002E+03  4.7167444E+07
  2.1149990E+03  4.7169728E+07
  2.1250000E+03  4.8538020E+07
  2.1350002E+03  3.9035144E+07
  2.1449998E+03  4.4739372E+07
  2.1550005E+03  4.6879620E+07
  2.1649995E+03  4.3435964E+07
  2.1750002E+03  4.2610592E+07
  2.1849998E+03  4.2702032E+07
  2.1950000E+03  4.6764536E+07
  2.2050000E+03  4.3733192E+07
  2.2149998E+03  3.8847184E+07
  2.2249998E+03  3.6951708E+07
  2.2350005E+03  4.3291784E+07
  2.2449990E+03  3.8430348E+07
  2.2549993E+03  3.6176588E+07
  2.2650000E+03  3.7481456E+07
  2.2750000E+03  3.9977648E+07
  2.2850000E+03  4.2054320E+07
  2.2950002E+03  3.9366152E+07
  2.3050000E+03  3.8284344E+07
  2.3149995E+03  3.5403980E+07
  2.3250000E+03  2.1427742E+07
  2.3349995E+03  2.9840292E+07
  2.3449993E+03  2.6497264E+07
  2.3550000E+03  3.4829644E+07
  2.3649988E+03  2.6612758E+07
  2.3750000E+03  3.0793174E+07
  2.3849990E+03  2.3758824E+07
  2.3950000E+03  2.8541866E+07
  2.4050005E+03  2.6591988E+07
  2.4149993E+03  2.8981246E+07
  2.4249990E+03  3.4465508E+07
  2.4349990E+03  3.2772458E+07
  2.4450000E+03  3.5663448E+07
  2.4549990E+03  3.4217144E+07
  2.4649990E+03  3.3754084E+07
  2.4749993E+03  3.2281360E+07
  2.4850005E+03  3.4550176E+07
  2.4950000E+03  3.2976868E+07
  2.5050005E+03  3.8507048E+07
  2.5129988E+03  3.2076660E+07
  2.5179990E+03  3.3761068E+07
  2.5249998E+03  3.0194190E+07
  2.5350007E+03  3.0017978E+07
  2.5449988E+03  3.0108888E+07
  2.5550000E+03  3.3413574E+07
  2.5649990E+03  3.1982582E+07
  2.5749990E+03  3.5508456E+07
  2.5849993E+03  3.4367716E+07
  2.5949990E+03  3.2254942E+07
  2.6049995E+03  3.0258454E+07
  2.6149998E+03  2.9456716E+07
  2.6249990E+03  3.3731792E+07
  2.6350007E+03  3.4742068E+07
  2.6449995E+03  4.1989764E+07
  2.6549998E+03  4.1216028E+07
  2.6649995E+03  3.6270156E+07
  2.6749988E+03  3.8708800E+07
  2.6849988E+03  3.7446932E+07
  2.6949988E+03  3.6248336E+07
  2.7050000E+03  3.7655152E+07
  2.7150000E+03  3.4911780E+07
  2.7249995E+03  3.5643820E+07
  2.7350007E+03  3.8918148E+07
  2.7450002E+03  2.9283576E+07
  2.7549998E+03  3.0876126E+07
  2.7649983E+03  3.2833734E+07
  2.7750005E+03  3.6837572E+07
  2.7850000E+03  3.5219824E+07
  2.7949993E+03  2.0941130E+07
  2.8049995E+03  2.5158874E+07
  2.8150002E+03  3.7606616E+07
  2.8250007E+03  3.9724260E+07
  2.8350000E+03  3.7450536E+07
  2.8450002E+03  3.6029224E+07
  2.8550005E+03  3.4649520E+07
  2.8650000E+03  3.8152808E+07
  2.8749983E+03  3.6505512E+07
  2.8850000E+03  3.7272608E+07
  2.8949988E+03  3.5318252E+07
  2.9099988E+03  4.0476112E+07
  2.9299983E+03  3.8679588E+07
  2.9499990E+03  3.8489780E+07
  2.9700005E+03  3.9404288E+07
  2.9899980E+03  4.0110712E+07
  3.0099995E+03  4.1094232E+07
  3.0299995E+03  4.0322496E+07
  3.0499995E+03  3.9874784E+07
  3.0699995E+03  3.9516428E+07
  3.0899995E+03  4.0521664E+07
  3.1099995E+03  3.9028404E+07
  3.1299998E+03  3.8846548E+07
  3.1499995E+03  3.9774820E+07
  3.1699995E+03  3.9480708E+07
  3.1899995E+03  3.7772900E+07
  3.2099998E+03  3.8839252E+07
  3.2299993E+03  3.7995056E+07
  3.2499993E+03  3.8445512E+07
  3.2699995E+03  3.8434676E+07
  3.2899995E+03  3.8825008E+07
  3.3099998E+03  3.9144668E+07
  3.3299993E+03  3.8244416E+07
  3.3499995E+03  3.7715272E+07
  3.3699995E+03  3.7683592E+07
  3.3899993E+03  3.7414012E+07
  3.4099993E+03  3.8272364E+07
  3.4299995E+03  3.8205196E+07
  3.4499993E+03  3.7924948E+07
  3.4699998E+03  3.7285652E+07
  3.4899993E+03  3.6983268E+07
  3.5099995E+03  3.7666888E+07
  3.5299995E+03  3.7891292E+07
  3.5499995E+03  3.7943844E+07
  3.5699995E+03  3.7147444E+07
  3.5899995E+03  3.6953932E+07
  3.6099995E+03  3.6912744E+07
  3.6299993E+03  3.6815888E+07
  3.6399993E+03  3.6605352E+07
  3.6499995E+03  3.7448500E+07
  3.6699993E+03  3.4705916E+07
  3.6899995E+03  4.3403120E+07
  3.7099995E+03  6.7638488E+07
  3.7299998E+03  7.3042824E+07
  3.7499993E+03  9.4782704E+07
  3.7699993E+03  9.5272048E+07
  3.7899995E+03  1.0919782E+08
  3.8099993E+03  1.1930234E+08
  3.8299998E+03  9.6632728E+07
  3.8499995E+03  1.2186609E+08
  3.8699995E+03  1.2514254E+08
  3.8899995E+03  9.2606720E+07
  3.9099995E+03  1.2148628E+08
  3.9299993E+03  1.1372804E+08
  3.9499993E+03  1.2095302E+08
  3.9699998E+03  8.5448504E+07
  3.9899995E+03  1.1879324E+08
  4.0099995E+03  1.1736522E+08
  4.0299993E+03  1.1555834E+08
  4.0499993E+03  1.1481490E+08
  4.0699993E+03  1.1227694E+08
  4.0899995E+03  1.0646340E+08
  4.1099995E+03  8.5319768E+07
  4.1299995E+03  1.0740391E+08
  4.1499990E+03  1.0850178E+08
  4.1699990E+03  1.0571078E+08
  4.1899995E+03  1.0501300E+08
  4.2099995E+03  1.0378169E+08
  4.2299995E+03  1.0226782E+08
  4.2499995E+03  1.0027097E+08
  4.2699990E+03  9.8649968E+07
  4.2899995E+03  9.8483520E+07
  4.3100000E+03  9.5008160E+07
  4.3299995E+03  8.6854632E+07
  4.3499995E+03  7.5326720E+07
  4.3699995E+03  9.3886864E+07
  4.3899995E+03  9.1494920E+07
  4.4099995E+03  9.0618480E+07
  4.4299995E+03  9.0483584E+07
  4.4499995E+03  8.9538912E+07
  4.4699995E+03  8.8432128E+07
  4.4899995E+03  8.6582784E+07
  4.5099990E+03  8.6411120E+07
  4.5299995E+03  8.4768568E+07
  4.5499990E+03  8.2390872E+07
  4.5699995E+03  8.3552712E+07
  4.5899990E+03  8.1195376E+07
  4.6099990E+03  8.2532760E+07
  4.6299990E+03  7.9613968E+07
  4.6499990E+03  8.0359288E+07
  4.6699990E+03  7.9028128E+07
  4.6899990E+03  7.8333288E+07
  4.7099995E+03  7.5738568E+07
  4.7299990E+03  7.6576208E+07
  4.7499995E+03  7.5829160E+07
  4.7699995E+03  7.5045600E+07
  4.7899990E+03  7.4173944E+07
  4.8099995E+03  7.2867960E+07
  4.8299995E+03  7.1660176E+07
  4.8499990E+03  6.5110892E+07
  4.8700000E+03  5.3646996E+07
  4.8899990E+03  6.9153056E+07
  4.9099990E+03  6.8854936E+07
  4.9299990E+03  6.7375144E+07
  4.9499995E+03  6.7251528E+07
  4.9699995E+03  6.6853192E+07
  4.9899990E+03  6.5648136E+07
  5.0099995E+03  6.3763692E+07
  5.0299995E+03  6.3738588E+07
  5.0499995E+03  6.2707352E+07
  5.0699995E+03  6.2631288E+07
  5.0899995E+03  6.1972848E+07
  5.1099990E+03  6.1086172E+07
  5.1299995E+03  6.0436136E+07
  5.1499985E+03  5.9338420E+07
  5.1700000E+03  5.8199404E+07
  5.1899990E+03  5.7788096E+07
  5.2099990E+03  5.7545136E+07
  5.2299995E+03  5.6216116E+07
  5.2499995E+03  5.6447432E+07
  5.2699995E+03  5.4911560E+07
  5.2899990E+03  5.5373540E+07
  5.3099995E+03  5.3993848E+07
  5.3299990E+03  5.3838724E+07
  5.3499995E+03  5.3835744E+07
  5.3699995E+03  5.3021344E+07
  5.3899995E+03  5.2463904E+07
  5.4099990E+03  5.1642952E+07
  5.4299990E+03  5.1138004E+07
  5.4499990E+03  5.0957428E+07
  5.4699995E+03  5.0358836E+07
  5.4899995E+03  4.9905092E+07
  5.5099995E+03  4.9280396E+07
  5.5299985E+03  4.8720096E+07
  5.5499990E+03  4.8424624E+07
  5.5699990E+03  4.7845564E+07
  5.5899995E+03  4.7439908E+07
  5.6099990E+03  4.7062764E+07
  5.6299995E+03  4.6532868E+07
  5.6499990E+03  4.5904264E+07
  5.6699990E+03  4.5489592E+07
  5.6899995E+03  4.5121492E+07
  5.7099995E+03  4.4666140E+07
  5.7299990E+03  4.4218344E+07
  5.7499990E+03  4.3734660E+07
  5.7699990E+03  4.3301868E+07
  5.7899995E+03  4.2775104E+07
  5.8099985E+03  4.2387380E+07
  5.8300000E+03  4.1941864E+07
  5.8499990E+03  4.1577424E+07
  5.8699985E+03  4.1057332E+07
  5.8899985E+03  4.0417364E+07
  5.9099995E+03  4.0297420E+07
  5.9299985E+03  3.9923224E+07
  5.9499995E+03  3.9348796E+07
  5.9699990E+03  3.9070804E+07
  5.9899990E+03  3.8537344E+07
  6.0099990E+03  3.8309440E+07
  6.0299995E+03  3.7973872E+07
  6.0499990E+03  3.7541056E+07
  6.0699990E+03  3.7201028E+07
  6.0899995E+03  3.6828076E+07
  6.1099985E+03  3.6447108E+07
  6.1299995E+03  3.6083336E+07
  6.1499985E+03  3.5213564E+07
  6.1699985E+03  3.5396328E+07
  6.1900000E+03  3.5085356E+07
  6.2099995E+03  3.4760096E+07
  6.2299985E+03  3.4367420E+07
  6.2499990E+03  3.3627980E+07
  6.2699985E+03  3.3773160E+07
  6.2900000E+03  3.3441588E+07
  6.3099985E+03  3.2999082E+07
  6.3299995E+03  3.2789934E+07
  6.3499985E+03  3.2113766E+07
  6.3699985E+03  3.1891074E+07
  6.3899995E+03  3.1808922E+07
  6.4099990E+03  3.1458532E+07
  6.4299985E+03  3.1223052E+07
  6.4499985E+03  3.0647578E+07
  6.4699990E+03  3.0696882E+07
  6.4899990E+03  3.0240540E+07
  6.5099985E+03  2.9941240E+07
  6.5299990E+03  2.9573454E+07
  6.5499985E+03  2.7513968E+07
  6.5699985E+03  2.2226132E+07
  6.5899995E+03  2.8534248E+07
  6.6099985E+03  2.8628274E+07
  6.6299990E+03  2.8436956E+07
  6.6499985E+03  2.8220170E+07
  6.6699995E+03  2.7941090E+07
  6.6899990E+03  2.7695160E+07
  6.7099995E+03  2.7469222E+07
  6.7299990E+03  2.7156486E+07
  6.7499995E+03  2.6961892E+07
  6.7699985E+03  2.6731318E+07
  6.7899995E+03  2.6480918E+07
  6.8099995E+03  2.6247618E+07
  6.8300000E+03  2.5984290E+07
  6.8499985E+03  2.5761332E+07
  6.8699985E+03  2.5542110E+07
  6.8899985E+03  2.5320238E+07
  6.9099990E+03  2.5087082E+07
  6.9299995E+03  2.4855412E+07
  6.9499990E+03  2.4643934E+07
  6.9699985E+03  2.4425938E+07
  6.9899985E+03  2.4229304E+07
  7.0099985E+03  2.3941750E+07
  7.0299985E+03  2.3795808E+07
  7.0499990E+03  2.3563962E+07
  7.0699980E+03  2.3377328E+07
  7.0899990E+03  2.3190158E+07
  7.1099990E+03  2.2859410E+07
  7.1299995E+03  2.2752092E+07
  7.1499990E+03  2.2563824E+07
  7.1699995E+03  2.2383158E+07
  7.1899985E+03  2.2178648E+07
  7.2099985E+03  2.2002150E+07
  7.2299980E+03  2.1756632E+07
  7.2499990E+03  2.1600918E+07
  7.2699995E+03  2.1442312E+07
  7.2899990E+03  2.1240466E+07
  7.3099980E+03  2.1016536E+07
  7.3299980E+03  2.0889384E+07
  7.3499980E+03  2.0727038E+07
  7.3699985E+03  2.0567530E+07
  7.3899995E+03  2.0381846E+07
  7.4099985E+03  2.0140928E+07
  7.4299995E+03  1.9959620E+07
  7.4500000E+03  1.9809832E+07
  7.4700000E+03  1.9596552E+07
  7.4899990E+03  1.9492714E+07
  7.5099985E+03  1.9321568E+07
  7.5299995E+03  1.9216404E+07
  7.5499980E+03  1.9072438E+07
  7.5699985E+03  1.8907364E+07
  7.5899990E+03  1.8754876E+07
  7.6099980E+03  1.8611544E+07
  7.6299995E+03  1.8450680E+07
  7.6499995E+03  1.8270002E+07
  7.6699980E+03  1.8133866E+07
  7.6899990E+03  1.7996340E+07
  7.7099995E+03  1.7786480E+07
  7.7299985E+03  1.7710328E+07
  7.7499990E+03  1.7566348E+07
  7.7700000E+03  1.7059190E+07
  7.7900000E+03  1.7287078E+07
  7.8099995E+03  1.7154184E+07
  7.8299980E+03  1.7000920E+07
  7.8499980E+03  1.6831258E+07
  7.8699995E+03  1.6649101E+07
  7.8900000E+03  1.6503072E+07
  7.9099995E+03  1.6451036E+07
  7.9300000E+03  1.6341797E+07
  7.9499985E+03  1.6127952E+07
  7.9699990E+03  1.6092775E+07
  7.9900000E+03  1.5759146E+07
  8.0099980E+03  1.5835570E+07
  8.0299985E+03  1.5708292E+07
  8.0500000E+03  1.5590216E+07
  8.0699985E+03  1.5460979E+07
  8.0899990E+03  1.5344333E+07
  8.1099995E+03  1.5220055E+07
  8.1299976E+03  1.5114494E+07
  8.1499976E+03  1.4997299E+07
  8.1699980E+03  1.4882758E+07
  8.1899985E+03  1.4688842E+07
  8.2099990E+03  1.4641394E+07
  8.2300000E+03  1.4517476E+07
  8.2500000E+03  1.4461565E+07
  8.2700000E+03  1.4372423E+07
  8.2899980E+03  1.4041135E+07
  8.3099990E+03  1.3661575E+07
  8.3299980E+03  1.3281157E+07
  8.3500000E+03  1.3317564E+07
  8.3699990E+03  1.2937262E+07
  8.3899990E+03  1.3184461E+07
  8.4099971E+03  1.3258726E+07
  8.4300000E+03  1.3953428E+07
  8.4499990E+03  1.3857384E+07
  8.4699980E+03  1.2839436E+07
  8.4899980E+03  1.5095962E+07
  8.5099990E+03  1.2782482E+07
  8.5299990E+03  1.5388083E+07
  8.5499990E+03  1.2256550E+07
  8.5699990E+03  1.5473547E+07
  8.5900000E+03  1.3883164E+07
  8.6099980E+03  1.3290738E+07
  8.6299990E+03  1.5256100E+07
  8.6499990E+03  1.4768230E+07
  8.6699990E+03  1.1730169E+07
  8.6899990E+03  1.4653541E+07
  8.7099971E+03  1.4870377E+07
  8.7299990E+03  1.4569986E+07
  8.7499980E+03  1.1540276E+07
  8.7699980E+03  1.4111656E+07
  8.7899980E+03  1.4501458E+07
  8.8099990E+03  1.4370165E+07
  8.8299980E+03  1.4141342E+07
  8.8499980E+03  1.3420932E+07
  8.8699980E+03  1.1208110E+07
  8.8899990E+03  1.3826209E+07
  8.9099971E+03  1.3786044E+07
  8.9299980E+03  1.3698847E+07
  8.9499980E+03  1.3700715E+07
  8.9699990E+03  1.3568045E+07
  8.9899990E+03  1.3335739E+07
  9.0099980E+03  1.1015650E+07
  9.0299990E+03  1.2188479E+07
  9.0499990E+03  1.3091880E+07
  9.0699980E+03  1.2843702E+07
  9.0899990E+03  1.2706999E+07
  9.1099980E+03  1.2797437E+07
  9.1299980E+03  1.2754990E+07
  9.1499980E+03  1.2710090E+07
  9.1699980E+03  1.2577649E+07
  9.1899990E+03  1.2380219E+07
  9.2099990E+03  1.2062694E+07
  9.2299980E+03  9.5743310E+06
  9.2499980E+03  1.1713788E+07
  9.2699971E+03  1.1761502E+07
  9.2899990E+03  1.2031315E+07
  9.3099980E+03  1.1974464E+07
  9.3299990E+03  1.1873410E+07
  9.3499980E+03  1.1808451E+07
  9.3699990E+03  1.1725910E+07
  9.3900000E+03  1.1555520E+07
  9.4099980E+03  1.1365204E+07
  9.4299971E+03  1.1450077E+07
  9.4499990E+03  1.1383940E+07
  9.4700000E+03  1.1288014E+07
  9.4899980E+03  1.1212045E+07
  9.5100000E+03  1.1087451E+07
  9.5300000E+03  1.0703723E+07
  9.5500000E+03  8.6518170E+06
  9.5699990E+03  1.0662974E+07
  9.5899980E+03  1.0793873E+07
  9.6099980E+03  1.0701671E+07
  9.6299990E+03  1.0513049E+07
  9.6499990E+03  1.0598165E+07
  9.6699980E+03  1.0451638E+07
  9.6899980E+03  1.0439433E+07
  9.7100000E+03  1.0388476E+07
  9.7299990E+03  1.0309206E+07
  9.7499980E+03  1.0232082E+07
  9.7699961E+03  1.0168926E+07
  9.7899980E+03  1.0094004E+07
  9.8099980E+03  1.0014132E+07
  9.8299990E+03  9.9270290E+06
  9.8499980E+03  9.8514230E+06
  9.8700000E+03  9.7933580E+06
  9.8899980E+03  9.6794570E+06
  9.9099990E+03  9.6691960E+06
  9.9300000E+03  9.5825260E+06
  9.9499980E+03  9.5330120E+06
  9.9699980E+03  9.4800210E+06
  9.9899990E+03  9.4077480E+06
  1.0024998E+04  8.9260830E+06
  1.0074998E+04  8.4721290E+06
  1.0124997E+04  8.9068210E+06
  1.0174997E+04  8.8205910E+06
  1.0224998E+04  8.6902140E+06
  1.0274997E+04  8.5437550E+06
  1.0325000E+04  8.3929990E+06
  1.0374999E+04  8.2573505E+06
  1.0425000E+04  8.1249490E+06
  1.0474998E+04  7.9655130E+06
  1.0524997E+04  7.8287970E+06
  1.0574999E+04  7.7199015E+06
  1.0625000E+04  7.6026965E+06
  1.0674997E+04  7.3984170E+06
  1.0724998E+04  7.3223890E+06
  1.0774999E+04  7.2289530E+06
  1.0824997E+04  7.1157120E+06
  1.0874997E+04  6.9918180E+06
  1.0924999E+04  6.2253510E+06
  1.0974996E+04  6.6601220E+06
  1.1025000E+04  6.6891075E+06
  1.1074998E+04  6.5861545E+06
  1.1124999E+04  6.4823395E+06
  1.1174998E+04  6.3819260E+06
  1.1224999E+04  6.2839365E+06
  1.1274997E+04  6.1142350E+06
  1.1325000E+04  6.0304010E+06
  1.1375000E+04  5.9938080E+06
  1.1425000E+04  5.8987455E+06
  1.1474997E+04  5.8182720E+06
  1.1525000E+04  5.7315900E+06
  1.1574998E+04  5.6436600E+06
  1.1625000E+04  5.5352785E+06
  1.1674998E+04  5.4387735E+06
  1.1724997E+04  5.3941315E+06
  1.1775001E+04  5.2628255E+06
  1.1824999E+04  5.2186845E+06
  1.1875000E+04  5.1299470E+06
  1.1925000E+04  5.0843700E+06
  1.1975001E+04  4.9926090E+06
  1.2024998E+04  4.9342450E+06
  1.2074996E+04  4.8567775E+06
  1.2125000E+04  4.7881005E+06
  1.2175000E+04  4.7231850E+06
  1.2225001E+04  4.6541260E+06
  1.2275001E+04  4.5825340E+06
  1.2324996E+04  4.5198875E+06
  1.2374996E+04  4.4571145E+06
  1.2424998E+04  4.3981305E+06
  1.2475000E+04  4.3210645E+06
  1.2524997E+04  4.2743890E+06
  1.2574997E+04  4.1994880E+06
  1.2624999E+04  4.1490348E+06
  1.2674997E+04  4.0983098E+06
  1.2724999E+04  4.0422018E+06
  1.2774999E+04  3.9596060E+06
  1.2825000E+04  3.5501820E+06
  1.2875001E+04  3.8615180E+06
  1.2924997E+04  3.8247108E+06
  1.2975001E+04  3.7726860E+06
  1.3024998E+04  3.7222382E+06
  1.3074999E+04  3.6720072E+06
  1.3125000E+04  3.6224318E+06
  1.3174998E+04  3.5630860E+06
  1.3224998E+04  3.5262870E+06
  1.3274997E+04  3.4792515E+06
  1.3324997E+04  3.4332448E+06
  1.3374999E+04  3.3876162E+06
  1.3424999E+04  3.3417360E+06
  1.3474999E+04  3.2960270E+06
  1.3525001E+04  3.2492525E+06
  1.3574999E+04  3.2092120E+06
  1.3624997E+04  3.1686552E+06
  1.3674997E+04  3.1239705E+06
  1.3724995E+04  3.0794530E+06
  1.3774998E+04  3.0485998E+06
  1.3824998E+04  3.0096370E+06
  1.3874996E+04  2.9723308E+06
  1.3925000E+04  2.9319818E+06
  1.3974996E+04  2.8963808E+06
  1.4024997E+04  2.8600602E+06
  1.4075001E+04  2.8241808E+06
  1.4124996E+04  2.7877965E+06
  1.4175000E+04  2.7531630E+06
  1.4225000E+04  2.7185760E+06
  1.4274994E+04  2.6847770E+06
  1.4325001E+04  2.6510112E+06
  1.4374998E+04  2.6185642E+06
  1.4424999E+04  2.5685772E+06
  1.4475000E+04  2.5539195E+06
  1.4524997E+04  2.5126185E+06
  1.4569999E+04  2.4946365E+06
  1.4620000E+04  2.5285398E+06
  1.4674998E+04  2.5544060E+06
  1.4725000E+04  2.4747112E+06
  1.4775002E+04  2.4003498E+06
  1.4824998E+04  2.3481902E+06
  1.4874996E+04  2.2871412E+06
  1.4924997E+04  2.2466428E+06
  1.4974999E+04  2.2158732E+06
  1.5024999E+04  2.1724462E+06
  1.5075000E+04  2.1547435E+06
  1.5124999E+04  2.1337690E+06
  1.5175000E+04  2.1251295E+06
  1.5225002E+04  2.1544252E+06
  1.5274998E+04  2.0521868E+06
  1.5324995E+04  2.0567844E+06
  1.5374997E+04  2.0976138E+06
  1.5425001E+04  1.9872914E+06
  1.5474996E+04  2.0657150E+06
  1.5524994E+04  2.0571204E+06
  1.5575001E+04  1.8990349E+06
  1.5624998E+04  2.0475379E+06
  1.5674997E+04  1.9589061E+06
  1.5724994E+04  1.8565809E+06
  1.5774996E+04  1.9785065E+06
  1.5825001E+04  1.9550410E+06
  1.5874995E+04  1.7511029E+06
  1.5925002E+04  1.8903078E+06
  1.5975001E+04  1.8972414E+06
  1.6049998E+04  1.8472321E+06
  1.6150001E+04  1.7324178E+06
  1.6249997E+04  1.7830669E+06
  1.6350000E+04  1.7235529E+06
  1.6449996E+04  1.6213578E+06
  1.6549998E+04  1.6670184E+06
  1.6649994E+04  1.6303399E+06
  1.6749998E+04  1.5758840E+06
  1.6849998E+04  1.4839905E+06
  1.6950000E+04  1.5260635E+06
  1.7049996E+04  1.4927940E+06
  1.7150000E+04  1.4618582E+06
  1.7249992E+04  1.4281209E+06
  1.7349994E+04  1.3203451E+06
  1.7449992E+04  1.3634048E+06
  1.7550000E+04  1.3399599E+06
  1.7649998E+04  1.3123635E+06
  1.7749994E+04  1.2862590E+06
  1.7849994E+04  1.2598271E+06
  1.7949998E+04  1.2353054E+06
  1.8050002E+04  1.2058136E+06
  1.8150002E+04  1.1241519E+06
  1.8249994E+04  1.1513660E+06
  1.8349992E+04  1.1380681E+06
  1.8449992E+04  1.1155828E+06
  1.8549998E+04  1.0919925E+06
  1.8650002E+04  1.0703810E+06
  1.8750002E+04  9.9215856E+05
  1.8850000E+04  1.0268266E+06
  1.8950004E+04  1.0091564E+06
  1.9049996E+04  9.9082531E+05
  1.9149998E+04  9.7172062E+05
  1.9249992E+04  9.5295925E+05
  1.9350000E+04  9.3348506E+05
  1.9449992E+04  8.6789500E+05
  1.9550002E+04  8.9860369E+05
  1.9649992E+04  8.8291544E+05
  1.9749992E+04  8.6604844E+05
  1.9849992E+04  8.5024044E+05
  1.9950002E+04  8.3444875E+05
  2.0050002E+04  8.1910781E+05
  2.0149996E+04  8.0404875E+05
  2.0249994E+04  7.8930112E+05
  2.0349994E+04  7.7488562E+05
  2.0449996E+04  7.6092075E+05
  2.0550000E+04  7.4717231E+05
  2.0649992E+04  7.3358406E+05
  2.0749998E+04  7.2058006E+05
  2.0849992E+04  7.0779212E+05
  2.0950004E+04  6.9523938E+05
  2.1050002E+04  6.8290212E+05
  2.1149992E+04  6.7032075E+05
  2.1250000E+04  6.5860338E+05
  2.1350002E+04  6.4708412E+05
  2.1449996E+04  6.3634888E+05
  2.1550006E+04  6.2490744E+05
  2.1649994E+04  5.8299619E+05
  2.1750002E+04  6.0253381E+05
  2.1849998E+04  5.9395400E+05
  2.1950002E+04  5.8397212E+05
  2.2050000E+04  5.7403056E+05
  2.2149996E+04  5.6401412E+05
  2.2249998E+04  5.5501381E+05
  2.2350004E+04  5.4573650E+05
  2.2449990E+04  5.3670031E+05
  2.2549994E+04  5.2770538E+05
  2.2650000E+04  5.1911972E+05
  2.2750000E+04  5.1060631E+05
  2.2850000E+04  5.0504288E+05
  2.2950004E+04  5.0435619E+05
  2.3050000E+04  4.9332434E+05
  2.3149996E+04  4.8260450E+05
  2.3250000E+04  4.7263553E+05
  2.3349996E+04  4.6310972E+05
  2.3449994E+04  4.5398919E+05
  2.3550002E+04  4.4494503E+05
  2.3649988E+04  4.3762769E+05
  2.3750000E+04  4.3103097E+05
  2.3849990E+04  4.2409300E+05
  2.3950002E+04  4.1752419E+05
  2.4050006E+04  4.0989059E+05
  2.4149992E+04  4.0224669E+05
  2.4249990E+04  4.0342694E+05
  2.4349990E+04  3.9136459E+05
  2.4450002E+04  3.8487978E+05
  2.4549990E+04  3.8555778E+05
  2.4649992E+04  3.7574588E+05
  2.4749992E+04  3.7031716E+05
  2.4850006E+04  3.7253403E+05
  2.4950000E+04  3.5055697E+05
  2.5050006E+04  3.6294084E+05
  2.5149994E+04  3.5676109E+05
  2.5249998E+04  3.3439978E+05
  2.5350004E+04  3.4528534E+05
  2.5449988E+04  3.4172266E+05
  2.5549998E+04  3.3512262E+05
  2.5649990E+04  3.1419138E+05
  2.5749990E+04  3.2599416E+05
  2.5849994E+04  3.2196016E+05
  2.5949990E+04  3.1743606E+05
  2.6049996E+04  3.1011806E+05
  2.6149998E+04  2.9206594E+05
  2.6249988E+04  2.8602894E+05
  2.6350008E+04  2.9797988E+05
  2.6449996E+04  2.9521962E+05
  2.6549994E+04  2.9095841E+05
  2.6649994E+04  2.8593578E+05
  2.6749988E+04  2.6733359E+05
  2.6849986E+04  2.7796088E+05
  2.6949986E+04  2.7493197E+05
  2.7050002E+04  2.7105425E+05
  2.7149998E+04  2.6732869E+05
  2.7249994E+04  2.6360988E+05
  2.7350006E+04  2.5994792E+05
  2.7450004E+04  2.5613253E+05
  2.7549996E+04  2.4077583E+05
  2.7649982E+04  2.4593639E+05
  2.7750004E+04  2.4597684E+05
  2.7850000E+04  2.4263019E+05
  2.7949992E+04  2.3934442E+05
  2.8049994E+04  2.3610867E+05
  2.8150002E+04  2.3291744E+05
  2.8250006E+04  2.2978433E+05
  2.8350000E+04  2.2672719E+05
  2.8450000E+04  2.2363741E+05
  2.8550002E+04  2.2071466E+05
  2.8650002E+04  2.1626211E+05
  2.8749982E+04  2.0383091E+05
  2.8849998E+04  2.1177139E+05
  2.8949986E+04  2.0910639E+05
  2.9049994E+04  2.0657989E+05
  2.9149986E+04  2.0375516E+05
  2.9249984E+04  2.0122389E+05
  2.9349980E+04  1.9862180E+05
  2.9450000E+04  1.9607173E+05
  2.9550004E+04  1.9355611E+05
  2.9649982E+04  1.9107023E+05
  2.9749992E+04  1.8863423E+05
  2.9849994E+04  1.8623088E+05
  2.9949984E+04  1.8385969E+05
  3.0049996E+04  1.8152812E+05
  3.0149994E+04  1.7923188E+05
  3.0249994E+04  1.7686722E+05
  3.0349996E+04  1.6804317E+05
  3.0449996E+04  1.6935066E+05
  3.0549996E+04  1.7038720E+05
  3.0649996E+04  1.6831873E+05
  3.0749994E+04  1.6622973E+05
  3.0849996E+04  1.6406919E+05
  3.0949994E+04  1.6215333E+05
  3.1049996E+04  1.6015706E+05
  3.1149996E+04  1.5817531E+05
  3.1249996E+04  1.5623489E+05
  3.1349996E+04  1.5437347E+05
  3.1449996E+04  1.5246397E+05
  3.1549998E+04  1.5067391E+05
  3.1649996E+04  1.4886209E+05
  3.1749998E+04  1.4705506E+05
  3.1849996E+04  1.4531978E+05
  3.1949994E+04  1.4357381E+05
  3.2099996E+04  1.4102128E+05
  3.2299992E+04  1.3771314E+05
  3.2499994E+04  1.3449328E+05
  3.2699996E+04  1.3135577E+05
  3.2899996E+04  1.2452195E+05
  3.3099996E+04  1.2580349E+05
  3.3299992E+04  1.2327089E+05
  3.3499996E+04  1.2020547E+05
  3.3699996E+04  1.1718072E+05
  3.3899996E+04  1.1434334E+05
  3.4099996E+04  1.1161935E+05
  3.4299996E+04  1.0896373E+05
  3.4499992E+04  1.0653295E+05
  3.4699996E+04  1.0420084E+05
  3.4899996E+04  1.0185629E+05
  3.5099996E+04  9.9744781E+04
  3.5299996E+04  9.7650266E+04
  3.5499996E+04  9.5288586E+04
  3.5699992E+04  9.3079984E+04
  3.5899992E+04  9.2218234E+04
  3.6099996E+04  8.8987766E+04
  3.6299992E+04  8.8504516E+04
  3.6499992E+04  8.5147773E+04
  3.6699992E+04  8.5022219E+04
  3.6899992E+04  8.1399883E+04
  3.7099996E+04  8.1444258E+04
  3.7299996E+04  7.8840211E+04
  3.7499992E+04  7.5220719E+04
  3.7699996E+04  7.6603547E+04
  3.7899996E+04  7.5128398E+04
  3.8099992E+04  7.2405664E+04
  3.8299996E+04  7.1320117E+04
  3.8499996E+04  7.0708141E+04
  3.8699996E+04  6.9277398E+04
  3.8899992E+04  6.7807539E+04
  3.9099996E+04  6.4752422E+04
  3.9299992E+04  6.5295145E+04
  3.9499992E+04  6.4012645E+04
  3.9699992E+04  6.2800414E+04
  3.9900000E+04  6.1566590E+04
  4.0099996E+04  5.9738059E+04
  4.0299992E+04  5.8072609E+04
  4.0499996E+04  5.6579438E+04
  4.0699992E+04  5.6995871E+04
  4.0899992E+04  5.5953371E+04
  4.1099996E+04  5.4917242E+04
  4.1299996E+04  5.3894102E+04
  4.1499992E+04  5.2859672E+04
  4.1699992E+04  5.0393141E+04
  4.1899996E+04  5.0911031E+04
  4.2099996E+04  5.0024613E+04
  4.2299992E+04  4.9125281E+04
  4.2499996E+04  4.8234348E+04
  4.2699992E+04  4.7366191E+04
  4.2899992E+04  4.6514129E+04
  4.3099996E+04  4.5681887E+04
  4.3299996E+04  4.4869031E+04
  4.3499992E+04  4.4075137E+04
  4.3699996E+04  4.2147688E+04
  4.3899996E+04  4.2345113E+04
  4.4099992E+04  4.1791438E+04
  4.4299992E+04  4.1065562E+04
  4.4499996E+04  4.0352910E+04
  4.4699996E+04  3.9849320E+04
  4.4899996E+04  3.9162480E+04
  4.5099992E+04  3.8493641E+04
  4.5299992E+04  3.7833215E+04
  4.5499996E+04  3.7193805E+04
  4.5699992E+04  3.6564121E+04
  4.5899996E+04  3.5947547E+04
  4.6099996E+04  3.5347367E+04
  4.6299992E+04  3.4742137E+04
  4.6499988E+04  3.3341039E+04
  4.6699992E+04  3.2510201E+04
  4.6899992E+04  3.2983695E+04
  4.7099992E+04  3.2515678E+04
  4.7299992E+04  3.1985332E+04
  4.7499996E+04  3.1457730E+04
  4.7699992E+04  3.0951098E+04
  4.7899992E+04  3.0453449E+04
  4.8099996E+04  2.9962980E+04
  4.8299992E+04  2.9482816E+04
  4.8499992E+04  2.9012736E+04
  4.8700000E+04  2.8550947E+04
  4.8899992E+04  2.8098895E+04
  4.9099988E+04  2.7654803E+04
  4.9299988E+04  2.7221623E+04
  4.9499996E+04  2.6794518E+04
  4.9699992E+04  2.6377984E+04
  4.9899988E+04  2.5967250E+04
  5.0099996E+04  2.5565215E+04
  5.0299996E+04  2.5170232E+04
  5.0499996E+04  2.4785129E+04
  5.0699996E+04  2.4406770E+04
  5.0899992E+04  2.4035039E+04
  5.1099992E+04  2.3630852E+04
  5.1299996E+04  2.2596629E+04
  5.1499988E+04  2.2942764E+04
  5.1699996E+04  2.2616191E+04
  5.1899992E+04  2.2278586E+04
  5.2099992E+04  2.1946871E+04
  5.2299996E+04  2.1620945E+04
  5.2499996E+04  2.1300709E+04
  5.2699996E+04  2.0987416E+04
  5.2899992E+04  2.0679592E+04
  5.3099988E+04  2.0377135E+04
  5.3299988E+04  2.0079951E+04
  5.3499992E+04  1.9787947E+04
  5.3699992E+04  1.9502346E+04
  5.3899992E+04  1.9221729E+04
  5.4099992E+04  1.8944713E+04
  5.4299984E+04  1.8673816E+04
  5.4499988E+04  1.8407639E+04
  5.4699996E+04  1.8146102E+04
  5.4899992E+04  1.7889139E+04
  5.5099992E+04  1.7636660E+04
  5.5299988E+04  1.7389826E+04
  5.5499988E+04  1.7146084E+04
  5.5699992E+04  1.6905385E+04
  5.5899992E+04  1.6670096E+04
  5.6099988E+04  1.6438932E+04
  5.6299996E+04  1.6212990E+04
  5.6499988E+04  1.5989843E+04
  5.6699988E+04  1.5770601E+04
  5.6899992E+04  1.5555203E+04
  5.7099996E+04  1.5342430E+04
  5.7299988E+04  1.5134548E+04
  5.7499988E+04  1.4930313E+04
  5.7699988E+04  1.4728543E+04
  5.7899996E+04  1.4530318E+04
  5.8099988E+04  1.4335594E+04
  5.8299996E+04  1.4144295E+04
  5.8499992E+04  1.3991607E+04
  5.8699988E+04  1.3806773E+04
  5.8899988E+04  1.3591545E+04
  5.9099992E+04  1.3051014E+04
  5.9299988E+04  1.3253460E+04
  5.9499996E+04  1.3093210E+04
  5.9699988E+04  1.2923186E+04
  5.9899992E+04  1.2754081E+04
  6.0099992E+04  1.2589025E+04
  6.0299992E+04  1.2425875E+04
  6.0499988E+04  1.2265634E+04
  6.0699992E+04  1.2108252E+04
  6.0899992E+04  1.1953687E+04
  6.1099988E+04  1.1799875E+04
  6.1299992E+04  1.1650816E+04
  6.1499988E+04  1.1502450E+04
  6.1699988E+04  1.1357739E+04
  6.1899996E+04  1.1213668E+04
  6.2099996E+04  1.1073172E+04
  6.2299988E+04  1.0934249E+04
  6.2499992E+04  1.0797835E+04
  6.2699988E+04  1.0662938E+04
  6.2899996E+04  1.0531436E+04
  6.3099984E+04  1.0400443E+04
  6.3299996E+04  1.0271829E+04
  6.3499984E+04  1.0145565E+04
  6.3699984E+04  1.0021608E+04
  6.3900000E+04  9.8989971E+03
  6.4199992E+04  9.7189551E+03
  6.4599984E+04  9.4852246E+03
  6.4999992E+04  9.2582715E+03
  6.5399992E+04  9.0379102E+03
  6.5799992E+04  8.8239453E+03
  6.6199984E+04  8.6153379E+03
  6.6599984E+04  8.4148252E+03
  6.6999992E+04  8.2193955E+03
  6.7399992E+04  8.0294077E+03
  6.7799992E+04  7.8448770E+03
  6.8199992E+04  7.6657300E+03
  6.8599992E+04  7.4910156E+03
  6.8999984E+04  7.3220439E+03
  6.9399984E+04  7.1575522E+03
  6.9800000E+04  6.9978047E+03
  7.0199992E+04  6.8426045E+03
  7.0599984E+04  6.6912163E+03
  7.0999977E+04  6.5445166E+03
  7.1399977E+04  6.4008940E+03
  7.1799984E+04  6.2620293E+03
  7.2199984E+04  6.1264199E+03
  7.2600000E+04  5.9948379E+03
  7.2999984E+04  5.8671118E+03
  7.3400000E+04  5.7422910E+03
  7.3799984E+04  5.6207974E+03
  7.4199992E+04  5.5026060E+03
  7.4599992E+04  5.3324644E+03
  7.5000000E+04  5.1936919E+03
  7.5399992E+04  5.1656372E+03
  7.5799992E+04  5.0601191E+03
  7.6199984E+04  4.9565918E+03
  7.6599992E+04  4.8555854E+03
  7.6999992E+04  4.7572319E+03
  7.7399992E+04  4.6612134E+03
  7.7799984E+04  4.5677222E+03
  7.8199984E+04  4.4765112E+03
  7.8599984E+04  4.3875854E+03
  7.8999984E+04  4.3008311E+03
  7.9399984E+04  4.2161943E+03
  7.9800000E+04  4.1336250E+03
  8.0199992E+04  4.0531355E+03
  8.0599984E+04  3.9745002E+03
  8.0999992E+04  3.8978467E+03
  8.1399977E+04  3.8229612E+03
  8.1799984E+04  3.7499119E+03
  8.2199984E+04  3.6785461E+03
  8.2599992E+04  3.6089348E+03
  8.2999984E+04  3.5408762E+03
  8.3400000E+04  3.4743308E+03
  8.3799992E+04  3.4093225E+03
  8.4199992E+04  3.3461335E+03
  8.4599977E+04  3.2843538E+03
  8.4999977E+04  3.2238979E+03
  8.5399984E+04  3.1647371E+03
  8.5799984E+04  3.1069978E+03
  8.6199992E+04  3.0505461E+03
  8.6599992E+04  2.9954048E+03
  8.6999984E+04  2.9414949E+03
  8.7399992E+04  2.8887888E+03
  8.7799992E+04  2.8372612E+03
  8.8199984E+04  2.7868384E+03
  8.8599977E+04  2.7374966E+03
  8.8999992E+04  2.6893064E+03
  8.9399977E+04  2.6421985E+03
  8.9799977E+04  2.5960547E+03
  9.0199984E+04  2.5509468E+03
  9.0599984E+04  2.5068083E+03
  9.0999992E+04  2.4635735E+03
  9.1400000E+04  2.4213127E+03
  9.1799969E+04  2.3799639E+03
  9.2199969E+04  2.3394597E+03
  9.2599984E+04  2.2998281E+03
  9.3000000E+04  2.2610081E+03
  9.3399984E+04  2.2230276E+03
  9.3799984E+04  2.1858250E+03
  9.4199977E+04  2.1493853E+03
  9.4599984E+04  2.1137344E+03
  9.4999969E+04  2.0788162E+03
  9.5399984E+04  2.0445723E+03
  9.5799984E+04  2.0110737E+03
  9.6199992E+04  1.9782634E+03
  9.6599984E+04  1.9460886E+03
  9.7000000E+04  1.9145756E+03
  9.7399977E+04  1.8836740E+03
  9.7799984E+04  1.8534476E+03
  9.8199977E+04  1.8237683E+03
  9.8599977E+04  1.7947021E+03
  9.8999992E+04  1.7662366E+03
  9.9399984E+04  1.7382855E+03
  9.9799977E+04  1.7109142E+03
  1.0019999E+05  1.6840728E+03
  1.9999991E+05  1.0797179E+02
  3.9999994E+05  6.7197423E+00
  5.9999981E+05  1.3161595E+00
  7.9999994E+05  4.1312903E-01
