  5.0599994E+02  1.3448068E-09
  5.1199994E+02  2.4176716E-09
  5.2000000E+02  4.5351465E-09
  5.2999994E+02  9.7304165E-09
  5.3999994E+02  2.0054966E-08
  5.4999988E+02  4.0585061E-08
  5.5999988E+02  7.9984922E-08
  5.6999988E+02  1.5407912E-07
  5.7999994E+02  2.8906760E-07
  5.8999988E+02  5.3768622E-07
  5.9999988E+02  9.7648194E-07
  6.0999988E+02  1.7444537E-06
  6.1999994E+02  3.0641415E-06
  6.2999988E+02  5.3002718E-06
  6.3999994E+02  9.0353396E-06
  6.4999994E+02  1.5198618E-05
  6.5799994E+02  2.2813823E-05
  6.6499988E+02  3.2310152E-05
  6.7499994E+02  5.2611580E-05
  6.8499988E+02  8.4664098E-05
  6.9499994E+02  1.3462636E-04
  7.0499988E+02  2.1131620E-04
  7.1599988E+02  3.4377002E-04
  7.2599994E+02  5.2840810E-04
  7.3499982E+02  7.7128405E-04
  7.4499994E+02  1.1627291E-03
  7.5499982E+02  1.7362672E-03
  7.6499994E+02  2.5683963E-03
  7.7499994E+02  3.7641632E-03
  7.8499982E+02  5.4680957E-03
  7.9499982E+02  7.8550531E-03
  8.0500000E+02  1.1227721E-02
  8.1499976E+02  1.5906483E-02
  8.2500000E+02  2.2339126E-02
  8.3499994E+02  3.1122053E-02
  8.4499994E+02  4.3033123E-02
  8.5499988E+02  5.9059009E-02
  8.6499994E+02  8.0459684E-02
  8.7499982E+02  1.0880423E-01
  8.8499982E+02  1.4622957E-01
  8.9499988E+02  1.9516140E-01
  9.0499994E+02  2.5863153E-01
  9.1499982E+02  1.4782240E+01
  9.2499988E+02  7.6823837E+01
  9.3499982E+02  1.1067673E+02
  9.4500000E+02  1.5321593E+02
  9.5500000E+02  2.1219153E+02
  9.6499988E+02  2.6982703E+02
  9.7499982E+02  2.8704044E+02
  9.8499976E+02  3.8434961E+02
  9.9499988E+02  4.3703741E+02
  1.0049999E+03  5.6676410E+02
  1.0149997E+03  6.7910535E+02
  1.0249998E+03  6.3282208E+02
  1.0349998E+03  9.3709839E+02
  1.0449998E+03  1.1227910E+03
  1.0549999E+03  1.3117329E+03
  1.0649999E+03  1.4765739E+03
  1.0750000E+03  1.7631023E+03
  1.0849996E+03  2.0322427E+03
  1.0949999E+03  2.2604458E+03
  1.1049999E+03  7.6600825E+03
  1.1149999E+03  1.2456002E+04
  1.1249999E+03  1.5928090E+04
  1.1349996E+03  1.9463883E+04
  1.1449999E+03  2.2531428E+04
  1.1549999E+03  2.3449641E+04
  1.1650000E+03  2.9225973E+04
  1.1749995E+03  3.2646354E+04
  1.1849996E+03  3.2062803E+04
  1.1949998E+03  2.0655062E+04
  1.2049996E+03  2.0914301E+04
  1.2149998E+03  4.7809233E+03
  1.2249996E+03  2.3443635E+04
  1.2349996E+03  4.7451500E+04
  1.2449998E+03  9.3153672E+04
  1.2549996E+03  1.4394091E+05
  1.2650000E+03  1.5910494E+05
  1.2749998E+03  3.4555747E+05
  1.2849995E+03  1.0035802E+06
  1.2949998E+03  1.7956449E+06
  1.3049995E+03  1.3246969E+06
  1.3149998E+03  3.8422215E+06
  1.3249998E+03  5.1599430E+06
  1.3349996E+03  5.5262020E+06
  1.3449995E+03  8.7180590E+06
  1.3549996E+03  8.3756340E+06
  1.3649999E+03  8.7457030E+06
  1.3749999E+03  1.0494427E+07
  1.3849996E+03  9.3861950E+06
  1.3949999E+03  1.1191307E+07
  1.4050001E+03  1.1919801E+07
  1.4149998E+03  1.1724078E+07
  1.4249998E+03  1.3695693E+07
  1.4350000E+03  1.2248613E+07
  1.4419998E+03  1.5852272E+07
  1.4469999E+03  1.9590468E+07
  1.4549994E+03  2.0962996E+07
  1.4650000E+03  1.7294200E+07
  1.4749995E+03  1.8069344E+07
  1.4849996E+03  2.0686606E+07
  1.4949998E+03  2.3913436E+07
  1.5049996E+03  2.5724022E+07
  1.5119995E+03  2.2286174E+07
  1.5169994E+03  2.2756680E+07
  1.5250001E+03  2.6011078E+07
  1.5349994E+03  2.4945804E+07
  1.5449994E+03  3.8875568E+07
  1.5549998E+03  3.3533266E+07
  1.5649999E+03  2.9125300E+07
  1.5750001E+03  4.2118152E+07
  1.5850000E+03  4.4941488E+07
  1.5949996E+03  5.2302312E+07
  1.6049999E+03  4.8211424E+07
  1.6150000E+03  4.4639300E+07
  1.6249996E+03  3.5470164E+07
  1.6350000E+03  4.3734276E+07
  1.6449996E+03  5.2115668E+07
  1.6549999E+03  3.2850714E+07
  1.6649993E+03  5.1281584E+07
  1.6720000E+03  2.9232146E+07
  1.6770001E+03  5.6109496E+07
  1.6849998E+03  6.2427384E+07
  1.6950000E+03  5.0452672E+07
  1.7049995E+03  5.1022484E+07
  1.7150000E+03  5.4881488E+07
  1.7249993E+03  5.4031836E+07
  1.7349994E+03  6.0032532E+07
  1.7449993E+03  5.8675892E+07
  1.7550001E+03  6.6231068E+07
  1.7649998E+03  5.1575448E+07
  1.7749995E+03  6.1946572E+07
  1.7849995E+03  6.1221328E+07
  1.7949999E+03  7.1648888E+07
  1.8050001E+03  6.6341724E+07
  1.8150001E+03  6.5116368E+07
  1.8249994E+03  6.1858624E+07
  1.8349993E+03  5.7388976E+07
  1.8449993E+03  5.0213400E+07
  1.8549998E+03  5.6230372E+07
  1.8650002E+03  5.9332132E+07
  1.8750001E+03  5.9567872E+07
  1.8850000E+03  5.9593840E+07
  1.8950002E+03  6.2089684E+07
  1.9049996E+03  5.7214464E+07
  1.9149999E+03  6.2167928E+07
  1.9249993E+03  6.2376712E+07
  1.9350001E+03  5.3827116E+07
  1.9449993E+03  6.4306148E+07
  1.9550002E+03  6.3712988E+07
  1.9670002E+03  6.8008032E+07
  1.9759990E+03  6.6259204E+07
  1.9839996E+03  6.4010800E+07
  1.9950001E+03  6.1426964E+07
  2.0050002E+03  5.8075544E+07
  2.0149996E+03  5.7482952E+07
  2.0249994E+03  5.4186196E+07
  2.0349995E+03  5.8800304E+07
  2.0449998E+03  6.3623552E+07
  2.0550000E+03  6.0562392E+07
  2.0649993E+03  5.8640596E+07
  2.0739993E+03  6.4665532E+07
  2.0780002E+03  6.5903420E+07
  2.0849993E+03  6.4130600E+07
  2.0950005E+03  6.1292340E+07
  2.1050002E+03  5.6720476E+07
  2.1149990E+03  5.7237344E+07
  2.1250000E+03  5.9775876E+07
  2.1350002E+03  4.8838144E+07
  2.1449998E+03  5.6371280E+07
  2.1550005E+03  5.6361980E+07
  2.1649995E+03  5.1962088E+07
  2.1750002E+03  5.1259968E+07
  2.1849998E+03  5.3184412E+07
  2.1950000E+03  5.7019468E+07
  2.2050000E+03  5.4188992E+07
  2.2149998E+03  4.8973060E+07
  2.2249998E+03  4.8135844E+07
  2.2350005E+03  5.5396468E+07
  2.2449990E+03  4.9112628E+07
  2.2549993E+03  4.6942884E+07
  2.2650000E+03  4.6934612E+07
  2.2750000E+03  4.9644136E+07
  2.2850000E+03  5.2355768E+07
  2.2950002E+03  4.8273372E+07
  2.3050000E+03  4.8726884E+07
  2.3149995E+03  4.6794780E+07
  2.3250000E+03  3.4486076E+07
  2.3349995E+03  4.2127840E+07
  2.3449993E+03  3.6913388E+07
  2.3550000E+03  4.6283068E+07
  2.3649988E+03  3.8115024E+07
  2.3750000E+03  4.1883528E+07
  2.3849990E+03  3.4483508E+07
  2.3950000E+03  3.8965032E+07
  2.4050005E+03  3.7170296E+07
  2.4149993E+03  3.8009704E+07
  2.4249990E+03  4.3271040E+07
  2.4349990E+03  4.1161428E+07
  2.4450000E+03  4.4484936E+07
  2.4549990E+03  4.3118816E+07
  2.4649990E+03  4.3522368E+07
  2.4749993E+03  4.0511452E+07
  2.4850005E+03  4.2022336E+07
  2.4950000E+03  3.9811292E+07
  2.5050005E+03  4.7001668E+07
  2.5129988E+03  3.9393980E+07
  2.5179990E+03  3.8474744E+07
  2.5249998E+03  3.5319620E+07
  2.5350007E+03  3.5139388E+07
  2.5449988E+03  3.5314620E+07
  2.5550000E+03  4.0012728E+07
  2.5649990E+03  3.9416212E+07
  2.5749990E+03  4.3258312E+07
  2.5849993E+03  4.3631816E+07
  2.5949990E+03  4.2295340E+07
  2.6049995E+03  4.0366260E+07
  2.6149998E+03  3.8782180E+07
  2.6249990E+03  4.4013108E+07
  2.6350007E+03  4.4160356E+07
  2.6449995E+03  5.1002568E+07
  2.6549998E+03  5.0837680E+07
  2.6649995E+03  4.5069164E+07
  2.6749988E+03  4.7899136E+07
  2.6849988E+03  4.7772936E+07
  2.6949988E+03  4.4594220E+07
  2.7050000E+03  4.6194816E+07
  2.7150000E+03  4.2970584E+07
  2.7249995E+03  4.3597416E+07
  2.7350007E+03  4.7414024E+07
  2.7450002E+03  3.8073652E+07
  2.7549998E+03  3.9473952E+07
  2.7649983E+03  4.1244324E+07
  2.7750005E+03  4.4123584E+07
  2.7850000E+03  3.8902048E+07
  2.7949993E+03  2.1175018E+07
  2.8049995E+03  2.5192872E+07
  2.8150002E+03  4.3841736E+07
  2.8250007E+03  4.7427796E+07
  2.8350000E+03  4.6034480E+07
  2.8450002E+03  4.4196868E+07
  2.8550005E+03  4.2548360E+07
  2.8650000E+03  4.6571696E+07
  2.8749983E+03  4.5414716E+07
  2.8850000E+03  4.6195280E+07
  2.8949988E+03  4.4257604E+07
  2.9099988E+03  4.9564672E+07
  2.9299983E+03  4.7363208E+07
  2.9499990E+03  4.7056484E+07
  2.9700005E+03  4.7624936E+07
  2.9899980E+03  4.8250004E+07
  3.0099995E+03  4.8825072E+07
  3.0299995E+03  4.8190856E+07
  3.0499995E+03  4.8042836E+07
  3.0699995E+03  4.7898580E+07
  3.0899995E+03  4.8460284E+07
  3.1099995E+03  4.7102840E+07
  3.1299998E+03  4.7037320E+07
  3.1499995E+03  4.7668268E+07
  3.1699995E+03  4.7289868E+07
  3.1899995E+03  4.4943940E+07
  3.2099998E+03  4.6166172E+07
  3.2299993E+03  4.4754872E+07
  3.2499993E+03  4.5668088E+07
  3.2699995E+03  4.6196300E+07
  3.2899995E+03  4.6356820E+07
  3.3099998E+03  4.6682016E+07
  3.3299993E+03  4.5752648E+07
  3.3499995E+03  4.5103908E+07
  3.3699995E+03  4.4881952E+07
  3.3899993E+03  4.4504744E+07
  3.4099993E+03  4.4894624E+07
  3.4299995E+03  4.4795276E+07
  3.4499993E+03  4.4423020E+07
  3.4699998E+03  4.3874860E+07
  3.4899993E+03  4.3719864E+07
  3.5099995E+03  4.4293300E+07
  3.5299995E+03  4.4058864E+07
  3.5499995E+03  4.4320132E+07
  3.5699995E+03  4.3159852E+07
  3.5899995E+03  4.2779692E+07
  3.6099995E+03  4.2668344E+07
  3.6299993E+03  4.2736968E+07
  3.6399993E+03  4.2508156E+07
  3.6499995E+03  4.3548060E+07
  3.6699993E+03  4.2532084E+07
  3.6899995E+03  3.8563952E+07
  3.7099995E+03  4.0043340E+07
  3.7299998E+03  4.0346176E+07
  3.7499993E+03  4.8749608E+07
  3.7699993E+03  5.0868480E+07
  3.7899995E+03  6.1825872E+07
  3.8099993E+03  7.2618472E+07
  3.8299998E+03  5.7621108E+07
  3.8499995E+03  8.1642240E+07
  3.8699995E+03  9.4104664E+07
  3.8899995E+03  5.1261456E+07
  3.9099995E+03  9.4510400E+07
  3.9299993E+03  8.1515872E+07
  3.9499993E+03  9.1891264E+07
  3.9699998E+03  4.7684128E+07
  3.9899995E+03  9.1023544E+07
  4.0099995E+03  1.0998054E+08
  4.0299993E+03  1.1185618E+08
  4.0499993E+03  1.1007199E+08
  4.0699993E+03  1.0104650E+08
  4.0899995E+03  7.2634648E+07
  4.1099995E+03  5.5097892E+07
  4.1299995E+03  9.3895600E+07
  4.1499990E+03  1.0344439E+08
  4.1699990E+03  1.0462536E+08
  4.1899995E+03  1.0324909E+08
  4.2099995E+03  1.0283582E+08
  4.2299995E+03  9.9899152E+07
  4.2499995E+03  9.9434592E+07
  4.2699990E+03  9.5707656E+07
  4.2899995E+03  9.5058872E+07
  4.3100000E+03  8.4963216E+07
  4.3299995E+03  6.0188404E+07
  4.3499995E+03  5.1296228E+07
  4.3699995E+03  8.2951944E+07
  4.3899995E+03  8.8834424E+07
  4.4099995E+03  8.9099784E+07
  4.4299995E+03  8.8241424E+07
  4.4499995E+03  8.9282080E+07
  4.4699995E+03  8.8303920E+07
  4.4899995E+03  8.6394032E+07
  4.5099990E+03  8.7229776E+07
  4.5299995E+03  8.5146752E+07
  4.5499990E+03  8.3380816E+07
  4.5699995E+03  8.4331976E+07
  4.5899990E+03  8.2346952E+07
  4.6099990E+03  8.2665704E+07
  4.6299990E+03  8.0469824E+07
  4.6499990E+03  8.0484736E+07
  4.6699990E+03  7.9627552E+07
  4.6899990E+03  7.7360456E+07
  4.7099995E+03  7.4137144E+07
  4.7299990E+03  7.6453288E+07
  4.7499995E+03  7.5683896E+07
  4.7699995E+03  7.4327000E+07
  4.7899990E+03  7.2916200E+07
  4.8099995E+03  7.0288680E+07
  4.8299995E+03  6.4774336E+07
  4.8499990E+03  4.7727276E+07
  4.8700000E+03  3.8615416E+07
  4.8899990E+03  5.9912800E+07
  4.9099990E+03  6.5706128E+07
  4.9299990E+03  6.6012660E+07
  4.9499995E+03  6.6587312E+07
  4.9699995E+03  6.6764732E+07
  4.9899990E+03  6.5309232E+07
  5.0099995E+03  6.3675140E+07
  5.0299995E+03  6.4131680E+07
  5.0499995E+03  6.2890524E+07
  5.0699995E+03  6.3150116E+07
  5.0899995E+03  6.2443972E+07
  5.1099990E+03  6.1908540E+07
  5.1299995E+03  6.0952916E+07
  5.1499985E+03  5.9838404E+07
  5.1700000E+03  5.8372764E+07
  5.1899990E+03  5.7870620E+07
  5.2099990E+03  5.7951792E+07
  5.2299995E+03  5.6846924E+07
  5.2499995E+03  5.7309900E+07
  5.2699995E+03  5.5153016E+07
  5.2899990E+03  5.5918772E+07
  5.3099995E+03  5.4954524E+07
  5.3299990E+03  5.3851988E+07
  5.3499995E+03  5.4230612E+07
  5.3699995E+03  5.3320516E+07
  5.3899995E+03  5.2846452E+07
  5.4099990E+03  5.1892664E+07
  5.4299990E+03  5.1723204E+07
  5.4499990E+03  5.1406428E+07
  5.4699995E+03  5.0870028E+07
  5.4899995E+03  5.0518812E+07
  5.5099995E+03  5.0037336E+07
  5.5299985E+03  4.9294176E+07
  5.5499990E+03  4.9021476E+07
  5.5699990E+03  4.8316712E+07
  5.5899995E+03  4.7879956E+07
  5.6099990E+03  4.7527208E+07
  5.6299995E+03  4.7147348E+07
  5.6499990E+03  4.6635960E+07
  5.6699990E+03  4.6033328E+07
  5.6899995E+03  4.5712608E+07
  5.7099995E+03  4.5247348E+07
  5.7299990E+03  4.4976796E+07
  5.7499990E+03  4.4370480E+07
  5.7699990E+03  4.3994392E+07
  5.7899995E+03  4.3526904E+07
  5.8099985E+03  4.3121736E+07
  5.8300000E+03  4.2732148E+07
  5.8499990E+03  4.2297368E+07
  5.8699985E+03  4.1834700E+07
  5.8899985E+03  4.1049376E+07
  5.9099995E+03  4.1033020E+07
  5.9299985E+03  4.0652800E+07
  5.9499995E+03  4.0208628E+07
  5.9699990E+03  3.9851944E+07
  5.9899990E+03  3.9380472E+07
  6.0099990E+03  3.8923768E+07
  6.0299995E+03  3.8661840E+07
  6.0499990E+03  3.8316084E+07
  6.0699990E+03  3.8015948E+07
  6.0899995E+03  3.7599052E+07
  6.1099985E+03  3.7205988E+07
  6.1299995E+03  3.6726980E+07
  6.1499985E+03  3.6006420E+07
  6.1699985E+03  3.6040564E+07
  6.1900000E+03  3.5866036E+07
  6.2099995E+03  3.5527940E+07
  6.2299985E+03  3.5112872E+07
  6.2499990E+03  3.4450648E+07
  6.2699985E+03  3.4558960E+07
  6.2900000E+03  3.4241448E+07
  6.3099985E+03  3.3786304E+07
  6.3299995E+03  3.3536464E+07
  6.3499985E+03  3.2897644E+07
  6.3699985E+03  3.2689532E+07
  6.3899995E+03  3.2549800E+07
  6.4099990E+03  3.2094854E+07
  6.4299985E+03  3.1882758E+07
  6.4499985E+03  3.1285086E+07
  6.4699990E+03  3.1169358E+07
  6.4899990E+03  3.0558960E+07
  6.5099985E+03  2.9936792E+07
  6.5299990E+03  2.8425786E+07
  6.5499985E+03  2.3898772E+07
  6.5699985E+03  1.9273528E+07
  6.5899995E+03  2.6434930E+07
  6.6099985E+03  2.8326490E+07
  6.6299990E+03  2.8724068E+07
  6.6499985E+03  2.8707456E+07
  6.6699995E+03  2.8561798E+07
  6.6899990E+03  2.8398018E+07
  6.7099995E+03  2.8185468E+07
  6.7299990E+03  2.7924206E+07
  6.7499995E+03  2.7701922E+07
  6.7699985E+03  2.7530276E+07
  6.7899995E+03  2.7284160E+07
  6.8099995E+03  2.7047778E+07
  6.8300000E+03  2.6778154E+07
  6.8499985E+03  2.6554582E+07
  6.8699985E+03  2.6354694E+07
  6.8899985E+03  2.6129698E+07
  6.9099990E+03  2.5895810E+07
  6.9299995E+03  2.5663402E+07
  6.9499990E+03  2.5451178E+07
  6.9699985E+03  2.5220026E+07
  6.9899985E+03  2.5028108E+07
  7.0099985E+03  2.4708402E+07
  7.0299985E+03  2.4548954E+07
  7.0499990E+03  2.4368934E+07
  7.0699980E+03  2.4179258E+07
  7.0899990E+03  2.3976328E+07
  7.1099990E+03  2.3430258E+07
  7.1299995E+03  2.3483520E+07
  7.1499990E+03  2.3318434E+07
  7.1699995E+03  2.3129896E+07
  7.1899985E+03  2.2933632E+07
  7.2099985E+03  2.2762366E+07
  7.2299980E+03  2.2556614E+07
  7.2499990E+03  2.2340588E+07
  7.2699995E+03  2.2216410E+07
  7.2899990E+03  2.1975584E+07
  7.3099980E+03  2.1820252E+07
  7.3299980E+03  2.1648754E+07
  7.3499980E+03  2.1499020E+07
  7.3699985E+03  2.1326312E+07
  7.3899995E+03  2.1111692E+07
  7.4099985E+03  2.0803716E+07
  7.4299995E+03  2.0674122E+07
  7.4500000E+03  2.0553086E+07
  7.4700000E+03  2.0289916E+07
  7.4899990E+03  2.0192456E+07
  7.5099985E+03  2.0091064E+07
  7.5299995E+03  1.9947268E+07
  7.5499980E+03  1.9820584E+07
  7.5699985E+03  1.9648274E+07
  7.5899990E+03  1.9494506E+07
  7.6099980E+03  1.9340134E+07
  7.6299995E+03  1.9183864E+07
  7.6499995E+03  1.9012876E+07
  7.6699980E+03  1.8819720E+07
  7.6899990E+03  1.8702204E+07
  7.7099995E+03  1.8540022E+07
  7.7299985E+03  1.8434756E+07
  7.7499990E+03  1.8275122E+07
  7.7700000E+03  1.7753088E+07
  7.7900000E+03  1.8012804E+07
  7.8099995E+03  1.7861376E+07
  7.8299980E+03  1.7687298E+07
  7.8499980E+03  1.7504360E+07
  7.8699995E+03  1.7358324E+07
  7.8900000E+03  1.7193576E+07
  7.9099995E+03  1.7097106E+07
  7.9300000E+03  1.6984014E+07
  7.9499985E+03  1.6786612E+07
  7.9699990E+03  1.6784314E+07
  7.9900000E+03  1.6472011E+07
  8.0099980E+03  1.6502604E+07
  8.0299985E+03  1.6363826E+07
  8.0500000E+03  1.6255285E+07
  8.0699985E+03  1.6122757E+07
  8.0899990E+03  1.6002843E+07
  8.1099995E+03  1.5898234E+07
  8.1299976E+03  1.5788770E+07
  8.1499976E+03  1.5667702E+07
  8.1699980E+03  1.5551578E+07
  8.1899985E+03  1.5275204E+07
  8.2099990E+03  1.5233847E+07
  8.2300000E+03  1.5107608E+07
  8.2500000E+03  1.5033342E+07
  8.2700000E+03  1.5058766E+07
  8.2899980E+03  1.4935221E+07
  8.3099990E+03  1.4819224E+07
  8.3299980E+03  1.4589074E+07
  8.3500000E+03  1.4537092E+07
  8.3699990E+03  1.4410170E+07
  8.3899990E+03  1.4166005E+07
  8.4099971E+03  1.3978868E+07
  8.4300000E+03  1.3770004E+07
  8.4499990E+03  1.3483830E+07
  8.4699980E+03  1.3333583E+07
  8.4899980E+03  1.3358121E+07
  8.5099990E+03  1.2778840E+07
  8.5299990E+03  1.3338755E+07
  8.5499990E+03  1.2017427E+07
  8.5699990E+03  1.3494598E+07
  8.5900000E+03  1.2463806E+07
  8.6099980E+03  1.2257076E+07
  8.6299990E+03  1.3567610E+07
  8.6499990E+03  1.2802052E+07
  8.6699990E+03  1.0847587E+07
  8.6899990E+03  1.2990780E+07
  8.7099971E+03  1.3627910E+07
  8.7299990E+03  1.2851740E+07
  8.7499980E+03  1.0423792E+07
  8.7699980E+03  1.2221448E+07
  8.7899980E+03  1.3425832E+07
  8.8099990E+03  1.3545501E+07
  8.8299980E+03  1.2991848E+07
  8.8499980E+03  1.1459884E+07
  8.8699980E+03  9.8884380E+06
  8.8899990E+03  1.2321797E+07
  8.9099971E+03  1.3064259E+07
  8.9299980E+03  1.3244849E+07
  8.9499980E+03  1.3281194E+07
  8.9699990E+03  1.2898492E+07
  8.9899990E+03  1.2021230E+07
  9.0099980E+03  9.5626440E+06
  9.0299990E+03  1.0405093E+07
  9.0499990E+03  1.2080389E+07
  9.0699980E+03  1.2363310E+07
  9.0899990E+03  1.2387841E+07
  9.1099980E+03  1.2664887E+07
  9.1299980E+03  1.2657819E+07
  9.1499980E+03  1.2557098E+07
  9.1699980E+03  1.2279269E+07
  9.1899990E+03  1.1760628E+07
  9.2099990E+03  1.0652122E+07
  9.2299980E+03  8.3723985E+06
  9.2499980E+03  1.0220724E+07
  9.2699971E+03  1.1147298E+07
  9.2899990E+03  1.1768967E+07
  9.3099980E+03  1.1891013E+07
  9.3299990E+03  1.1879036E+07
  9.3499980E+03  1.1850682E+07
  9.3699990E+03  1.1793707E+07
  9.3900000E+03  1.1634136E+07
  9.4099980E+03  1.1334572E+07
  9.4299971E+03  1.1466599E+07
  9.4499990E+03  1.1364956E+07
  9.4700000E+03  1.1215340E+07
  9.4899980E+03  1.0960639E+07
  9.5100000E+03  1.0465951E+07
  9.5300000E+03  9.3539370E+06
  9.5500000E+03  7.5675000E+06
  9.5699990E+03  9.4511430E+06
  9.5899980E+03  1.0281828E+07
  9.6099980E+03  1.0499745E+07
  9.6299990E+03  1.0479331E+07
  9.6499990E+03  1.0617989E+07
  9.6699980E+03  1.0498775E+07
  9.6899980E+03  1.0503227E+07
  9.7100000E+03  1.0514341E+07
  9.7299990E+03  1.0437738E+07
  9.7499980E+03  1.0350181E+07
  9.7699961E+03  1.0312588E+07
  9.7899980E+03  1.0242584E+07
  9.8099980E+03  1.0167588E+07
  9.8299990E+03  1.0078300E+07
  9.8499980E+03  9.9760650E+06
  9.8700000E+03  9.9051210E+06
  9.8899980E+03  9.7846060E+06
  9.9099990E+03  9.7551250E+06
  9.9300000E+03  9.6692540E+06
  9.9499980E+03  9.5828600E+06
  9.9699980E+03  9.4743360E+06
  9.9899990E+03  9.2726080E+06
  1.0024998E+04  8.1872420E+06
  1.0074998E+04  7.7647265E+06
  1.0124997E+04  8.8686020E+06
  1.0174997E+04  8.9363070E+06
  1.0224998E+04  8.8491220E+06
  1.0274997E+04  8.7264550E+06
  1.0325000E+04  8.5810030E+06
  1.0374999E+04  8.4452950E+06
  1.0425000E+04  8.3076300E+06
  1.0474998E+04  8.1152100E+06
  1.0524997E+04  8.0049620E+06
  1.0574999E+04  7.8987845E+06
  1.0625000E+04  7.7758940E+06
  1.0674997E+04  7.5263585E+06
  1.0724998E+04  7.4756680E+06
  1.0774999E+04  7.3600465E+06
  1.0824997E+04  7.2060530E+06
  1.0874997E+04  6.9204630E+06
  1.0924999E+04  5.7023370E+06
  1.0974996E+04  6.2519575E+06
  1.1025000E+04  6.7300195E+06
  1.1074998E+04  6.7298995E+06
  1.1124999E+04  6.6454940E+06
  1.1174998E+04  6.5608190E+06
  1.1224999E+04  6.4729005E+06
  1.1274997E+04  6.2739660E+06
  1.1325000E+04  6.1901935E+06
  1.1375000E+04  6.1635540E+06
  1.1425000E+04  6.0557525E+06
  1.1474997E+04  6.0036695E+06
  1.1525000E+04  5.9196375E+06
  1.1574998E+04  5.8278360E+06
  1.1625000E+04  5.6944575E+06
  1.1674998E+04  5.5808375E+06
  1.1724997E+04  5.5791065E+06
  1.1775001E+04  5.4054755E+06
  1.1824999E+04  5.3752180E+06
  1.1875000E+04  5.2731430E+06
  1.1925000E+04  5.2676955E+06
  1.1975001E+04  5.1518135E+06
  1.2024998E+04  5.1051550E+06
  1.2074996E+04  5.0167150E+06
  1.2125000E+04  4.9523595E+06
  1.2175000E+04  4.8960090E+06
  1.2225001E+04  4.8215055E+06
  1.2275001E+04  4.7468035E+06
  1.2324996E+04  4.6828265E+06
  1.2374996E+04  4.6243980E+06
  1.2424998E+04  4.5691945E+06
  1.2475000E+04  4.4914865E+06
  1.2524997E+04  4.4345670E+06
  1.2574997E+04  4.3405270E+06
  1.2624999E+04  4.2894315E+06
  1.2674997E+04  4.2308010E+06
  1.2724999E+04  4.1308440E+06
  1.2774999E+04  3.8801968E+06
  1.2825000E+04  3.2860942E+06
  1.2875001E+04  3.8274278E+06
  1.2924997E+04  3.9228090E+06
  1.2975001E+04  3.9051630E+06
  1.3024998E+04  3.8661362E+06
  1.3074999E+04  3.8251635E+06
  1.3125000E+04  3.7733305E+06
  1.3174998E+04  3.7111052E+06
  1.3224998E+04  3.6777120E+06
  1.3274997E+04  3.6291100E+06
  1.3324997E+04  3.5828300E+06
  1.3374999E+04  3.5354538E+06
  1.3424999E+04  3.4886828E+06
  1.3474999E+04  3.4423002E+06
  1.3525001E+04  3.3915632E+06
  1.3574999E+04  3.3478185E+06
  1.3624997E+04  3.3105085E+06
  1.3674997E+04  3.2645865E+06
  1.3724995E+04  3.2046472E+06
  1.3774998E+04  3.1816222E+06
  1.3824998E+04  3.1420932E+06
  1.3874996E+04  3.1089220E+06
  1.3925000E+04  3.0600168E+06
  1.3974996E+04  3.0275518E+06
  1.4024997E+04  2.9908725E+06
  1.4075001E+04  2.9550165E+06
  1.4124996E+04  2.9148745E+06
  1.4175000E+04  2.8808465E+06
  1.4225000E+04  2.8435018E+06
  1.4274994E+04  2.8073502E+06
  1.4325001E+04  2.7741985E+06
  1.4374998E+04  2.7429018E+06
  1.4424999E+04  2.6696042E+06
  1.4475000E+04  2.6738478E+06
  1.4524997E+04  2.6219015E+06
  1.4569999E+04  2.6117640E+06
  1.4620000E+04  2.6349970E+06
  1.4674998E+04  2.6856075E+06
  1.4725000E+04  2.6382095E+06
  1.4775002E+04  2.5784470E+06
  1.4824998E+04  2.5367448E+06
  1.4874996E+04  2.4763032E+06
  1.4924997E+04  2.4494222E+06
  1.4974999E+04  2.3998290E+06
  1.5024999E+04  2.3550130E+06
  1.5075000E+04  2.3128928E+06
  1.5124999E+04  2.2842875E+06
  1.5175000E+04  2.2450462E+06
  1.5225002E+04  2.2116340E+06
  1.5274998E+04  2.1829715E+06
  1.5324995E+04  2.1443685E+06
  1.5374997E+04  2.1280530E+06
  1.5425001E+04  2.0783355E+06
  1.5474996E+04  2.0757832E+06
  1.5524994E+04  2.0427401E+06
  1.5575001E+04  1.9960986E+06
  1.5624998E+04  2.0327241E+06
  1.5674997E+04  1.9543065E+06
  1.5724994E+04  1.9147798E+06
  1.5774996E+04  1.9733594E+06
  1.5825001E+04  1.9427054E+06
  1.5874995E+04  1.7952019E+06
  1.5925002E+04  1.8715902E+06
  1.5975001E+04  1.9300135E+06
  1.6049998E+04  1.8406509E+06
  1.6150001E+04  1.7348732E+06
  1.6249997E+04  1.8215871E+06
  1.6350000E+04  1.7081918E+06
  1.6449996E+04  1.6070181E+06
  1.6549998E+04  1.7118574E+06
  1.6649994E+04  1.6788548E+06
  1.6749998E+04  1.5580250E+06
  1.6849998E+04  1.4586469E+06
  1.6950000E+04  1.5698602E+06
  1.7049996E+04  1.5454091E+06
  1.7150000E+04  1.5148862E+06
  1.7249992E+04  1.4552146E+06
  1.7349994E+04  1.2715361E+06
  1.7449992E+04  1.3679824E+06
  1.7550000E+04  1.3832594E+06
  1.7649998E+04  1.3594064E+06
  1.7749994E+04  1.3362409E+06
  1.7849994E+04  1.3067678E+06
  1.7949998E+04  1.2805551E+06
  1.8050002E+04  1.2349530E+06
  1.8150002E+04  1.0883796E+06
  1.8249994E+04  1.1463890E+06
  1.8349992E+04  1.1738705E+06
  1.8449992E+04  1.1553144E+06
  1.8549998E+04  1.1283299E+06
  1.8650002E+04  1.0898338E+06
  1.8750002E+04  9.5448125E+05
  1.8850000E+04  1.0403555E+06
  1.8950004E+04  1.0403986E+06
  1.9049996E+04  1.0278755E+06
  1.9149998E+04  1.0076658E+06
  1.9249992E+04  9.8478044E+05
  1.9350000E+04  9.4613262E+05
  1.9449992E+04  8.3210400E+05
  1.9550002E+04  9.1086569E+05
  1.9649992E+04  9.1292738E+05
  1.9749992E+04  8.9796900E+05
  1.9849992E+04  8.8382906E+05
  1.9950002E+04  8.6757831E+05
  2.0050002E+04  8.5166419E+05
  2.0149996E+04  8.3611575E+05
  2.0249994E+04  8.2039069E+05
  2.0349994E+04  8.0497000E+05
  2.0449996E+04  7.9111688E+05
  2.0550000E+04  7.7664706E+05
  2.0649992E+04  7.6190819E+05
  2.0749998E+04  7.4846556E+05
  2.0849992E+04  7.3529812E+05
  2.0950004E+04  7.2218312E+05
  2.1050002E+04  7.0917381E+05
  2.1149992E+04  6.9518244E+05
  2.1250000E+04  6.8301462E+05
  2.1350002E+04  6.7023425E+05
  2.1449996E+04  6.5723650E+05
  2.1550006E+04  6.3507206E+05
  2.1649994E+04  5.6243638E+05
  2.1750002E+04  6.0650762E+05
  2.1849998E+04  6.1214262E+05
  2.1950002E+04  6.0518575E+05
  2.2050000E+04  5.9536219E+05
  2.2149996E+04  5.8477731E+05
  2.2249998E+04  5.7622238E+05
  2.2350004E+04  5.6651431E+05
  2.2449990E+04  5.5711412E+05
  2.2549994E+04  5.4713838E+05
  2.2650000E+04  5.3867519E+05
  2.2750000E+04  5.2985925E+05
  2.2850000E+04  5.2329791E+05
  2.2950004E+04  5.2245956E+05
  2.3050000E+04  5.1412150E+05
  2.3149996E+04  5.0448769E+05
  2.3250000E+04  4.9532747E+05
  2.3349996E+04  4.8602928E+05
  2.3449994E+04  4.7717956E+05
  2.3550002E+04  4.6856378E+05
  2.3649988E+04  4.6017819E+05
  2.3750000E+04  4.5201612E+05
  2.3849990E+04  4.4420059E+05
  2.3950002E+04  4.3636069E+05
  2.4050006E+04  4.2900725E+05
  2.4149992E+04  4.2157356E+05
  2.4249990E+04  4.1422806E+05
  2.4349990E+04  4.0808791E+05
  2.4450002E+04  4.0060947E+05
  2.4549990E+04  3.9527144E+05
  2.4649992E+04  3.8788566E+05
  2.4749992E+04  3.8286338E+05
  2.4850006E+04  3.7757319E+05
  2.4950000E+04  3.6891244E+05
  2.5050006E+04  3.7224659E+05
  2.5149994E+04  3.6285412E+05
  2.5249998E+04  3.5018853E+05
  2.5350004E+04  3.5018631E+05
  2.5449988E+04  3.4781831E+05
  2.5549998E+04  3.3883341E+05
  2.5649990E+04  3.2634788E+05
  2.5749990E+04  3.3031225E+05
  2.5849994E+04  3.2829706E+05
  2.5949990E+04  3.2305294E+05
  2.6049996E+04  3.1135053E+05
  2.6149998E+04  2.9693609E+05
  2.6249988E+04  2.7609481E+05
  2.6350008E+04  2.9683500E+05
  2.6449996E+04  3.0050766E+05
  2.6549994E+04  2.9666094E+05
  2.6649994E+04  2.8799919E+05
  2.6749988E+04  2.7143491E+05
  2.6849986E+04  2.8024975E+05
  2.6949986E+04  2.8136384E+05
  2.7050002E+04  2.7852503E+05
  2.7149998E+04  2.7501544E+05
  2.7249994E+04  2.7103228E+05
  2.7350006E+04  2.6645994E+05
  2.7450004E+04  2.5974734E+05
  2.7549996E+04  2.4181322E+05
  2.7649982E+04  2.4558161E+05
  2.7750004E+04  2.5084950E+05
  2.7850000E+04  2.4922623E+05
  2.7949992E+04  2.4651545E+05
  2.8049994E+04  2.4352073E+05
  2.8150002E+04  2.4021514E+05
  2.8250006E+04  2.3696906E+05
  2.8350000E+04  2.3347700E+05
  2.8450000E+04  2.2953459E+05
  2.8550002E+04  2.2521177E+05
  2.8650002E+04  2.1566086E+05
  2.8749982E+04  2.0215362E+05
  2.8849998E+04  2.1392141E+05
  2.8949986E+04  2.1423077E+05
  2.9049994E+04  2.1242347E+05
  2.9149986E+04  2.0981145E+05
  2.9249984E+04  2.0741941E+05
  2.9349980E+04  2.0475767E+05
  2.9450000E+04  2.0211822E+05
  2.9550004E+04  1.9952291E+05
  2.9649982E+04  1.9695402E+05
  2.9749992E+04  1.9441892E+05
  2.9849994E+04  1.9194302E+05
  2.9949984E+04  1.8940356E+05
  3.0049996E+04  1.8656372E+05
  3.0149994E+04  1.8358759E+05
  3.0249994E+04  1.7926333E+05
  3.0349996E+04  1.6592456E+05
  3.0449996E+04  1.6736380E+05
  3.0549996E+04  1.7320070E+05
  3.0649996E+04  1.7258969E+05
  3.0749994E+04  1.7096698E+05
  3.0849996E+04  1.6887077E+05
  3.0949994E+04  1.6697111E+05
  3.1049996E+04  1.6488917E+05
  3.1149996E+04  1.6272178E+05
  3.1249996E+04  1.6079091E+05
  3.1349996E+04  1.5892344E+05
  3.1449996E+04  1.5690506E+05
  3.1549998E+04  1.5513991E+05
  3.1649996E+04  1.5331869E+05
  3.1749998E+04  1.5136778E+05
  3.1849996E+04  1.4965747E+05
  3.1949994E+04  1.4784748E+05
  3.2099996E+04  1.4519658E+05
  3.2299992E+04  1.4180080E+05
  3.2499994E+04  1.3842380E+05
  3.2699996E+04  1.3441039E+05
  3.2899996E+04  1.2343255E+05
  3.3099996E+04  1.2617487E+05
  3.3299992E+04  1.2649164E+05
  3.3499996E+04  1.2394176E+05
  3.3699996E+04  1.2085288E+05
  3.3899996E+04  1.1807720E+05
  3.4099996E+04  1.1537433E+05
  3.4299996E+04  1.1277753E+05
  3.4499992E+04  1.1024885E+05
  3.4699996E+04  1.0772072E+05
  3.4899996E+04  1.0529263E+05
  3.5099996E+04  1.0294942E+05
  3.5299996E+04  1.0060707E+05
  3.5499996E+04  9.8412453E+04
  3.5699992E+04  9.6192609E+04
  3.5899992E+04  9.4112406E+04
  3.6099996E+04  9.2072258E+04
  3.6299992E+04  9.0139883E+04
  3.6499992E+04  8.8131109E+04
  3.6699992E+04  8.6459914E+04
  3.6899992E+04  8.4152859E+04
  3.7099996E+04  8.2626672E+04
  3.7299996E+04  7.8328445E+04
  3.7499992E+04  7.5708289E+04
  3.7699996E+04  7.7732727E+04
  3.7899996E+04  7.6513211E+04
  3.8099992E+04  7.4261289E+04
  3.8299996E+04  7.2927844E+04
  3.8499996E+04  7.2187375E+04
  3.8699996E+04  7.0738852E+04
  3.8899992E+04  6.8880570E+04
  3.9099996E+04  6.6627695E+04
  3.9299992E+04  6.6514750E+04
  3.9499992E+04  6.5565211E+04
  3.9699992E+04  6.4404312E+04
  3.9900000E+04  6.3076352E+04
  4.0099996E+04  6.0579148E+04
  4.0299992E+04  5.9083980E+04
  4.0499996E+04  5.5950113E+04
  4.0699992E+04  5.7805520E+04
  4.0899992E+04  5.7180758E+04
  4.1099996E+04  5.6286602E+04
  4.1299996E+04  5.5095625E+04
  4.1499992E+04  5.3658090E+04
  4.1699992E+04  5.1125422E+04
  4.1899996E+04  5.1636340E+04
  4.2099996E+04  5.1125645E+04
  4.2299992E+04  5.0354887E+04
  4.2499996E+04  4.9439891E+04
  4.2699992E+04  4.8552207E+04
  4.2899992E+04  4.7676832E+04
  4.3099996E+04  4.6819621E+04
  4.3299996E+04  4.5917922E+04
  4.3499992E+04  4.4855586E+04
  4.3699996E+04  4.2520539E+04
  4.3899996E+04  4.2650062E+04
  4.4099992E+04  4.2643773E+04
  4.4299992E+04  4.2067625E+04
  4.4499996E+04  4.1338383E+04
  4.4699996E+04  4.0786402E+04
  4.4899996E+04  4.0076281E+04
  4.5099992E+04  3.9399352E+04
  4.5299992E+04  3.8721770E+04
  4.5499996E+04  3.8067285E+04
  4.5699992E+04  3.7410129E+04
  4.5899996E+04  3.6755801E+04
  4.6099996E+04  3.6044031E+04
  4.6299992E+04  3.5155129E+04
  4.6499988E+04  3.2623207E+04
  4.6699992E+04  3.2299453E+04
  4.6899992E+04  3.3190934E+04
  4.7099992E+04  3.3113441E+04
  4.7299992E+04  3.2694246E+04
  4.7499996E+04  3.2174047E+04
  4.7699992E+04  3.1659762E+04
  4.7899992E+04  3.1154566E+04
  4.8099996E+04  3.0651766E+04
  4.8299992E+04  3.0157836E+04
  4.8499992E+04  2.9675791E+04
  4.8700000E+04  2.9203803E+04
  4.8899992E+04  2.8740121E+04
  4.9099988E+04  2.8281436E+04
  4.9299988E+04  2.7840086E+04
  4.9499996E+04  2.7403379E+04
  4.9699992E+04  2.6974330E+04
  4.9899988E+04  2.6552775E+04
  5.0099996E+04  2.6143070E+04
  5.0299996E+04  2.5736059E+04
  5.0499996E+04  2.5343525E+04
  5.0699996E+04  2.4951975E+04
  5.0899992E+04  2.4482908E+04
  5.1099992E+04  2.3802539E+04
  5.1299996E+04  2.2390486E+04
  5.1499988E+04  2.3178555E+04
  5.1699996E+04  2.3057350E+04
  5.1899992E+04  2.2775094E+04
  5.2099992E+04  2.2434027E+04
  5.2299996E+04  2.2101623E+04
  5.2499996E+04  2.1775000E+04
  5.2699996E+04  2.1454045E+04
  5.2899992E+04  2.1138658E+04
  5.3099988E+04  2.0828742E+04
  5.3299988E+04  2.0524199E+04
  5.3499992E+04  2.0226248E+04
  5.3699992E+04  1.9930855E+04
  5.3899992E+04  1.9644465E+04
  5.4099992E+04  1.9363051E+04
  5.4299984E+04  1.9083965E+04
  5.4499988E+04  1.8810975E+04
  5.4699996E+04  1.8541457E+04
  5.4899992E+04  1.8281621E+04
  5.5099992E+04  1.8023816E+04
  5.5299988E+04  1.7768025E+04
  5.5499988E+04  1.7520338E+04
  5.5699992E+04  1.7270887E+04
  5.5899992E+04  1.7026959E+04
  5.6099988E+04  1.6795648E+04
  5.6299996E+04  1.6564803E+04
  5.6499988E+04  1.6336809E+04
  5.6699988E+04  1.6111605E+04
  5.6899992E+04  1.5891487E+04
  5.7099996E+04  1.5674053E+04
  5.7299988E+04  1.5460416E+04
  5.7499988E+04  1.5251640E+04
  5.7699988E+04  1.5044251E+04
  5.7899996E+04  1.4840478E+04
  5.8099988E+04  1.4643623E+04
  5.8299996E+04  1.4446890E+04
  5.8499992E+04  1.4271220E+04
  5.8699988E+04  1.4030909E+04
  5.8899988E+04  1.3649099E+04
  5.9099992E+04  1.2853629E+04
  5.9299988E+04  1.3361663E+04
  5.9499996E+04  1.3312422E+04
  5.9699988E+04  1.3188498E+04
  5.9899992E+04  1.3016577E+04
  6.0099992E+04  1.2847690E+04
  6.0299992E+04  1.2682826E+04
  6.0499988E+04  1.2518832E+04
  6.0699992E+04  1.2357738E+04
  6.0899992E+04  1.2198489E+04
  6.1099988E+04  1.2039041E+04
  6.1299992E+04  1.1889427E+04
  6.1499988E+04  1.1737520E+04
  6.1699988E+04  1.1589309E+04
  6.1899996E+04  1.1442760E+04
  6.2099996E+04  1.1298836E+04
  6.2299988E+04  1.1155555E+04
  6.2499992E+04  1.1016761E+04
  6.2699988E+04  1.0878553E+04
  6.2899996E+04  1.0744729E+04
  6.3099984E+04  1.0610497E+04
  6.3299996E+04  1.0479615E+04
  6.3499984E+04  1.0351111E+04
  6.3699984E+04  1.0224938E+04
  6.3900000E+04  1.0099210E+04
  6.4199992E+04  9.9154727E+03
  6.4599984E+04  9.6757051E+03
  6.4999992E+04  9.4437402E+03
  6.5399992E+04  9.2193555E+03
  6.5799992E+04  9.0005801E+03
  6.6199984E+04  8.7881260E+03
  6.6599984E+04  8.5826562E+03
  6.6999992E+04  8.3832129E+03
  6.7399992E+04  8.1888008E+03
  6.7799992E+04  8.0006738E+03
  6.8199992E+04  7.8176792E+03
  6.8599992E+04  7.6390371E+03
  6.8999984E+04  7.4652671E+03
  6.9399984E+04  7.2974082E+03
  6.9800000E+04  7.1344390E+03
  7.0199992E+04  6.9760796E+03
  7.0599984E+04  6.8214468E+03
  7.0999977E+04  6.6726099E+03
  7.1399977E+04  6.5256353E+03
  7.1799984E+04  6.3839233E+03
  7.2199984E+04  6.2433535E+03
  7.2600000E+04  6.1107007E+03
  7.2999984E+04  5.9807178E+03
  7.3400000E+04  5.8529854E+03
  7.3799984E+04  5.7282886E+03
  7.4199992E+04  5.5779434E+03
  7.4599992E+04  5.2617910E+03
  7.5000000E+04  5.1443311E+03
  7.5399992E+04  5.2311743E+03
  7.5799992E+04  5.1547349E+03
  7.6199984E+04  5.0511250E+03
  7.6599992E+04  4.9481060E+03
  7.6999992E+04  4.8477139E+03
  7.7399992E+04  4.7498818E+03
  7.7799984E+04  4.6544863E+03
  7.8199984E+04  4.5614033E+03
  7.8599984E+04  4.4705791E+03
  7.8999984E+04  4.3820811E+03
  7.9399984E+04  4.2956719E+03
  7.9800000E+04  4.2113613E+03
  8.0199992E+04  4.1291606E+03
  8.0599984E+04  4.0489612E+03
  8.0999992E+04  3.9707698E+03
  8.1399977E+04  3.8942031E+03
  8.1799984E+04  3.8197268E+03
  8.2199984E+04  3.7470142E+03
  8.2599992E+04  3.6759688E+03
  8.2999984E+04  3.6065542E+03
  8.3400000E+04  3.5381887E+03
  8.3799992E+04  3.4715535E+03
  8.4199992E+04  3.4074019E+03
  8.4599977E+04  3.3447817E+03
  8.4999977E+04  3.2831843E+03
  8.5399984E+04  3.2227981E+03
  8.5799984E+04  3.1639558E+03
  8.6199992E+04  3.1063176E+03
  8.6599992E+04  3.0502100E+03
  8.6999984E+04  2.9952002E+03
  8.7399992E+04  2.9414119E+03
  8.7799992E+04  2.8888682E+03
  8.8199984E+04  2.8373005E+03
  8.8599977E+04  2.7870239E+03
  8.8999992E+04  2.7379143E+03
  8.9399977E+04  2.6899482E+03
  8.9799977E+04  2.6428191E+03
  9.0199984E+04  2.5969270E+03
  9.0599984E+04  2.5519246E+03
  9.0999992E+04  2.5077930E+03
  9.1400000E+04  2.4647402E+03
  9.1799969E+04  2.4226113E+03
  9.2199969E+04  2.3813394E+03
  9.2599984E+04  2.3409514E+03
  9.3000000E+04  2.3013860E+03
  9.3399984E+04  2.2626719E+03
  9.3799984E+04  2.2247466E+03
  9.4199977E+04  2.1876377E+03
  9.4599984E+04  2.1512849E+03
  9.4999969E+04  2.1156755E+03
  9.5399984E+04  2.0806262E+03
  9.5799984E+04  2.0467043E+03
  9.6199992E+04  2.0131913E+03
  9.6599984E+04  1.9804452E+03
  9.7000000E+04  1.9483290E+03
  9.7399977E+04  1.9168329E+03
  9.7799984E+04  1.8860210E+03
  9.8199977E+04  1.8557643E+03
  9.8599977E+04  1.8262062E+03
  9.8999992E+04  1.7971791E+03
  9.9399984E+04  1.7687512E+03
  9.9799977E+04  1.7407955E+03
  1.0019999E+05  1.7134532E+03
  1.9999991E+05  1.0960117E+02
  3.9999994E+05  6.8139253E+00
  5.9999981E+05  1.3341589E+00
  7.9999994E+05  4.1876829E-01
