  5.0599994E+02  1.0984493E-09
  5.1199994E+02  2.0428701E-09
  5.2000000E+02  3.9988874E-09
  5.2999994E+02  9.0245624E-09
  5.3999994E+02  1.9516220E-08
  5.4999988E+02  4.1507903E-08
  5.5999988E+02  8.5565041E-08
  5.6999988E+02  1.7194753E-07
  5.7999994E+02  3.3562171E-07
  5.8999988E+02  6.4767590E-07
  5.9999988E+02  1.2170574E-06
  6.0999988E+02  2.2434911E-06
  6.1999994E+02  4.0548784E-06
  6.2999988E+02  7.1978907E-06
  6.3999994E+02  1.2552864E-05
  6.4999994E+02  2.1562510E-05
  6.5799994E+02  3.2846376E-05
  6.6499988E+02  4.7061720E-05
  6.7499994E+02  7.7757701E-05
  6.8499988E+02  1.2671914E-04
  6.9499994E+02  2.0365152E-04
  7.0499988E+02  3.2248860E-04
  7.1599988E+02  5.2867684E-04
  7.2599994E+02  8.1704260E-04
  7.3499982E+02  1.1970941E-03
  7.4499994E+02  1.8100020E-03
  7.5499982E+02  2.7080642E-03
  7.6499994E+02  4.0099244E-03
  7.7499994E+02  5.8775693E-03
  7.8499982E+02  8.5333157E-03
  7.9499982E+02  1.2239172E-02
  8.0500000E+02  1.7465087E-02
  8.1499976E+02  2.4689788E-02
  8.2500000E+02  3.4580562E-02
  8.3499994E+02  4.8010670E-02
  8.4499994E+02  6.6200338E-02
  8.5499988E+02  9.0526231E-02
  8.6499994E+02  1.2287471E-01
  8.7499982E+02  1.6548458E-01
  8.8499982E+02  2.2156416E-01
  8.9499988E+02  2.9449168E-01
  9.0499994E+02  3.8846937E-01
  9.1499982E+02  5.7952717E+01
  9.2499988E+02  3.1516794E+02
  9.3499982E+02  4.4080222E+02
  9.4500000E+02  6.2359595E+02
  9.5500000E+02  9.2544897E+02
  9.6499988E+02  1.1804958E+03
  9.7499982E+02  1.2089543E+03
  9.8499976E+02  1.6456317E+03
  9.9499988E+02  1.8061041E+03
  1.0049999E+03  2.3568359E+03
  1.0149997E+03  2.8484319E+03
  1.0249998E+03  2.3076062E+03
  1.0349998E+03  3.8228101E+03
  1.0449998E+03  4.6980176E+03
  1.0549999E+03  5.4975396E+03
  1.0649999E+03  5.9591069E+03
  1.0750000E+03  7.1612275E+03
  1.0849996E+03  8.1338989E+03
  1.0949999E+03  8.6954727E+03
  1.1049999E+03  5.1038422E+04
  1.1149999E+03  1.8062339E+05
  1.1249999E+03  2.1460503E+05
  1.1349996E+03  2.8066991E+05
  1.1449999E+03  2.3848673E+05
  1.1549999E+03  2.4224838E+05
  1.1650000E+03  2.1752517E+05
  1.1749995E+03  1.2869169E+05
  1.1849996E+03  7.4414352E+04
  1.1949998E+03  3.0122297E+04
  1.2049996E+03  2.9769713E+04
  1.2149998E+03  6.2125981E+03
  1.2249996E+03  3.2784734E+04
  1.2349996E+03  7.9369070E+04
  1.2449998E+03  3.9189341E+05
  1.2549996E+03  1.7051035E+06
  1.2650000E+03  2.1527970E+06
  1.2749998E+03  1.0425818E+07
  1.2849995E+03  1.8331246E+07
  1.2949998E+03  1.8863558E+07
  1.3049995E+03  9.2014040E+06
  1.3149998E+03  2.5152216E+07
  1.3249998E+03  3.2048470E+07
  1.3349996E+03  2.4349284E+07
  1.3449995E+03  4.2077340E+07
  1.3549996E+03  4.2026932E+07
  1.3649999E+03  3.5535612E+07
  1.3749999E+03  4.2080528E+07
  1.3849996E+03  4.3173908E+07
  1.3949999E+03  4.7104584E+07
  1.4050001E+03  4.8552892E+07
  1.4149998E+03  4.3368364E+07
  1.4249998E+03  5.1501936E+07
  1.4350000E+03  4.5470128E+07
  1.4419998E+03  5.2061240E+07
  1.4469999E+03  6.1423528E+07
  1.4549994E+03  5.8660800E+07
  1.4650000E+03  5.2020920E+07
  1.4749995E+03  4.9510176E+07
  1.4849996E+03  5.7922152E+07
  1.4949998E+03  6.2483060E+07
  1.5049996E+03  6.5116740E+07
  1.5119995E+03  5.4186188E+07
  1.5169994E+03  6.1720188E+07
  1.5250001E+03  5.2466012E+07
  1.5349994E+03  4.4464992E+07
  1.5449994E+03  6.2928176E+07
  1.5549998E+03  5.3103552E+07
  1.5649999E+03  4.7612596E+07
  1.5750001E+03  5.3430964E+07
  1.5850000E+03  6.1068168E+07
  1.5949996E+03  6.8214104E+07
  1.6049999E+03  6.0896788E+07
  1.6150000E+03  5.9359220E+07
  1.6249996E+03  5.2196584E+07
  1.6350000E+03  5.6212064E+07
  1.6449996E+03  5.9966292E+07
  1.6549999E+03  4.8384796E+07
  1.6649993E+03  5.9338840E+07
  1.6720000E+03  3.0400516E+07
  1.6770001E+03  5.7574988E+07
  1.6849998E+03  6.6731808E+07
  1.6950000E+03  6.2209572E+07
  1.7049995E+03  5.5855048E+07
  1.7150000E+03  5.5174804E+07
  1.7249993E+03  5.4748428E+07
  1.7349994E+03  6.0871036E+07
  1.7449993E+03  5.8892404E+07
  1.7550001E+03  6.9246128E+07
  1.7649998E+03  5.5966524E+07
  1.7749995E+03  6.3872916E+07
  1.7849995E+03  6.0747192E+07
  1.7949999E+03  7.3222688E+07
  1.8050001E+03  6.8974672E+07
  1.8150001E+03  6.8535784E+07
  1.8249994E+03  6.4994088E+07
  1.8349993E+03  6.1472680E+07
  1.8449993E+03  5.5379612E+07
  1.8549998E+03  5.9621056E+07
  1.8650002E+03  6.0508400E+07
  1.8750001E+03  6.4043932E+07
  1.8850000E+03  6.2118308E+07
  1.8950002E+03  6.2910072E+07
  1.9049996E+03  5.9195176E+07
  1.9149999E+03  6.2483308E+07
  1.9249993E+03  6.4078596E+07
  1.9350001E+03  6.1417672E+07
  1.9449993E+03  6.5510132E+07
  1.9550002E+03  6.4389172E+07
  1.9670002E+03  6.8708112E+07
  1.9759990E+03  6.8488984E+07
  1.9839996E+03  6.5482792E+07
  1.9950001E+03  6.2702924E+07
  2.0050002E+03  6.2181160E+07
  2.0149996E+03  5.8273488E+07
  2.0249994E+03  5.9438532E+07
  2.0349995E+03  6.0438696E+07
  2.0449998E+03  6.4491960E+07
  2.0550000E+03  6.0195744E+07
  2.0649993E+03  5.8569040E+07
  2.0739993E+03  6.4890620E+07
  2.0780002E+03  6.5606784E+07
  2.0849993E+03  6.4271852E+07
  2.0950005E+03  6.1630532E+07
  2.1050002E+03  5.8681928E+07
  2.1149990E+03  5.8704448E+07
  2.1250000E+03  6.0243908E+07
  2.1350002E+03  4.9138988E+07
  2.1449998E+03  5.5865256E+07
  2.1550005E+03  5.8059868E+07
  2.1649995E+03  5.4116924E+07
  2.1750002E+03  5.3072508E+07
  2.1849998E+03  5.3198612E+07
  2.1950000E+03  5.7739620E+07
  2.2050000E+03  5.4316068E+07
  2.2149998E+03  4.8787228E+07
  2.2249998E+03  4.6725748E+07
  2.2350005E+03  5.3827760E+07
  2.2449990E+03  4.7792572E+07
  2.2549993E+03  4.5655256E+07
  2.2650000E+03  4.6958848E+07
  2.2750000E+03  4.9871244E+07
  2.2850000E+03  5.2162396E+07
  2.2950002E+03  4.8910676E+07
  2.3050000E+03  4.7605128E+07
  2.3149995E+03  4.4482032E+07
  2.3250000E+03  2.9211032E+07
  2.3349995E+03  3.8851944E+07
  2.3449993E+03  3.4918404E+07
  2.3550000E+03  4.3992516E+07
  2.3649988E+03  3.5135900E+07
  2.3750000E+03  3.9471100E+07
  2.3849990E+03  3.1783298E+07
  2.3950000E+03  3.7235720E+07
  2.4050005E+03  3.4777296E+07
  2.4149993E+03  3.7165444E+07
  2.4249990E+03  4.2714324E+07
  2.4349990E+03  4.0655664E+07
  2.4450000E+03  4.4084760E+07
  2.4549990E+03  4.2239336E+07
  2.4649990E+03  4.1902904E+07
  2.4749993E+03  4.0004680E+07
  2.4850005E+03  4.2698900E+07
  2.4950000E+03  4.0792908E+07
  2.5050005E+03  4.6990860E+07
  2.5129988E+03  3.9861080E+07
  2.5179990E+03  4.1414776E+07
  2.5249998E+03  3.7604024E+07
  2.5350007E+03  3.7227588E+07
  2.5449988E+03  3.7341652E+07
  2.5550000E+03  4.1098252E+07
  2.5649990E+03  3.9900640E+07
  2.5749990E+03  4.3786712E+07
  2.5849993E+03  4.2810384E+07
  2.5949990E+03  4.0620916E+07
  2.6049995E+03  3.8432076E+07
  2.6149998E+03  3.7645628E+07
  2.6249990E+03  4.2168428E+07
  2.6350007E+03  4.2867364E+07
  2.6449995E+03  5.0394072E+07
  2.6549998E+03  4.9471096E+07
  2.6649995E+03  4.4098448E+07
  2.6749988E+03  4.6757712E+07
  2.6849988E+03  4.5544172E+07
  2.6949988E+03  4.3905908E+07
  2.7050000E+03  4.5473996E+07
  2.7150000E+03  4.2516736E+07
  2.7249995E+03  4.3299104E+07
  2.7350007E+03  4.7105796E+07
  2.7450002E+03  3.6845212E+07
  2.7549998E+03  3.8288664E+07
  2.7649983E+03  4.0325800E+07
  2.7750005E+03  4.4472404E+07
  2.7850000E+03  4.2719780E+07
  2.7949993E+03  2.6837574E+07
  2.8049995E+03  3.1669806E+07
  2.8150002E+03  4.5355000E+07
  2.8250007E+03  4.7338112E+07
  2.8350000E+03  4.4888892E+07
  2.8450002E+03  4.3203136E+07
  2.8550005E+03  4.1747380E+07
  2.8650000E+03  4.5413260E+07
  2.8749983E+03  4.3650832E+07
  2.8850000E+03  4.4559028E+07
  2.8949988E+03  4.2424516E+07
  2.9099988E+03  4.7994224E+07
  2.9299983E+03  4.5954560E+07
  2.9499990E+03  4.5731804E+07
  2.9700005E+03  4.6561484E+07
  2.9899980E+03  4.7230220E+07
  3.0099995E+03  4.8247088E+07
  3.0299995E+03  4.7382472E+07
  3.0499995E+03  4.6888644E+07
  3.0699995E+03  4.6411616E+07
  3.0899995E+03  4.7383124E+07
  3.1099995E+03  4.5794100E+07
  3.1299998E+03  4.5595284E+07
  3.1499995E+03  4.6441920E+07
  3.1699995E+03  4.6067696E+07
  3.1899995E+03  4.4177596E+07
  3.2099998E+03  4.5288700E+07
  3.2299993E+03  4.4328776E+07
  3.2499993E+03  4.4751444E+07
  3.2699995E+03  4.4751788E+07
  3.2899995E+03  4.5114280E+07
  3.3099998E+03  4.5382236E+07
  3.3299993E+03  4.4380104E+07
  3.3499995E+03  4.3757772E+07
  3.3699995E+03  4.3717616E+07
  3.3899993E+03  4.3314760E+07
  3.4099993E+03  4.4172136E+07
  3.4299995E+03  4.4029956E+07
  3.4499993E+03  4.3717192E+07
  3.4699998E+03  4.3020704E+07
  3.4899993E+03  4.2696076E+07
  3.5099995E+03  4.3314784E+07
  3.5299995E+03  4.3472344E+07
  3.5499995E+03  4.3465180E+07
  3.5699995E+03  4.2607092E+07
  3.5899995E+03  4.2376300E+07
  3.6099995E+03  4.2260732E+07
  3.6299993E+03  4.2113692E+07
  3.6399993E+03  4.1916736E+07
  3.6499995E+03  4.2945740E+07
  3.6699993E+03  3.9486088E+07
  3.6899995E+03  4.3488892E+07
  3.7099995E+03  6.3119584E+07
  3.7299998E+03  6.9368336E+07
  3.7499993E+03  9.3453936E+07
  3.7699993E+03  9.5439040E+07
  3.7899995E+03  1.1388464E+08
  3.8099993E+03  1.2635892E+08
  3.8299998E+03  1.0024881E+08
  3.8499995E+03  1.3146327E+08
  3.8699995E+03  1.3818502E+08
  3.8899995E+03  9.2985144E+07
  3.9099995E+03  1.3437416E+08
  3.9299993E+03  1.2625094E+08
  3.9499993E+03  1.3334700E+08
  3.9699998E+03  8.6124952E+07
  3.9899995E+03  1.3036020E+08
  4.0099995E+03  1.3048520E+08
  4.0299993E+03  1.2844404E+08
  4.0499993E+03  1.2756674E+08
  4.0699993E+03  1.2435338E+08
  4.0899995E+03  1.1295619E+08
  4.1099995E+03  8.8285984E+07
  4.1299995E+03  1.1835678E+08
  4.1499990E+03  1.1992902E+08
  4.1699990E+03  1.1718682E+08
  4.1899995E+03  1.1620591E+08
  4.2099995E+03  1.1474310E+08
  4.2299995E+03  1.1289002E+08
  4.2499995E+03  1.1080178E+08
  4.2699990E+03  1.0879720E+08
  4.2899995E+03  1.0850567E+08
  4.3100000E+03  1.0454812E+08
  4.3299995E+03  9.1196864E+07
  4.3499995E+03  7.8223504E+07
  4.3699995E+03  1.0283327E+08
  4.3899995E+03  1.0055742E+08
  4.4099995E+03  9.9734576E+07
  4.4299995E+03  9.9212328E+07
  4.4499995E+03  9.8379600E+07
  4.4699995E+03  9.7063792E+07
  4.4899995E+03  9.4928416E+07
  4.5099990E+03  9.4684760E+07
  4.5299995E+03  9.2939944E+07
  4.5499990E+03  9.0361360E+07
  4.5699995E+03  9.1397672E+07
  4.5899990E+03  8.9016824E+07
  4.6099990E+03  9.0116304E+07
  4.6299990E+03  8.7086456E+07
  4.6499990E+03  8.7703168E+07
  4.6699990E+03  8.6269512E+07
  4.6899990E+03  8.5286960E+07
  4.7099995E+03  8.2426128E+07
  4.7299990E+03  8.3377400E+07
  4.7499995E+03  8.2499744E+07
  4.7699995E+03  8.1612344E+07
  4.7899990E+03  8.0603864E+07
  4.8099995E+03  7.9120760E+07
  4.8299995E+03  7.7593240E+07
  4.8499990E+03  6.7783944E+07
  4.8700000E+03  5.5124264E+07
  4.8899990E+03  7.4545976E+07
  4.9099990E+03  7.4569664E+07
  4.9299990E+03  7.3065304E+07
  4.9499995E+03  7.2892720E+07
  4.9699995E+03  7.2406376E+07
  4.9899990E+03  7.1134200E+07
  5.0099995E+03  6.9161016E+07
  5.0299995E+03  6.9088600E+07
  5.0499995E+03  6.7830416E+07
  5.0699995E+03  6.7812216E+07
  5.0899995E+03  6.7065148E+07
  5.1099990E+03  6.6117048E+07
  5.1299995E+03  6.5414984E+07
  5.1499985E+03  6.4247416E+07
  5.1700000E+03  6.2997200E+07
  5.1899990E+03  6.2466480E+07
  5.2099990E+03  6.2220976E+07
  5.2299995E+03  6.0823200E+07
  5.2499995E+03  6.0996244E+07
  5.2699995E+03  5.9366236E+07
  5.2899990E+03  5.9759588E+07
  5.3099995E+03  5.8353608E+07
  5.3299990E+03  5.8065032E+07
  5.3499995E+03  5.8002880E+07
  5.3699995E+03  5.7130056E+07
  5.3899995E+03  5.6520140E+07
  5.4099990E+03  5.5646080E+07
  5.4299990E+03  5.5118092E+07
  5.4499990E+03  5.4841128E+07
  5.4699995E+03  5.4191524E+07
  5.4899995E+03  5.3674916E+07
  5.5099995E+03  5.3030340E+07
  5.5299985E+03  5.2420800E+07
  5.5499990E+03  5.2037540E+07
  5.5699990E+03  5.1408300E+07
  5.5899995E+03  5.0948260E+07
  5.6099990E+03  5.0511432E+07
  5.6299995E+03  4.9944004E+07
  5.6499990E+03  4.9287756E+07
  5.6699990E+03  4.8817616E+07
  5.6899995E+03  4.8386592E+07
  5.7099995E+03  4.7887612E+07
  5.7299990E+03  4.7407044E+07
  5.7499990E+03  4.6870448E+07
  5.7699990E+03  4.6397852E+07
  5.7899995E+03  4.5840744E+07
  5.8099985E+03  4.5409628E+07
  5.8300000E+03  4.4932324E+07
  5.8499990E+03  4.4513352E+07
  5.8699985E+03  4.3954704E+07
  5.8899985E+03  4.3270112E+07
  5.9099995E+03  4.3128736E+07
  5.9299985E+03  4.2712976E+07
  5.9499995E+03  4.2113436E+07
  5.9699990E+03  4.1792644E+07
  5.9899990E+03  4.1229484E+07
  6.0099990E+03  4.0952404E+07
  6.0299995E+03  4.0587944E+07
  6.0499990E+03  4.0129632E+07
  6.0699990E+03  3.9757240E+07
  6.0899995E+03  3.9357360E+07
  6.1099985E+03  3.8944732E+07
  6.1299995E+03  3.8546640E+07
  6.1499985E+03  3.7653900E+07
  6.1699985E+03  3.7790192E+07
  6.1900000E+03  3.7455912E+07
  6.2099995E+03  3.7097816E+07
  6.2299985E+03  3.6686276E+07
  6.2499990E+03  3.5947456E+07
  6.2699985E+03  3.6027064E+07
  6.2900000E+03  3.5672616E+07
  6.3099985E+03  3.5217880E+07
  6.3299995E+03  3.4967468E+07
  6.3499985E+03  3.4243968E+07
  6.3699985E+03  3.4010708E+07
  6.3899995E+03  3.3919916E+07
  6.4099990E+03  3.3549046E+07
  6.4299985E+03  3.3285090E+07
  6.4499985E+03  3.2690506E+07
  6.4699990E+03  3.2696600E+07
  6.4899990E+03  3.2217224E+07
  6.5099985E+03  3.1882682E+07
  6.5299990E+03  3.1401422E+07
  6.5499985E+03  2.8745966E+07
  6.5699985E+03  2.3105018E+07
  6.5899995E+03  3.0182472E+07
  6.6099985E+03  3.0429504E+07
  6.6299990E+03  3.0235910E+07
  6.6499985E+03  3.0022796E+07
  6.6699995E+03  2.9727846E+07
  6.6899990E+03  2.9463668E+07
  6.7099995E+03  2.9216330E+07
  6.7299990E+03  2.8884906E+07
  6.7499995E+03  2.8672640E+07
  6.7699985E+03  2.8422114E+07
  6.7899995E+03  2.8154410E+07
  6.8099995E+03  2.7902362E+07
  6.8300000E+03  2.7625318E+07
  6.8499985E+03  2.7381550E+07
  6.8699985E+03  2.7145728E+07
  6.8899985E+03  2.6905036E+07
  6.9099990E+03  2.6656408E+07
  6.9299995E+03  2.6407848E+07
  6.9499990E+03  2.6178866E+07
  6.9699985E+03  2.5945096E+07
  6.9899985E+03  2.5730530E+07
  7.0099985E+03  2.5426752E+07
  7.0299985E+03  2.5263228E+07
  7.0499990E+03  2.5019276E+07
  7.0699980E+03  2.4818392E+07
  7.0899990E+03  2.4616358E+07
  7.1099990E+03  2.4257474E+07
  7.1299995E+03  2.4147514E+07
  7.1499990E+03  2.3940394E+07
  7.1699995E+03  2.3749126E+07
  7.1899985E+03  2.3534118E+07
  7.2099985E+03  2.3340684E+07
  7.2299980E+03  2.3092820E+07
  7.2499990E+03  2.2909672E+07
  7.2699995E+03  2.2742450E+07
  7.2899990E+03  2.2528518E+07
  7.3099980E+03  2.2301074E+07
  7.3299980E+03  2.2153600E+07
  7.3499980E+03  2.1977410E+07
  7.3699985E+03  2.1800028E+07
  7.3899995E+03  2.1602166E+07
  7.4099985E+03  2.1349866E+07
  7.4299995E+03  2.1154550E+07
  7.4500000E+03  2.0998356E+07
  7.4700000E+03  2.0767240E+07
  7.4899990E+03  2.0656488E+07
  7.5099985E+03  2.0481154E+07
  7.5299995E+03  2.0356550E+07
  7.5499980E+03  2.0200604E+07
  7.5699985E+03  2.0025634E+07
  7.5899990E+03  1.9862684E+07
  7.6099980E+03  1.9706380E+07
  7.6299995E+03  1.9535898E+07
  7.6499995E+03  1.9350198E+07
  7.6699980E+03  1.9198830E+07
  7.6899990E+03  1.9050676E+07
  7.7099995E+03  1.8840424E+07
  7.7299985E+03  1.8745586E+07
  7.7499990E+03  1.8591248E+07
  7.7700000E+03  1.8061350E+07
  7.7900000E+03  1.8292790E+07
  7.8099995E+03  1.8149812E+07
  7.8299980E+03  1.7988396E+07
  7.8499980E+03  1.7811262E+07
  7.8699995E+03  1.7617440E+07
  7.8900000E+03  1.7459246E+07
  7.9099995E+03  1.7398166E+07
  7.9300000E+03  1.7281760E+07
  7.9499985E+03  1.7054846E+07
  7.9699990E+03  1.7016804E+07
  7.9900000E+03  1.6669112E+07
  8.0099980E+03  1.6742757E+07
  8.0299985E+03  1.6606291E+07
  8.0500000E+03  1.6481433E+07
  8.0699985E+03  1.6343157E+07
  8.0899990E+03  1.6218702E+07
  8.1099995E+03  1.6087827E+07
  8.1299976E+03  1.5972872E+07
  8.1499976E+03  1.5848063E+07
  8.1699980E+03  1.5725977E+07
  8.1899985E+03  1.5521769E+07
  8.2099990E+03  1.5474182E+07
  8.2300000E+03  1.5340658E+07
  8.2500000E+03  1.5285188E+07
  8.2700000E+03  1.5236687E+07
  8.2899980E+03  1.4977980E+07
  8.3099990E+03  1.4699749E+07
  8.3299980E+03  1.4267659E+07
  8.3500000E+03  1.4072948E+07
  8.3699990E+03  1.3746043E+07
  8.3899990E+03  1.3723937E+07
  8.4099971E+03  1.3669932E+07
  8.4300000E+03  1.4149044E+07
  8.4499990E+03  1.4124359E+07
  8.4699980E+03  1.3105152E+07
  8.4899980E+03  1.5241262E+07
  8.5099990E+03  1.3044145E+07
  8.5299990E+03  1.5679587E+07
  8.5499990E+03  1.2426098E+07
  8.5699990E+03  1.5964437E+07
  8.5900000E+03  1.4086879E+07
  8.6099980E+03  1.3502146E+07
  8.6299990E+03  1.5895480E+07
  8.6499990E+03  1.5149382E+07
  8.6699990E+03  1.1839926E+07
  8.6899990E+03  1.5214777E+07
  8.7099971E+03  1.5584968E+07
  8.7299990E+03  1.5118677E+07
  8.7499980E+03  1.1623434E+07
  8.7699980E+03  1.4478528E+07
  8.7899980E+03  1.5202128E+07
  8.8099990E+03  1.5095807E+07
  8.8299980E+03  1.4815869E+07
  8.8499980E+03  1.3707609E+07
  8.8699980E+03  1.1317285E+07
  8.8899990E+03  1.4380117E+07
  8.9099971E+03  1.4476984E+07
  8.9299980E+03  1.4393782E+07
  8.9499980E+03  1.4390664E+07
  8.9699990E+03  1.4242280E+07
  8.9899990E+03  1.3901164E+07
  9.0099980E+03  1.1160441E+07
  9.0299990E+03  1.2393153E+07
  9.0499990E+03  1.3693531E+07
  9.0699980E+03  1.3492160E+07
  9.0899990E+03  1.3360815E+07
  9.1099980E+03  1.3467450E+07
  9.1299980E+03  1.3420716E+07
  9.1499980E+03  1.3369759E+07
  9.1699980E+03  1.3206666E+07
  9.1899990E+03  1.2985982E+07
  9.2099990E+03  1.2484621E+07
  9.2299980E+03  9.6548130E+06
  9.2499980E+03  1.2062946E+07
  9.2699971E+03  1.2324412E+07
  9.2899990E+03  1.2627598E+07
  9.3099980E+03  1.2589487E+07
  9.3299990E+03  1.2485798E+07
  9.3499980E+03  1.2414343E+07
  9.3699990E+03  1.2327503E+07
  9.3900000E+03  1.2148570E+07
  9.4099980E+03  1.1953610E+07
  9.4299971E+03  1.2035989E+07
  9.4499990E+03  1.1962734E+07
  9.4700000E+03  1.1860165E+07
  9.4899980E+03  1.1752505E+07
  9.5100000E+03  1.1598981E+07
  9.5300000E+03  1.0995334E+07
  9.5500000E+03  8.7303000E+06
  9.5699990E+03  1.1008097E+07
  9.5899980E+03  1.1296084E+07
  9.6099980E+03  1.1216072E+07
  9.6299990E+03  1.1041972E+07
  9.6499990E+03  1.1128539E+07
  9.6699980E+03  1.0975791E+07
  9.6899980E+03  1.0960221E+07
  9.7100000E+03  1.0906721E+07
  9.7299990E+03  1.0823332E+07
  9.7499980E+03  1.0741724E+07
  9.7699961E+03  1.0674115E+07
  9.7899980E+03  1.0595560E+07
  9.8099980E+03  1.0512080E+07
  9.8299990E+03  1.0418663E+07
  9.8499980E+03  1.0339898E+07
  9.8700000E+03  1.0275987E+07
  9.8899980E+03  1.0155900E+07
  9.9099990E+03  1.0143718E+07
  9.9300000E+03  1.0053609E+07
  9.9499980E+03  1.0000681E+07
  9.9699980E+03  9.9397530E+06
  9.9899990E+03  9.8463890E+06
  1.0024998E+04  9.2207210E+06
  1.0074998E+04  8.7438070E+06
  1.0124997E+04  9.3316380E+06
  1.0174997E+04  9.2488860E+06
  1.0224998E+04  9.1096450E+06
  1.0274997E+04  8.9551890E+06
  1.0325000E+04  8.7962170E+06
  1.0374999E+04  8.6524910E+06
  1.0425000E+04  8.5121490E+06
  1.0474998E+04  8.3445620E+06
  1.0524997E+04  8.2015320E+06
  1.0574999E+04  8.0844050E+06
  1.0625000E+04  7.9611070E+06
  1.0674997E+04  7.7471965E+06
  1.0724998E+04  7.6662850E+06
  1.0774999E+04  7.5670700E+06
  1.0824997E+04  7.4471770E+06
  1.0874997E+04  7.3027215E+06
  1.0924999E+04  6.3872740E+06
  1.0974996E+04  6.8943870E+06
  1.1025000E+04  6.9900585E+06
  1.1074998E+04  6.8899225E+06
  1.1124999E+04  6.7803400E+06
  1.1174998E+04  6.6748525E+06
  1.1224999E+04  6.5715675E+06
  1.1274997E+04  6.3936905E+06
  1.1325000E+04  6.3047510E+06
  1.1375000E+04  6.2657510E+06
  1.1425000E+04  6.1654275E+06
  1.1474997E+04  6.0812045E+06
  1.1525000E+04  5.9899770E+06
  1.1574998E+04  5.8975700E+06
  1.1625000E+04  5.7836645E+06
  1.1674998E+04  5.6819960E+06
  1.1724997E+04  5.6355580E+06
  1.1775001E+04  5.4970430E+06
  1.1824999E+04  5.4503865E+06
  1.1875000E+04  5.3572970E+06
  1.1925000E+04  5.3098175E+06
  1.1975001E+04  5.2132880E+06
  1.2024998E+04  5.1520510E+06
  1.2074996E+04  5.0701995E+06
  1.2125000E+04  4.9982285E+06
  1.2175000E+04  4.9305740E+06
  1.2225001E+04  4.8578050E+06
  1.2275001E+04  4.7825570E+06
  1.2324996E+04  4.7168035E+06
  1.2374996E+04  4.6512125E+06
  1.2424998E+04  4.5894490E+06
  1.2475000E+04  4.5089160E+06
  1.2524997E+04  4.4595425E+06
  1.2574997E+04  4.3807900E+06
  1.2624999E+04  4.3279580E+06
  1.2674997E+04  4.2748865E+06
  1.2724999E+04  4.2127405E+06
  1.2774999E+04  4.1087292E+06
  1.2825000E+04  3.6271410E+06
  1.2875001E+04  4.0121970E+06
  1.2924997E+04  3.9861785E+06
  1.2975001E+04  3.9335830E+06
  1.3024998E+04  3.8807922E+06
  1.3074999E+04  3.8280282E+06
  1.3125000E+04  3.7761735E+06
  1.3174998E+04  3.7141435E+06
  1.3224998E+04  3.6753425E+06
  1.3274997E+04  3.6261172E+06
  1.3324997E+04  3.5777380E+06
  1.3374999E+04  3.5301888E+06
  1.3424999E+04  3.4822030E+06
  1.3474999E+04  3.4344162E+06
  1.3525001E+04  3.3855910E+06
  1.3574999E+04  3.3433210E+06
  1.3624997E+04  3.3009702E+06
  1.3674997E+04  3.2545140E+06
  1.3724995E+04  3.2078470E+06
  1.3774998E+04  3.1752690E+06
  1.3824998E+04  3.1344060E+06
  1.3874996E+04  3.0954192E+06
  1.3925000E+04  3.0530225E+06
  1.3974996E+04  3.0159782E+06
  1.4024997E+04  2.9780405E+06
  1.4075001E+04  2.9405635E+06
  1.4124996E+04  2.9024125E+06
  1.4175000E+04  2.8662218E+06
  1.4225000E+04  2.8300968E+06
  1.4274994E+04  2.7945938E+06
  1.4325001E+04  2.7595118E+06
  1.4374998E+04  2.7255820E+06
  1.4424999E+04  2.6732250E+06
  1.4475000E+04  2.6578452E+06
  1.4524997E+04  2.6151162E+06
  1.4569999E+04  2.5959692E+06
  1.4620000E+04  2.6318245E+06
  1.4674998E+04  2.6682888E+06
  1.4725000E+04  2.5933820E+06
  1.4775002E+04  2.5166652E+06
  1.4824998E+04  2.4620088E+06
  1.4874996E+04  2.4022390E+06
  1.4924997E+04  2.3618165E+06
  1.4974999E+04  2.3096150E+06
  1.5024999E+04  2.2699042E+06
  1.5075000E+04  2.2422725E+06
  1.5124999E+04  2.2161095E+06
  1.5175000E+04  2.1987482E+06
  1.5225002E+04  2.2129342E+06
  1.5274998E+04  2.1267825E+06
  1.5324995E+04  2.1225528E+06
  1.5374997E+04  2.1557832E+06
  1.5425001E+04  2.0493599E+06
  1.5474996E+04  2.1217192E+06
  1.5524994E+04  2.1118268E+06
  1.5575001E+04  1.9538566E+06
  1.5624998E+04  2.1166688E+06
  1.5674997E+04  2.0087375E+06
  1.5724994E+04  1.9068576E+06
  1.5774996E+04  2.0482970E+06
  1.5825001E+04  2.0213824E+06
  1.5874995E+04  1.7911659E+06
  1.5925002E+04  1.9440829E+06
  1.5975001E+04  1.9670666E+06
  1.6049998E+04  1.9066079E+06
  1.6150001E+04  1.7815275E+06
  1.6249997E+04  1.8501209E+06
  1.6350000E+04  1.7773876E+06
  1.6449996E+04  1.6668829E+06
  1.6549998E+04  1.7296005E+06
  1.6649994E+04  1.6921725E+06
  1.6749998E+04  1.6244928E+06
  1.6849998E+04  1.5251240E+06
  1.6950000E+04  1.5828419E+06
  1.7049996E+04  1.5487786E+06
  1.7150000E+04  1.5166795E+06
  1.7249992E+04  1.4797762E+06
  1.7349994E+04  1.3517580E+06
  1.7449992E+04  1.4102949E+06
  1.7550000E+04  1.3896200E+06
  1.7649998E+04  1.3608575E+06
  1.7749994E+04  1.3338494E+06
  1.7849994E+04  1.3062946E+06
  1.7949998E+04  1.2807890E+06
  1.8050002E+04  1.2492915E+06
  1.8150002E+04  1.1524222E+06
  1.8249994E+04  1.1883534E+06
  1.8349992E+04  1.1795766E+06
  1.8449992E+04  1.1561999E+06
  1.8549998E+04  1.1317239E+06
  1.8650002E+04  1.1079218E+06
  1.8750002E+04  1.0170839E+06
  1.8850000E+04  1.0623771E+06
  1.8950004E+04  1.0454972E+06
  1.9049996E+04  1.0265156E+06
  1.9149998E+04  1.0066488E+06
  1.9249992E+04  9.8711875E+05
  1.9350000E+04  9.6536056E+05
  1.9449992E+04  8.8773238E+05
  1.9550002E+04  9.2902206E+05
  1.9649992E+04  9.1433238E+05
  1.9749992E+04  8.9680994E+05
  1.9849992E+04  8.8039656E+05
  1.9950002E+04  8.6400031E+05
  2.0050002E+04  8.4805625E+05
  2.0149996E+04  8.3242281E+05
  2.0249994E+04  8.1711081E+05
  2.0349994E+04  8.0213162E+05
  2.0449996E+04  7.8764869E+05
  2.0550000E+04  7.7337306E+05
  2.0649992E+04  7.5926656E+05
  2.0749998E+04  7.4576200E+05
  2.0849992E+04  7.3249900E+05
  2.0950004E+04  7.1947925E+05
  2.1050002E+04  7.0666575E+05
  2.1149992E+04  6.9359062E+05
  2.1250000E+04  6.8144619E+05
  2.1350002E+04  6.6950681E+05
  2.1449996E+04  6.5837462E+05
  2.1550006E+04  6.4553681E+05
  2.1649994E+04  5.9642681E+05
  2.1750002E+04  6.2164669E+05
  2.1849998E+04  6.1437588E+05
  2.1950002E+04  6.0403631E+05
  2.2050000E+04  5.9371956E+05
  2.2149996E+04  5.8332600E+05
  2.2249998E+04  5.7400031E+05
  2.2350004E+04  5.6437244E+05
  2.2449990E+04  5.5500625E+05
  2.2549994E+04  5.4567144E+05
  2.2650000E+04  5.3678056E+05
  2.2750000E+04  5.2794488E+05
  2.2850000E+04  5.2215788E+05
  2.2950004E+04  5.2179441E+05
  2.3050000E+04  5.1099447E+05
  2.3149996E+04  5.0017150E+05
  2.3250000E+04  4.8994719E+05
  2.3349996E+04  4.8031491E+05
  2.3449994E+04  4.7078759E+05
  2.3550002E+04  4.6177769E+05
  2.3649988E+04  4.5363131E+05
  2.3750000E+04  4.4552422E+05
  2.3849990E+04  4.3826634E+05
  2.3950002E+04  4.3144797E+05
  2.4050006E+04  4.2381612E+05
  2.4149992E+04  4.1596669E+05
  2.4249990E+04  4.1479822E+05
  2.4349990E+04  4.0443444E+05
  2.4450002E+04  3.9733878E+05
  2.4549990E+04  3.9674659E+05
  2.4649992E+04  3.8701147E+05
  2.4749992E+04  3.8149188E+05
  2.4850006E+04  3.8356409E+05
  2.4950000E+04  3.6107519E+05
  2.5050006E+04  3.7478012E+05
  2.5149994E+04  3.6756534E+05
  2.5249998E+04  3.4379503E+05
  2.5350004E+04  3.5526906E+05
  2.5449988E+04  3.5265178E+05
  2.5549998E+04  3.4483525E+05
  2.5649990E+04  3.2235678E+05
  2.5749990E+04  3.3565306E+05
  2.5849994E+04  3.3234506E+05
  2.5949990E+04  3.2741662E+05
  2.6049996E+04  3.1861756E+05
  2.6149998E+04  2.9919488E+05
  2.6249988E+04  2.9201569E+05
  2.6350008E+04  3.0649853E+05
  2.6449996E+04  3.0452481E+05
  2.6549994E+04  3.0025781E+05
  2.6649994E+04  2.9425312E+05
  2.6749988E+04  2.7339869E+05
  2.6849986E+04  2.8601891E+05
  2.6949986E+04  2.8371356E+05
  2.7050002E+04  2.7970925E+05
  2.7149998E+04  2.7585875E+05
  2.7249994E+04  2.7201144E+05
  2.7350006E+04  2.6822269E+05
  2.7450004E+04  2.6392712E+05
  2.7549996E+04  2.4648391E+05
  2.7649982E+04  2.5239661E+05
  2.7750004E+04  2.5362338E+05
  2.7850000E+04  2.5032394E+05
  2.7949992E+04  2.4692538E+05
  2.8049994E+04  2.4357819E+05
  2.8150002E+04  2.4028167E+05
  2.8250006E+04  2.3703986E+05
  2.8350000E+04  2.3388009E+05
  2.8450000E+04  2.3068425E+05
  2.8550002E+04  2.2759205E+05
  2.8650002E+04  2.2210938E+05
  2.8749982E+04  2.0828845E+05
  2.8849998E+04  2.1804033E+05
  2.8949986E+04  2.1566923E+05
  2.9049994E+04  2.1305739E+05
  2.9149986E+04  2.1013067E+05
  2.9249984E+04  2.0752509E+05
  2.9349980E+04  2.0483638E+05
  2.9450000E+04  2.0219639E+05
  2.9550004E+04  1.9960056E+05
  2.9649982E+04  1.9702686E+05
  2.9749992E+04  1.9450831E+05
  2.9849994E+04  1.9202758E+05
  2.9949984E+04  1.8957575E+05
  3.0049996E+04  1.8716450E+05
  3.0149994E+04  1.8478947E+05
  3.0249994E+04  1.8213702E+05
  3.0349996E+04  1.7192042E+05
  3.0449996E+04  1.7349097E+05
  3.0549996E+04  1.7548134E+05
  3.0649996E+04  1.7352008E+05
  3.0749994E+04  1.7136142E+05
  3.0849996E+04  1.6913203E+05
  3.0949994E+04  1.6715205E+05
  3.1049996E+04  1.6508845E+05
  3.1149996E+04  1.6304403E+05
  3.1249996E+04  1.6104166E+05
  3.1349996E+04  1.5911894E+05
  3.1449996E+04  1.5714502E+05
  3.1549998E+04  1.5529886E+05
  3.1649996E+04  1.5342775E+05
  3.1749998E+04  1.5156212E+05
  3.1849996E+04  1.4977259E+05
  3.1949994E+04  1.4797295E+05
  3.2099996E+04  1.4533552E+05
  3.2299992E+04  1.4191995E+05
  3.2499994E+04  1.3859856E+05
  3.2699996E+04  1.3535461E+05
  3.2899996E+04  1.2754998E+05
  3.3099996E+04  1.2928333E+05
  3.3299992E+04  1.2707258E+05
  3.3499996E+04  1.2396525E+05
  3.3699996E+04  1.2086283E+05
  3.3899996E+04  1.1797885E+05
  3.4099996E+04  1.1516049E+05
  3.4299996E+04  1.1241247E+05
  3.4499992E+04  1.0987536E+05
  3.4699996E+04  1.0735465E+05
  3.4899996E+04  1.0494312E+05
  3.5099996E+04  1.0270787E+05
  3.5299996E+04  1.0054962E+05
  3.5499996E+04  9.8179281E+04
  3.5699992E+04  9.5899961E+04
  3.5899992E+04  9.4764258E+04
  3.6099996E+04  9.1673328E+04
  3.6299992E+04  9.0920406E+04
  3.6499992E+04  8.7687141E+04
  3.6699992E+04  8.7385734E+04
  3.6899992E+04  8.3759977E+04
  3.7099996E+04  8.3672234E+04
  3.7299996E+04  8.0806070E+04
  3.7499992E+04  7.7125484E+04
  3.7699996E+04  7.8769125E+04
  3.7899996E+04  7.7323633E+04
  3.8099992E+04  7.4393648E+04
  3.8299996E+04  7.3243742E+04
  3.8499996E+04  7.2771945E+04
  3.8699996E+04  7.1299797E+04
  3.8899992E+04  6.9694672E+04
  3.9099996E+04  6.6423164E+04
  3.9299992E+04  6.7156266E+04
  3.9499992E+04  6.5874273E+04
  3.9699992E+04  6.4626598E+04
  3.9900000E+04  6.3355586E+04
  4.0099996E+04  6.1282000E+04
  4.0299992E+04  5.9585023E+04
  4.0499996E+04  5.7934559E+04
  4.0699992E+04  5.8608344E+04
  4.0899992E+04  5.7570371E+04
  4.1099996E+04  5.6502938E+04
  4.1299996E+04  5.5449020E+04
  4.1499992E+04  5.4338387E+04
  4.1699992E+04  5.1578227E+04
  4.1899996E+04  5.2331605E+04
  4.2099996E+04  5.1461477E+04
  4.2299992E+04  5.0535961E+04
  4.2499996E+04  4.9619266E+04
  4.2699992E+04  4.8723703E+04
  4.2899992E+04  4.7848781E+04
  4.3099996E+04  4.6992008E+04
  4.3299996E+04  4.6155023E+04
  4.3499992E+04  4.5327430E+04
  4.3699996E+04  4.3159711E+04
  4.3899996E+04  4.3441762E+04
  4.4099992E+04  4.2982766E+04
  4.4299992E+04  4.2236562E+04
  4.4499996E+04  4.1501992E+04
  4.4699996E+04  4.0978719E+04
  4.4899996E+04  4.0272492E+04
  4.5099992E+04  3.9584566E+04
  4.5299992E+04  3.8903516E+04
  4.5499996E+04  3.8245613E+04
  4.5699992E+04  3.7595930E+04
  4.5899996E+04  3.6961441E+04
  4.6099996E+04  3.6343613E+04
  4.6299992E+04  3.5687621E+04
  4.6499988E+04  3.3997895E+04
  4.6699992E+04  3.3202902E+04
  4.6899992E+04  3.3852047E+04
  4.7099992E+04  3.3429312E+04
  4.7299992E+04  3.2882836E+04
  4.7499996E+04  3.2339350E+04
  4.7699992E+04  3.1818713E+04
  4.7899992E+04  3.1305625E+04
  4.8099996E+04  3.0801574E+04
  4.8299992E+04  3.0308018E+04
  4.8499992E+04  2.9823139E+04
  4.8700000E+04  2.9348350E+04
  4.8899992E+04  2.8883486E+04
  4.9099988E+04  2.8426768E+04
  4.9299988E+04  2.7979588E+04
  4.9499996E+04  2.7541756E+04
  4.9699992E+04  2.7111598E+04
  4.9899988E+04  2.6688943E+04
  5.0099996E+04  2.6276652E+04
  5.0299996E+04  2.5870066E+04
  5.0499996E+04  2.5473521E+04
  5.0699996E+04  2.5083879E+04
  5.0899992E+04  2.4701021E+04
  5.1099992E+04  2.4251236E+04
  5.1299996E+04  2.3077621E+04
  5.1499988E+04  2.3556389E+04
  5.1699996E+04  2.3241988E+04
  5.1899992E+04  2.2895375E+04
  5.2099992E+04  2.2553383E+04
  5.2299996E+04  2.2218695E+04
  5.2499996E+04  2.1889812E+04
  5.2699996E+04  2.1566633E+04
  5.2899992E+04  2.1250398E+04
  5.3099988E+04  2.0939643E+04
  5.3299988E+04  2.0632941E+04
  5.3499992E+04  2.0334178E+04
  5.3699992E+04  2.0039287E+04
  5.3899992E+04  1.9750799E+04
  5.4099992E+04  1.9466021E+04
  5.4299984E+04  1.9187459E+04
  5.4499988E+04  1.8913713E+04
  5.4699996E+04  1.8644705E+04
  5.4899992E+04  1.8380367E+04
  5.5099992E+04  1.8120604E+04
  5.5299988E+04  1.7865348E+04
  5.5499988E+04  1.7615740E+04
  5.5699992E+04  1.7368029E+04
  5.5899992E+04  1.7125822E+04
  5.6099988E+04  1.6889018E+04
  5.6299996E+04  1.6656320E+04
  5.6499988E+04  1.6426498E+04
  5.6699988E+04  1.6200667E+04
  5.6899992E+04  1.5979923E+04
  5.7099996E+04  1.5761869E+04
  5.7299988E+04  1.5547619E+04
  5.7499988E+04  1.5337098E+04
  5.7699988E+04  1.5129119E+04
  5.7899996E+04  1.4925885E+04
  5.8099988E+04  1.4726209E+04
  5.8299996E+04  1.4528912E+04
  5.8499992E+04  1.4371396E+04
  5.8699988E+04  1.4180700E+04
  5.8899988E+04  1.3936872E+04
  5.9099992E+04  1.3310954E+04
  5.9299988E+04  1.3597357E+04
  5.9499996E+04  1.3446504E+04
  5.9699988E+04  1.3272003E+04
  5.9899992E+04  1.3098473E+04
  6.0099992E+04  1.2929045E+04
  6.0299992E+04  1.2761570E+04
  6.0499988E+04  1.2597056E+04
  6.0699992E+04  1.2435446E+04
  6.0899992E+04  1.2275688E+04
  6.1099988E+04  1.2118763E+04
  6.1299992E+04  1.1964619E+04
  6.1499988E+04  1.1812226E+04
  6.1699988E+04  1.1663528E+04
  6.1899996E+04  1.1515519E+04
  6.2099996E+04  1.1371126E+04
  6.2299988E+04  1.1228353E+04
  6.2499992E+04  1.1088130E+04
  6.2699988E+04  1.0949467E+04
  6.2899996E+04  1.0814241E+04
  6.3099984E+04  1.0679568E+04
  6.3299996E+04  1.0548251E+04
  6.3499984E+04  1.0418382E+04
  6.3699984E+04  1.0290856E+04
  6.3900000E+04  1.0164718E+04
  6.4199992E+04  9.9794541E+03
  6.4599984E+04  9.7388975E+03
  6.4999992E+04  9.5052666E+03
  6.5399992E+04  9.2792490E+03
  6.5799992E+04  9.0597490E+03
  6.6199984E+04  8.8457217E+03
  6.6599984E+04  8.6395635E+03
  6.6999992E+04  8.4385195E+03
  6.7399992E+04  8.2432031E+03
  6.7799992E+04  8.0536992E+03
  6.8199992E+04  7.8695977E+03
  6.8599992E+04  7.6900312E+03
  6.8999984E+04  7.5164639E+03
  6.9399984E+04  7.3474688E+03
  6.9800000E+04  7.1833857E+03
  7.0199992E+04  7.0239360E+03
  7.0599984E+04  6.8684590E+03
  7.0999977E+04  6.7177490E+03
  7.1399977E+04  6.5702705E+03
  7.1799984E+04  6.4276235E+03
  7.2199984E+04  6.2883052E+03
  7.2600000E+04  6.1531572E+03
  7.2999984E+04  6.0220039E+03
  7.3400000E+04  5.8938218E+03
  7.3799984E+04  5.7690303E+03
  7.4199992E+04  5.6456177E+03
  7.4599992E+04  5.4409800E+03
  7.5000000E+04  5.3059414E+03
  7.5399992E+04  5.2989648E+03
  7.5799992E+04  5.1931577E+03
  7.6199984E+04  5.0868105E+03
  7.6599992E+04  4.9830986E+03
  7.6999992E+04  4.8820259E+03
  7.7399992E+04  4.7834629E+03
  7.7799984E+04  4.6874736E+03
  7.8199984E+04  4.5938081E+03
  7.8599984E+04  4.5024722E+03
  7.8999984E+04  4.4134102E+03
  7.9399984E+04  4.3265073E+03
  7.9800000E+04  4.2417100E+03
  8.0199992E+04  4.1590322E+03
  8.0599984E+04  4.0783049E+03
  8.0999992E+04  3.9995950E+03
  8.1399977E+04  3.9226887E+03
  8.1799984E+04  3.8476526E+03
  8.2199984E+04  3.7744456E+03
  8.2599992E+04  3.7029146E+03
  8.2999984E+04  3.6330769E+03
  8.3400000E+04  3.5647285E+03
  8.3799992E+04  3.4980549E+03
  8.4199992E+04  3.4331211E+03
  8.4599977E+04  3.3696790E+03
  8.4999977E+04  3.3076394E+03
  8.5399984E+04  3.2469211E+03
  8.5799984E+04  3.1876499E+03
  8.6199992E+04  3.1296909E+03
  8.6599992E+04  3.0731167E+03
  8.6999984E+04  3.0177473E+03
  8.7399992E+04  2.9636052E+03
  8.7799992E+04  2.9107131E+03
  8.8199984E+04  2.8589478E+03
  8.8599977E+04  2.8083325E+03
  8.8999992E+04  2.7588884E+03
  8.9399977E+04  2.7104998E+03
  8.9799977E+04  2.6631411E+03
  9.0199984E+04  2.6168379E+03
  9.0599984E+04  2.5715222E+03
  9.0999992E+04  2.5271731E+03
  9.1400000E+04  2.4837710E+03
  9.1799969E+04  2.4413428E+03
  9.2199969E+04  2.3997754E+03
  9.2599984E+04  2.3590964E+03
  9.3000000E+04  2.3192449E+03
  9.3399984E+04  2.2802485E+03
  9.3799984E+04  2.2420879E+03
  9.4199977E+04  2.2047046E+03
  9.4599984E+04  2.1680818E+03
  9.4999969E+04  2.1322478E+03
  9.5399984E+04  2.0971011E+03
  9.5799984E+04  2.0627544E+03
  9.6199992E+04  2.0290674E+03
  9.6599984E+04  1.9960691E+03
  9.7000000E+04  1.9637045E+03
  9.7399977E+04  1.9320026E+03
  9.7799984E+04  1.9009882E+03
  9.8199977E+04  1.8705317E+03
  9.8599977E+04  1.8406993E+03
  9.8999992E+04  1.8114783E+03
  9.9399984E+04  1.7828208E+03
  9.9799977E+04  1.7547147E+03
  1.0019999E+05  1.7271866E+03
  1.9999991E+05  1.1063717E+02
  3.9999994E+05  6.8815017E+00
  5.9999981E+05  1.3475538E+00
  7.9999994E+05  4.2292994E-01
