  5.0599994E+02  9.2885488E-10
  5.1199994E+02  1.7643553E-09
  5.2000000E+02  3.4853378E-09
  5.2999994E+02  7.9620914E-09
  5.3999994E+02  1.7384501E-08
  5.4999988E+02  3.7370683E-08
  5.5999988E+02  7.7756475E-08
  5.6999988E+02  1.5754611E-07
  5.7999994E+02  3.0938253E-07
  5.8999988E+02  6.0185317E-07
  5.9999988E+02  1.1376295E-06
  6.0999988E+02  2.1086325E-06
  6.1999994E+02  3.8288781E-06
  6.2999988E+02  6.8238155E-06
  6.3999994E+02  1.1939384E-05
  6.4999994E+02  2.0570964E-05
  6.5799994E+02  3.1399355E-05
  6.6499988E+02  4.5042711E-05
  6.7499994E+02  7.4561111E-05
  6.8499988E+02  1.2171717E-04
  6.9499994E+02  1.9583646E-04
  7.0499988E+02  3.1015632E-04
  7.1599988E+02  5.0915149E-04
  7.2599994E+02  7.8716566E-04
  7.3499982E+02  1.1535089E-03
  7.4499994E+02  1.7440259E-03
  7.5499982E+02  2.6090601E-03
  7.6499994E+02  3.8628294E-03
  7.7499994E+02  5.6604207E-03
  7.8499982E+02  8.2166325E-03
  7.9499982E+02  1.1770062E-02
  8.0500000E+02  1.6791878E-02
  8.1499976E+02  2.3739198E-02
  8.2500000E+02  3.3234976E-02
  8.3499994E+02  4.6114109E-02
  8.4499994E+02  6.3556969E-02
  8.5499988E+02  8.6877562E-02
  8.6499994E+02  1.1785480E-01
  8.7499982E+02  1.5859082E-01
  8.8499982E+02  2.1230005E-01
  8.9499988E+02  2.8204718E-01
  9.0499994E+02  3.7169865E-01
  9.1499982E+02  7.3719963E+01
  9.2499988E+02  4.0031351E+02
  9.3499982E+02  5.4164075E+02
  9.4500000E+02  7.6281024E+02
  9.5500000E+02  1.1641639E+03
  9.6499988E+02  1.4858954E+03
  9.7499982E+02  1.5199709E+03
  9.8499976E+02  2.0679412E+03
  9.9499988E+02  2.2470232E+03
  1.0049999E+03  2.9425112E+03
  1.0149997E+03  3.5871067E+03
  1.0249998E+03  2.8102278E+03
  1.0349998E+03  4.7727100E+03
  1.0449998E+03  5.9803296E+03
  1.0549999E+03  7.0650254E+03
  1.0649999E+03  7.5514355E+03
  1.0750000E+03  9.0914697E+03
  1.0849996E+03  1.0273540E+04
  1.0949999E+03  1.0941371E+04
  1.1049999E+03  1.2853401E+05
  1.1149999E+03  4.4154344E+05
  1.1249999E+03  4.7790222E+05
  1.1349996E+03  6.6299906E+05
  1.1449999E+03  5.6652562E+05
  1.1549999E+03  5.8892388E+05
  1.1650000E+03  5.2850456E+05
  1.1749995E+03  2.6947434E+05
  1.1849996E+03  1.0929952E+05
  1.1949998E+03  2.9520801E+04
  1.2049996E+03  3.0257488E+04
  1.2149998E+03  5.9982290E+03
  1.2249996E+03  3.3186418E+04
  1.2349996E+03  8.5803461E+04
  1.2449998E+03  5.7264950E+05
  1.2549996E+03  2.0791755E+06
  1.2650000E+03  2.2876485E+06
  1.2749998E+03  1.1147245E+07
  1.2849995E+03  1.8736676E+07
  1.2949998E+03  1.8042936E+07
  1.3049995E+03  8.2981865E+06
  1.3149998E+03  2.3655500E+07
  1.3249998E+03  3.0720180E+07
  1.3349996E+03  2.0895486E+07
  1.3449995E+03  4.0284288E+07
  1.3549996E+03  4.1085116E+07
  1.3649999E+03  3.3920080E+07
  1.3749999E+03  4.0829148E+07
  1.3849996E+03  4.2618100E+07
  1.3949999E+03  4.6217936E+07
  1.4050001E+03  4.7711264E+07
  1.4149998E+03  4.2747444E+07
  1.4249998E+03  5.0884136E+07
  1.4350000E+03  4.4679784E+07
  1.4419998E+03  5.0957872E+07
  1.4469999E+03  5.9759204E+07
  1.4549994E+03  5.6527124E+07
  1.4650000E+03  5.0746552E+07
  1.4749995E+03  4.8098916E+07
  1.4849996E+03  5.6962052E+07
  1.4949998E+03  6.1225608E+07
  1.5049996E+03  6.3508356E+07
  1.5119995E+03  5.2269684E+07
  1.5169994E+03  6.0349976E+07
  1.5250001E+03  5.0423292E+07
  1.5349994E+03  4.2325688E+07
  1.5449994E+03  6.0592348E+07
  1.5549998E+03  5.0747828E+07
  1.5649999E+03  4.5348404E+07
  1.5750001E+03  4.9663064E+07
  1.5850000E+03  5.7703072E+07
  1.5949996E+03  6.4611176E+07
  1.6049999E+03  5.7325464E+07
  1.6150000E+03  5.6425628E+07
  1.6249996E+03  4.9788344E+07
  1.6350000E+03  5.3060908E+07
  1.6449996E+03  5.6503888E+07
  1.6549999E+03  4.7146912E+07
  1.6649993E+03  5.5821868E+07
  1.6720000E+03  2.6283598E+07
  1.6770001E+03  5.4184524E+07
  1.6849998E+03  6.3871036E+07
  1.6950000E+03  6.0472140E+07
  1.7049995E+03  5.3417384E+07
  1.7150000E+03  5.2342800E+07
  1.7249993E+03  5.2196040E+07
  1.7349994E+03  5.8703416E+07
  1.7449993E+03  5.6778008E+07
  1.7550001E+03  6.7766128E+07
  1.7649998E+03  5.4823708E+07
  1.7749995E+03  6.2277788E+07
  1.7849995E+03  5.8542052E+07
  1.7949999E+03  7.2231160E+07
  1.8050001E+03  6.8146752E+07
  1.8150001E+03  6.7827888E+07
  1.8249994E+03  6.4308636E+07
  1.8349993E+03  6.0851740E+07
  1.8449993E+03  5.4884904E+07
  1.8549998E+03  5.7965684E+07
  1.8650002E+03  5.9151256E+07
  1.8750001E+03  6.4090004E+07
  1.8850000E+03  6.1525624E+07
  1.8950002E+03  6.1813768E+07
  1.9049996E+03  5.9036352E+07
  1.9149999E+03  6.1554628E+07
  1.9249993E+03  6.3589580E+07
  1.9350001E+03  6.1929808E+07
  1.9449993E+03  6.5394608E+07
  1.9550002E+03  6.4140772E+07
  1.9670002E+03  6.9210544E+07
  1.9759990E+03  6.9635224E+07
  1.9839996E+03  6.6157536E+07
  1.9950001E+03  6.3236784E+07
  2.0050002E+03  6.3351656E+07
  2.0149996E+03  5.8635356E+07
  2.0249994E+03  6.1143668E+07
  2.0349995E+03  6.1091868E+07
  2.0449998E+03  6.5454956E+07
  2.0550000E+03  6.0540092E+07
  2.0649993E+03  5.9136228E+07
  2.0739993E+03  6.6153552E+07
  2.0780002E+03  6.6420784E+07
  2.0849993E+03  6.5418384E+07
  2.0950005E+03  6.2615924E+07
  2.1050002E+03  5.9861168E+07
  2.1149990E+03  5.9791728E+07
  2.1250000E+03  6.1366860E+07
  2.1350002E+03  4.9961352E+07
  2.1449998E+03  5.6669324E+07
  2.1550005E+03  5.9635256E+07
  2.1649995E+03  5.5460784E+07
  2.1750002E+03  5.4290956E+07
  2.1849998E+03  5.3979032E+07
  2.1950000E+03  5.9122064E+07
  2.2050000E+03  5.5301668E+07
  2.2149998E+03  4.9269456E+07
  2.2249998E+03  4.6739444E+07
  2.2350005E+03  5.4406220E+07
  2.2449990E+03  4.8347952E+07
  2.2549993E+03  4.5652288E+07
  2.2650000E+03  4.7563944E+07
  2.2750000E+03  5.0534356E+07
  2.2850000E+03  5.3013816E+07
  2.2950002E+03  4.9811196E+07
  2.3050000E+03  4.8019228E+07
  2.3149995E+03  4.4321056E+07
  2.3250000E+03  2.7658974E+07
  2.3349995E+03  3.7937096E+07
  2.3449993E+03  3.4057928E+07
  2.3550000E+03  4.3781936E+07
  2.3649988E+03  3.4110080E+07
  2.3750000E+03  3.8839276E+07
  2.3849990E+03  3.0716326E+07
  2.3950000E+03  3.6588128E+07
  2.4050005E+03  3.4031516E+07
  2.4149993E+03  3.6814044E+07
  2.4249990E+03  4.3040408E+07
  2.4349990E+03  4.0864068E+07
  2.4450000E+03  4.4619168E+07
  2.4549990E+03  4.2721268E+07
  2.4649990E+03  4.2217248E+07
  2.4749993E+03  4.0438876E+07
  2.4850005E+03  4.3423056E+07
  2.4950000E+03  4.1460440E+07
  2.5050005E+03  4.7980264E+07
  2.5129988E+03  4.0285232E+07
  2.5179990E+03  4.2454008E+07
  2.5249998E+03  3.8134056E+07
  2.5350007E+03  3.8051848E+07
  2.5449988E+03  3.8037884E+07
  2.5550000E+03  4.1965056E+07
  2.5649990E+03  4.0242492E+07
  2.5749990E+03  4.4582724E+07
  2.5849993E+03  4.3165568E+07
  2.5949990E+03  4.0639940E+07
  2.6049995E+03  3.8232224E+07
  2.6149998E+03  3.7443984E+07
  2.6249990E+03  4.2318784E+07
  2.6350007E+03  4.3280816E+07
  2.6449995E+03  5.1641232E+07
  2.6549998E+03  5.0616952E+07
  2.6649995E+03  4.4730208E+07
  2.6749988E+03  4.7719600E+07
  2.6849988E+03  4.6079288E+07
  2.6949988E+03  4.4683444E+07
  2.7050000E+03  4.6473876E+07
  2.7150000E+03  4.3252700E+07
  2.7249995E+03  4.4174776E+07
  2.7350007E+03  4.8160920E+07
  2.7450002E+03  3.6807212E+07
  2.7549998E+03  3.8383960E+07
  2.7649983E+03  4.0657928E+07
  2.7750005E+03  4.5362788E+07
  2.7850000E+03  4.3844700E+07
  2.7949993E+03  2.7332842E+07
  2.8049995E+03  3.2580512E+07
  2.8150002E+03  4.6341496E+07
  2.8250007E+03  4.8607944E+07
  2.8350000E+03  4.5695588E+07
  2.8450002E+03  4.3997656E+07
  2.8550005E+03  4.2506304E+07
  2.8650000E+03  4.6516620E+07
  2.8749983E+03  4.4514540E+07
  2.8850000E+03  4.5407708E+07
  2.8949988E+03  4.3055172E+07
  2.9099988E+03  4.9142028E+07
  2.9299983E+03  4.6941932E+07
  2.9499990E+03  4.6714492E+07
  2.9700005E+03  4.7740256E+07
  2.9899980E+03  4.8460704E+07
  3.0099995E+03  4.9677496E+07
  3.0299995E+03  4.8683264E+07
  3.0499995E+03  4.8095484E+07
  3.0699995E+03  4.7542828E+07
  3.0899995E+03  4.8669400E+07
  3.1099995E+03  4.6888616E+07
  3.1299998E+03  4.6606628E+07
  3.1499995E+03  4.7596132E+07
  3.1699995E+03  4.7143660E+07
  3.1899995E+03  4.5214196E+07
  3.2099998E+03  4.6378228E+07
  3.2299993E+03  4.5386804E+07
  3.2499993E+03  4.5792920E+07
  3.2699995E+03  4.5731240E+07
  3.2899995E+03  4.6106224E+07
  3.3099998E+03  4.6372544E+07
  3.3299993E+03  4.5300796E+07
  3.3499995E+03  4.4684292E+07
  3.3699995E+03  4.4619896E+07
  3.3899993E+03  4.4199868E+07
  3.4099993E+03  4.5137608E+07
  3.4299995E+03  4.4984204E+07
  3.4499993E+03  4.4654076E+07
  3.4699998E+03  4.3868604E+07
  3.4899993E+03  4.3506448E+07
  3.5099995E+03  4.4164864E+07
  3.5299995E+03  4.4406552E+07
  3.5499995E+03  4.4361984E+07
  3.5699995E+03  4.3514568E+07
  3.5899995E+03  4.3259080E+07
  3.6099995E+03  4.3142436E+07
  3.6299993E+03  4.2931384E+07
  3.6399993E+03  4.2690128E+07
  3.6499995E+03  4.3788420E+07
  3.6699993E+03  4.0512612E+07
  3.6899995E+03  5.1180656E+07
  3.7099995E+03  7.8778368E+07
  3.7299998E+03  8.3985024E+07
  3.7499993E+03  1.0630505E+08
  3.7699993E+03  1.0631727E+08
  3.7899995E+03  1.1961010E+08
  3.8099993E+03  1.3005976E+08
  3.8299998E+03  1.0677729E+08
  3.8499995E+03  1.3196397E+08
  3.8699995E+03  1.3470368E+08
  3.8899995E+03  1.0275694E+08
  3.9099995E+03  1.3080597E+08
  3.9299993E+03  1.2493134E+08
  3.9499993E+03  1.3014528E+08
  3.9699998E+03  9.5286984E+07
  3.9899995E+03  1.2756310E+08
  4.0099995E+03  1.2576904E+08
  4.0299993E+03  1.2374441E+08
  4.0499993E+03  1.2305812E+08
  4.0699993E+03  1.2038475E+08
  4.0899995E+03  1.1505515E+08
  4.1099995E+03  9.3585024E+07
  4.1299995E+03  1.1509012E+08
  4.1499990E+03  1.1614692E+08
  4.1699990E+03  1.1332174E+08
  4.1899995E+03  1.1260514E+08
  4.2099995E+03  1.1132311E+08
  4.2299995E+03  1.0976126E+08
  4.2499995E+03  1.0747921E+08
  4.2699990E+03  1.0588382E+08
  4.2899995E+03  1.0554160E+08
  4.3100000E+03  1.0214082E+08
  4.3299995E+03  9.4450008E+07
  4.3499995E+03  8.2283008E+07
  4.3699995E+03  1.0060602E+08
  4.3899995E+03  9.7996624E+07
  4.4099995E+03  9.7402288E+07
  4.4299995E+03  9.6947120E+07
  4.4499995E+03  9.5898808E+07
  4.4699995E+03  9.4669256E+07
  4.4899995E+03  9.2650464E+07
  4.5099990E+03  9.2330656E+07
  4.5299995E+03  9.0758952E+07
  4.5499990E+03  8.8219528E+07
  4.5699995E+03  8.9312416E+07
  4.5899990E+03  8.6876384E+07
  4.6099990E+03  8.8168120E+07
  4.6299990E+03  8.5098832E+07
  4.6499990E+03  8.5884192E+07
  4.6699990E+03  8.4433248E+07
  4.6899990E+03  8.3791752E+07
  4.7099995E+03  8.1223784E+07
  4.7299990E+03  8.1838336E+07
  4.7499995E+03  8.0945224E+07
  4.7699995E+03  8.0199976E+07
  4.7899990E+03  7.9250888E+07
  4.8099995E+03  7.7894632E+07
  4.8299995E+03  7.6630760E+07
  4.8499990E+03  7.0545080E+07
  4.8700000E+03  5.8753888E+07
  4.8899990E+03  7.4040224E+07
  4.9099990E+03  7.3607056E+07
  4.9299990E+03  7.2008184E+07
  4.9499995E+03  7.1871800E+07
  4.9699995E+03  7.1367728E+07
  4.9899990E+03  7.0150760E+07
  5.0099995E+03  6.8186912E+07
  5.0299995E+03  6.8087984E+07
  5.0499995E+03  6.6944072E+07
  5.0699995E+03  6.6849308E+07
  5.0899995E+03  6.6143236E+07
  5.1099990E+03  6.5172044E+07
  5.1299995E+03  6.4568948E+07
  5.1499985E+03  6.3376692E+07
  5.1700000E+03  6.2244544E+07
  5.1899990E+03  6.1824508E+07
  5.2099990E+03  6.1446532E+07
  5.2299995E+03  6.0089100E+07
  5.2499995E+03  6.0259524E+07
  5.2699995E+03  5.8734112E+07
  5.2899990E+03  5.9137628E+07
  5.3099995E+03  5.7676196E+07
  5.3299990E+03  5.7608848E+07
  5.3499995E+03  5.7463236E+07
  5.3699995E+03  5.6650604E+07
  5.3899995E+03  5.6035156E+07
  5.4099990E+03  5.5186556E+07
  5.4299990E+03  5.4653004E+07
  5.4499990E+03  5.4399744E+07
  5.4699995E+03  5.3745800E+07
  5.4899995E+03  5.3239936E+07
  5.5099995E+03  5.2581144E+07
  5.5299985E+03  5.2047524E+07
  5.5499990E+03  5.1669404E+07
  5.5699990E+03  5.1069512E+07
  5.5899995E+03  5.0616716E+07
  5.6099990E+03  5.0214564E+07
  5.6299995E+03  4.9648056E+07
  5.6499990E+03  4.8959672E+07
  5.6699990E+03  4.8537544E+07
  5.6899995E+03  4.8131760E+07
  5.7099995E+03  4.7642652E+07
  5.7299990E+03  4.7154608E+07
  5.7499990E+03  4.6645972E+07
  5.7699990E+03  4.6181720E+07
  5.7899995E+03  4.5607000E+07
  5.8099985E+03  4.5195352E+07
  5.8300000E+03  4.4721728E+07
  5.8499990E+03  4.4329512E+07
  5.8699985E+03  4.3745872E+07
  5.8899985E+03  4.3147400E+07
  5.9099995E+03  4.2964792E+07
  5.9299985E+03  4.2568348E+07
  5.9499995E+03  4.1934664E+07
  5.9699990E+03  4.1644660E+07
  5.9899990E+03  4.1081436E+07
  6.0099990E+03  4.0851232E+07
  6.0299995E+03  4.0481224E+07
  6.0499990E+03  4.0018472E+07
  6.0699990E+03  3.9646808E+07
  6.0899995E+03  3.9250704E+07
  6.1099985E+03  3.8853908E+07
  6.1299995E+03  3.8465432E+07
  6.1499985E+03  3.7565248E+07
  6.1699985E+03  3.7727844E+07
  6.1900000E+03  3.7388068E+07
  6.2099995E+03  3.7038224E+07
  6.2299985E+03  3.6620272E+07
  6.2499990E+03  3.5851972E+07
  6.2699985E+03  3.5980108E+07
  6.2900000E+03  3.5622144E+07
  6.3099985E+03  3.5156380E+07
  6.3299995E+03  3.4927036E+07
  6.3499985E+03  3.4195388E+07
  6.3699985E+03  3.3959644E+07
  6.3899995E+03  3.3878400E+07
  6.4099990E+03  3.3511454E+07
  6.4299985E+03  3.3254108E+07
  6.4499985E+03  3.2656096E+07
  6.4699990E+03  3.2691200E+07
  6.4899990E+03  3.2217224E+07
  6.5099985E+03  3.1899574E+07
  6.5299990E+03  3.1512742E+07
  6.5499985E+03  2.9546808E+07
  6.5699985E+03  2.4099982E+07
  6.5899995E+03  3.0449654E+07
  6.6099985E+03  3.0492450E+07
  6.6299990E+03  3.0276188E+07
  6.6499985E+03  3.0036424E+07
  6.6699995E+03  2.9732080E+07
  6.6899990E+03  2.9466194E+07
  6.7099995E+03  2.9228878E+07
  6.7299990E+03  2.8901540E+07
  6.7499995E+03  2.8688352E+07
  6.7699985E+03  2.8437734E+07
  6.7899995E+03  2.8167484E+07
  6.8099995E+03  2.7918608E+07
  6.8300000E+03  2.7639044E+07
  6.8499985E+03  2.7398414E+07
  6.8699985E+03  2.7162490E+07
  6.8899985E+03  2.6924080E+07
  6.9099990E+03  2.6675342E+07
  6.9299995E+03  2.6425104E+07
  6.9499990E+03  2.6201482E+07
  6.9699985E+03  2.5969910E+07
  6.9899985E+03  2.5760602E+07
  7.0099985E+03  2.5462788E+07
  7.0299985E+03  2.5299816E+07
  7.0499990E+03  2.5042016E+07
  7.0699980E+03  2.4841756E+07
  7.0899990E+03  2.4647836E+07
  7.1099990E+03  2.4329762E+07
  7.1299995E+03  2.4183084E+07
  7.1499990E+03  2.3980190E+07
  7.1699995E+03  2.3785036E+07
  7.1899985E+03  2.3569826E+07
  7.2099985E+03  2.3381268E+07
  7.2299980E+03  2.3118762E+07
  7.2499990E+03  2.2952678E+07
  7.2699995E+03  2.2778804E+07
  7.2899990E+03  2.2564674E+07
  7.3099980E+03  2.2329982E+07
  7.3299980E+03  2.2188658E+07
  7.3499980E+03  2.2018554E+07
  7.3699985E+03  2.1841642E+07
  7.3899995E+03  2.1647006E+07
  7.4099985E+03  2.1402012E+07
  7.4299995E+03  2.1203004E+07
  7.4500000E+03  2.1041118E+07
  7.4700000E+03  2.0820578E+07
  7.4899990E+03  2.0703496E+07
  7.5099985E+03  2.0511884E+07
  7.5299995E+03  2.0400402E+07
  7.5499980E+03  2.0242244E+07
  7.5699985E+03  2.0068366E+07
  7.5899990E+03  1.9902574E+07
  7.6099980E+03  1.9749966E+07
  7.6299995E+03  1.9577960E+07
  7.6499995E+03  1.9384960E+07
  7.6699980E+03  1.9243656E+07
  7.6899990E+03  1.9092086E+07
  7.7099995E+03  1.8874646E+07
  7.7299985E+03  1.8785304E+07
  7.7499990E+03  1.8632020E+07
  7.7700000E+03  1.8104406E+07
  7.7900000E+03  1.8331900E+07
  7.8099995E+03  1.8192428E+07
  7.8299980E+03  1.8031410E+07
  7.8499980E+03  1.7848556E+07
  7.8699995E+03  1.7653936E+07
  7.8900000E+03  1.7497978E+07
  7.9099995E+03  1.7446938E+07
  7.9300000E+03  1.7327290E+07
  7.9499985E+03  1.7102532E+07
  7.9699990E+03  1.7057132E+07
  7.9900000E+03  1.6711010E+07
  8.0099980E+03  1.6783860E+07
  8.0299985E+03  1.6648943E+07
  8.0500000E+03  1.6520967E+07
  8.0699985E+03  1.6384809E+07
  8.0899990E+03  1.6258996E+07
  8.1099995E+03  1.6124484E+07
  8.1299976E+03  1.6012198E+07
  8.1499976E+03  1.5886632E+07
  8.1699980E+03  1.5764356E+07
  8.1899985E+03  1.5571755E+07
  8.2099990E+03  1.5514424E+07
  8.2300000E+03  1.5379035E+07
  8.2500000E+03  1.5333897E+07
  8.2700000E+03  1.5219058E+07
  8.2899980E+03  1.4844223E+07
  8.3099990E+03  1.4457526E+07
  8.3299980E+03  1.4082520E+07
  8.3500000E+03  1.4143731E+07
  8.3699990E+03  1.3741204E+07
  8.3899990E+03  1.4033277E+07
  8.4099971E+03  1.4109901E+07
  8.4300000E+03  1.4838205E+07
  8.4499990E+03  1.4702102E+07
  8.4699980E+03  1.3678070E+07
  8.4899980E+03  1.5950510E+07
  8.5099990E+03  1.3598684E+07
  8.5299990E+03  1.6193732E+07
  8.5499990E+03  1.3089353E+07
  8.5699990E+03  1.6227066E+07
  8.5900000E+03  1.4682703E+07
  8.6099980E+03  1.4070303E+07
  8.6299990E+03  1.5966804E+07
  8.6499990E+03  1.5515932E+07
  8.6699990E+03  1.2520533E+07
  8.6899990E+03  1.5372922E+07
  8.7099971E+03  1.5547230E+07
  8.7299990E+03  1.5263513E+07
  8.7499980E+03  1.2287222E+07
  8.7699980E+03  1.4824830E+07
  8.7899980E+03  1.5150444E+07
  8.8099990E+03  1.5019603E+07
  8.8299980E+03  1.4792676E+07
  8.8499980E+03  1.4137626E+07
  8.8699980E+03  1.1912956E+07
  8.8899990E+03  1.4467826E+07
  8.9099971E+03  1.4411021E+07
  8.9299980E+03  1.4311107E+07
  8.9499980E+03  1.4299895E+07
  8.9699990E+03  1.4171112E+07
  8.9899990E+03  1.3945913E+07
  9.0099980E+03  1.1673702E+07
  9.0299990E+03  1.2859329E+07
  9.0499990E+03  1.3681111E+07
  9.0699980E+03  1.3438580E+07
  9.0899990E+03  1.3301542E+07
  9.1099980E+03  1.3365314E+07
  9.1299980E+03  1.3310890E+07
  9.1499980E+03  1.3263562E+07
  9.1699980E+03  1.3124231E+07
  9.1899990E+03  1.2926208E+07
  9.2099990E+03  1.2642733E+07
  9.2299980E+03  1.0184140E+07
  9.2499980E+03  1.2294546E+07
  9.2699971E+03  1.2295915E+07
  9.2899990E+03  1.2553827E+07
  9.3099980E+03  1.2492562E+07
  9.3299990E+03  1.2387556E+07
  9.3499980E+03  1.2319968E+07
  9.3699990E+03  1.2232673E+07
  9.3900000E+03  1.2065252E+07
  9.4099980E+03  1.1870647E+07
  9.4299971E+03  1.1949563E+07
  9.4499990E+03  1.1879205E+07
  9.4700000E+03  1.1779930E+07
  9.4899980E+03  1.1703144E+07
  9.5100000E+03  1.1575653E+07
  9.5300000E+03  1.1228042E+07
  9.5500000E+03  9.1904630E+06
  9.5699990E+03  1.1168522E+07
  9.5899980E+03  1.1268229E+07
  9.6099980E+03  1.1176095E+07
  9.6299990E+03  1.0978598E+07
  9.6499990E+03  1.1058146E+07
  9.6699980E+03  1.0911732E+07
  9.6899980E+03  1.0894420E+07
  9.7100000E+03  1.0835997E+07
  9.7299990E+03  1.0754093E+07
  9.7499980E+03  1.0674750E+07
  9.7699961E+03  1.0607018E+07
  9.7899980E+03  1.0528737E+07
  9.8099980E+03  1.0445530E+07
  9.8299990E+03  1.0356282E+07
  9.8499980E+03  1.0283595E+07
  9.8700000E+03  1.0218754E+07
  9.8899980E+03  1.0105830E+07
  9.9099990E+03  1.0088862E+07
  9.9300000E+03  1.0003178E+07
  9.9499980E+03  9.9451230E+06
  9.9699980E+03  9.8870710E+06
  9.9899990E+03  9.8139250E+06
  1.0024998E+04  9.3515460E+06
  1.0074998E+04  8.8837290E+06
  1.0124997E+04  9.2930510E+06
  1.0174997E+04  9.1983050E+06
  1.0224998E+04  9.0617200E+06
  1.0274997E+04  8.9084430E+06
  1.0325000E+04  8.7523960E+06
  1.0374999E+04  8.6097920E+06
  1.0425000E+04  8.4712450E+06
  1.0474998E+04  8.3112580E+06
  1.0524997E+04  8.1651430E+06
  1.0574999E+04  8.0500430E+06
  1.0625000E+04  7.9270685E+06
  1.0674997E+04  7.7214105E+06
  1.0724998E+04  7.6387740E+06
  1.0774999E+04  7.5385155E+06
  1.0824997E+04  7.4172775E+06
  1.0874997E+04  7.2925280E+06
  1.0924999E+04  6.5372025E+06
  1.0974996E+04  6.9603815E+06
  1.1025000E+04  6.9711525E+06
  1.1074998E+04  6.8625870E+06
  1.1124999E+04  6.7547705E+06
  1.1174998E+04  6.6492100E+06
  1.1224999E+04  6.5467510E+06
  1.1274997E+04  6.3767990E+06
  1.1325000E+04  6.2891830E+06
  1.1375000E+04  6.2453700E+06
  1.1425000E+04  6.1472440E+06
  1.1474997E+04  6.0603190E+06
  1.1525000E+04  5.9692725E+06
  1.1574998E+04  5.8778870E+06
  1.1625000E+04  5.7694470E+06
  1.1674998E+04  5.6723220E+06
  1.1724997E+04  5.6169235E+06
  1.1775001E+04  5.4883485E+06
  1.1824999E+04  5.4388020E+06
  1.1875000E+04  5.3487485E+06
  1.1925000E+04  5.2933925E+06
  1.1975001E+04  5.2022545E+06
  1.2024998E+04  5.1372005E+06
  1.2074996E+04  5.0583145E+06
  1.2125000E+04  4.9856720E+06
  1.2175000E+04  4.9168495E+06
  1.2225001E+04  4.8449495E+06
  1.2275001E+04  4.7713060E+06
  1.2324996E+04  4.7053945E+06
  1.2374996E+04  4.6391580E+06
  1.2424998E+04  4.5770035E+06
  1.2475000E+04  4.4975385E+06
  1.2524997E+04  4.4480155E+06
  1.2574997E+04  4.3729280E+06
  1.2624999E+04  4.3189760E+06
  1.2674997E+04  4.2641000E+06
  1.2724999E+04  4.2055275E+06
  1.2774999E+04  4.1246570E+06
  1.2825000E+04  3.7215070E+06
  1.2875001E+04  4.0206060E+06
  1.2924997E+04  3.9785110E+06
  1.2975001E+04  3.9244080E+06
  1.3024998E+04  3.8714655E+06
  1.3074999E+04  3.8189935E+06
  1.3125000E+04  3.7674255E+06
  1.3174998E+04  3.7061132E+06
  1.3224998E+04  3.6669420E+06
  1.3274997E+04  3.6179935E+06
  1.3324997E+04  3.5696750E+06
  1.3374999E+04  3.5221862E+06
  1.3424999E+04  3.4742598E+06
  1.3474999E+04  3.4269470E+06
  1.3525001E+04  3.3790008E+06
  1.3574999E+04  3.3369835E+06
  1.3624997E+04  3.2940705E+06
  1.3674997E+04  3.2478655E+06
  1.3724995E+04  3.2036470E+06
  1.3774998E+04  3.1691140E+06
  1.3824998E+04  3.1284928E+06
  1.3874996E+04  3.0889618E+06
  1.3925000E+04  3.0477765E+06
  1.3974996E+04  3.0099982E+06
  1.4024997E+04  2.9721032E+06
  1.4075001E+04  2.9346685E+06
  1.4124996E+04  2.8967478E+06
  1.4175000E+04  2.8607848E+06
  1.4225000E+04  2.8246975E+06
  1.4274994E+04  2.7894172E+06
  1.4325001E+04  2.7543712E+06
  1.4374998E+04  2.7202950E+06
  1.4424999E+04  2.6725010E+06
  1.4475000E+04  2.6529908E+06
  1.4524997E+04  2.6122590E+06
  1.4569999E+04  2.5913555E+06
  1.4620000E+04  2.6235405E+06
  1.4674998E+04  2.6446728E+06
  1.4725000E+04  2.5638448E+06
  1.4775002E+04  2.4909515E+06
  1.4824998E+04  2.4342398E+06
  1.4874996E+04  2.3770402E+06
  1.4924997E+04  2.3318812E+06
  1.4974999E+04  2.3042392E+06
  1.5024999E+04  2.2592238E+06
  1.5075000E+04  2.2421068E+06
  1.5124999E+04  2.2202265E+06
  1.5175000E+04  2.2111820E+06
  1.5225002E+04  2.2410510E+06
  1.5274998E+04  2.1355015E+06
  1.5324995E+04  2.1393960E+06
  1.5374997E+04  2.1796888E+06
  1.5425001E+04  2.0680438E+06
  1.5474996E+04  2.1456315E+06
  1.5524994E+04  2.1357412E+06
  1.5575001E+04  1.9771519E+06
  1.5624998E+04  2.1206805E+06
  1.5674997E+04  2.0352630E+06
  1.5724994E+04  1.9316912E+06
  1.5774996E+04  2.0490540E+06
  1.5825001E+04  2.0245415E+06
  1.5874995E+04  1.8250994E+06
  1.5925002E+04  1.9602749E+06
  1.5975001E+04  1.9632286E+06
  1.6049998E+04  1.9142126E+06
  1.6150001E+04  1.7987158E+06
  1.6249997E+04  1.8445569E+06
  1.6350000E+04  1.7859842E+06
  1.6449996E+04  1.6835892E+06
  1.6549998E+04  1.7242362E+06
  1.6649994E+04  1.6863290E+06
  1.6749998E+04  1.6326835E+06
  1.6849998E+04  1.5405160E+06
  1.6950000E+04  1.5779902E+06
  1.7049996E+04  1.5439836E+06
  1.7150000E+04  1.5116841E+06
  1.7249992E+04  1.4774974E+06
  1.7349994E+04  1.3717821E+06
  1.7449992E+04  1.4114085E+06
  1.7550000E+04  1.3861950E+06
  1.7649998E+04  1.3574714E+06
  1.7749994E+04  1.3299035E+06
  1.7849994E+04  1.3027476E+06
  1.7949998E+04  1.2770474E+06
  1.8050002E+04  1.2469788E+06
  1.8150002E+04  1.1666030E+06
  1.8249994E+04  1.1916338E+06
  1.8349992E+04  1.1764438E+06
  1.8449992E+04  1.1531011E+06
  1.8549998E+04  1.1288772E+06
  1.8650002E+04  1.1067304E+06
  1.8750002E+04  1.0299216E+06
  1.8850000E+04  1.0621649E+06
  1.8950004E+04  1.0434305E+06
  1.9049996E+04  1.0239618E+06
  1.9149998E+04  1.0041935E+06
  1.9249992E+04  9.8480075E+05
  1.9350000E+04  9.6501850E+05
  1.9449992E+04  9.0056894E+05
  1.9550002E+04  9.2874600E+05
  1.9649992E+04  9.1232244E+05
  1.9749992E+04  8.9495562E+05
  1.9849992E+04  8.7846506E+05
  1.9950002E+04  8.6213556E+05
  2.0050002E+04  8.4623806E+05
  2.0149996E+04  8.3065988E+05
  2.0249994E+04  8.1542038E+05
  2.0349994E+04  8.0050325E+05
  2.0449996E+04  7.8603619E+05
  2.0550000E+04  7.7182088E+05
  2.0649992E+04  7.5780888E+05
  2.0749998E+04  7.4431831E+05
  2.0849992E+04  7.3107781E+05
  2.0950004E+04  7.1809738E+05
  2.1050002E+04  7.0535638E+05
  2.1149992E+04  6.9248738E+05
  2.1250000E+04  6.8037825E+05
  2.1350002E+04  6.6845719E+05
  2.1449996E+04  6.5720375E+05
  2.1550006E+04  6.4554494E+05
  2.1649994E+04  6.0425525E+05
  2.1750002E+04  6.2249888E+05
  2.1849998E+04  6.1334212E+05
  2.1950002E+04  6.0298856E+05
  2.2050000E+04  5.9274319E+05
  2.2149996E+04  5.8249669E+05
  2.2249998E+04  5.7304138E+05
  2.2350004E+04  5.6345238E+05
  2.2449990E+04  5.5410919E+05
  2.2549994E+04  5.4485656E+05
  2.2650000E+04  5.3594350E+05
  2.2750000E+04  5.2712962E+05
  2.2850000E+04  5.2131369E+05
  2.2950004E+04  5.2012062E+05
  2.3050000E+04  5.0878922E+05
  2.3149996E+04  4.9784472E+05
  2.3250000E+04  4.8775184E+05
  2.3349996E+04  4.7758559E+05
  2.3449994E+04  4.6873916E+05
  2.3550002E+04  4.5934591E+05
  2.3649988E+04  4.5177231E+05
  2.3750000E+04  4.4518359E+05
  2.3849990E+04  4.3803453E+05
  2.3950002E+04  4.3121809E+05
  2.4050006E+04  4.2336012E+05
  2.4149992E+04  4.1552097E+05
  2.4249990E+04  4.1670094E+05
  2.4349990E+04  4.0418669E+05
  2.4450002E+04  3.9755303E+05
  2.4549990E+04  3.9809678E+05
  2.4649992E+04  3.8809031E+05
  2.4749992E+04  3.8243288E+05
  2.4850006E+04  3.8431447E+05
  2.4950000E+04  3.6250344E+05
  2.5050006E+04  3.7412572E+05
  2.5149994E+04  3.6792272E+05
  2.5249998E+04  3.4577453E+05
  2.5350004E+04  3.5620119E+05
  2.5449988E+04  3.5225044E+05
  2.5549998E+04  3.4571819E+05
  2.5649990E+04  3.2495069E+05
  2.5749990E+04  3.3619284E+05
  2.5849994E+04  3.3189400E+05
  2.5949990E+04  3.2717044E+05
  2.6049996E+04  3.2004431E+05
  2.6149998E+04  3.0201012E+05
  2.6249988E+04  2.9595216E+05
  2.6350008E+04  3.0737753E+05
  2.6449996E+04  3.0423406E+05
  2.6549994E+04  2.9986231E+05
  2.6649994E+04  2.9487375E+05
  2.6749988E+04  2.7650497E+05
  2.6849986E+04  2.8661466E+05
  2.6949986E+04  2.8329859E+05
  2.7050002E+04  2.7931794E+05
  2.7149998E+04  2.7544988E+05
  2.7249994E+04  2.7161569E+05
  2.7350006E+04  2.6783991E+05
  2.7450004E+04  2.6397712E+05
  2.7549996E+04  2.4882666E+05
  2.7649982E+04  2.5380594E+05
  2.7750004E+04  2.5342772E+05
  2.7850000E+04  2.4997422E+05
  2.7949992E+04  2.4658300E+05
  2.8049994E+04  2.4324302E+05
  2.8150002E+04  2.3995364E+05
  2.8250006E+04  2.3672359E+05
  2.8350000E+04  2.3356605E+05
  2.8450000E+04  2.3040500E+05
  2.8550002E+04  2.2737483E+05
  2.8650002E+04  2.2302733E+05
  2.8749982E+04  2.1067220E+05
  2.8849998E+04  2.1823495E+05
  2.8949986E+04  2.1541297E+05
  2.9049994E+04  2.1278955E+05
  2.9149986E+04  2.0991344E+05
  2.9249984E+04  2.0726969E+05
  2.9349980E+04  2.0458273E+05
  2.9450000E+04  2.0195316E+05
  2.9550004E+04  1.9935897E+05
  2.9649982E+04  1.9679544E+05
  2.9749992E+04  1.9428272E+05
  2.9849994E+04  1.9180772E+05
  2.9949984E+04  1.8936577E+05
  3.0049996E+04  1.8696008E+05
  3.0149994E+04  1.8459467E+05
  3.0249994E+04  1.8219875E+05
  3.0349996E+04  1.7343369E+05
  3.0449996E+04  1.7469772E+05
  3.0549996E+04  1.7546923E+05
  3.0649996E+04  1.7334361E+05
  3.0749994E+04  1.7118609E+05
  3.0849996E+04  1.6896578E+05
  3.0949994E+04  1.6698292E+05
  3.1049996E+04  1.6492825E+05
  3.1149996E+04  1.6289650E+05
  3.1249996E+04  1.6089891E+05
  3.1349996E+04  1.5896561E+05
  3.1449996E+04  1.5700791E+05
  3.1549998E+04  1.5514747E+05
  3.1649996E+04  1.5327731E+05
  3.1749998E+04  1.5142012E+05
  3.1849996E+04  1.4962405E+05
  3.1949994E+04  1.4782903E+05
  3.2099996E+04  1.4519658E+05
  3.2299992E+04  1.4178636E+05
  3.2499994E+04  1.3846661E+05
  3.2699996E+04  1.3523834E+05
  3.2899996E+04  1.2849320E+05
  3.3099996E+04  1.2957905E+05
  3.3299992E+04  1.2687214E+05
  3.3499996E+04  1.2371684E+05
  3.3699996E+04  1.2063727E+05
  3.3899996E+04  1.1770677E+05
  3.4099996E+04  1.1489159E+05
  3.4299996E+04  1.1219793E+05
  3.4499992E+04  1.0968229E+05
  3.4699996E+04  1.0728895E+05
  3.4899996E+04  1.0487198E+05
  3.5099996E+04  1.0270175E+05
  3.5299996E+04  1.0054056E+05
  3.5499996E+04  9.8107547E+04
  3.5699992E+04  9.5840844E+04
  3.5899992E+04  9.4927953E+04
  3.6099996E+04  9.1638633E+04
  3.6299992E+04  9.1111969E+04
  3.6499992E+04  8.7687141E+04
  3.6699992E+04  8.7480836E+04
  3.6899992E+04  8.3848523E+04
  3.7099996E+04  8.3811820E+04
  3.7299996E+04  8.1209531E+04
  3.7499992E+04  7.7530008E+04
  3.7699996E+04  7.8819484E+04
  3.7899996E+04  7.7276430E+04
  3.8099992E+04  7.4546773E+04
  3.8299996E+04  7.3426086E+04
  3.8499996E+04  7.2726188E+04
  3.8699996E+04  7.1264586E+04
  3.8899992E+04  6.9756922E+04
  3.9099996E+04  6.6711484E+04
  3.9299992E+04  6.7156266E+04
  3.9499992E+04  6.5835648E+04
  3.9699992E+04  6.4585973E+04
  3.9900000E+04  6.3324820E+04
  4.0099996E+04  6.1499887E+04
  4.0299992E+04  5.9793793E+04
  4.0499996E+04  5.8276777E+04
  4.0699992E+04  5.8626535E+04
  4.0899992E+04  5.7543352E+04
  4.1099996E+04  5.6471719E+04
  4.1299996E+04  5.5418098E+04
  4.1499992E+04  5.4366824E+04
  4.1699992E+04  5.1905367E+04
  4.1899996E+04  5.2365941E+04
  4.2099996E+04  5.1440223E+04
  4.2299992E+04  5.0510699E+04
  4.2499996E+04  4.9594234E+04
  4.2699992E+04  4.8700977E+04
  4.2899992E+04  4.7824215E+04
  4.3099996E+04  4.6969703E+04
  4.3299996E+04  4.6132918E+04
  4.3499992E+04  4.5315488E+04
  4.3699996E+04  4.3398414E+04
  4.3899996E+04  4.3557094E+04
  4.4099992E+04  4.2965332E+04
  4.4299992E+04  4.2219285E+04
  4.4499996E+04  4.1486773E+04
  4.4699996E+04  4.0959863E+04
  4.4899996E+04  4.0253805E+04
  4.5099992E+04  3.9566043E+04
  4.5299992E+04  3.8885156E+04
  4.5499996E+04  3.8229238E+04
  4.5699992E+04  3.7581496E+04
  4.5899996E+04  3.6947133E+04
  4.6099996E+04  3.6329438E+04
  4.6299992E+04  3.5713984E+04
  4.6499988E+04  3.4339391E+04
  4.6699992E+04  3.3484469E+04
  4.6899992E+04  3.3913707E+04
  4.7099992E+04  3.3417426E+04
  4.7299992E+04  3.2871055E+04
  4.7499996E+04  3.2329332E+04
  4.7699992E+04  3.1808779E+04
  4.7899992E+04  3.1295773E+04
  4.8099996E+04  3.0791803E+04
  4.8299992E+04  3.0298326E+04
  4.8499992E+04  2.9813527E+04
  4.8700000E+04  2.9340408E+04
  4.8899992E+04  2.8874037E+04
  4.9099988E+04  2.8418955E+04
  4.9299988E+04  2.7971836E+04
  4.9499996E+04  2.7534068E+04
  4.9699992E+04  2.7103971E+04
  4.9899988E+04  2.6682891E+04
  5.0099996E+04  2.6270648E+04
  5.0299996E+04  2.5864111E+04
  5.0499996E+04  2.5467611E+04
  5.0699996E+04  2.5078018E+04
  5.0899992E+04  2.4695207E+04
  5.1099992E+04  2.4288748E+04
  5.1299996E+04  2.3263717E+04
  5.1499988E+04  2.3576273E+04
  5.1699996E+04  2.3237762E+04
  5.1899992E+04  2.2889781E+04
  5.2099992E+04  2.2549221E+04
  5.2299996E+04  2.2213188E+04
  5.2499996E+04  2.1885715E+04
  5.2699996E+04  2.1562561E+04
  5.2899992E+04  2.1246357E+04
  5.3099988E+04  2.0935633E+04
  5.3299988E+04  2.0630287E+04
  5.3499992E+04  2.0330229E+04
  5.3699992E+04  2.0035367E+04
  5.3899992E+04  1.9746910E+04
  5.4099992E+04  1.9463449E+04
  5.4299984E+04  1.9184904E+04
  5.4499988E+04  1.8911176E+04
  5.4699996E+04  1.8642186E+04
  5.4899992E+04  1.8377865E+04
  5.5099992E+04  1.8119363E+04
  5.5299988E+04  1.7864117E+04
  5.5499988E+04  1.7613293E+04
  5.5699992E+04  1.7366814E+04
  5.5899992E+04  1.7124617E+04
  5.6099988E+04  1.6887820E+04
  5.6299996E+04  1.6655131E+04
  5.6499988E+04  1.6425318E+04
  5.6699988E+04  1.6199494E+04
  5.6899992E+04  1.5978759E+04
  5.7099996E+04  1.5760714E+04
  5.7299988E+04  1.5546472E+04
  5.7499988E+04  1.5335961E+04
  5.7699988E+04  1.5129119E+04
  5.7899996E+04  1.4924760E+04
  5.8099988E+04  1.4725094E+04
  5.8299996E+04  1.4528912E+04
  5.8499992E+04  1.4370295E+04
  5.8699988E+04  1.4179606E+04
  5.8899988E+04  1.3965106E+04
  5.9099992E+04  1.3420971E+04
  5.9299988E+04  1.3615570E+04
  5.9499996E+04  1.3447568E+04
  5.9699988E+04  1.3272003E+04
  5.9899992E+04  1.3098473E+04
  6.0099992E+04  1.2929045E+04
  6.0299992E+04  1.2761570E+04
  6.0499988E+04  1.2597056E+04
  6.0699992E+04  1.2435446E+04
  6.0899992E+04  1.2275688E+04
  6.1099988E+04  1.2118763E+04
  6.1299992E+04  1.1964619E+04
  6.1499988E+04  1.1813220E+04
  6.1699988E+04  1.1663528E+04
  6.1899996E+04  1.1516502E+04
  6.2099996E+04  1.1371126E+04
  6.2299988E+04  1.1228353E+04
  6.2499992E+04  1.1088130E+04
  6.2699988E+04  1.0950424E+04
  6.2899996E+04  1.0814241E+04
  6.3099984E+04  1.0680515E+04
  6.3299996E+04  1.0548251E+04
  6.3499984E+04  1.0418382E+04
  6.3699984E+04  1.0290856E+04
  6.3900000E+04  1.0164718E+04
  6.4199992E+04  9.9794541E+03
  6.4599984E+04  9.7398008E+03
  6.4999992E+04  9.5061582E+03
  6.5399992E+04  9.2801299E+03
  6.5799992E+04  9.0606191E+03
  6.6199984E+04  8.8465811E+03
  6.6599984E+04  8.6404111E+03
  6.6999992E+04  8.4393584E+03
  6.7399992E+04  8.2441982E+03
  6.7799992E+04  8.0546807E+03
  6.8199992E+04  7.8706509E+03
  6.8599992E+04  7.6912324E+03
  6.8999984E+04  7.5178091E+03
  6.9399984E+04  7.3488770E+03
  6.9800000E+04  7.1847002E+03
  7.0199992E+04  7.0250830E+03
  7.0599984E+04  6.8697441E+03
  7.0999977E+04  6.7189448E+03
  7.1399977E+04  6.5715259E+03
  7.1799984E+04  6.4288657E+03
  7.2199984E+04  6.2897505E+03
  7.2600000E+04  6.1545151E+03
  7.2999984E+04  6.0232065E+03
  7.3400000E+04  5.8950107E+03
  7.3799984E+04  5.7702754E+03
  7.4199992E+04  5.6489019E+03
  7.4599992E+04  5.4899907E+03
  7.5000000E+04  5.3352759E+03
  7.5399992E+04  5.3032056E+03
  7.5799992E+04  5.1944033E+03
  7.6199984E+04  5.0880425E+03
  7.6599992E+04  4.9843188E+03
  7.6999992E+04  4.8832334E+03
  7.7399992E+04  4.7846582E+03
  7.7799984E+04  4.6886562E+03
  7.8199984E+04  4.5949785E+03
  7.8599984E+04  4.5036309E+03
  7.8999984E+04  4.4145566E+03
  7.9399984E+04  4.3276426E+03
  7.9800000E+04  4.2428936E+03
  8.0199992E+04  4.1601450E+03
  8.0599984E+04  4.0794646E+03
  8.0999992E+04  4.0006860E+03
  8.1399977E+04  3.9238259E+03
  8.1799984E+04  3.8487786E+03
  8.2199984E+04  3.7755613E+03
  8.2599992E+04  3.7040186E+03
  8.2999984E+04  3.6341707E+03
  8.3400000E+04  3.5659202E+03
  8.3799992E+04  3.4991812E+03
  8.4199992E+04  3.4342371E+03
  8.4599977E+04  3.3707314E+03
  8.4999977E+04  3.3086301E+03
  8.5399984E+04  3.2479543E+03
  8.5799984E+04  3.1886731E+03
  8.6199992E+04  3.1307051E+03
  8.6599992E+04  3.0741211E+03
  8.6999984E+04  3.0187429E+03
  8.7399992E+04  2.9645916E+03
  8.7799992E+04  2.9116904E+03
  8.8199984E+04  2.8599163E+03
  8.8599977E+04  2.8093401E+03
  8.8999992E+04  2.7598398E+03
  8.9399977E+04  2.7114424E+03
  8.9799977E+04  2.6640754E+03
  9.0199984E+04  2.6177639E+03
  9.0599984E+04  2.5724399E+03
  9.0999992E+04  2.5280833E+03
  9.1400000E+04  2.4846731E+03
  9.1799969E+04  2.4422366E+03
  9.2199969E+04  2.4006616E+03
  9.2599984E+04  2.3599753E+03
  9.3000000E+04  2.3201160E+03
  9.3399984E+04  2.2811123E+03
  9.3799984E+04  2.2429443E+03
  9.4199977E+04  2.2055537E+03
  9.4599984E+04  2.1689236E+03
  9.4999969E+04  2.1330823E+03
  9.5399984E+04  2.0979292E+03
  9.5799984E+04  2.0635754E+03
  9.6199992E+04  2.0298408E+03
  9.6599984E+04  1.9968361E+03
  9.7000000E+04  1.9645050E+03
  9.7399977E+04  1.9327970E+03
  9.7799984E+04  1.9017366E+03
  9.8199977E+04  1.8712738E+03
  9.8599977E+04  1.8414741E+03
  9.8999992E+04  1.8122086E+03
  9.9399984E+04  1.7835453E+03
  9.9799977E+04  1.7554333E+03
  1.0019999E+05  1.7278998E+03
  1.9999991E+05  1.1068427E+02
  3.9999994E+05  6.8831501E+00
  5.9999981E+05  1.3475538E+00
  7.9999994E+05  4.2289466E-01
