  5.0599994E+02  6.4210717E-09
  5.1199994E+02  1.1407305E-08
  5.2000000E+02  2.1153616E-08
  5.2999994E+02  4.4798920E-08
  5.3999994E+02  9.1224699E-08
  5.4999988E+02  1.8256303E-07
  5.5999988E+02  3.5599842E-07
  5.6999988E+02  6.7883855E-07
  5.7999994E+02  1.2616750E-06
  5.8999988E+02  2.3238194E-06
  5.9999988E+02  4.1810058E-06
  6.0999988E+02  7.3997035E-06
  6.1999994E+02  1.2876941E-05
  6.2999988E+02  2.2063899E-05
  6.3999994E+02  3.7249298E-05
  6.4999994E+02  6.2038351E-05
  6.5799994E+02  9.2372538E-05
  6.6499988E+02  1.2987273E-04
  6.7499994E+02  2.0923413E-04
  6.8499988E+02  3.3301208E-04
  6.9499994E+02  5.2359293E-04
  7.0499988E+02  8.1262639E-04
  7.1599988E+02  1.3046801E-03
  7.2599994E+02  1.9813871E-03
  7.3499982E+02  2.8603759E-03
  7.4499994E+02  4.2592674E-03
  7.5499982E+02  6.2813209E-03
  7.6499994E+02  9.1758771E-03
  7.7499994E+02  1.3278566E-02
  7.8499982E+02  1.9046202E-02
  7.9499982E+02  2.7021194E-02
  8.0500000E+02  3.8133442E-02
  8.1499976E+02  5.3345274E-02
  8.2500000E+02  7.3982194E-02
  8.3499994E+02  1.0179857E-01
  8.4499994E+02  1.3903813E-01
  8.5499988E+02  1.8849410E-01
  8.6499994E+02  2.5371486E-01
  8.7499982E+02  3.3903402E-01
  8.8499982E+02  4.5031932E-01
  8.9499988E+02  5.9405339E-01
  9.0499994E+02  7.7823591E-01
  9.1499982E+02  3.5418697E+01
  9.2499988E+02  2.0287340E+02
  9.3499982E+02  3.0693262E+02
  9.4500000E+02  4.4405157E+02
  9.5500000E+02  6.1878357E+02
  9.6499988E+02  7.9208112E+02
  9.7499982E+02  8.0183478E+02
  9.8499976E+02  1.1111829E+03
  9.9499988E+02  1.2473737E+03
  1.0049999E+03  1.6054401E+03
  1.0149997E+03  1.9068413E+03
  1.0249998E+03  1.6782266E+03
  1.0349998E+03  2.5802385E+03
  1.0449998E+03  3.0766528E+03
  1.0549999E+03  3.5628064E+03
  1.0649999E+03  3.9662056E+03
  1.0750000E+03  4.7097129E+03
  1.0849996E+03  5.3711831E+03
  1.0949999E+03  5.9012954E+03
  1.1049999E+03  1.7074516E+04
  1.1149999E+03  2.7101994E+04
  1.1249999E+03  3.4335730E+04
  1.1349996E+03  4.1582570E+04
  1.1449999E+03  4.7299070E+04
  1.1549999E+03  4.9056281E+04
  1.1650000E+03  6.0050777E+04
  1.1749995E+03  6.6195914E+04
  1.1849996E+03  6.4452914E+04
  1.1949998E+03  4.1289555E+04
  1.2049996E+03  4.1735723E+04
  1.2149998E+03  9.9916055E+03
  1.2249996E+03  4.6248594E+04
  1.2349996E+03  9.2242797E+04
  1.2449998E+03  1.7775200E+05
  1.2549996E+03  3.0477831E+05
  1.2650000E+03  4.3019212E+05
  1.2749998E+03  1.5180564E+06
  1.2849995E+03  4.5680955E+06
  1.2949998E+03  7.2526235E+06
  1.3049995E+03  4.8523330E+06
  1.3149998E+03  1.2561730E+07
  1.3249998E+03  1.5918015E+07
  1.3349996E+03  1.5995823E+07
  1.3449995E+03  2.3738658E+07
  1.3549996E+03  2.2499038E+07
  1.3649999E+03  2.2348514E+07
  1.3749999E+03  2.6522010E+07
  1.3849996E+03  2.4029146E+07
  1.3949999E+03  2.8101682E+07
  1.4050001E+03  2.9319530E+07
  1.4149998E+03  2.7651588E+07
  1.4249998E+03  3.2159030E+07
  1.4350000E+03  2.8525398E+07
  1.4419998E+03  3.5365768E+07
  1.4469999E+03  4.2263088E+07
  1.4549994E+03  4.3285560E+07
  1.4650000E+03  3.6324768E+07
  1.4749995E+03  3.7044320E+07
  1.4849996E+03  4.1627760E+07
  1.4949998E+03  4.7208264E+07
  1.5049996E+03  4.9809732E+07
  1.5119995E+03  4.3072764E+07
  1.5169994E+03  4.5717992E+07
  1.5250001E+03  4.3512708E+07
  1.5349994E+03  3.9414116E+07
  1.5449994E+03  5.9545968E+07
  1.5549998E+03  5.1836888E+07
  1.5649999E+03  4.5700648E+07
  1.5750001E+03  6.1029024E+07
  1.5850000E+03  6.5184568E+07
  1.5949996E+03  7.4013128E+07
  1.6049999E+03  6.8620040E+07
  1.6150000E+03  6.4323632E+07
  1.6249996E+03  5.2760128E+07
  1.6350000E+03  6.2807504E+07
  1.6449996E+03  7.1453344E+07
  1.6549999E+03  4.7844252E+07
  1.6649993E+03  7.0167008E+07
  1.6720000E+03  4.2271528E+07
  1.6770001E+03  7.1762440E+07
  1.6849998E+03  8.0044464E+07
  1.6950000E+03  6.6740044E+07
  1.7049995E+03  6.6398824E+07
  1.7150000E+03  6.9630712E+07
  1.7249993E+03  6.8402936E+07
  1.7349994E+03  7.5091960E+07
  1.7449993E+03  7.3367744E+07
  1.7550001E+03  8.2270224E+07
  1.7649998E+03  6.5521428E+07
  1.7749995E+03  7.7461312E+07
  1.7849995E+03  7.6433840E+07
  1.7949999E+03  8.7844064E+07
  1.8050001E+03  8.1999496E+07
  1.8150001E+03  7.9958224E+07
  1.8249994E+03  7.6620864E+07
  1.8349993E+03  7.1756920E+07
  1.8449993E+03  6.3545056E+07
  1.8549998E+03  7.0234320E+07
  1.8650002E+03  7.2824536E+07
  1.8750001E+03  7.3970128E+07
  1.8850000E+03  7.3644360E+07
  1.8950002E+03  7.5937752E+07
  1.9049996E+03  7.0331000E+07
  1.9149999E+03  7.5863856E+07
  1.9249993E+03  7.6367888E+07
  1.9350001E+03  6.8160016E+07
  1.9449993E+03  7.8243088E+07
  1.9550002E+03  7.7258328E+07
  1.9670002E+03  8.1690448E+07
  1.9759990E+03  7.9676424E+07
  1.9839996E+03  7.7102768E+07
  1.9950001E+03  7.3975496E+07
  2.0050002E+03  7.0612616E+07
  2.0149996E+03  6.9665784E+07
  2.0249994E+03  6.6396004E+07
  2.0349995E+03  7.1073248E+07
  2.0449998E+03  7.6174936E+07
  2.0550000E+03  7.2599408E+07
  2.0649993E+03  7.0505656E+07
  2.0739993E+03  7.6566224E+07
  2.0780002E+03  7.8013952E+07
  2.0849993E+03  7.6160832E+07
  2.0950005E+03  7.3008848E+07
  2.1050002E+03  6.8231552E+07
  2.1149990E+03  6.8649096E+07
  2.1250000E+03  7.1387488E+07
  2.1350002E+03  5.9045304E+07
  2.1449998E+03  6.7429200E+07
  2.1550005E+03  6.7541408E+07
  2.1649995E+03  6.2704940E+07
  2.1750002E+03  6.1760112E+07
  2.1849998E+03  6.3561044E+07
  2.1950000E+03  6.7872584E+07
  2.2050000E+03  6.4606048E+07
  2.2149998E+03  5.8713456E+07
  2.2249998E+03  5.7721152E+07
  2.2350005E+03  6.5719008E+07
  2.2449990E+03  5.8352276E+07
  2.2549993E+03  5.6224472E+07
  2.2650000E+03  5.6271020E+07
  2.2750000E+03  5.9372500E+07
  2.2850000E+03  6.2251708E+07
  2.2950002E+03  5.7720620E+07
  2.3050000E+03  5.7776096E+07
  2.3149995E+03  5.5557904E+07
  2.3250000E+03  4.1968988E+07
  2.3349995E+03  5.0834768E+07
  2.3449993E+03  4.5322192E+07
  2.3550000E+03  5.5115120E+07
  2.3649988E+03  4.6405788E+07
  2.3750000E+03  5.0313664E+07
  2.3849990E+03  4.2408636E+07
  2.3950000E+03  4.7556428E+07
  2.4050005E+03  4.5194716E+07
  2.4149993E+03  4.6283692E+07
  2.4249990E+03  5.1584556E+07
  2.4349990E+03  4.9041464E+07
  2.4450000E+03  5.2801640E+07
  2.4549990E+03  5.0955360E+07
  2.4649990E+03  5.1325844E+07
  2.4749993E+03  4.8175108E+07
  2.4850005E+03  5.0176548E+07
  2.4950000E+03  4.7776820E+07
  2.5050005E+03  5.5311368E+07
  2.5129988E+03  4.7272060E+07
  2.5179990E+03  4.6868220E+07
  2.5249998E+03  4.3201580E+07
  2.5350007E+03  4.2715408E+07
  2.5449988E+03  4.2782948E+07
  2.5550000E+03  4.7897080E+07
  2.5649990E+03  4.7348588E+07
  2.5749990E+03  5.1497936E+07
  2.5849993E+03  5.1812892E+07
  2.5949990E+03  5.0296000E+07
  2.6049995E+03  4.8160708E+07
  2.6149998E+03  4.6676344E+07
  2.6249990E+03  5.1922152E+07
  2.6350007E+03  5.1890640E+07
  2.6449995E+03  5.9169944E+07
  2.6549998E+03  5.8655572E+07
  2.6649995E+03  5.2726648E+07
  2.6749988E+03  5.5607408E+07
  2.6849988E+03  5.5418680E+07
  2.6949988E+03  5.2103448E+07
  2.7050000E+03  5.3695988E+07
  2.7150000E+03  5.0330732E+07
  2.7249995E+03  5.0932060E+07
  2.7350007E+03  5.5153436E+07
  2.7450002E+03  4.5251800E+07
  2.7549998E+03  4.6498336E+07
  2.7649983E+03  4.8437776E+07
  2.7750005E+03  5.1505476E+07
  2.7850000E+03  4.6453968E+07
  2.7949993E+03  2.6384260E+07
  2.8049995E+03  3.1084692E+07
  2.8150002E+03  5.1345284E+07
  2.8250007E+03  5.4688064E+07
  2.8350000E+03  5.3004572E+07
  2.8450002E+03  5.0980268E+07
  2.8550005E+03  4.9325000E+07
  2.8650000E+03  5.3424120E+07
  2.8749983E+03  5.2004888E+07
  2.8850000E+03  5.2948496E+07
  2.8949988E+03  5.0897732E+07
  2.9099988E+03  5.6473740E+07
  2.9299983E+03  5.4068576E+07
  2.9499990E+03  5.3723176E+07
  2.9700005E+03  5.4202148E+07
  2.9899980E+03  5.4794308E+07
  3.0099995E+03  5.5428224E+07
  3.0299995E+03  5.4707124E+07
  3.0499995E+03  5.4433432E+07
  3.0699995E+03  5.4122232E+07
  3.0899995E+03  5.4706224E+07
  3.1099995E+03  5.3225860E+07
  3.1299998E+03  5.3124640E+07
  3.1499995E+03  5.3663352E+07
  3.1699995E+03  5.3228280E+07
  3.1899995E+03  5.0811828E+07
  3.2099998E+03  5.2041604E+07
  3.2299993E+03  5.0655264E+07
  3.2499993E+03  5.1424752E+07
  3.2699995E+03  5.1854576E+07
  3.2899995E+03  5.2016116E+07
  3.3099998E+03  5.2235308E+07
  3.3299993E+03  5.1222448E+07
  3.3499995E+03  5.0485088E+07
  3.3699995E+03  5.0289020E+07
  3.3899993E+03  4.9789192E+07
  3.4099993E+03  5.0276020E+07
  3.4299995E+03  5.0072468E+07
  3.4499993E+03  4.9658196E+07
  3.4699998E+03  4.9024828E+07
  3.4899993E+03  4.8823352E+07
  3.5099995E+03  4.9344912E+07
  3.5299995E+03  4.9141072E+07
  3.5499995E+03  4.9246584E+07
  3.5699995E+03  4.8116980E+07
  3.5899995E+03  4.7728516E+07
  3.6099995E+03  4.7553808E+07
  3.6299993E+03  4.7531580E+07
  3.6399993E+03  4.7293520E+07
  3.6499995E+03  4.8256340E+07
  3.6699993E+03  4.7200376E+07
  3.6899995E+03  4.2932760E+07
  3.7099995E+03  4.4321384E+07
  3.7299998E+03  4.4700308E+07
  3.7499993E+03  5.4024540E+07
  3.7699993E+03  5.6334104E+07
  3.7899995E+03  6.8778752E+07
  3.8099993E+03  8.1201064E+07
  3.8299998E+03  6.4221500E+07
  3.8499995E+03  9.1417360E+07
  3.8699995E+03  1.0583160E+08
  3.8899995E+03  5.6554404E+07
  3.9099995E+03  1.0632143E+08
  3.9299993E+03  9.5380336E+07
  3.9499993E+03  1.0413071E+08
  3.9699998E+03  5.3036016E+07
  3.9899995E+03  1.0175280E+08
  4.0099995E+03  1.2228990E+08
  4.0299993E+03  1.2396478E+08
  4.0499993E+03  1.2205672E+08
  4.0699993E+03  1.1246342E+08
  4.0899995E+03  8.0289520E+07
  4.1099995E+03  6.0617716E+07
  4.1299995E+03  1.0430292E+08
  4.1499990E+03  1.1430945E+08
  4.1699990E+03  1.1517412E+08
  4.1899995E+03  1.1360726E+08
  4.2099995E+03  1.1292577E+08
  4.2299995E+03  1.0995498E+08
  4.2499995E+03  1.0920411E+08
  4.2699990E+03  1.0542099E+08
  4.2899995E+03  1.0460816E+08
  4.3100000E+03  9.4174624E+07
  4.3299995E+03  6.5969336E+07
  4.3499995E+03  5.6112276E+07
  4.3699995E+03  9.1403184E+07
  4.3899995E+03  9.7396496E+07
  4.4099995E+03  9.7654104E+07
  4.4299995E+03  9.6751304E+07
  4.4499995E+03  9.7650960E+07
  4.4699995E+03  9.6466096E+07
  4.4899995E+03  9.4233264E+07
  4.5099990E+03  9.4840352E+07
  4.5299995E+03  9.2864664E+07
  4.5499990E+03  9.0829040E+07
  4.5699995E+03  9.1603304E+07
  4.5899990E+03  8.9621232E+07
  4.6099990E+03  8.9862816E+07
  4.6299990E+03  8.7525808E+07
  4.6499990E+03  8.7480160E+07
  4.6699990E+03  8.6421528E+07
  4.6899990E+03  8.4173688E+07
  4.7099995E+03  8.0755072E+07
  4.7299990E+03  8.2981688E+07
  4.7499995E+03  8.2080640E+07
  4.7699995E+03  8.0676840E+07
  4.7899990E+03  7.9178640E+07
  4.8099995E+03  7.6434016E+07
  4.8299995E+03  7.0562056E+07
  4.8499990E+03  5.1694404E+07
  4.8700000E+03  4.1825688E+07
  4.8899990E+03  6.5293108E+07
  4.9099990E+03  7.1447424E+07
  4.9299990E+03  7.1668720E+07
  4.9499995E+03  7.2108576E+07
  4.9699995E+03  7.2176072E+07
  4.9899990E+03  7.0780160E+07
  5.0099995E+03  6.9043944E+07
  5.0299995E+03  6.9343216E+07
  5.0499995E+03  6.8026888E+07
  5.0699995E+03  6.8188872E+07
  5.0899995E+03  6.7431584E+07
  5.1099990E+03  6.6756192E+07
  5.1299995E+03  6.5811516E+07
  5.1499985E+03  6.4673544E+07
  5.1700000E+03  6.3094460E+07
  5.1899990E+03  6.2561588E+07
  5.2099990E+03  6.2597096E+07
  5.2299995E+03  6.1354840E+07
  5.2499995E+03  6.1708368E+07
  5.2699995E+03  5.9618532E+07
  5.2899990E+03  6.0232124E+07
  5.3099995E+03  5.9155272E+07
  5.3299990E+03  5.8126028E+07
  5.3499995E+03  5.8370108E+07
  5.3699995E+03  5.7403100E+07
  5.3899995E+03  5.6896204E+07
  5.4099990E+03  5.5899652E+07
  5.4299990E+03  5.5635564E+07
  5.4499990E+03  5.5252076E+07
  5.4699995E+03  5.4671244E+07
  5.4899995E+03  5.4232384E+07
  5.5099995E+03  5.3690492E+07
  5.5299985E+03  5.2919724E+07
  5.5499990E+03  5.2574468E+07
  5.5699990E+03  5.1861232E+07
  5.5899995E+03  5.1390720E+07
  5.6099990E+03  5.0967504E+07
  5.6299995E+03  5.0505000E+07
  5.6499990E+03  4.9949816E+07
  5.6699990E+03  4.9335568E+07
  5.6899995E+03  4.8939308E+07
  5.7099995E+03  4.8441088E+07
  5.7299990E+03  4.8075988E+07
  5.7499990E+03  4.7458404E+07
  5.7699990E+03  4.7030396E+07
  5.7899995E+03  4.6520624E+07
  5.8099985E+03  4.6077020E+07
  5.8300000E+03  4.5636156E+07
  5.8499990E+03  4.5171648E+07
  5.8699985E+03  4.4665376E+07
  5.8899985E+03  4.3850000E+07
  5.9099995E+03  4.3796384E+07
  5.9299985E+03  4.3380412E+07
  5.9499995E+03  4.2887072E+07
  5.9699990E+03  4.2500852E+07
  5.9899990E+03  4.1993868E+07
  6.0099990E+03  4.1536488E+07
  6.0299995E+03  4.1229284E+07
  6.0499990E+03  4.0834672E+07
  6.0699990E+03  4.0490360E+07
  6.0899995E+03  4.0057232E+07
  6.1099985E+03  3.9644068E+07
  6.1299995E+03  3.9166224E+07
  6.1499985E+03  3.8385004E+07
  6.1699985E+03  3.8410676E+07
  6.1900000E+03  3.8170712E+07
  6.2099995E+03  3.7803136E+07
  6.2299985E+03  3.7375432E+07
  6.2499990E+03  3.6715148E+07
  6.2699985E+03  3.6742916E+07
  6.2900000E+03  3.6397244E+07
  6.3099985E+03  3.5943604E+07
  6.3299995E+03  3.5660404E+07
  6.3499985E+03  3.4965252E+07
  6.3699985E+03  3.4740464E+07
  6.3899995E+03  3.4589756E+07
  6.4099990E+03  3.4131268E+07
  6.4299985E+03  3.3880100E+07
  6.4499985E+03  3.3267346E+07
  6.4699990E+03  3.3120482E+07
  6.4899990E+03  3.2502544E+07
  6.5099985E+03  3.1830234E+07
  6.5299990E+03  3.0233432E+07
  6.5499985E+03  2.5385420E+07
  6.5699985E+03  2.0518106E+07
  6.5899995E+03  2.8101370E+07
  6.6099985E+03  3.0089782E+07
  6.6299990E+03  3.0481884E+07
  6.6499985E+03  3.0446192E+07
  6.6699995E+03  3.0280806E+07
  6.6899990E+03  3.0089930E+07
  6.7099995E+03  2.9858940E+07
  6.7299990E+03  2.9582764E+07
  6.7499995E+03  2.9349004E+07
  6.7699985E+03  2.9143808E+07
  6.7899995E+03  2.8879210E+07
  6.8099995E+03  2.8621284E+07
  6.8300000E+03  2.8336804E+07
  6.8499985E+03  2.8096918E+07
  6.8699985E+03  2.7872102E+07
  6.8899985E+03  2.7629582E+07
  6.9099990E+03  2.7382290E+07
  6.9299995E+03  2.7132682E+07
  6.9499990E+03  2.6900314E+07
  6.9699985E+03  2.6656206E+07
  6.9899985E+03  2.6443746E+07
  7.0099985E+03  2.6119806E+07
  7.0299985E+03  2.5940142E+07
  7.0499990E+03  2.5737838E+07
  7.0699980E+03  2.5532894E+07
  7.0899990E+03  2.5317092E+07
  7.1099990E+03  2.4780630E+07
  7.1299995E+03  2.4805576E+07
  7.1499990E+03  2.4616888E+07
  7.1699995E+03  2.4419652E+07
  7.1899985E+03  2.4211122E+07
  7.2099985E+03  2.4021186E+07
  7.2299980E+03  2.3799828E+07
  7.2499990E+03  2.3571220E+07
  7.2699995E+03  2.3427448E+07
  7.2899990E+03  2.3185662E+07
  7.3099980E+03  2.3008206E+07
  7.3299980E+03  2.2827428E+07
  7.3499980E+03  2.2657340E+07
  7.3699985E+03  2.2471418E+07
  7.3899995E+03  2.2253368E+07
  7.4099985E+03  2.1941982E+07
  7.4299995E+03  2.1791254E+07
  7.4500000E+03  2.1655404E+07
  7.4700000E+03  2.1384994E+07
  7.4899990E+03  2.1277658E+07
  7.5099985E+03  2.1157138E+07
  7.5299995E+03  2.1000376E+07
  7.5499980E+03  2.0856884E+07
  7.5699985E+03  2.0676478E+07
  7.5899990E+03  2.0512064E+07
  7.6099980E+03  2.0347148E+07
  7.6299995E+03  2.0179782E+07
  7.6499995E+03  1.9999732E+07
  7.6699980E+03  1.9806560E+07
  7.6899990E+03  1.9671174E+07
  7.7099995E+03  1.9499534E+07
  7.7299985E+03  1.9377332E+07
  7.7499990E+03  1.9212840E+07
  7.7700000E+03  1.8664142E+07
  7.7900000E+03  1.8923532E+07
  7.8099995E+03  1.8766830E+07
  7.8299980E+03  1.8589978E+07
  7.8499980E+03  1.8400610E+07
  7.8699995E+03  1.8232384E+07
  7.8900000E+03  1.8058366E+07
  7.9099995E+03  1.7964756E+07
  7.9300000E+03  1.7848492E+07
  7.9499985E+03  1.7632440E+07
  7.9699990E+03  1.7615818E+07
  7.9900000E+03  1.7285196E+07
  8.0099980E+03  1.7323476E+07
  8.0299985E+03  1.7177110E+07
  8.0500000E+03  1.7058720E+07
  8.0699985E+03  1.6917006E+07
  8.0899990E+03  1.6791444E+07
  8.1099995E+03  1.6672066E+07
  8.1299976E+03  1.6554241E+07
  8.1499976E+03  1.6427718E+07
  8.1699980E+03  1.6302799E+07
  8.1899985E+03  1.6030624E+07
  8.2099990E+03  1.5983916E+07
  8.2300000E+03  1.5847915E+07
  8.2500000E+03  1.5768956E+07
  8.2700000E+03  1.5784216E+07
  8.2899980E+03  1.5652242E+07
  8.3099990E+03  1.5536071E+07
  8.3299980E+03  1.5303026E+07
  8.3500000E+03  1.5231420E+07
  8.3699990E+03  1.5102795E+07
  8.3899990E+03  1.4848375E+07
  8.4099971E+03  1.4637758E+07
  8.4300000E+03  1.4403503E+07
  8.4499990E+03  1.4104310E+07
  8.4699980E+03  1.3943785E+07
  8.4899980E+03  1.3962838E+07
  8.5099990E+03  1.3385919E+07
  8.5299990E+03  1.3939367E+07
  8.5499990E+03  1.2592042E+07
  8.5699990E+03  1.4117317E+07
  8.5900000E+03  1.3015722E+07
  8.6099980E+03  1.2802366E+07
  8.6299990E+03  1.4223177E+07
  8.6499990E+03  1.3382591E+07
  8.6699990E+03  1.1354783E+07
  8.6899990E+03  1.3622359E+07
  8.7099971E+03  1.4317177E+07
  8.7299990E+03  1.3458267E+07
  8.7499980E+03  1.0882883E+07
  8.7699980E+03  1.2771022E+07
  8.7899980E+03  1.4105534E+07
  8.8099990E+03  1.4254644E+07
  8.8299980E+03  1.3659610E+07
  8.8499980E+03  1.1978887E+07
  8.8699980E+03  1.0331841E+07
  8.8899990E+03  1.2905256E+07
  8.9099971E+03  1.3734793E+07
  8.9299980E+03  1.3939311E+07
  8.9499980E+03  1.3969263E+07
  8.9699990E+03  1.3558682E+07
  8.9899990E+03  1.2591783E+07
  9.0099980E+03  9.9914460E+06
  9.0299990E+03  1.0859256E+07
  9.0499990E+03  1.2663642E+07
  9.0699980E+03  1.3003985E+07
  9.0899990E+03  1.3047585E+07
  9.1099980E+03  1.3316289E+07
  9.1299980E+03  1.3299591E+07
  9.1499980E+03  1.3189318E+07
  9.1699980E+03  1.2895741E+07
  9.1899990E+03  1.2336058E+07
  9.2099990E+03  1.1134452E+07
  9.2299980E+03  8.7513750E+06
  9.2499980E+03  1.0678639E+07
  9.2699971E+03  1.1683027E+07
  9.2899990E+03  1.2347791E+07
  9.3099980E+03  1.2476480E+07
  9.3299990E+03  1.2461995E+07
  9.3499980E+03  1.2429425E+07
  9.3699990E+03  1.2365692E+07
  9.3900000E+03  1.2196851E+07
  9.4099980E+03  1.1916596E+07
  9.4299971E+03  1.2030057E+07
  9.4499990E+03  1.1920969E+07
  9.4700000E+03  1.1755564E+07
  9.4899980E+03  1.1483949E+07
  9.5100000E+03  1.0953320E+07
  9.5300000E+03  9.7521530E+06
  9.5500000E+03  7.9016750E+06
  9.5699990E+03  9.8592000E+06
  9.5899980E+03  1.0759462E+07
  9.6099980E+03  1.1002724E+07
  9.6299990E+03  1.0981848E+07
  9.6499990E+03  1.1125303E+07
  9.6699980E+03  1.1003590E+07
  9.6899980E+03  1.1006361E+07
  9.7100000E+03  1.1002218E+07
  9.7299990E+03  1.0922418E+07
  9.7499980E+03  1.0836440E+07
  9.7699961E+03  1.0787783E+07
  9.7899980E+03  1.0713087E+07
  9.8099980E+03  1.0633043E+07
  9.8299990E+03  1.0538353E+07
  9.8499980E+03  1.0437359E+07
  9.8700000E+03  1.0362614E+07
  9.8899980E+03  1.0234858E+07
  9.9099990E+03  1.0206245E+07
  9.9300000E+03  1.0110538E+07
  9.9499980E+03  1.0020849E+07
  9.9699980E+03  9.9037480E+06
  9.9899990E+03  9.6904850E+06
  1.0024998E+04  8.5347330E+06
  1.0074998E+04  8.0939325E+06
  1.0124997E+04  9.2662250E+06
  1.0174997E+04  9.3333060E+06
  1.0224998E+04  9.2350420E+06
  1.0274997E+04  9.1039900E+06
  1.0325000E+04  8.9502930E+06
  1.0374999E+04  8.8057870E+06
  1.0425000E+04  8.6615520E+06
  1.0474998E+04  8.4671350E+06
  1.0524997E+04  8.3467500E+06
  1.0574999E+04  8.2312840E+06
  1.0625000E+04  8.1036025E+06
  1.0674997E+04  7.8516655E+06
  1.0724998E+04  7.7887785E+06
  1.0774999E+04  7.6679860E+06
  1.0824997E+04  7.5063320E+06
  1.0874997E+04  7.2055645E+06
  1.0924999E+04  5.9283350E+06
  1.0974996E+04  6.4981075E+06
  1.1025000E+04  7.0002870E+06
  1.1074998E+04  6.9965025E+06
  1.1124999E+04  6.9090975E+06
  1.1174998E+04  6.8196560E+06
  1.1224999E+04  6.7237550E+06
  1.1274997E+04  6.5228975E+06
  1.1325000E+04  6.4345820E+06
  1.1375000E+04  6.4031785E+06
  1.1425000E+04  6.2944390E+06
  1.1474997E+04  6.2305520E+06
  1.1525000E+04  6.1417190E+06
  1.1574998E+04  6.0463165E+06
  1.1625000E+04  5.9132925E+06
  1.1674998E+04  5.7972495E+06
  1.1724997E+04  5.7843595E+06
  1.1775001E+04  5.6119785E+06
  1.1824999E+04  5.5764755E+06
  1.1875000E+04  5.4729765E+06
  1.1925000E+04  5.4571140E+06
  1.1975001E+04  5.3417555E+06
  1.2024998E+04  5.2896125E+06
  1.2074996E+04  5.1988735E+06
  1.2125000E+04  5.1307120E+06
  1.2175000E+04  5.0688330E+06
  1.2225001E+04  4.9919105E+06
  1.2275001E+04  4.9138220E+06
  1.2324996E+04  4.8470055E+06
  1.2374996E+04  4.7850390E+06
  1.2424998E+04  4.7261055E+06
  1.2475000E+04  4.6447210E+06
  1.2524997E+04  4.5877815E+06
  1.2574997E+04  4.4918105E+06
  1.2624999E+04  4.4364465E+06
  1.2674997E+04  4.3743135E+06
  1.2724999E+04  4.2704390E+06
  1.2774999E+04  4.0106220E+06
  1.2825000E+04  3.4035940E+06
  1.2875001E+04  3.9558345E+06
  1.2924997E+04  4.0538330E+06
  1.2975001E+04  4.0338360E+06
  1.3024998E+04  3.9924902E+06
  1.3074999E+04  3.9494520E+06
  1.3125000E+04  3.8955795E+06
  1.3174998E+04  3.8315602E+06
  1.3224998E+04  3.7951045E+06
  1.3274997E+04  3.7449782E+06
  1.3324997E+04  3.6959208E+06
  1.3374999E+04  3.6468578E+06
  1.3424999E+04  3.5982140E+06
  1.3474999E+04  3.5497750E+06
  1.3525001E+04  3.4982448E+06
  1.3574999E+04  3.4528978E+06
  1.3624997E+04  3.4127888E+06
  1.3674997E+04  3.3653148E+06
  1.3724995E+04  3.3064425E+06
  1.3774998E+04  3.2802975E+06
  1.3824998E+04  3.2390702E+06
  1.3874996E+04  3.2026575E+06
  1.3925000E+04  3.1538572E+06
  1.3974996E+04  3.1191792E+06
  1.4024997E+04  3.0808898E+06
  1.4075001E+04  3.0432540E+06
  1.4124996E+04  3.0024890E+06
  1.4175000E+04  2.9665308E+06
  1.4225000E+04  2.9283990E+06
  1.4274994E+04  2.8912842E+06
  1.4325001E+04  2.8562628E+06
  1.4374998E+04  2.8229372E+06
  1.4424999E+04  2.7525258E+06
  1.4475000E+04  2.7518822E+06
  1.4524997E+04  2.7008280E+06
  1.4569999E+04  2.6880745E+06
  1.4620000E+04  2.7130772E+06
  1.4674998E+04  2.7653778E+06
  1.4725000E+04  2.7170915E+06
  1.4775002E+04  2.6559332E+06
  1.4824998E+04  2.6111382E+06
  1.4874996E+04  2.5488350E+06
  1.4924997E+04  2.5189325E+06
  1.4974999E+04  2.4678678E+06
  1.5024999E+04  2.4212645E+06
  1.5075000E+04  2.3808605E+06
  1.5124999E+04  2.3488422E+06
  1.5175000E+04  2.3072132E+06
  1.5225002E+04  2.2727432E+06
  1.5274998E+04  2.2427122E+06
  1.5324995E+04  2.2024372E+06
  1.5374997E+04  2.1867010E+06
  1.5425001E+04  2.1359705E+06
  1.5474996E+04  2.1335180E+06
  1.5524994E+04  2.0986972E+06
  1.5575001E+04  2.0512311E+06
  1.5624998E+04  2.0884299E+06
  1.5674997E+04  2.0078174E+06
  1.5724994E+04  1.9670374E+06
  1.5774996E+04  2.0295250E+06
  1.5825001E+04  1.9961096E+06
  1.5874995E+04  1.8451310E+06
  1.5925002E+04  1.9219490E+06
  1.5975001E+04  1.9833054E+06
  1.6049998E+04  1.8915445E+06
  1.6150001E+04  1.7823941E+06
  1.6249997E+04  1.8716639E+06
  1.6350000E+04  1.7551209E+06
  1.6449996E+04  1.6518470E+06
  1.6549998E+04  1.7586219E+06
  1.6649994E+04  1.7245156E+06
  1.6749998E+04  1.6005911E+06
  1.6849998E+04  1.4996478E+06
  1.6950000E+04  1.6123455E+06
  1.7049996E+04  1.5876569E+06
  1.7150000E+04  1.5553618E+06
  1.7249992E+04  1.4953489E+06
  1.7349994E+04  1.3083306E+06
  1.7449992E+04  1.4057172E+06
  1.7550000E+04  1.4209325E+06
  1.7649998E+04  1.3964118E+06
  1.7749994E+04  1.3722328E+06
  1.7849994E+04  1.3421209E+06
  1.7949998E+04  1.3143462E+06
  1.8050002E+04  1.2681395E+06
  1.8150002E+04  1.1193831E+06
  1.8249994E+04  1.1772685E+06
  1.8349992E+04  1.2050858E+06
  1.8449992E+04  1.1859709E+06
  1.8549998E+04  1.1584376E+06
  1.8650002E+04  1.1191864E+06
  1.8750002E+04  9.8248194E+05
  1.8850000E+04  1.0685265E+06
  1.8950004E+04  1.0686088E+06
  1.9049996E+04  1.0546172E+06
  1.9149998E+04  1.0338721E+06
  1.9249992E+04  1.0105324E+06
  1.9350000E+04  9.7109581E+05
  1.9449992E+04  8.5591494E+05
  1.9550002E+04  9.3475881E+05
  1.9649992E+04  9.3662675E+05
  1.9749992E+04  9.2156419E+05
  1.9849992E+04  9.0652738E+05
  1.9950002E+04  8.8981300E+05
  2.0050002E+04  8.7343394E+05
  2.0149996E+04  8.5741938E+05
  2.0249994E+04  8.4138350E+05
  2.0349994E+04  8.2572962E+05
  2.0449996E+04  8.1120562E+05
  2.0550000E+04  7.9642475E+05
  2.0649992E+04  7.8142406E+05
  2.0749998E+04  7.6762762E+05
  2.0849992E+04  7.5406025E+05
  2.0950004E+04  7.4058619E+05
  2.1050002E+04  7.2722400E+05
  2.1149992E+04  7.1302006E+05
  2.1250000E+04  7.0052625E+05
  2.1350002E+04  6.8743344E+05
  2.1449996E+04  6.7393188E+05
  2.1550006E+04  6.5134512E+05
  2.1649994E+04  5.7826219E+05
  2.1750002E+04  6.2217231E+05
  2.1849998E+04  6.2778269E+05
  2.1950002E+04  6.2041756E+05
  2.2050000E+04  6.1048719E+05
  2.2149996E+04  5.9964319E+05
  2.2249998E+04  5.9066569E+05
  2.2350004E+04  5.8073075E+05
  2.2449990E+04  5.7106212E+05
  2.2549994E+04  5.6103706E+05
  2.2650000E+04  5.5220906E+05
  2.2750000E+04  5.4312150E+05
  2.2850000E+04  5.3646606E+05
  2.2950004E+04  5.3576356E+05
  2.3050000E+04  5.2709756E+05
  2.3149996E+04  5.1724644E+05
  2.3250000E+04  5.0777459E+05
  2.3349996E+04  4.9823872E+05
  2.3449994E+04  4.8910009E+05
  2.3550002E+04  4.8021350E+05
  2.3649988E+04  4.7170944E+05
  2.3750000E+04  4.6327678E+05
  2.3849990E+04  4.5507559E+05
  2.3950002E+04  4.4727644E+05
  2.4050006E+04  4.3979984E+05
  2.4149992E+04  4.3208966E+05
  2.4249990E+04  4.2443338E+05
  2.4349990E+04  4.1820953E+05
  2.4450002E+04  4.1045316E+05
  2.4549990E+04  4.0504134E+05
  2.4649992E+04  3.9740284E+05
  2.4749992E+04  3.9235916E+05
  2.4850006E+04  3.8696828E+05
  2.4950000E+04  3.7806291E+05
  2.5050006E+04  3.8151625E+05
  2.5149994E+04  3.7184778E+05
  2.5249998E+04  3.5880381E+05
  2.5350004E+04  3.5883928E+05
  2.5449988E+04  3.5646153E+05
  2.5549998E+04  3.4722444E+05
  2.5649990E+04  3.3441597E+05
  2.5749990E+04  3.3850528E+05
  2.5849994E+04  3.3657344E+05
  2.5949990E+04  3.3106981E+05
  2.6049996E+04  3.1903947E+05
  2.6149998E+04  3.0440659E+05
  2.6249988E+04  2.8366156E+05
  2.6350008E+04  3.0431191E+05
  2.6449996E+04  3.0801969E+05
  2.6549994E+04  3.0406841E+05
  2.6649994E+04  2.9515488E+05
  2.6749988E+04  2.7817391E+05
  2.6849986E+04  2.8712678E+05
  2.6949986E+04  2.8830925E+05
  2.7050002E+04  2.8543459E+05
  2.7149998E+04  2.8182822E+05
  2.7249994E+04  2.7774441E+05
  2.7350006E+04  2.7303747E+05
  2.7450004E+04  2.6610203E+05
  2.7549996E+04  2.4787866E+05
  2.7649982E+04  2.5163281E+05
  2.7750004E+04  2.5700884E+05
  2.7850000E+04  2.5536569E+05
  2.7949992E+04  2.5258211E+05
  2.8049994E+04  2.4951069E+05
  2.8150002E+04  2.4612456E+05
  2.8250006E+04  2.4279428E+05
  2.8350000E+04  2.3920962E+05
  2.8450000E+04  2.3521305E+05
  2.8550002E+04  2.3073031E+05
  2.8650002E+04  2.2095736E+05
  2.8749982E+04  2.0733589E+05
  2.8849998E+04  2.1914925E+05
  2.8949986E+04  2.1949002E+05
  2.9049994E+04  2.1763766E+05
  2.9149986E+04  2.1499877E+05
  2.9249984E+04  2.1250967E+05
  2.9349980E+04  2.0978269E+05
  2.9450000E+04  2.0707008E+05
  2.9550004E+04  2.0441108E+05
  2.9649982E+04  2.0177072E+05
  2.9749992E+04  1.9917778E+05
  2.9849994E+04  1.9664467E+05
  2.9949984E+04  1.9404445E+05
  3.0049996E+04  1.9113625E+05
  3.0149994E+04  1.8809252E+05
  3.0249994E+04  1.8363148E+05
  3.0349996E+04  1.7016994E+05
  3.0449996E+04  1.7154475E+05
  3.0549996E+04  1.7742294E+05
  3.0649996E+04  1.7681648E+05
  3.0749994E+04  1.7517830E+05
  3.0849996E+04  1.7302714E+05
  3.0949994E+04  1.7107312E+05
  3.1049996E+04  1.6894134E+05
  3.1149996E+04  1.6677128E+05
  3.1249996E+04  1.6474509E+05
  3.1349996E+04  1.6281795E+05
  3.1449996E+04  1.6075961E+05
  3.1549998E+04  1.5893597E+05
  3.1649996E+04  1.5704945E+05
  3.1749998E+04  1.5507508E+05
  3.1849996E+04  1.5330067E+05
  3.1949994E+04  1.5144208E+05
  3.2099996E+04  1.4873209E+05
  3.2299992E+04  1.4524570E+05
  3.2499994E+04  1.4178362E+05
  3.2699996E+04  1.3767639E+05
  3.2899996E+04  1.2656153E+05
  3.3099996E+04  1.2927647E+05
  3.3299992E+04  1.2961043E+05
  3.3499996E+04  1.2698314E+05
  3.3699996E+04  1.2383837E+05
  3.3899996E+04  1.2099151E+05
  3.4099996E+04  1.1820921E+05
  3.4299996E+04  1.1552820E+05
  3.4499992E+04  1.1292659E+05
  3.4699996E+04  1.1034575E+05
  3.4899996E+04  1.0783202E+05
  3.5099996E+04  1.0541408E+05
  3.5299996E+04  1.0305294E+05
  3.5499996E+04  1.0080394E+05
  3.5699992E+04  9.8527805E+04
  3.5899992E+04  9.6377805E+04
  3.6099996E+04  9.4292398E+04
  3.6299992E+04  9.2307047E+04
  3.6499992E+04  9.0251945E+04
  3.6699992E+04  8.8543711E+04
  3.6899992E+04  8.6197547E+04
  3.7099996E+04  8.4630219E+04
  3.7299996E+04  8.0264516E+04
  3.7499992E+04  7.7594305E+04
  3.7699996E+04  7.9614680E+04
  3.7899996E+04  7.8367492E+04
  3.8099992E+04  7.6049438E+04
  3.8299996E+04  7.4674250E+04
  3.8499996E+04  7.3928391E+04
  3.8699996E+04  7.2456891E+04
  3.8899992E+04  7.0538656E+04
  3.9099996E+04  6.8222055E+04
  3.9299992E+04  6.8112438E+04
  3.9499992E+04  6.7149172E+04
  3.9699992E+04  6.5967570E+04
  3.9900000E+04  6.4616879E+04
  4.0099996E+04  6.2034062E+04
  4.0299992E+04  6.0496648E+04
  4.0499996E+04  5.7346578E+04
  4.0699992E+04  5.9199656E+04
  4.0899992E+04  5.8570309E+04
  4.1099996E+04  5.7644812E+04
  4.1299996E+04  5.6418629E+04
  4.1499992E+04  5.4946496E+04
  4.1699992E+04  5.2345172E+04
  4.1899996E+04  5.2872371E+04
  4.2099996E+04  5.2366961E+04
  4.2299992E+04  5.1567652E+04
  4.2499996E+04  5.0630840E+04
  4.2699992E+04  4.9719625E+04
  4.2899992E+04  4.8823156E+04
  4.3099996E+04  4.7945195E+04
  4.3299996E+04  4.7023066E+04
  4.3499992E+04  4.5928691E+04
  4.3699996E+04  4.3542422E+04
  4.3899996E+04  4.3664605E+04
  4.4099992E+04  4.3668508E+04
  4.4299992E+04  4.3079293E+04
  4.4499996E+04  4.2333367E+04
  4.4699996E+04  4.1772500E+04
  4.4899996E+04  4.1046137E+04
  4.5099992E+04  4.0349512E+04
  4.5299992E+04  3.9654379E+04
  4.5499996E+04  3.8984434E+04
  4.5699992E+04  3.8313863E+04
  4.5899996E+04  3.7642734E+04
  4.6099996E+04  3.6909102E+04
  4.6299992E+04  3.5995168E+04
  4.6499988E+04  3.3424672E+04
  4.6699992E+04  3.3085434E+04
  4.6899992E+04  3.3980500E+04
  4.7099992E+04  3.3906512E+04
  4.7299992E+04  3.3473883E+04
  4.7499996E+04  3.2948805E+04
  4.7699992E+04  3.2423068E+04
  4.7899992E+04  3.1903301E+04
  4.8099996E+04  3.1387770E+04
  4.8299992E+04  3.0884527E+04
  4.8499992E+04  3.0390102E+04
  4.8700000E+04  2.9905900E+04
  4.8899992E+04  2.9431760E+04
  4.9099988E+04  2.8962770E+04
  4.9299988E+04  2.8508146E+04
  4.9499996E+04  2.8061441E+04
  4.9699992E+04  2.7622529E+04
  4.9899988E+04  2.7191252E+04
  5.0099996E+04  2.6770455E+04
  5.0299996E+04  2.6355486E+04
  5.0499996E+04  2.5952146E+04
  5.0699996E+04  2.5549943E+04
  5.0899992E+04  2.5068914E+04
  5.1099992E+04  2.4368100E+04
  5.1299996E+04  2.2933037E+04
  5.1499988E+04  2.3728258E+04
  5.1699996E+04  2.3604221E+04
  5.1899992E+04  2.3321955E+04
  5.2099992E+04  2.2972531E+04
  5.2299996E+04  2.2631887E+04
  5.2499996E+04  2.2297131E+04
  5.2699996E+04  2.1968150E+04
  5.2899992E+04  2.1644844E+04
  5.3099988E+04  2.1328451E+04
  5.3299988E+04  2.1016186E+04
  5.3499992E+04  2.0710613E+04
  5.3699992E+04  2.0409006E+04
  5.3899992E+04  2.0115186E+04
  5.4099992E+04  1.9826434E+04
  5.4299984E+04  1.9541389E+04
  5.4499988E+04  1.9261242E+04
  5.4699996E+04  1.8985920E+04
  5.4899992E+04  1.8719100E+04
  5.5099992E+04  1.8454402E+04
  5.5299988E+04  1.8194273E+04
  5.5499988E+04  1.7938627E+04
  5.5699992E+04  1.7684959E+04
  5.5899992E+04  1.7435666E+04
  5.6099988E+04  1.7197854E+04
  5.6299996E+04  1.6960590E+04
  5.6499988E+04  1.6727436E+04
  5.6699988E+04  1.6497141E+04
  5.6899992E+04  1.6270827E+04
  5.7099996E+04  1.6049582E+04
  5.7299988E+04  1.5829888E+04
  5.7499988E+04  1.5616265E+04
  5.7699988E+04  1.5404090E+04
  5.7899996E+04  1.5195588E+04
  5.8099988E+04  1.4992944E+04
  5.8299996E+04  1.4792711E+04
  5.8499992E+04  1.4613578E+04
  5.8699988E+04  1.4364380E+04
  5.8899988E+04  1.3971621E+04
  5.9099992E+04  1.3164266E+04
  5.9299988E+04  1.3677707E+04
  5.9499996E+04  1.3631665E+04
  5.9699988E+04  1.3503491E+04
  5.9899992E+04  1.3328418E+04
  6.0099992E+04  1.3155376E+04
  6.0299992E+04  1.2986402E+04
  6.0499988E+04  1.2818345E+04
  6.0699992E+04  1.2653236E+04
  6.0899992E+04  1.2490019E+04
  6.1099988E+04  1.2328663E+04
  6.1299992E+04  1.2174155E+04
  6.1499988E+04  1.2018408E+04
  6.1699988E+04  1.1867389E+04
  6.1899996E+04  1.1717079E+04
  6.2099996E+04  1.1569438E+04
  6.2299988E+04  1.1422480E+04
  6.2499992E+04  1.1281017E+04
  6.2699988E+04  1.1139210E+04
  6.2899996E+04  1.1001827E+04
  6.3099984E+04  1.0865021E+04
  6.3299996E+04  1.0729712E+04
  6.3499984E+04  1.0597767E+04
  6.3699984E+04  1.0469117E+04
  6.3900000E+04  1.0340019E+04
  6.4199992E+04  1.0152208E+04
  6.4599984E+04  9.9068096E+03
  6.4999992E+04  9.6693340E+03
  6.5399992E+04  9.4395547E+03
  6.5799992E+04  9.2155010E+03
  6.6199984E+04  8.9978789E+03
  6.6599984E+04  8.7873496E+03
  6.6999992E+04  8.5828682E+03
  6.7399992E+04  8.3842676E+03
  6.7799992E+04  8.1914644E+03
  6.8199992E+04  8.0040513E+03
  6.8599992E+04  7.8211616E+03
  6.8999984E+04  7.6436245E+03
  6.9399984E+04  7.4718379E+03
  6.9800000E+04  7.3047090E+03
  7.0199992E+04  7.1425811E+03
  7.0599984E+04  6.9841768E+03
  7.0999977E+04  6.8314937E+03
  7.1399977E+04  6.6811919E+03
  7.1799984E+04  6.5359976E+03
  7.2199984E+04  6.3925908E+03
  7.2600000E+04  6.2562969E+03
  7.2999984E+04  6.1230269E+03
  7.3400000E+04  5.9923481E+03
  7.3799984E+04  5.8634478E+03
  7.4199992E+04  5.7096655E+03
  7.4599992E+04  5.3839805E+03
  7.5000000E+04  5.2660239E+03
  7.5399992E+04  5.3544292E+03
  7.5799992E+04  5.2772817E+03
  7.6199984E+04  5.1712217E+03
  7.6599992E+04  5.0657319E+03
  7.6999992E+04  4.9629771E+03
  7.7399992E+04  4.8627617E+03
  7.7799984E+04  4.7650884E+03
  7.8199984E+04  4.6697676E+03
  7.8599984E+04  4.5768071E+03
  7.8999984E+04  4.4861489E+03
  7.9399984E+04  4.3977378E+03
  7.9800000E+04  4.3114004E+03
  8.0199992E+04  4.2272681E+03
  8.0599984E+04  4.1451689E+03
  8.0999992E+04  4.0650537E+03
  8.1399977E+04  3.9867666E+03
  8.1799984E+04  3.9104863E+03
  8.2199984E+04  3.8360005E+03
  8.2599992E+04  3.7632114E+03
  8.2999984E+04  3.6921929E+03
  8.3400000E+04  3.6223035E+03
  8.3799992E+04  3.5542231E+03
  8.4199992E+04  3.4883855E+03
  8.4599977E+04  3.4241584E+03
  8.4999977E+04  3.3610862E+03
  8.5399984E+04  3.2992483E+03
  8.5799984E+04  3.2389785E+03
  8.6199992E+04  3.1800371E+03
  8.6599992E+04  3.1224968E+03
  8.6999984E+04  3.0661765E+03
  8.7399992E+04  3.0111482E+03
  8.7799992E+04  2.9573354E+03
  8.8199984E+04  2.9046155E+03
  8.8599977E+04  2.8531089E+03
  8.8999992E+04  2.8028828E+03
  8.9399977E+04  2.7537241E+03
  8.9799977E+04  2.7055142E+03
  9.0199984E+04  2.6584653E+03
  9.0599984E+04  2.6123699E+03
  9.0999992E+04  2.5672534E+03
  9.1400000E+04  2.5231401E+03
  9.1799969E+04  2.4800117E+03
  9.2199969E+04  2.4377551E+03
  9.2599984E+04  2.3963972E+03
  9.3000000E+04  2.3559207E+03
  9.3399984E+04  2.3162654E+03
  9.3799984E+04  2.2774558E+03
  9.4199977E+04  2.2394329E+03
  9.4599984E+04  2.2022224E+03
  9.4999969E+04  2.1657676E+03
  9.5399984E+04  2.1299265E+03
  9.5799984E+04  2.0951421E+03
  9.6199992E+04  2.0608604E+03
  9.6599984E+04  2.0273171E+03
  9.7000000E+04  1.9944546E+03
  9.7399977E+04  1.9621833E+03
  9.7799984E+04  1.9306470E+03
  9.8199977E+04  1.8996757E+03
  9.8599977E+04  1.8694133E+03
  9.8999992E+04  1.8396919E+03
  9.9399984E+04  1.8105790E+03
  9.9799977E+04  1.7819862E+03
  1.0019999E+05  1.7539780E+03
  1.9999991E+05  1.1216293E+02
  3.9999994E+05  6.9712110E+00
  5.9999981E+05  1.3648208E+00
  7.9999994E+05  4.2835730E-01
