  5.0599994E+02  1.0129753E-08
  5.1199994E+02  1.7873496E-08
  5.2000000E+02  3.2888906E-08
  5.2999994E+02  6.9036439E-08
  5.3999994E+02  1.3944033E-07
  5.4999988E+02  2.7669029E-07
  5.5999988E+02  5.3539117E-07
  5.6999988E+02  1.0135502E-06
  5.7999994E+02  1.8711225E-06
  5.8999988E+02  3.4237155E-06
  5.9999988E+02  6.1224373E-06
  6.0999988E+02  1.0772484E-05
  6.1999994E+02  1.8643583E-05
  6.2999988E+02  3.1776952E-05
  6.3999994E+02  5.3380019E-05
  6.4999994E+02  8.8472094E-05
  6.5799994E+02  1.3123234E-04
  6.6499988E+02  1.8394306E-04
  6.7499994E+02  2.9505280E-04
  6.8499988E+02  4.6762358E-04
  6.9499994E+02  7.3222042E-04
  7.0499988E+02  1.1319617E-03
  7.1599988E+02  1.8096059E-03
  7.2599994E+02  2.7378898E-03
  7.3499982E+02  3.9394763E-03
  7.4499994E+02  5.8450727E-03
  7.5499982E+02  8.5898004E-03
  7.6499994E+02  1.2504016E-02
  7.7499994E+02  1.8034263E-02
  7.8499982E+02  2.5781518E-02
  7.9499982E+02  3.6460612E-02
  8.0500000E+02  5.1287778E-02
  8.1499976E+02  7.1521029E-02
  8.2500000E+02  9.8884635E-02
  8.3499994E+02  1.3564499E-01
  8.4499994E+02  1.8470883E-01
  8.5499988E+02  2.4967121E-01
  8.6499994E+02  3.3509594E-01
  8.7499982E+02  4.4651461E-01
  8.8499982E+02  5.9139252E-01
  8.9499988E+02  7.7799302E-01
  9.0499994E+02  1.0165963E+00
  9.1499982E+02  3.0497286E+01
  9.2499988E+02  1.8575887E+02
  9.3499982E+02  2.8608835E+02
  9.4500000E+02  4.1874411E+02
  9.5500000E+02  5.7941760E+02
  9.6499988E+02  7.4308936E+02
  9.7499982E+02  7.4607526E+02
  9.8499976E+02  1.0450175E+03
  9.9499988E+02  1.1788403E+03
  1.0049999E+03  1.5112964E+03
  1.0149997E+03  1.7899697E+03
  1.0249998E+03  1.5820911E+03
  1.0349998E+03  2.4238447E+03
  1.0449998E+03  2.8841853E+03
  1.0549999E+03  3.3387007E+03
  1.0649999E+03  3.7303794E+03
  1.0750000E+03  4.4172910E+03
  1.0849996E+03  5.0502051E+03
  1.0949999E+03  5.5716997E+03
  1.1049999E+03  1.6513281E+04
  1.1149999E+03  2.6105635E+04
  1.1249999E+03  3.2993262E+04
  1.1349996E+03  4.0482977E+04
  1.1449999E+03  4.6232973E+04
  1.1549999E+03  4.7895602E+04
  1.1650000E+03  5.9018199E+04
  1.1749995E+03  6.5470078E+04
  1.1849996E+03  6.4227555E+04
  1.1949998E+03  4.3218031E+04
  1.2049996E+03  4.3951457E+04
  1.2149998E+03  1.1236728E+04
  1.2249996E+03  4.8899688E+04
  1.2349996E+03  9.3119648E+04
  1.2449998E+03  1.6942267E+05
  1.2549996E+03  2.5251489E+05
  1.2650000E+03  2.7723650E+05
  1.2749998E+03  5.4636594E+05
  1.2849995E+03  1.5149871E+06
  1.2949998E+03  2.8064742E+06
  1.3049995E+03  2.3320398E+06
  1.3149998E+03  6.2435010E+06
  1.3249998E+03  8.3643610E+06
  1.3349996E+03  9.3587990E+06
  1.3449995E+03  1.4512257E+07
  1.3549996E+03  1.3779507E+07
  1.3649999E+03  1.4855605E+07
  1.3749999E+03  1.7975388E+07
  1.3849996E+03  1.6002803E+07
  1.3949999E+03  1.9312840E+07
  1.4050001E+03  2.0349810E+07
  1.4149998E+03  2.0334156E+07
  1.4249998E+03  2.3355832E+07
  1.4350000E+03  2.0793974E+07
  1.4419998E+03  2.6892118E+07
  1.4469999E+03  3.1402684E+07
  1.4549994E+03  3.3576380E+07
  1.4650000E+03  2.7367328E+07
  1.4749995E+03  2.9153376E+07
  1.4849996E+03  3.2587088E+07
  1.4949998E+03  3.7526248E+07
  1.5049996E+03  4.0069664E+07
  1.5119995E+03  3.5085400E+07
  1.5169994E+03  3.6250912E+07
  1.5250001E+03  3.7604852E+07
  1.5349994E+03  3.5741472E+07
  1.5449994E+03  5.3947900E+07
  1.5549998E+03  4.7645808E+07
  1.5649999E+03  4.1401456E+07
  1.5750001E+03  5.8952952E+07
  1.5850000E+03  6.1912440E+07
  1.5949996E+03  7.1011440E+07
  1.6049999E+03  6.5740452E+07
  1.6150000E+03  6.1878260E+07
  1.6249996E+03  4.9394580E+07
  1.6350000E+03  6.1119188E+07
  1.6449996E+03  7.2327648E+07
  1.6549999E+03  4.5257068E+07
  1.6649993E+03  7.0320568E+07
  1.6720000E+03  4.3103000E+07
  1.6770001E+03  7.4702816E+07
  1.6849998E+03  8.3473136E+07
  1.6950000E+03  6.6770200E+07
  1.7049995E+03  6.8810576E+07
  1.7150000E+03  7.3789704E+07
  1.7249993E+03  7.2302408E+07
  1.7349994E+03  7.9497296E+07
  1.7449993E+03  7.7898408E+07
  1.7550001E+03  8.6490088E+07
  1.7649998E+03  6.8237576E+07
  1.7749995E+03  8.1579440E+07
  1.7849995E+03  8.1358456E+07
  1.7949999E+03  9.3216752E+07
  1.8050001E+03  8.6776264E+07
  1.8150001E+03  8.4250208E+07
  1.8249994E+03  8.0793552E+07
  1.8349993E+03  7.5259960E+07
  1.8449993E+03  6.5741916E+07
  1.8549998E+03  7.3511144E+07
  1.8650002E+03  7.7484120E+07
  1.8750001E+03  7.8183640E+07
  1.8850000E+03  7.7982928E+07
  1.8950002E+03  8.0709032E+07
  1.9049996E+03  7.4732600E+07
  1.9149999E+03  8.0978768E+07
  1.9249993E+03  8.0941808E+07
  1.9350001E+03  7.0440000E+07
  1.9449993E+03  8.3398616E+07
  1.9550002E+03  8.2535712E+07
  1.9670002E+03  8.7562824E+07
  1.9759990E+03  8.4985032E+07
  1.9839996E+03  8.2302608E+07
  1.9950001E+03  7.9089752E+07
  2.0050002E+03  7.4834432E+07
  2.0149996E+03  7.4640056E+07
  2.0249994E+03  7.0032304E+07
  2.0349995E+03  7.5944776E+07
  2.0449998E+03  8.1679968E+07
  2.0550000E+03  7.7999240E+07
  2.0649993E+03  7.5839192E+07
  2.0739993E+03  8.2123320E+07
  2.0780002E+03  8.3765176E+07
  2.0849993E+03  8.1826712E+07
  2.0950005E+03  7.8276552E+07
  2.1050002E+03  7.3016568E+07
  2.1149990E+03  7.3715752E+07
  2.1250000E+03  7.6515856E+07
  2.1350002E+03  6.3693480E+07
  2.1449998E+03  7.2732592E+07
  2.1550005E+03  7.2425768E+07
  2.1649995E+03  6.6827344E+07
  2.1750002E+03  6.5938664E+07
  2.1849998E+03  6.8401376E+07
  2.1950000E+03  7.2854216E+07
  2.2050000E+03  6.9355864E+07
  2.2149998E+03  6.2993552E+07
  2.2249998E+03  6.2299980E+07
  2.2350005E+03  7.0971160E+07
  2.2449990E+03  6.3116720E+07
  2.2549993E+03  6.0655608E+07
  2.2650000E+03  6.0287124E+07
  2.2750000E+03  6.3514252E+07
  2.2850000E+03  6.6896992E+07
  2.2950002E+03  6.1745428E+07
  2.3050000E+03  6.2228372E+07
  2.3149995E+03  6.0110988E+07
  2.3250000E+03  4.6685792E+07
  2.3349995E+03  5.5241784E+07
  2.3449993E+03  4.8899740E+07
  2.3550000E+03  5.9581424E+07
  2.3649988E+03  5.0368980E+07
  2.3750000E+03  5.4280948E+07
  2.3849990E+03  4.6018188E+07
  2.3950000E+03  5.1271856E+07
  2.4050005E+03  4.8960080E+07
  2.4149993E+03  4.9600652E+07
  2.4249990E+03  5.5285500E+07
  2.4349990E+03  5.2354988E+07
  2.4450000E+03  5.6504044E+07
  2.4549990E+03  5.4751432E+07
  2.4649990E+03  5.5326160E+07
  2.4749993E+03  5.1549684E+07
  2.4850005E+03  5.3326340E+07
  2.4950000E+03  5.0650268E+07
  2.5050005E+03  5.8981424E+07
  2.5129988E+03  5.0227984E+07
  2.5179990E+03  4.8783872E+07
  2.5249998E+03  4.5110768E+07
  2.5350007E+03  4.4873956E+07
  2.5449988E+03  4.5050784E+07
  2.5550000E+03  5.0853572E+07
  2.5649990E+03  5.0283212E+07
  2.5749990E+03  5.4774020E+07
  2.5849993E+03  5.5446476E+07
  2.5949990E+03  5.4159544E+07
  2.6049995E+03  5.1854740E+07
  2.6149998E+03  5.0036416E+07
  2.6249990E+03  5.5788648E+07
  2.6350007E+03  5.5680632E+07
  2.6449995E+03  6.3187116E+07
  2.6549998E+03  6.2893736E+07
  2.6649995E+03  5.6455136E+07
  2.6749988E+03  5.9598172E+07
  2.6849988E+03  5.9724660E+07
  2.6949988E+03  5.5734348E+07
  2.7050000E+03  5.7439100E+07
  2.7150000E+03  5.3689584E+07
  2.7249995E+03  5.4376916E+07
  2.7350007E+03  5.8759488E+07
  2.7450002E+03  4.8392148E+07
  2.7549998E+03  4.9689888E+07
  2.7649983E+03  5.1730956E+07
  2.7750005E+03  5.4284268E+07
  2.7850000E+03  4.7366632E+07
  2.7949993E+03  2.5898636E+07
  2.8049995E+03  3.0591516E+07
  2.8150002E+03  5.3384832E+07
  2.8250007E+03  5.7874468E+07
  2.8350000E+03  5.6496648E+07
  2.8450002E+03  5.4312864E+07
  2.8550005E+03  5.2444784E+07
  2.8650000E+03  5.7128016E+07
  2.8749983E+03  5.5787888E+07
  2.8850000E+03  5.6700788E+07
  2.8949988E+03  5.4642128E+07
  2.9099988E+03  6.0442112E+07
  2.9299983E+03  5.7737208E+07
  2.9499990E+03  5.7411504E+07
  2.9700005E+03  5.7849508E+07
  2.9899980E+03  5.8384620E+07
  3.0099995E+03  5.8925232E+07
  3.0299995E+03  5.8211464E+07
  3.0499995E+03  5.8009412E+07
  3.0699995E+03  5.7723724E+07
  3.0899995E+03  5.8146816E+07
  3.1099995E+03  5.6696348E+07
  3.1299998E+03  5.6612440E+07
  3.1499995E+03  5.7069040E+07
  3.1699995E+03  5.6561140E+07
  3.1899995E+03  5.3858684E+07
  3.2099998E+03  5.5185896E+07
  3.2299993E+03  5.3598240E+07
  3.2499993E+03  5.4502820E+07
  3.2699995E+03  5.5092408E+07
  3.2899995E+03  5.5148572E+07
  3.3099998E+03  5.5402232E+07
  3.3299993E+03  5.4348052E+07
  3.3499995E+03  5.3566768E+07
  3.3699995E+03  5.3267884E+07
  3.3899993E+03  5.2723176E+07
  3.4099993E+03  5.3036372E+07
  3.4299995E+03  5.2807124E+07
  3.4499993E+03  5.2373900E+07
  3.4699998E+03  5.1759376E+07
  3.4899993E+03  5.1579232E+07
  3.5099995E+03  5.2090880E+07
  3.5299995E+03  5.1689728E+07
  3.5499995E+03  5.1871236E+07
  3.5699995E+03  5.0608852E+07
  3.5899995E+03  5.0151768E+07
  3.6099995E+03  4.9924272E+07
  3.6299993E+03  4.9924596E+07
  3.6399993E+03  4.9684784E+07
  3.6499995E+03  5.0736316E+07
  3.6699993E+03  5.0098132E+07
  3.6899995E+03  4.6114604E+07
  3.7099995E+03  4.5065864E+07
  3.7299998E+03  4.4031484E+07
  3.7499993E+03  5.1085688E+07
  3.7699993E+03  5.2811404E+07
  3.7899995E+03  6.2961520E+07
  3.8099993E+03  7.3324392E+07
  3.8299998E+03  5.8879552E+07
  3.8499995E+03  8.2242056E+07
  3.8699995E+03  9.4665608E+07
  3.8899995E+03  5.2683036E+07
  3.9099995E+03  9.5796736E+07
  3.9299993E+03  8.5179560E+07
  3.9499993E+03  9.3410024E+07
  3.9699998E+03  4.9424268E+07
  3.9899995E+03  9.2048192E+07
  4.0099995E+03  1.1464283E+08
  4.0299993E+03  1.1818884E+08
  4.0499993E+03  1.1588291E+08
  4.0699993E+03  1.0438516E+08
  4.0899995E+03  7.3402608E+07
  4.1099995E+03  5.6291068E+07
  4.1299995E+03  9.6515096E+07
  4.1499990E+03  1.0884960E+08
  4.1699990E+03  1.1149322E+08
  4.1899995E+03  1.1032834E+08
  4.2099995E+03  1.0994362E+08
  4.2299995E+03  1.0681147E+08
  4.2499995E+03  1.0623612E+08
  4.2699990E+03  1.0198278E+08
  4.2899995E+03  1.0025828E+08
  4.3100000E+03  8.8037744E+07
  4.3299995E+03  6.1341776E+07
  4.3499995E+03  5.2582364E+07
  4.3699995E+03  8.5313320E+07
  4.3899995E+03  9.3602208E+07
  4.4099995E+03  9.4990568E+07
  4.4299995E+03  9.4296056E+07
  4.4499995E+03  9.5619144E+07
  4.4699995E+03  9.4669256E+07
  4.4899995E+03  9.2547688E+07
  4.5099990E+03  9.3417880E+07
  4.5299995E+03  9.1414352E+07
  4.5499990E+03  8.9638920E+07
  4.5699995E+03  9.0337000E+07
  4.5899990E+03  8.8423160E+07
  4.6099990E+03  8.8503160E+07
  4.6299990E+03  8.6327264E+07
  4.6499990E+03  8.6187352E+07
  4.6699990E+03  8.5279704E+07
  4.6899990E+03  8.2755560E+07
  4.7099995E+03  7.9226688E+07
  4.7299990E+03  8.1722152E+07
  4.7499995E+03  8.0731504E+07
  4.7699995E+03  7.9135320E+07
  4.7899990E+03  7.7272320E+07
  4.8099995E+03  7.3843328E+07
  4.8299995E+03  6.6873684E+07
  4.8499990E+03  4.8851592E+07
  4.8700000E+03  3.9946544E+07
  4.8899990E+03  6.1648988E+07
  4.9099990E+03  6.8881496E+07
  4.9299990E+03  6.9986936E+07
  4.9499995E+03  7.0870872E+07
  4.9699995E+03  7.1190800E+07
  4.9899990E+03  6.9825472E+07
  5.0099995E+03  6.8254456E+07
  5.0299995E+03  6.8655296E+07
  5.0499995E+03  6.7359176E+07
  5.0699995E+03  6.7551336E+07
  5.0899995E+03  6.6829588E+07
  5.1099990E+03  6.6265652E+07
  5.1299995E+03  6.5286148E+07
  5.1499985E+03  6.4135200E+07
  5.1700000E+03  6.2553220E+07
  5.1899990E+03  6.2041296E+07
  5.2099990E+03  6.2114108E+07
  5.2299995E+03  6.0952672E+07
  5.2499995E+03  6.1363924E+07
  5.2699995E+03  5.9176328E+07
  5.2899990E+03  5.9878064E+07
  5.3099995E+03  5.8916108E+07
  5.3299990E+03  5.7721568E+07
  5.3499995E+03  5.8026568E+07
  5.3699995E+03  5.7064736E+07
  5.3899995E+03  5.6568128E+07
  5.4099990E+03  5.5555976E+07
  5.4299990E+03  5.5381300E+07
  5.4499990E+03  5.4979384E+07
  5.4699995E+03  5.4421940E+07
  5.4899995E+03  5.4006152E+07
  5.5099995E+03  5.3513048E+07
  5.5299985E+03  5.2730012E+07
  5.5499990E+03  5.2395904E+07
  5.5699990E+03  5.1664516E+07
  5.5899995E+03  5.1173708E+07
  5.6099990E+03  5.0789144E+07
  5.6299995E+03  5.0373068E+07
  5.6499990E+03  4.9843604E+07
  5.6699990E+03  4.9197288E+07
  5.6899995E+03  4.8831088E+07
  5.7099995E+03  4.8338248E+07
  5.7299990E+03  4.8024356E+07
  5.7499990E+03  4.7383200E+07
  5.7699990E+03  4.6980608E+07
  5.7899995E+03  4.6482412E+07
  5.8099985E+03  4.6043540E+07
  5.8300000E+03  4.5621752E+07
  5.8499990E+03  4.5152936E+07
  5.8699985E+03  4.4653352E+07
  5.8899985E+03  4.3833712E+07
  5.9099995E+03  4.3797464E+07
  5.9299985E+03  4.3386840E+07
  5.9499995E+03  4.2920060E+07
  5.9699990E+03  4.2532560E+07
  5.9899990E+03  4.2040068E+07
  6.0099990E+03  4.1542744E+07
  6.0299995E+03  4.1251040E+07
  6.0499990E+03  4.0882016E+07
  6.0699990E+03  4.0552732E+07
  6.0899995E+03  4.0114116E+07
  6.1099985E+03  3.9693520E+07
  6.1299995E+03  3.9190284E+07
  6.1499985E+03  3.8465684E+07
  6.1699985E+03  3.8446304E+07
  6.1900000E+03  3.8251336E+07
  6.2099995E+03  3.7882268E+07
  6.2299985E+03  3.7440464E+07
  6.2499990E+03  3.6798088E+07
  6.2699985E+03  3.6838740E+07
  6.2900000E+03  3.6498180E+07
  6.3099985E+03  3.6023084E+07
  6.3299995E+03  3.5724340E+07
  6.3499985E+03  3.5042800E+07
  6.3699985E+03  3.4813812E+07
  6.3899995E+03  3.4658952E+07
  6.4099990E+03  3.4177116E+07
  6.4299985E+03  3.3911992E+07
  6.4499985E+03  3.3267346E+07
  6.4699990E+03  3.3052986E+07
  6.4899990E+03  3.2337972E+07
  6.5099985E+03  3.1484438E+07
  6.5299990E+03  2.9578754E+07
  6.5499985E+03  2.4674148E+07
  6.5699985E+03  2.0087830E+07
  6.5899995E+03  2.7367476E+07
  6.6099985E+03  2.9672456E+07
  6.6299990E+03  3.0316470E+07
  6.6499985E+03  3.0412112E+07
  6.6699995E+03  3.0316372E+07
  6.6899990E+03  3.0171580E+07
  6.7099995E+03  2.9962698E+07
  6.7299990E+03  2.9695880E+07
  6.7499995E+03  2.9444920E+07
  6.7699985E+03  2.9278610E+07
  6.7899995E+03  2.9029564E+07
  6.8099995E+03  2.8778882E+07
  6.8300000E+03  2.8499130E+07
  6.8499985E+03  2.8259104E+07
  6.8699985E+03  2.8042920E+07
  6.8899985E+03  2.7800996E+07
  6.9099990E+03  2.7551924E+07
  6.9299995E+03  2.7302910E+07
  6.9499990E+03  2.7076582E+07
  6.9699985E+03  2.6830690E+07
  6.9899985E+03  2.6622626E+07
  7.0099985E+03  2.6290004E+07
  7.0299985E+03  2.6112422E+07
  7.0499990E+03  2.5918234E+07
  7.0699980E+03  2.5713782E+07
  7.0899990E+03  2.5499208E+07
  7.1099990E+03  2.4930424E+07
  7.1299995E+03  2.4976762E+07
  7.1499990E+03  2.4794488E+07
  7.1699995E+03  2.4593332E+07
  7.1899985E+03  2.4386018E+07
  7.2099985E+03  2.4200188E+07
  7.2299980E+03  2.3987210E+07
  7.2499990E+03  2.3751838E+07
  7.2699995E+03  2.3614198E+07
  7.2899990E+03  2.3360048E+07
  7.3099980E+03  2.3199264E+07
  7.3299980E+03  2.3009034E+07
  7.3499980E+03  2.2846328E+07
  7.3699985E+03  2.2658684E+07
  7.3899995E+03  2.2432726E+07
  7.4099985E+03  2.2104594E+07
  7.4299995E+03  2.1970732E+07
  7.4500000E+03  2.1841384E+07
  7.4700000E+03  2.1569978E+07
  7.4899990E+03  2.1454274E+07
  7.5099985E+03  2.1347508E+07
  7.5299995E+03  2.1186412E+07
  7.5499980E+03  2.1046564E+07
  7.5699985E+03  2.0865156E+07
  7.5899990E+03  2.0699750E+07
  7.6099980E+03  2.0533198E+07
  7.6299995E+03  2.0366800E+07
  7.6499995E+03  2.0188348E+07
  7.6699980E+03  1.9982664E+07
  7.6899990E+03  1.9852736E+07
  7.7099995E+03  1.9687762E+07
  7.7299985E+03  1.9565846E+07
  7.7499990E+03  1.9396620E+07
  7.7700000E+03  1.8836372E+07
  7.7900000E+03  1.9114122E+07
  7.8099995E+03  1.8953354E+07
  7.8299980E+03  1.8769406E+07
  7.8499980E+03  1.8579126E+07
  7.8699995E+03  1.8416078E+07
  7.8900000E+03  1.8242340E+07
  7.9099995E+03  1.8141778E+07
  7.9300000E+03  1.8018632E+07
  7.9499985E+03  1.7810070E+07
  7.9699990E+03  1.7801454E+07
  7.9900000E+03  1.7476984E+07
  8.0099980E+03  1.7501978E+07
  8.0299985E+03  1.7355892E+07
  8.0500000E+03  1.7237194E+07
  8.0699985E+03  1.7097492E+07
  8.0899990E+03  1.6969312E+07
  8.1099995E+03  1.6855360E+07
  8.1299976E+03  1.6737771E+07
  8.1499976E+03  1.6609783E+07
  8.1699980E+03  1.6484537E+07
  8.1899985E+03  1.6201927E+07
  8.2099990E+03  1.6148236E+07
  8.2300000E+03  1.6010885E+07
  8.2500000E+03  1.5931136E+07
  8.2700000E+03  1.5948366E+07
  8.2899980E+03  1.5820536E+07
  8.3099990E+03  1.5701919E+07
  8.3299980E+03  1.5476222E+07
  8.3500000E+03  1.5449173E+07
  8.3699990E+03  1.5332416E+07
  8.3899990E+03  1.5134169E+07
  8.4099971E+03  1.4971197E+07
  8.4300000E+03  1.4768230E+07
  8.4499990E+03  1.4403998E+07
  8.4699980E+03  1.4384368E+07
  8.4899980E+03  1.4166153E+07
  8.5099990E+03  1.3779195E+07
  8.5299990E+03  1.3998392E+07
  8.5499990E+03  1.3055340E+07
  8.5699990E+03  1.4013189E+07
  8.5900000E+03  1.3253132E+07
  8.6099980E+03  1.3128117E+07
  8.6299990E+03  1.3978857E+07
  8.6499990E+03  1.3302031E+07
  8.6699990E+03  1.1751218E+07
  8.6899990E+03  1.3442763E+07
  8.7099971E+03  1.3984957E+07
  8.7299990E+03  1.3230387E+07
  8.7499980E+03  1.1196818E+07
  8.7699980E+03  1.2657386E+07
  8.7899980E+03  1.3784212E+07
  8.8099990E+03  1.3907111E+07
  8.8299980E+03  1.3338291E+07
  8.8499980E+03  1.1835548E+07
  8.8699980E+03  1.0460648E+07
  8.8899990E+03  1.2644034E+07
  8.9099971E+03  1.3428235E+07
  8.9299980E+03  1.3651605E+07
  8.9499980E+03  1.3680962E+07
  8.9699990E+03  1.3247783E+07
  8.9899990E+03  1.2298581E+07
  9.0099980E+03  9.9696340E+06
  9.0299990E+03  1.0716492E+07
  9.0499990E+03  1.2372936E+07
  9.0699980E+03  1.2748448E+07
  9.0899990E+03  1.2817792E+07
  9.1099980E+03  1.3124273E+07
  9.1299980E+03  1.3124233E+07
  9.1499980E+03  1.2991327E+07
  9.1699980E+03  1.2661877E+07
  9.1899990E+03  1.2064847E+07
  9.2099990E+03  1.0885292E+07
  9.2299980E+03  8.7142280E+06
  9.2499980E+03  1.0454965E+07
  9.2699971E+03  1.1444974E+07
  9.2899990E+03  1.2133896E+07
  9.3099980E+03  1.2314792E+07
  9.3299990E+03  1.2340382E+07
  9.3499980E+03  1.2328588E+07
  9.3699990E+03  1.2278157E+07
  9.3900000E+03  1.2121652E+07
  9.4099980E+03  1.1802573E+07
  9.4299971E+03  1.1929229E+07
  9.4499990E+03  1.1801160E+07
  9.4700000E+03  1.1610216E+07
  9.4899980E+03  1.1291106E+07
  9.5100000E+03  1.0714217E+07
  9.5300000E+03  9.5418440E+06
  9.5500000E+03  7.8310395E+06
  9.5699990E+03  9.6403630E+06
  9.5899980E+03  1.0538259E+07
  9.6099980E+03  1.0835473E+07
  9.6299990E+03  1.0872976E+07
  9.6499990E+03  1.1037109E+07
  9.6699980E+03  1.0934294E+07
  9.6899980E+03  1.0950992E+07
  9.7100000E+03  1.0964659E+07
  9.7299990E+03  1.0890185E+07
  9.7499980E+03  1.0803547E+07
  9.7699961E+03  1.0762918E+07
  9.7899980E+03  1.0690683E+07
  9.8099980E+03  1.0612687E+07
  9.8299990E+03  1.0519249E+07
  9.8499980E+03  1.0416004E+07
  9.8700000E+03  1.0334384E+07
  9.8899980E+03  1.0204816E+07
  9.9099990E+03  1.0164817E+07
  9.9300000E+03  1.0065454E+07
  9.9499980E+03  9.9542560E+06
  9.9699980E+03  9.8101330E+06
  9.9899990E+03  9.5583650E+06
  1.0024998E+04  8.3772940E+06
  1.0074998E+04  7.9562375E+06
  1.0124997E+04  9.1736170E+06
  1.0174997E+04  9.3009200E+06
  1.0224998E+04  9.2285550E+06
  1.0274997E+04  9.1000650E+06
  1.0325000E+04  8.9587750E+06
  1.0374999E+04  8.8204860E+06
  1.0425000E+04  8.6774960E+06
  1.0474998E+04  8.4788080E+06
  1.0524997E+04  8.3640940E+06
  1.0574999E+04  8.2491385E+06
  1.0625000E+04  8.1156165E+06
  1.0674997E+04  7.8476975E+06
  1.0724998E+04  7.7963105E+06
  1.0774999E+04  7.6683095E+06
  1.0824997E+04  7.4825415E+06
  1.0874997E+04  7.1307055E+06
  1.0924999E+04  5.8453215E+06
  1.0974996E+04  6.3983340E+06
  1.1025000E+04  6.9575150E+06
  1.1074998E+04  6.9971170E+06
  1.1124999E+04  6.9249260E+06
  1.1174998E+04  6.8371535E+06
  1.1224999E+04  6.7521600E+06
  1.1274997E+04  6.5504580E+06
  1.1325000E+04  6.4616055E+06
  1.1375000E+04  6.4328765E+06
  1.1425000E+04  6.3218570E+06
  1.1474997E+04  6.2640270E+06
  1.1525000E+04  6.1768890E+06
  1.1574998E+04  6.0814645E+06
  1.1625000E+04  5.9439570E+06
  1.1674998E+04  5.8232300E+06
  1.1724997E+04  5.8208065E+06
  1.1775001E+04  5.6380625E+06
  1.1824999E+04  5.6098840E+06
  1.1875000E+04  5.5023640E+06
  1.1925000E+04  5.4944680E+06
  1.1975001E+04  5.3764340E+06
  1.2024998E+04  5.3247845E+06
  1.2074996E+04  5.2327215E+06
  1.2125000E+04  5.1655625E+06
  1.2175000E+04  5.1064480E+06
  1.2225001E+04  5.0287145E+06
  1.2275001E+04  4.9505770E+06
  1.2324996E+04  4.8834625E+06
  1.2374996E+04  4.8216935E+06
  1.2424998E+04  4.7636855E+06
  1.2475000E+04  4.6834530E+06
  1.2524997E+04  4.6165990E+06
  1.2574997E+04  4.5199225E+06
  1.2624999E+04  4.4622095E+06
  1.2674997E+04  4.3928390E+06
  1.2724999E+04  4.2704390E+06
  1.2774999E+04  3.9762268E+06
  1.2825000E+04  3.3680920E+06
  1.2875001E+04  3.9281078E+06
  1.2924997E+04  4.0596960E+06
  1.2975001E+04  4.0564378E+06
  1.3024998E+04  4.0215808E+06
  1.3074999E+04  3.9778792E+06
  1.3125000E+04  3.9290395E+06
  1.3174998E+04  3.8665035E+06
  1.3224998E+04  3.8315060E+06
  1.3274997E+04  3.7806798E+06
  1.3324997E+04  3.7324155E+06
  1.3374999E+04  3.6828698E+06
  1.3424999E+04  3.6341670E+06
  1.3474999E+04  3.5858762E+06
  1.3525001E+04  3.5330500E+06
  1.3574999E+04  3.4874470E+06
  1.3624997E+04  3.4480992E+06
  1.3674997E+04  3.4003675E+06
  1.3724995E+04  3.3390405E+06
  1.3774998E+04  3.3138505E+06
  1.3824998E+04  3.2723812E+06
  1.3874996E+04  3.2370988E+06
  1.3925000E+04  3.1864972E+06
  1.3974996E+04  3.1523580E+06
  1.4024997E+04  3.1140240E+06
  1.4075001E+04  3.0765335E+06
  1.4124996E+04  3.0347778E+06
  1.4175000E+04  2.9991550E+06
  1.4225000E+04  2.9602352E+06
  1.4274994E+04  2.9225282E+06
  1.4325001E+04  2.8878398E+06
  1.4374998E+04  2.8548420E+06
  1.4424999E+04  2.7796838E+06
  1.4475000E+04  2.7829880E+06
  1.4524997E+04  2.7297560E+06
  1.4569999E+04  2.7182435E+06
  1.4620000E+04  2.7388108E+06
  1.4674998E+04  2.7879448E+06
  1.4725000E+04  2.7421112E+06
  1.4775002E+04  2.6854440E+06
  1.4824998E+04  2.6461060E+06
  1.4874996E+04  2.5861228E+06
  1.4924997E+04  2.5600298E+06
  1.4974999E+04  2.5096988E+06
  1.5024999E+04  2.4623172E+06
  1.5075000E+04  2.4203148E+06
  1.5124999E+04  2.3911652E+06
  1.5175000E+04  2.3535115E+06
  1.5225002E+04  2.3156500E+06
  1.5274998E+04  2.2864688E+06
  1.5324995E+04  2.2459082E+06
  1.5374997E+04  2.2201680E+06
  1.5425001E+04  2.1769795E+06
  1.5474996E+04  2.1619920E+06
  1.5524994E+04  2.1254250E+06
  1.5575001E+04  2.0968898E+06
  1.5624998E+04  2.0983058E+06
  1.5674997E+04  2.0380229E+06
  1.5724994E+04  2.0125910E+06
  1.5774996E+04  2.0336124E+06
  1.5825001E+04  2.0027286E+06
  1.5874995E+04  1.8998434E+06
  1.5925002E+04  1.9452714E+06
  1.5975001E+04  1.9905386E+06
  1.6049998E+04  1.9010505E+06
  1.6150001E+04  1.8088268E+06
  1.6249997E+04  1.8730904E+06
  1.6350000E+04  1.7592079E+06
  1.6449996E+04  1.6692495E+06
  1.6549998E+04  1.7626108E+06
  1.6649994E+04  1.7291361E+06
  1.6749998E+04  1.6007255E+06
  1.6849998E+04  1.5081399E+06
  1.6950000E+04  1.6169350E+06
  1.7049996E+04  1.5965988E+06
  1.7150000E+04  1.5638155E+06
  1.7249992E+04  1.4959818E+06
  1.7349994E+04  1.3100826E+06
  1.7449992E+04  1.4033665E+06
  1.7550000E+04  1.4275374E+06
  1.7649998E+04  1.4058446E+06
  1.7749994E+04  1.3816791E+06
  1.7849994E+04  1.3515799E+06
  1.7949998E+04  1.3224142E+06
  1.8050002E+04  1.2699895E+06
  1.8150002E+04  1.1165011E+06
  1.8249994E+04  1.1736490E+06
  1.8349992E+04  1.2098966E+06
  1.8449992E+04  1.1931646E+06
  1.8549998E+04  1.1646781E+06
  1.8650002E+04  1.1191864E+06
  1.8750002E+04  9.7546306E+05
  1.8850000E+04  1.0675722E+06
  1.8950004E+04  1.0738542E+06
  1.9049996E+04  1.0619879E+06
  1.9149998E+04  1.0410632E+06
  1.9249992E+04  1.0157172E+06
  1.9350000E+04  9.7003931E+05
  1.9449992E+04  8.5149325E+05
  1.9550002E+04  9.3385188E+05
  1.9649992E+04  9.4177838E+05
  1.9749992E+04  9.2770694E+05
  1.9849992E+04  9.1403281E+05
  1.9950002E+04  8.9749894E+05
  2.0050002E+04  8.8114662E+05
  2.0149996E+04  8.6501856E+05
  2.0249994E+04  8.4874238E+05
  2.0349994E+04  8.3277081E+05
  2.0449996E+04  8.1837625E+05
  2.0550000E+04  8.0338306E+05
  2.0649992E+04  7.8812969E+05
  2.0749998E+04  7.7419006E+05
  2.0849992E+04  7.6052506E+05
  2.0950004E+04  7.4693800E+05
  2.1050002E+04  7.3346450E+05
  2.1149992E+04  7.1888175E+05
  2.1250000E+04  7.0566556E+05
  2.1350002E+04  6.9206181E+05
  2.1449996E+04  6.7760825E+05
  2.1550006E+04  6.5128019E+05
  2.1649994E+04  5.7512756E+05
  2.1750002E+04  6.2094588E+05
  2.1849998E+04  6.3071019E+05
  2.1950002E+04  6.2461650E+05
  2.2050000E+04  6.1508206E+05
  2.2149996E+04  6.0465738E+05
  2.2249998E+04  5.9572631E+05
  2.2350004E+04  5.8567056E+05
  2.2449990E+04  5.7593575E+05
  2.2549994E+04  5.6568231E+05
  2.2650000E+04  5.5685012E+05
  2.2750000E+04  5.4771462E+05
  2.2850000E+04  5.4073756E+05
  2.2950004E+04  5.3939706E+05
  2.3050000E+04  5.3086981E+05
  2.3149996E+04  5.2166816E+05
  2.3250000E+04  5.1212344E+05
  2.3349996E+04  5.0277147E+05
  2.3449994E+04  4.9376553E+05
  2.3550002E+04  4.8496850E+05
  2.3649988E+04  4.7636366E+05
  2.3750000E+04  4.6799878E+05
  2.3849990E+04  4.5997000E+05
  2.3950002E+04  4.5195275E+05
  2.4050006E+04  4.4433966E+05
  2.4149992E+04  4.3680506E+05
  2.4249990E+04  4.2935347E+05
  2.4349990E+04  4.2278434E+05
  2.4450002E+04  4.1511666E+05
  2.4549990E+04  4.0918556E+05
  2.4649992E+04  4.0187938E+05
  2.4749992E+04  3.9652278E+05
  2.4850006E+04  3.9001256E+05
  2.4950000E+04  3.8374566E+05
  2.5050006E+04  3.8337141E+05
  2.5149994E+04  3.7425994E+05
  2.5249998E+04  3.6444684E+05
  2.5350004E+04  3.6137188E+05
  2.5449988E+04  3.5771791E+05
  2.5549998E+04  3.4938275E+05
  2.5649990E+04  3.4011912E+05
  2.5749990E+04  3.4031778E+05
  2.5849994E+04  3.3749241E+05
  2.5949990E+04  3.3180828E+05
  2.6049996E+04  3.2067166E+05
  2.6149998E+04  3.0713366E+05
  2.6249988E+04  2.8215806E+05
  2.6350008E+04  3.0324300E+05
  2.6449996E+04  3.0827275E+05
  2.6549994E+04  3.0472575E+05
  2.6649994E+04  2.9625822E+05
  2.6749988E+04  2.8329662E+05
  2.6849986E+04  2.8843322E+05
  2.6949986E+04  2.8935181E+05
  2.7050002E+04  2.8670119E+05
  2.7149998E+04  2.8317238E+05
  2.7249994E+04  2.7900262E+05
  2.7350006E+04  2.7402966E+05
  2.7450004E+04  2.6677200E+05
  2.7549996E+04  2.5127864E+05
  2.7649982E+04  2.5310619E+05
  2.7750004E+04  2.5775247E+05
  2.7850000E+04  2.5648281E+05
  2.7949992E+04  2.5376362E+05
  2.8049994E+04  2.5058325E+05
  2.8150002E+04  2.4724183E+05
  2.8250006E+04  2.4382809E+05
  2.8350000E+04  2.4032522E+05
  2.8450000E+04  2.3618584E+05
  2.8550002E+04  2.3128495E+05
  2.8650002E+04  2.2137964E+05
  2.8749982E+04  2.0949175E+05
  2.8849998E+04  2.1944797E+05
  2.8949986E+04  2.2025419E+05
  2.9049994E+04  2.1869120E+05
  2.9149986E+04  2.1596973E+05
  2.9249984E+04  2.1382188E+05
  2.9349980E+04  2.1111656E+05
  2.9450000E+04  2.0839492E+05
  2.9550004E+04  2.0571405E+05
  2.9649982E+04  2.0306061E+05
  2.9749992E+04  2.0042920E+05
  2.9849994E+04  1.9786659E+05
  2.9949984E+04  1.9491805E+05
  3.0049996E+04  1.9205409E+05
  3.0149994E+04  1.8872662E+05
  3.0249994E+04  1.8376734E+05
  3.0349996E+04  1.7077116E+05
  3.0449996E+04  1.7169914E+05
  3.0549996E+04  1.7766109E+05
  3.0649996E+04  1.7749022E+05
  3.0749994E+04  1.7594727E+05
  3.0849996E+04  1.7396527E+05
  3.0949994E+04  1.7211928E+05
  3.1049996E+04  1.6997688E+05
  3.1149996E+04  1.6774581E+05
  3.1249996E+04  1.6575581E+05
  3.1349996E+04  1.6382608E+05
  3.1449996E+04  1.6174609E+05
  3.1549998E+04  1.5991245E+05
  3.1649996E+04  1.5803105E+05
  3.1749998E+04  1.5602433E+05
  3.1849996E+04  1.5425141E+05
  3.1949994E+04  1.5238688E+05
  3.2099996E+04  1.4964978E+05
  3.2299992E+04  1.4614484E+05
  3.2499994E+04  1.4250055E+05
  3.2699996E+04  1.3812384E+05
  3.2899996E+04  1.2657197E+05
  3.3099996E+04  1.2915612E+05
  3.3299992E+04  1.3006909E+05
  3.3499996E+04  1.2764109E+05
  3.3699996E+04  1.2454826E+05
  3.3899996E+04  1.2171271E+05
  3.4099996E+04  1.1894465E+05
  3.4299996E+04  1.1627430E+05
  3.4499992E+04  1.1366723E+05
  3.4699996E+04  1.1107791E+05
  3.4899996E+04  1.0858670E+05
  3.5099996E+04  1.0616936E+05
  3.5299996E+04  1.0376343E+05
  3.5499996E+04  1.0150046E+05
  3.5699992E+04  9.9228359E+04
  3.5899992E+04  9.7053055E+04
  3.6099996E+04  9.4997750E+04
  3.6299992E+04  9.2875992E+04
  3.6499992E+04  9.0913656E+04
  3.6699992E+04  8.8994055E+04
  3.6899992E+04  8.6817312E+04
  3.7099996E+04  8.4895703E+04
  3.7299996E+04  8.0129133E+04
  3.7499992E+04  7.7677352E+04
  3.7699996E+04  7.9826734E+04
  3.7899996E+04  7.8629758E+04
  3.8099992E+04  7.6622992E+04
  3.8299996E+04  7.5234125E+04
  3.8499996E+04  7.4223211E+04
  3.8699996E+04  7.2726039E+04
  3.8899992E+04  7.0894680E+04
  3.9099996E+04  6.8978562E+04
  3.9299992E+04  6.8424648E+04
  3.9499992E+04  6.7400289E+04
  3.9699992E+04  6.6283086E+04
  3.9900000E+04  6.4929246E+04
  4.0099996E+04  6.2465145E+04
  4.0299992E+04  6.0900270E+04
  4.0499996E+04  5.7176605E+04
  4.0699992E+04  5.9256512E+04
  4.0899992E+04  5.8775246E+04
  4.1099996E+04  5.7792008E+04
  4.1299996E+04  5.6628453E+04
  4.1499992E+04  5.5134613E+04
  4.1699992E+04  5.2953961E+04
  4.1899996E+04  5.3065500E+04
  4.2099996E+04  5.2541258E+04
  4.2299992E+04  5.1797148E+04
  4.2499996E+04  5.0876953E+04
  4.2699992E+04  4.9965504E+04
  4.2899992E+04  4.9066746E+04
  4.3099996E+04  4.8176391E+04
  4.3299996E+04  4.7177785E+04
  4.3499992E+04  4.6060094E+04
  4.3699996E+04  4.3927105E+04
  4.3899996E+04  4.3832723E+04
  4.4099992E+04  4.3811859E+04
  4.4299992E+04  4.3236707E+04
  4.4499996E+04  4.2536926E+04
  4.4699996E+04  4.1959164E+04
  4.4899996E+04  4.1229270E+04
  4.5099992E+04  4.0531027E+04
  4.5299992E+04  3.9832461E+04
  4.5499996E+04  3.9159133E+04
  4.5699992E+04  3.8474402E+04
  4.5899996E+04  3.7744656E+04
  4.6099996E+04  3.7010148E+04
  4.6299992E+04  3.6007469E+04
  4.6499988E+04  3.3320133E+04
  4.6699992E+04  3.3240902E+04
  4.6899992E+04  3.4009617E+04
  4.7099992E+04  3.3988020E+04
  4.7299992E+04  3.3566496E+04
  4.7499996E+04  3.3087391E+04
  4.7699992E+04  3.2565465E+04
  4.7899992E+04  3.2044512E+04
  4.8099996E+04  3.1526180E+04
  4.8299992E+04  3.1018564E+04
  4.8499992E+04  3.0523029E+04
  4.8700000E+04  3.0037740E+04
  4.8899992E+04  2.9560947E+04
  4.9099988E+04  2.9089348E+04
  4.9299988E+04  2.8633699E+04
  4.9499996E+04  2.8184445E+04
  4.9699992E+04  2.7743018E+04
  4.9899988E+04  2.7309266E+04
  5.0099996E+04  2.6886025E+04
  5.0299996E+04  2.6468650E+04
  5.0499996E+04  2.6062941E+04
  5.0699996E+04  2.5623223E+04
  5.0899992E+04  2.5132896E+04
  5.1099992E+04  2.4376756E+04
  5.1299996E+04  2.3006043E+04
  5.1499988E+04  2.3746727E+04
  5.1699996E+04  2.3670467E+04
  5.1899992E+04  2.3401674E+04
  5.2099992E+04  2.3071070E+04
  5.2299996E+04  2.2729678E+04
  5.2499996E+04  2.2392807E+04
  5.2699996E+04  2.2061748E+04
  5.2899992E+04  2.1737734E+04
  5.3099988E+04  2.1419309E+04
  5.3299988E+04  2.1106361E+04
  5.3499992E+04  2.0798799E+04
  5.3699992E+04  2.0495230E+04
  5.3899992E+04  2.0200773E+04
  5.4099992E+04  1.9910100E+04
  5.4299984E+04  1.9623162E+04
  5.4499988E+04  1.9342416E+04
  5.4699996E+04  1.9065242E+04
  5.4899992E+04  1.8797844E+04
  5.5099992E+04  1.8532578E+04
  5.5299988E+04  1.8270650E+04
  5.5499988E+04  1.8014455E+04
  5.5699992E+04  1.7759031E+04
  5.5899992E+04  1.7508002E+04
  5.6099988E+04  1.7269674E+04
  5.6299996E+04  1.7030713E+04
  5.6499988E+04  1.6797064E+04
  5.6699988E+04  1.6565107E+04
  5.6899992E+04  1.6338316E+04
  5.7099996E+04  1.6115445E+04
  5.7299988E+04  1.5895290E+04
  5.7499988E+04  1.5680075E+04
  5.7699988E+04  1.5467460E+04
  5.7899996E+04  1.5258520E+04
  5.8099988E+04  1.5054328E+04
  5.8299996E+04  1.4853671E+04
  5.8499992E+04  1.4647705E+04
  5.8699988E+04  1.4392808E+04
  5.8899988E+04  1.3962935E+04
  5.9099992E+04  1.3168579E+04
  5.9299988E+04  1.3676635E+04
  5.9499996E+04  1.3661461E+04
  5.9699988E+04  1.3538374E+04
  5.9899992E+04  1.3379868E+04
  6.0099992E+04  1.3205439E+04
  6.0299992E+04  1.3036134E+04
  6.0499988E+04  1.2867749E+04
  6.0699992E+04  1.2702315E+04
  6.0899992E+04  1.2537760E+04
  6.1099988E+04  1.2375084E+04
  6.1299992E+04  1.2220273E+04
  6.1499988E+04  1.2065222E+04
  6.1699988E+04  1.1912910E+04
  6.1899996E+04  1.1762308E+04
  6.2099996E+04  1.1614375E+04
  6.2299988E+04  1.1466159E+04
  6.2499992E+04  1.1323452E+04
  6.2699988E+04  1.1182332E+04
  6.2899996E+04  1.1043724E+04
  6.3099984E+04  1.0905706E+04
  6.3299996E+04  1.0771081E+04
  6.3499984E+04  1.0638877E+04
  6.3699984E+04  1.0509041E+04
  6.3900000E+04  1.0379692E+04
  6.4199992E+04  1.0190598E+04
  6.4599984E+04  9.9447256E+03
  6.4999992E+04  9.7058936E+03
  6.5399992E+04  9.4747871E+03
  6.5799992E+04  9.2503057E+03
  6.6199984E+04  9.0314043E+03
  6.6599984E+04  8.8204746E+03
  6.6999992E+04  8.6155986E+03
  6.7399992E+04  8.4157812E+03
  6.7799992E+04  8.2217061E+03
  6.8199992E+04  8.0338579E+03
  6.8599992E+04  7.8503008E+03
  6.8999984E+04  7.6718730E+03
  6.9399984E+04  7.4992139E+03
  6.9800000E+04  7.3316182E+03
  7.0199992E+04  7.1687261E+03
  7.0599984E+04  7.0098755E+03
  7.0999977E+04  6.8566802E+03
  7.1399977E+04  6.7057271E+03
  7.1799984E+04  6.5599673E+03
  7.2199984E+04  6.4156455E+03
  7.2600000E+04  6.2791694E+03
  7.2999984E+04  6.1454370E+03
  7.3400000E+04  6.0140952E+03
  7.3799984E+04  5.8799102E+03
  7.4199992E+04  5.7182871E+03
  7.4599992E+04  5.3706450E+03
  7.5000000E+04  5.2571172E+03
  7.5399992E+04  5.3605918E+03
  7.5799992E+04  5.2907231E+03
  7.6199984E+04  5.1897134E+03
  7.6599992E+04  5.0838379E+03
  7.6999992E+04  4.9807051E+03
  7.7399992E+04  4.8801182E+03
  7.7799984E+04  4.7820796E+03
  7.8199984E+04  4.6864014E+03
  7.8599984E+04  4.5930283E+03
  7.8999984E+04  4.5020244E+03
  7.9399984E+04  4.4132749E+03
  7.9800000E+04  4.3266050E+03
  8.0199992E+04  4.2420864E+03
  8.0599984E+04  4.1597251E+03
  8.0999992E+04  4.0792939E+03
  8.1399977E+04  4.0006399E+03
  8.1799984E+04  3.9241116E+03
  8.2199984E+04  3.8493818E+03
  8.2599992E+04  3.7762979E+03
  8.2999984E+04  3.7049893E+03
  8.3400000E+04  3.6347610E+03
  8.3799992E+04  3.5662939E+03
  8.4199992E+04  3.5003945E+03
  8.4599977E+04  3.4359495E+03
  8.4999977E+04  3.3726619E+03
  8.5399984E+04  3.3106123E+03
  8.5799984E+04  3.2500835E+03
  8.6199992E+04  3.1908364E+03
  8.6599992E+04  3.1331965E+03
  8.6999984E+04  3.0766790E+03
  8.7399992E+04  3.0214065E+03
  8.7799992E+04  2.9674028E+03
  8.8199984E+04  2.9143982E+03
  8.8599977E+04  2.8628030E+03
  8.8999992E+04  2.8123000E+03
  8.9399977E+04  2.7630100E+03
  8.9799977E+04  2.7145774E+03
  9.0199984E+04  2.6674021E+03
  9.0599984E+04  2.6211360E+03
  9.0999992E+04  2.5758516E+03
  9.1400000E+04  2.5315730E+03
  9.1799969E+04  2.4882822E+03
  9.2199969E+04  2.4458652E+03
  9.2599984E+04  2.4043938E+03
  9.3000000E+04  2.3637178E+03
  9.3399984E+04  2.3239526E+03
  9.3799984E+04  2.2849917E+03
  9.4199977E+04  2.2468628E+03
  9.4599984E+04  2.2095051E+03
  9.4999969E+04  2.1729473E+03
  9.5399984E+04  2.1369221E+03
  9.5799984E+04  2.1020383E+03
  9.6199992E+04  2.0676589E+03
  9.6599984E+04  2.0339781E+03
  9.7000000E+04  2.0009811E+03
  9.7399977E+04  1.9686166E+03
  9.7799984E+04  1.9369487E+03
  9.8199977E+04  1.9058873E+03
  9.8599977E+04  1.8754973E+03
  9.8999992E+04  1.8456882E+03
  9.9399984E+04  1.8164509E+03
  9.9799977E+04  1.7877733E+03
  1.0019999E+05  1.7596816E+03
  1.9999991E+05  1.1246432E+02
  3.9999994E+05  6.9886351E+00
  5.9999981E+05  1.3681695E+00
  7.9999994E+05  4.2938742E-01
