  5.0599994E+02  1.7854049E-08
  5.1199994E+02  3.1649755E-08
  5.2000000E+02  5.8649977E-08
  5.2999994E+02  1.2408454E-07
  5.3999994E+02  2.5242150E-07
  5.4999988E+02  5.0520850E-07
  5.5999988E+02  9.8420333E-07
  5.6999988E+02  1.8743893E-06
  5.7999994E+02  3.4781735E-06
  5.8999988E+02  6.3909356E-06
  5.9999988E+02  1.1467339E-05
  6.0999988E+02  2.0227766E-05
  6.1999994E+02  3.5064400E-05
  6.2999988E+02  5.9814098E-05
  6.3999994E+02  1.0045601E-04
  6.4999994E+02  1.6639565E-04
  6.5799994E+02  2.4654143E-04
  6.6499988E+02  3.4508918E-04
  6.7499994E+02  5.5213668E-04
  6.8499988E+02  8.7241357E-04
  6.9499994E+02  1.3611605E-03
  7.0499988E+02  2.0958043E-03
  7.1599988E+02  3.3339371E-03
  7.2599994E+02  5.0199763E-03
  7.3499982E+02  7.1898182E-03
  7.4499994E+02  1.0611176E-02
  7.5499982E+02  1.5506847E-02
  7.6499994E+02  2.2445945E-02
  7.7499994E+02  3.2184064E-02
  7.8499982E+02  4.5739252E-02
  7.9499982E+02  6.4292461E-02
  8.0500000E+02  8.9900844E-02
  8.1499976E+02  1.2460881E-01
  8.2500000E+02  1.7125058E-01
  8.3499994E+02  2.3346673E-01
  8.4499994E+02  3.1606480E-01
  8.5499988E+02  4.2469925E-01
  8.6499994E+02  5.6664157E-01
  8.7499982E+02  7.5063699E-01
  8.8499982E+02  9.8855627E-01
  8.9499988E+02  1.2931277E+00
  9.0499994E+02  1.6799299E+00
  9.1499982E+02  8.5266403E+01
  9.2499988E+02  5.0674323E+02
  9.3499982E+02  7.8658356E+02
  9.4500000E+02  1.1782174E+03
  9.5500000E+02  1.6761267E+03
  9.6499988E+02  2.1566904E+03
  9.7499982E+02  2.0965486E+03
  9.8499976E+02  2.9921599E+03
  9.9499988E+02  3.3075950E+03
  1.0049999E+03  4.2424316E+03
  1.0149997E+03  5.0175024E+03
  1.0249998E+03  4.1355039E+03
  1.0349998E+03  6.6689927E+03
  1.0449998E+03  7.9684824E+03
  1.0549999E+03  9.1784746E+03
  1.0649999E+03  1.0063156E+04
  1.0750000E+03  1.1928643E+04
  1.0849996E+03  1.3474359E+04
  1.0949999E+03  1.4556550E+04
  1.1049999E+03  4.4568367E+04
  1.1149999E+03  1.1505704E+05
  1.1249999E+03  1.5240184E+05
  1.1349996E+03  1.9052998E+05
  1.1449999E+03  1.7210712E+05
  1.1549999E+03  1.7161084E+05
  1.1650000E+03  1.7320739E+05
  1.1749995E+03  1.4664666E+05
  1.1849996E+03  1.2334159E+05
  1.1949998E+03  7.0678445E+04
  1.2049996E+03  7.0680375E+04
  1.2149998E+03  1.6997621E+04
  1.2249996E+03  7.7383922E+04
  1.2349996E+03  1.6055606E+05
  1.2449998E+03  4.5367659E+05
  1.2549996E+03  1.7259370E+06
  1.2650000E+03  2.3954498E+06
  1.2749998E+03  1.1531482E+07
  1.2849995E+03  2.3586542E+07
  1.2949998E+03  2.8583670E+07
  1.3049995E+03  1.7070878E+07
  1.3149998E+03  3.7945100E+07
  1.3249998E+03  4.5194028E+07
  1.3349996E+03  4.1095096E+07
  1.3449995E+03  5.8156492E+07
  1.3549996E+03  5.5230884E+07
  1.3649999E+03  5.0283648E+07
  1.3749999E+03  5.9027912E+07
  1.3849996E+03  5.6304992E+07
  1.3949999E+03  6.3075848E+07
  1.4050001E+03  6.4402580E+07
  1.4149998E+03  5.7991948E+07
  1.4249998E+03  6.7008180E+07
  1.4350000E+03  5.9520608E+07
  1.4419998E+03  6.9610056E+07
  1.4469999E+03  8.1197520E+07
  1.4549994E+03  7.9597096E+07
  1.4650000E+03  6.8845744E+07
  1.4749995E+03  6.7127576E+07
  1.4849996E+03  7.5139072E+07
  1.4949998E+03  8.2760680E+07
  1.5049996E+03  8.5699608E+07
  1.5119995E+03  7.3761576E+07
  1.5169994E+03  8.1315712E+07
  1.5250001E+03  6.9063728E+07
  1.5349994E+03  5.9750332E+07
  1.5449994E+03  8.5975424E+07
  1.5549998E+03  7.4621368E+07
  1.5649999E+03  6.7125848E+07
  1.5750001E+03  8.0538264E+07
  1.5850000E+03  8.7780528E+07
  1.5949996E+03  9.6910104E+07
  1.6049999E+03  8.9610712E+07
  1.6150000E+03  8.5827928E+07
  1.6249996E+03  7.3787992E+07
  1.6350000E+03  8.2534648E+07
  1.6449996E+03  8.9389080E+07
  1.6549999E+03  6.6473040E+07
  1.6649993E+03  8.7995160E+07
  1.6720000E+03  5.4681588E+07
  1.6770001E+03  8.5450232E+07
  1.6849998E+03  9.5891480E+07
  1.6950000E+03  8.4458008E+07
  1.7049995E+03  8.0752664E+07
  1.7150000E+03  8.1650408E+07
  1.7249993E+03  8.0225448E+07
  1.7349994E+03  8.7264176E+07
  1.7449993E+03  8.5180616E+07
  1.7550001E+03  9.5934024E+07
  1.7649998E+03  7.8106912E+07
  1.7749995E+03  9.0239000E+07
  1.7849995E+03  8.8358160E+07
  1.7949999E+03  1.0071158E+08
  1.8050001E+03  9.4713264E+07
  1.8150001E+03  9.2605472E+07
  1.8249994E+03  8.9062040E+07
  1.8349993E+03  8.4364952E+07
  1.8449993E+03  7.5751168E+07
  1.8549998E+03  8.2310280E+07
  1.8650002E+03  8.3723960E+07
  1.8750001E+03  8.6487440E+07
  1.8850000E+03  8.5327328E+07
  1.8950002E+03  8.6824208E+07
  1.9049996E+03  8.1050528E+07
  1.9149999E+03  8.6378248E+07
  1.9249993E+03  8.7249120E+07
  1.9350001E+03  8.1462600E+07
  1.9449993E+03  8.8948504E+07
  1.9550002E+03  8.7542024E+07
  1.9670002E+03  9.1957136E+07
  1.9759990E+03  9.0294608E+07
  1.9839996E+03  8.7223944E+07
  1.9950001E+03  8.3770504E+07
  2.0050002E+03  8.1355056E+07
  2.0149996E+03  7.8874816E+07
  2.0249994E+03  7.7290200E+07
  2.0349995E+03  8.0774456E+07
  2.0449998E+03  8.5474304E+07
  2.0550000E+03  8.1365112E+07
  2.0649993E+03  7.9167248E+07
  2.0739993E+03  8.5158912E+07
  2.0780002E+03  8.6749840E+07
  2.0849993E+03  8.4936080E+07
  2.0950005E+03  8.1552880E+07
  2.1050002E+03  7.7258296E+07
  2.1149990E+03  7.7485432E+07
  2.1250000E+03  7.9919752E+07
  2.1350002E+03  6.6591980E+07
  2.1449998E+03  7.5201280E+07
  2.1550005E+03  7.6048680E+07
  2.1649995E+03  7.1351624E+07
  2.1750002E+03  7.0185704E+07
  2.1849998E+03  7.1070104E+07
  2.1950000E+03  7.5987384E+07
  2.2050000E+03  7.2232096E+07
  2.2149998E+03  6.5912984E+07
  2.2249998E+03  6.4306688E+07
  2.2350005E+03  7.2628864E+07
  2.2449990E+03  6.4649064E+07
  2.2549993E+03  6.2650032E+07
  2.2650000E+03  6.3043828E+07
  2.2750000E+03  6.6745384E+07
  2.2850000E+03  6.9408680E+07
  2.2950002E+03  6.4861844E+07
  2.3050000E+03  6.4038632E+07
  2.3149995E+03  6.1269472E+07
  2.3250000E+03  4.6087136E+07
  2.3349995E+03  5.6282384E+07
  2.3449993E+03  5.1042704E+07
  2.3550000E+03  6.0836740E+07
  2.3649988E+03  5.1653444E+07
  2.3750000E+03  5.5806404E+07
  2.3849990E+03  4.7484532E+07
  2.3950000E+03  5.3365680E+07
  2.4050005E+03  5.0397568E+07
  2.4149993E+03  5.2090796E+07
  2.4249990E+03  5.7377816E+07
  2.4349990E+03  5.4601068E+07
  2.4450000E+03  5.8729900E+07
  2.4549990E+03  5.6362244E+07
  2.4649990E+03  5.6484348E+07
  2.4749993E+03  5.3562004E+07
  2.4850005E+03  5.6300444E+07
  2.4950000E+03  5.3914060E+07
  2.5050005E+03  6.1255616E+07
  2.5129988E+03  5.3118280E+07
  2.5179990E+03  5.3725720E+07
  2.5249998E+03  4.9668940E+07
  2.5350007E+03  4.8923128E+07
  2.5449988E+03  4.8948392E+07
  2.5550000E+03  5.3909320E+07
  2.5649990E+03  5.3313468E+07
  2.5749990E+03  5.7578512E+07
  2.5849993E+03  5.7472156E+07
  2.5949990E+03  5.5590056E+07
  2.6049995E+03  5.3208776E+07
  2.6149998E+03  5.2098524E+07
  2.6249990E+03  5.7024260E+07
  2.6350007E+03  5.7031688E+07
  2.6449995E+03  6.4614136E+07
  2.6549998E+03  6.3716784E+07
  2.6649995E+03  5.7834288E+07
  2.6749988E+03  6.0624816E+07
  2.6849988E+03  6.0116592E+07
  2.6949988E+03  5.7155592E+07
  2.7050000E+03  5.8844700E+07
  2.7150000E+03  5.5493720E+07
  2.7249995E+03  5.6035920E+07
  2.7350007E+03  6.0572584E+07
  2.7450002E+03  5.0097568E+07
  2.7549998E+03  5.1263328E+07
  2.7649983E+03  5.3357096E+07
  2.7750005E+03  5.6984784E+07
  2.7850000E+03  5.3394868E+07
  2.7949993E+03  3.2745110E+07
  2.8049995E+03  3.8163024E+07
  2.8150002E+03  5.7387864E+07
  2.8250007E+03  5.9805192E+07
  2.8350000E+03  5.7570056E+07
  2.8450002E+03  5.5443896E+07
  2.8550005E+03  5.3859092E+07
  2.8650000E+03  5.7834828E+07
  2.8749983E+03  5.6079588E+07
  2.8850000E+03  5.7148892E+07
  2.8949988E+03  5.4974768E+07
  2.9099988E+03  6.0784680E+07
  2.9299983E+03  5.8320864E+07
  2.9499990E+03  5.7961292E+07
  2.9700005E+03  5.8438896E+07
  2.9899980E+03  5.9012500E+07
  3.0099995E+03  5.9852504E+07
  3.0299995E+03  5.8954192E+07
  3.0499995E+03  5.8507532E+07
  3.0699995E+03  5.7955560E+07
  3.0899995E+03  5.8675524E+07
  3.1099995E+03  5.7074168E+07
  3.1299998E+03  5.6912388E+07
  3.1499995E+03  5.7425932E+07
  3.1699995E+03  5.6973532E+07
  3.1899995E+03  5.4628732E+07
  3.2099998E+03  5.5836680E+07
  3.2299993E+03  5.4551544E+07
  3.2499993E+03  5.5084188E+07
  3.2699995E+03  5.5303800E+07
  3.2899995E+03  5.5500096E+07
  3.3099998E+03  5.5649800E+07
  3.3299993E+03  5.4562080E+07
  3.3499995E+03  5.3768188E+07
  3.3699995E+03  5.3636096E+07
  3.3899993E+03  5.3047712E+07
  3.4099993E+03  5.3726456E+07
  3.4299995E+03  5.3431552E+07
  3.4499993E+03  5.3010096E+07
  3.4699998E+03  5.2291276E+07
  3.4899993E+03  5.2012260E+07
  3.5099995E+03  5.2488404E+07
  3.5299995E+03  5.2409284E+07
  3.5499995E+03  5.2349536E+07
  3.5699995E+03  5.1327144E+07
  3.5899995E+03  5.0970240E+07
  3.6099995E+03  5.0725024E+07
  3.6299993E+03  5.0605052E+07
  3.6399993E+03  5.0370032E+07
  3.6499995E+03  5.1282084E+07
  3.6699993E+03  4.9507956E+07
  3.6899995E+03  4.5279024E+07
  3.7099995E+03  5.0039128E+07
  3.7299998E+03  5.2022196E+07
  3.7499993E+03  6.5600456E+07
  3.7699993E+03  6.8988272E+07
  3.7899995E+03  8.6741912E+07
  3.8099993E+03  1.0301957E+08
  3.8299998E+03  8.0082968E+07
  3.8499995E+03  1.1447501E+08
  3.8699995E+03  1.3118460E+08
  3.8899995E+03  6.9069768E+07
  3.9099995E+03  1.3011845E+08
  3.9299993E+03  1.2106030E+08
  3.9499993E+03  1.2847440E+08
  3.9699998E+03  6.4913424E+07
  3.9899995E+03  1.2385970E+08
  4.0099995E+03  1.3916781E+08
  4.0299993E+03  1.3884770E+08
  4.0499993E+03  1.3719035E+08
  4.0699993E+03  1.2981622E+08
  4.0899995E+03  9.7864888E+07
  4.1099995E+03  7.3227448E+07
  4.1299995E+03  1.2142022E+08
  4.1499990E+03  1.2817787E+08
  4.1699990E+03  1.2714413E+08
  4.1899995E+03  1.2542248E+08
  4.2099995E+03  1.2416989E+08
  4.2299995E+03  1.2137094E+08
  4.2499995E+03  1.2003942E+08
  4.2699990E+03  1.1683482E+08
  4.2899995E+03  1.1634569E+08
  4.3100000E+03  1.0834666E+08
  4.3299995E+03  7.8891536E+07
  4.3499995E+03  6.6648260E+07
  4.3699995E+03  1.0524790E+08
  4.3899995E+03  1.0783323E+08
  4.4099995E+03  1.0735327E+08
  4.4299995E+03  1.0635542E+08
  4.4499995E+03  1.0654113E+08
  4.4699995E+03  1.0508079E+08
  4.4899995E+03  1.0259198E+08
  4.5099990E+03  1.0267317E+08
  4.5299995E+03  1.0077535E+08
  4.5499990E+03  9.8340960E+07
  4.5699995E+03  9.9008136E+07
  4.5899990E+03  9.6882976E+07
  4.6099990E+03  9.7272648E+07
  4.6299990E+03  9.4620448E+07
  4.6499990E+03  9.4693360E+07
  4.6699990E+03  9.3355424E+07
  4.6899990E+03  9.1459624E+07
  4.7099995E+03  8.8035320E+07
  4.7299990E+03  8.9742472E+07
  4.7499995E+03  8.8731184E+07
  4.7699995E+03  8.7463792E+07
  4.7899990E+03  8.6132344E+07
  4.8099995E+03  8.3939000E+07
  4.8299995E+03  7.9592448E+07
  4.8499990E+03  5.9952188E+07
  4.8700000E+03  4.8052444E+07
  4.8899990E+03  7.4520760E+07
  4.9099990E+03  7.8659208E+07
  4.9299990E+03  7.7986648E+07
  4.9499995E+03  7.7981944E+07
  4.9699995E+03  7.7697216E+07
  4.9899990E+03  7.6346408E+07
  5.0099995E+03  7.4441256E+07
  5.0299995E+03  7.4484784E+07
  5.0499995E+03  7.3058368E+07
  5.0699995E+03  7.3094272E+07
  5.0899995E+03  7.2266512E+07
  5.1099990E+03  7.1398968E+07
  5.1299995E+03  7.0479720E+07
  5.1499985E+03  6.9358120E+07
  5.1700000E+03  6.7765400E+07
  5.1899990E+03  6.7147648E+07
  5.2099990E+03  6.7063352E+07
  5.2299995E+03  6.5703000E+07
  5.2499995E+03  6.5836204E+07
  5.2699995E+03  6.3934848E+07
  5.2899990E+03  6.4339504E+07
  5.3099995E+03  6.3064752E+07
  5.3299990E+03  6.2283388E+07
  5.3499995E+03  6.2297680E+07
  5.3699995E+03  6.1340672E+07
  5.3899995E+03  6.0743656E+07
  5.4099990E+03  5.9758620E+07
  5.4299990E+03  5.9315388E+07
  5.4499990E+03  5.8889720E+07
  5.4699995E+03  5.8240780E+07
  5.4899995E+03  5.7690968E+07
  5.5099995E+03  5.7063212E+07
  5.5299985E+03  5.6302588E+07
  5.5499990E+03  5.5870616E+07
  5.5699990E+03  5.5182324E+07
  5.5899995E+03  5.4670008E+07
  5.6099990E+03  5.4158808E+07
  5.6299995E+03  5.3601168E+07
  5.6499990E+03  5.2972184E+07
  5.6699990E+03  5.2370632E+07
  5.6899995E+03  5.1898384E+07
  5.7099995E+03  5.1358668E+07
  5.7299990E+03  5.0884892E+07
  5.7499990E+03  5.0274004E+07
  5.7699990E+03  4.9775588E+07
  5.7899995E+03  4.9221032E+07
  5.8099985E+03  4.8736560E+07
  5.8300000E+03  4.8240896E+07
  5.8499990E+03  4.7755304E+07
  5.8699985E+03  4.7196476E+07
  5.8899985E+03  4.6376968E+07
  5.9099995E+03  4.6266372E+07
  5.9299985E+03  4.5814484E+07
  5.9499995E+03  4.5248400E+07
  5.9699990E+03  4.4847448E+07
  5.9899990E+03  4.4290168E+07
  6.0099990E+03  4.3879068E+07
  6.0299995E+03  4.3507656E+07
  6.0499990E+03  4.3051688E+07
  6.0699990E+03  4.2658024E+07
  6.0899995E+03  4.2218812E+07
  6.1099985E+03  4.1779404E+07
  6.1299995E+03  4.1321740E+07
  6.1499985E+03  4.0453808E+07
  6.1699985E+03  4.0490832E+07
  6.1900000E+03  4.0168624E+07
  6.2099995E+03  3.9775504E+07
  6.2299985E+03  3.9343888E+07
  6.2499990E+03  3.8663304E+07
  6.2699985E+03  3.8629792E+07
  6.2900000E+03  3.8255960E+07
  6.3099985E+03  3.7798124E+07
  6.3299995E+03  3.7487240E+07
  6.3499985E+03  3.6731076E+07
  6.3699985E+03  3.6499860E+07
  6.3899995E+03  3.6387980E+07
  6.4099990E+03  3.5950384E+07
  6.4299985E+03  3.5647820E+07
  6.4499985E+03  3.5029552E+07
  6.4699990E+03  3.4899712E+07
  6.4899990E+03  3.4353116E+07
  6.5099985E+03  3.3811680E+07
  6.5299990E+03  3.2578244E+07
  6.5499985E+03  2.7794090E+07
  6.5699985E+03  2.2323882E+07
  6.5899995E+03  3.0550286E+07
  6.6099985E+03  3.2061738E+07
  6.6299990E+03  3.2181414E+07
  6.6499985E+03  3.2023916E+07
  6.6699995E+03  3.1784728E+07
  6.6899990E+03  3.1549520E+07
  6.7099995E+03  3.1303146E+07
  6.7299990E+03  3.0969320E+07
  6.7499995E+03  3.0719094E+07
  6.7699985E+03  3.0471290E+07
  6.7899995E+03  3.0188262E+07
  6.8099995E+03  2.9914538E+07
  6.8300000E+03  2.9619262E+07
  6.8499985E+03  2.9359054E+07
  6.8699985E+03  2.9108542E+07
  6.8899985E+03  2.8850914E+07
  6.9099990E+03  2.8584726E+07
  6.9299995E+03  2.8319560E+07
  6.9499990E+03  2.8071012E+07
  6.9699985E+03  2.7814768E+07
  6.9899985E+03  2.7585662E+07
  7.0099985E+03  2.7256750E+07
  7.0299985E+03  2.7068342E+07
  7.0499990E+03  2.6833116E+07
  7.0699980E+03  2.6615198E+07
  7.0899990E+03  2.6385056E+07
  7.1099990E+03  2.5914134E+07
  7.1299995E+03  2.5871964E+07
  7.1499990E+03  2.5652266E+07
  7.1699995E+03  2.5451464E+07
  7.1899985E+03  2.5227720E+07
  7.2099985E+03  2.5018384E+07
  7.2299980E+03  2.4779986E+07
  7.2499990E+03  2.4547410E+07
  7.2699995E+03  2.4381168E+07
  7.2899990E+03  2.4144790E+07
  7.3099980E+03  2.3934598E+07
  7.3299980E+03  2.3753678E+07
  7.3499980E+03  2.3561822E+07
  7.3699985E+03  2.3365446E+07
  7.3899995E+03  2.3148084E+07
  7.4099985E+03  2.2853144E+07
  7.4299995E+03  2.2668854E+07
  7.4500000E+03  2.2512688E+07
  7.4700000E+03  2.2247820E+07
  7.4899990E+03  2.2127156E+07
  7.5099985E+03  2.1972054E+07
  7.5299995E+03  2.1814956E+07
  7.5499980E+03  2.1652616E+07
  7.5699985E+03  2.1464066E+07
  7.5899990E+03  2.1290276E+07
  7.6099980E+03  2.1117372E+07
  7.6299995E+03  2.0937562E+07
  7.6499995E+03  2.0750332E+07
  7.6699980E+03  2.0566058E+07
  7.6899990E+03  2.0412076E+07
  7.7099995E+03  2.0218852E+07
  7.7299985E+03  2.0090410E+07
  7.7499990E+03  1.9922870E+07
  7.7700000E+03  1.9361164E+07
  7.7900000E+03  1.9607666E+07
  7.8099995E+03  1.9448082E+07
  7.8299980E+03  1.9272054E+07
  7.8499980E+03  1.9083496E+07
  7.8699995E+03  1.8885646E+07
  7.8900000E+03  1.8709534E+07
  7.9099995E+03  1.8625278E+07
  7.9300000E+03  1.8503890E+07
  7.9499985E+03  1.8266068E+07
  7.9699990E+03  1.8234406E+07
  7.9900000E+03  1.7881218E+07
  8.0099980E+03  1.7934728E+07
  8.0299985E+03  1.7785318E+07
  8.0500000E+03  1.7654610E+07
  8.0699985E+03  1.7506476E+07
  8.0899990E+03  1.7373398E+07
  8.1099995E+03  1.7240270E+07
  8.1299976E+03  1.7114524E+07
  8.1499976E+03  1.6981282E+07
  8.1699980E+03  1.6850270E+07
  8.1899985E+03  1.6600699E+07
  8.2099990E+03  1.6554568E+07
  8.2300000E+03  1.6411350E+07
  8.2500000E+03  1.6336304E+07
  8.2700000E+03  1.6330096E+07
  8.2899980E+03  1.6185075E+07
  8.3099990E+03  1.6057615E+07
  8.3299980E+03  1.5793836E+07
  8.3500000E+03  1.5648015E+07
  8.3699990E+03  1.5467928E+07
  8.3899990E+03  1.5158252E+07
  8.4099971E+03  1.4882777E+07
  8.4300000E+03  1.4672807E+07
  8.4499990E+03  1.4472587E+07
  8.4699980E+03  1.4080318E+07
  8.4899980E+03  1.4551353E+07
  8.5099990E+03  1.3605448E+07
  8.5299990E+03  1.4710842E+07
  8.5499990E+03  1.2782720E+07
  8.5699990E+03  1.5062677E+07
  8.5900000E+03  1.3541598E+07
  8.6099980E+03  1.3199772E+07
  8.6299990E+03  1.5304660E+07
  8.6499990E+03  1.4261203E+07
  8.6699990E+03  1.1672031E+07
  8.6899990E+03  1.4611136E+07
  8.7099971E+03  1.5445428E+07
  8.7299990E+03  1.4465190E+07
  8.7499980E+03  1.1273088E+07
  8.7699980E+03  1.3637511E+07
  8.7899980E+03  1.5176773E+07
  8.8099990E+03  1.5308888E+07
  8.8299980E+03  1.4727929E+07
  8.8499980E+03  1.2825451E+07
  8.8699980E+03  1.0837013E+07
  8.8899990E+03  1.3887702E+07
  8.9099971E+03  1.4706664E+07
  8.9299980E+03  1.4836914E+07
  8.9499980E+03  1.4849220E+07
  8.9699990E+03  1.4504483E+07
  8.9899990E+03  1.3559018E+07
  9.0099980E+03  1.0584064E+07
  9.0299990E+03  1.1600332E+07
  9.0499990E+03  1.3602457E+07
  9.0699980E+03  1.3852568E+07
  9.0899990E+03  1.3832710E+07
  9.1099980E+03  1.4031696E+07
  9.1299980E+03  1.3995597E+07
  9.1499980E+03  1.3902983E+07
  9.1699980E+03  1.3660059E+07
  9.1899990E+03  1.3178684E+07
  9.2099990E+03  1.1970313E+07
  9.2299980E+03  9.2457670E+06
  9.2499980E+03  1.1465457E+07
  9.2699971E+03  1.2469085E+07
  9.2899990E+03  1.3064116E+07
  9.3099980E+03  1.3115842E+07
  9.3299990E+03  1.3057937E+07
  9.3499980E+03  1.3000844E+07
  9.3699990E+03  1.2920942E+07
  9.3900000E+03  1.2738629E+07
  9.4099980E+03  1.2505002E+07
  9.4299971E+03  1.2593940E+07
  9.4499990E+03  1.2494280E+07
  9.4700000E+03  1.2349140E+07
  9.4899980E+03  1.2135681E+07
  9.5100000E+03  1.1690623E+07
  9.5300000E+03  1.0448616E+07
  9.5500000E+03  8.3610120E+06
  9.5699990E+03  1.0566309E+07
  9.5899980E+03  1.1454612E+07
  9.6099980E+03  1.1606871E+07
  9.6299990E+03  1.1513209E+07
  9.6499990E+03  1.1633830E+07
  9.6699980E+03  1.1493498E+07
  9.6899980E+03  1.1484218E+07
  9.7100000E+03  1.1458131E+07
  9.7299990E+03  1.1377252E+07
  9.7499980E+03  1.1289809E+07
  9.7699961E+03  1.1225877E+07
  9.7899980E+03  1.1145070E+07
  9.8099980E+03  1.1058568E+07
  9.8299990E+03  1.0959030E+07
  9.8499980E+03  1.0865260E+07
  9.8700000E+03  1.0791876E+07
  9.8899980E+03  1.0650446E+07
  9.9099990E+03  1.0630132E+07
  9.9300000E+03  1.0530807E+07
  9.9499980E+03  1.0456554E+07
  9.9699980E+03  1.0358173E+07
  9.9899990E+03  1.0190658E+07
  1.0024998E+04  9.0696540E+06
  1.0074998E+04  8.5949780E+06
  1.0124997E+04  9.7039040E+06
  1.0174997E+04  9.7008310E+06
  1.0224998E+04  9.5813240E+06
  1.0274997E+04  9.4244300E+06
  1.0325000E+04  9.2605700E+06
  1.0374999E+04  9.1078300E+06
  1.0425000E+04  8.9582770E+06
  1.0474998E+04  8.7699620E+06
  1.0524997E+04  8.6324220E+06
  1.0574999E+04  8.5071870E+06
  1.0625000E+04  8.3752475E+06
  1.0674997E+04  8.1376315E+06
  1.0724998E+04  8.0638960E+06
  1.0774999E+04  7.9399075E+06
  1.0824997E+04  7.7908585E+06
  1.0874997E+04  7.5422695E+06
  1.0924999E+04  6.2610180E+06
  1.0974996E+04  6.8606075E+06
  1.1025000E+04  7.2814010E+06
  1.1074998E+04  7.2302410E+06
  1.1124999E+04  7.1346525E+06
  1.1174998E+04  7.0287165E+06
  1.1224999E+04  6.9216890E+06
  1.1274997E+04  6.7250060E+06
  1.1325000E+04  6.6334415E+06
  1.1375000E+04  6.5941795E+06
  1.1425000E+04  6.4855030E+06
  1.1474997E+04  6.4062215E+06
  1.1525000E+04  6.3116135E+06
  1.1574998E+04  6.2133400E+06
  1.1625000E+04  6.0864100E+06
  1.1674998E+04  5.9713740E+06
  1.1724997E+04  5.9394645E+06
  1.1775001E+04  5.7777235E+06
  1.1824999E+04  5.7327400E+06
  1.1875000E+04  5.6319350E+06
  1.1925000E+04  5.5969920E+06
  1.1975001E+04  5.4867735E+06
  1.2024998E+04  5.4279560E+06
  1.2074996E+04  5.3368480E+06
  1.2125000E+04  5.2639635E+06
  1.2175000E+04  5.1959095E+06
  1.2225001E+04  5.1179505E+06
  1.2275001E+04  5.0373365E+06
  1.2324996E+04  4.9682795E+06
  1.2374996E+04  4.9018910E+06
  1.2424998E+04  4.8386020E+06
  1.2475000E+04  4.7541395E+06
  1.2524997E+04  4.6989700E+06
  1.2574997E+04  4.6097400E+06
  1.2624999E+04  4.5532070E+06
  1.2674997E+04  4.4899205E+06
  1.2724999E+04  4.4007275E+06
  1.2774999E+04  4.1795972E+06
  1.2825000E+04  3.5666732E+06
  1.2875001E+04  4.1124222E+06
  1.2924997E+04  4.1704235E+06
  1.2975001E+04  4.1340885E+06
  1.3024998E+04  4.0893102E+06
  1.3074999E+04  4.0362770E+06
  1.3125000E+04  3.9808702E+06
  1.3174998E+04  3.9153362E+06
  1.3224998E+04  3.8752322E+06
  1.3274997E+04  3.8236490E+06
  1.3324997E+04  3.7727288E+06
  1.3374999E+04  3.7224610E+06
  1.3424999E+04  3.6722095E+06
  1.3474999E+04  3.6219780E+06
  1.3525001E+04  3.5697092E+06
  1.3574999E+04  3.5240410E+06
  1.3624997E+04  3.4809750E+06
  1.3674997E+04  3.4323992E+06
  1.3724995E+04  3.3774388E+06
  1.3774998E+04  3.3468085E+06
  1.3824998E+04  3.3039188E+06
  1.3874996E+04  3.2642998E+06
  1.3925000E+04  3.2170008E+06
  1.3974996E+04  3.1797495E+06
  1.4024997E+04  3.1398798E+06
  1.4075001E+04  3.1004948E+06
  1.4124996E+04  3.0598912E+06
  1.4175000E+04  3.0220292E+06
  1.4225000E+04  2.9835078E+06
  1.4274994E+04  2.9458228E+06
  1.4325001E+04  2.9093195E+06
  1.4374998E+04  2.8739850E+06
  1.4424999E+04  2.8106430E+06
  1.4475000E+04  2.8020472E+06
  1.4524997E+04  2.7536838E+06
  1.4569999E+04  2.7366998E+06
  1.4620000E+04  2.7673638E+06
  1.4674998E+04  2.8197830E+06
  1.4725000E+04  2.7660890E+06
  1.4775002E+04  2.6983870E+06
  1.4824998E+04  2.6466208E+06
  1.4874996E+04  2.5835688E+06
  1.4924997E+04  2.5459922E+06
  1.4974999E+04  2.4935710E+06
  1.5024999E+04  2.4506355E+06
  1.5075000E+04  2.4044008E+06
  1.5124999E+04  2.3686038E+06
  1.5175000E+04  2.3278268E+06
  1.5225002E+04  2.2992348E+06
  1.5274998E+04  2.2646712E+06
  1.5324995E+04  2.2287448E+06
  1.5374997E+04  2.2228775E+06
  1.5425001E+04  2.1595628E+06
  1.5474996E+04  2.1734762E+06
  1.5524994E+04  2.1430875E+06
  1.5575001E+04  2.0642764E+06
  1.5624998E+04  2.1487652E+06
  1.5674997E+04  2.0447694E+06
  1.5724994E+04  1.9841008E+06
  1.5774996E+04  2.0914431E+06
  1.5825001E+04  2.0553805E+06
  1.5874995E+04  1.8549971E+06
  1.5925002E+04  1.9668111E+06
  1.5975001E+04  2.0351206E+06
  1.6049998E+04  1.9439005E+06
  1.6150001E+04  1.8186485E+06
  1.6249997E+04  1.9205991E+06
  1.6350000E+04  1.8069824E+06
  1.6449996E+04  1.6931952E+06
  1.6549998E+04  1.8007100E+06
  1.6649994E+04  1.7640612E+06
  1.6749998E+04  1.6500052E+06
  1.6849998E+04  1.5431698E+06
  1.6950000E+04  1.6493235E+06
  1.7049996E+04  1.6197962E+06
  1.7150000E+04  1.5862309E+06
  1.7249992E+04  1.5344701E+06
  1.7349994E+04  1.3520082E+06
  1.7449992E+04  1.4479061E+06
  1.7550000E+04  1.4507772E+06
  1.7649998E+04  1.4247100E+06
  1.7749994E+04  1.3977020E+06
  1.7849994E+04  1.3681332E+06
  1.7949998E+04  1.3400698E+06
  1.8050002E+04  1.2984352E+06
  1.8150002E+04  1.1573396E+06
  1.8249994E+04  1.2132381E+06
  1.8349992E+04  1.2302592E+06
  1.8449992E+04  1.2085481E+06
  1.8549998E+04  1.1816480E+06
  1.8650002E+04  1.1475639E+06
  1.8750002E+04  1.0187556E+06
  1.8850000E+04  1.0970475E+06
  1.8950004E+04  1.0907446E+06
  1.9049996E+04  1.0748604E+06
  1.9149998E+04  1.0536990E+06
  1.9249992E+04  1.0302757E+06
  1.9350000E+04  9.9660225E+05
  1.9449992E+04  8.8631819E+05
  1.9550002E+04  9.5911506E+05
  1.9649992E+04  9.5466706E+05
  1.9749992E+04  9.3830194E+05
  1.9849992E+04  9.2164356E+05
  1.9950002E+04  9.0444688E+05
  2.0050002E+04  8.8775338E+05
  2.0149996E+04  8.7137450E+05
  2.0249994E+04  8.5521944E+05
  2.0349994E+04  8.3941175E+05
  2.0449996E+04  8.2435781E+05
  2.0550000E+04  8.0936006E+05
  2.0649992E+04  7.9434931E+05
  2.0749998E+04  7.8023612E+05
  2.0849992E+04  7.6637469E+05
  2.0950004E+04  7.5272325E+05
  2.1050002E+04  7.3919494E+05
  2.1149992E+04  7.2511400E+05
  2.1250000E+04  7.1241494E+05
  2.1350002E+04  6.9995475E+05
  2.1449996E+04  6.8650862E+05
  2.1550006E+04  6.6714769E+05
  2.1649994E+04  5.9791375E+05
  2.1750002E+04  6.3879256E+05
  2.1849998E+04  6.3992681E+05
  2.1950002E+04  6.3156000E+05
  2.2050000E+04  6.2065319E+05
  2.2149996E+04  6.0961775E+05
  2.2249998E+04  6.0015512E+05
  2.2350004E+04  5.9005250E+05
  2.2449990E+04  5.8023375E+05
  2.2549994E+04  5.7029794E+05
  2.2650000E+04  5.6109456E+05
  2.2750000E+04  5.5184906E+05
  2.2850000E+04  5.4530488E+05
  2.2950004E+04  5.4499769E+05
  2.3050000E+04  5.3574112E+05
  2.3149996E+04  5.2529538E+05
  2.3250000E+04  5.1532928E+05
  2.3349996E+04  5.0542478E+05
  2.3449994E+04  4.9600584E+05
  2.3550002E+04  4.8689769E+05
  2.3649988E+04  4.7810147E+05
  2.3750000E+04  4.6947484E+05
  2.3849990E+04  4.6122178E+05
  2.3950002E+04  4.5322034E+05
  2.4050006E+04  4.4539478E+05
  2.4149992E+04  4.3743809E+05
  2.4249990E+04  4.3032725E+05
  2.4349990E+04  4.2382000E+05
  2.4450002E+04  4.1603669E+05
  2.4549990E+04  4.1134203E+05
  2.4649992E+04  4.0306359E+05
  2.4749992E+04  3.9788812E+05
  2.4850006E+04  3.9436234E+05
  2.4950000E+04  3.8128856E+05
  2.5050006E+04  3.8887678E+05
  2.5149994E+04  3.7903669E+05
  2.5249998E+04  3.6161647E+05
  2.5350004E+04  3.6559278E+05
  2.5449988E+04  3.6405206E+05
  2.5549998E+04  3.5419581E+05
  2.5649990E+04  3.3702706E+05
  2.5749990E+04  3.4543697E+05
  2.5849994E+04  3.4376731E+05
  2.5949990E+04  3.3824750E+05
  2.6049996E+04  3.2576800E+05
  2.6149998E+04  3.0894622E+05
  2.6249988E+04  2.9279203E+05
  2.6350008E+04  3.1271662E+05
  2.6449996E+04  3.1481012E+05
  2.6549994E+04  3.1055122E+05
  2.6649994E+04  3.0177481E+05
  2.6749988E+04  2.8125388E+05
  2.6849986E+04  2.9338197E+05
  2.6949986E+04  2.9403050E+05
  2.7050002E+04  2.9083562E+05
  2.7149998E+04  2.8733262E+05
  2.7249994E+04  2.8305122E+05
  2.7350006E+04  2.7833072E+05
  2.7450004E+04  2.7197175E+05
  2.7549996E+04  2.5198845E+05
  2.7649982E+04  2.5718634E+05
  2.7750004E+04  2.6233647E+05
  2.7850000E+04  2.6016942E+05
  2.7949992E+04  2.5717314E+05
  2.8049994E+04  2.5368120E+05
  2.8150002E+04  2.5022747E+05
  2.8250006E+04  2.4684456E+05
  2.8350000E+04  2.4355480E+05
  2.8450000E+04  2.3968133E+05
  2.8550002E+04  2.3547705E+05
  2.8650002E+04  2.2634569E+05
  2.8749982E+04  2.1155642E+05
  2.8849998E+04  2.2417794E+05
  2.8949986E+04  2.2370192E+05
  2.9049994E+04  2.2174020E+05
  2.9149986E+04  2.1867867E+05
  2.9249984E+04  2.1604117E+05
  2.9349980E+04  2.1324639E+05
  2.9450000E+04  2.1048859E+05
  2.9550004E+04  2.0778061E+05
  2.9649982E+04  2.0509612E+05
  2.9749992E+04  2.0246384E+05
  2.9849994E+04  1.9988339E+05
  2.9949984E+04  1.9731200E+05
  3.0049996E+04  1.9472417E+05
  3.0149994E+04  1.9166084E+05
  3.0249994E+04  1.8771967E+05
  3.0349996E+04  1.7432122E+05
  3.0449996E+04  1.7593698E+05
  3.0549996E+04  1.8121730E+05
  3.0649996E+04  1.8011292E+05
  3.0749994E+04  1.7828998E+05
  3.0849996E+04  1.7596031E+05
  3.0949994E+04  1.7391269E+05
  3.1049996E+04  1.7175483E+05
  3.1149996E+04  1.6960167E+05
  3.1249996E+04  1.6751109E+05
  3.1349996E+04  1.6553183E+05
  3.1449996E+04  1.6345627E+05
  3.1549998E+04  1.6156638E+05
  3.1649996E+04  1.5962939E+05
  3.1749998E+04  1.5765750E+05
  3.1849996E+04  1.5581489E+05
  3.1949994E+04  1.5393320E+05
  3.2099996E+04  1.5118170E+05
  3.2299992E+04  1.4762897E+05
  3.2499994E+04  1.4415548E+05
  3.2699996E+04  1.4030823E+05
  3.2899996E+04  1.2974618E+05
  3.3099996E+04  1.3239867E+05
  3.3299992E+04  1.3202597E+05
  3.3499996E+04  1.2910473E+05
  3.3699996E+04  1.2591163E+05
  3.3899996E+04  1.2297153E+05
  3.4099996E+04  1.2010775E+05
  3.4299996E+04  1.1735023E+05
  3.4499992E+04  1.1468959E+05
  3.4699996E+04  1.1200401E+05
  3.4899996E+04  1.0946202E+05
  3.5099996E+04  1.0701640E+05
  3.5299996E+04  1.0461298E+05
  3.5499996E+04  1.0230160E+05
  3.5699992E+04  9.9985078E+04
  3.5899992E+04  9.7953375E+04
  3.6099996E+04  9.5682875E+04
  3.6299992E+04  9.3882375E+04
  3.6499992E+04  9.1566859E+04
  3.6699992E+04  9.0157617E+04
  3.6899992E+04  8.7445391E+04
  3.7099996E+04  8.6266977E+04
  3.7299996E+04  8.2289945E+04
  3.7499992E+04  7.9279391E+04
  3.7699996E+04  8.1191805E+04
  3.7899996E+04  7.9865070E+04
  3.8099992E+04  7.7191359E+04
  3.8299996E+04  7.5814547E+04
  3.8499996E+04  7.5283070E+04
  3.8699996E+04  7.3800133E+04
  3.8899992E+04  7.1828289E+04
  3.9099996E+04  6.9022922E+04
  3.9299992E+04  6.9356430E+04
  3.9499992E+04  6.8351625E+04
  3.9699992E+04  6.7074273E+04
  3.9900000E+04  6.5731461E+04
  4.0099996E+04  6.3078965E+04
  4.0299992E+04  6.1480184E+04
  4.0499996E+04  5.8855574E+04
  4.0699992E+04  6.0418676E+04
  4.0899992E+04  5.9680590E+04
  4.1099996E+04  5.8626113E+04
  4.1299996E+04  5.7481008E+04
  4.1499992E+04  5.6011781E+04
  4.1699992E+04  5.3062289E+04
  4.1899996E+04  5.3900242E+04
  4.2099996E+04  5.3334082E+04
  4.2299992E+04  5.2428801E+04
  4.2499996E+04  5.1475555E+04
  4.2699992E+04  5.0546113E+04
  4.2899992E+04  4.9637867E+04
  4.3099996E+04  4.8746277E+04
  4.3299996E+04  4.7869004E+04
  4.3499992E+04  4.6800719E+04
  4.3699996E+04  4.4272336E+04
  4.3899996E+04  4.4538410E+04
  4.4099992E+04  4.4487914E+04
  4.4299992E+04  4.3804926E+04
  4.4499996E+04  4.3042980E+04
  4.4699996E+04  4.2481438E+04
  4.4899996E+04  4.1745031E+04
  4.5099992E+04  4.1032961E+04
  4.5299992E+04  4.0326301E+04
  4.5499996E+04  3.9645004E+04
  4.5699992E+04  3.8968660E+04
  4.5899996E+04  3.8306141E+04
  4.6099996E+04  3.7603996E+04
  4.6299992E+04  3.6740309E+04
  4.6499988E+04  3.4334160E+04
  4.6699992E+04  3.3767770E+04
  4.6899992E+04  3.4711840E+04
  4.7099992E+04  3.4546734E+04
  4.7299992E+04  3.4078395E+04
  4.7499996E+04  3.3511500E+04
  4.7699992E+04  3.2972781E+04
  4.7899992E+04  3.2443504E+04
  4.8099996E+04  3.1918609E+04
  4.8299992E+04  3.1406135E+04
  4.8499992E+04  3.0904209E+04
  4.8700000E+04  3.0411027E+04
  4.8899992E+04  2.9928039E+04
  4.9099988E+04  2.9453449E+04
  4.9299988E+04  2.8990205E+04
  4.9499996E+04  2.8536541E+04
  4.9699992E+04  2.8090760E+04
  4.9899988E+04  2.7651197E+04
  5.0099996E+04  2.7223734E+04
  5.0299996E+04  2.6802188E+04
  5.0499996E+04  2.6390887E+04
  5.0699996E+04  2.5986695E+04
  5.0899992E+04  2.5540049E+04
  5.1099992E+04  2.4888934E+04
  5.1299996E+04  2.3439795E+04
  5.1499988E+04  2.4219727E+04
  5.1699996E+04  2.4046789E+04
  5.1899992E+04  2.3716363E+04
  5.2099992E+04  2.3361143E+04
  5.2299996E+04  2.3014777E+04
  5.2499996E+04  2.2673008E+04
  5.2699996E+04  2.2338469E+04
  5.2899992E+04  2.2009676E+04
  5.3099988E+04  2.1687867E+04
  5.3299988E+04  2.1371584E+04
  5.3499992E+04  2.1060727E+04
  5.3699992E+04  2.0753902E+04
  5.3899992E+04  2.0454936E+04
  5.4099992E+04  2.0161102E+04
  5.4299984E+04  1.9871035E+04
  5.4499988E+04  1.9587207E+04
  5.4699996E+04  1.9308248E+04
  5.4899992E+04  1.9035336E+04
  5.5099992E+04  1.8765863E+04
  5.5299988E+04  1.8501021E+04
  5.5499988E+04  1.8241947E+04
  5.5699992E+04  1.7984891E+04
  5.5899992E+04  1.7732248E+04
  5.6099988E+04  1.7487537E+04
  5.6299996E+04  1.7247029E+04
  5.6499988E+04  1.7009492E+04
  5.6699988E+04  1.6774867E+04
  5.6899992E+04  1.6545439E+04
  5.7099996E+04  1.6319965E+04
  5.7299988E+04  1.6097237E+04
  5.7499988E+04  1.5879480E+04
  5.7699988E+04  1.5664353E+04
  5.7899996E+04  1.5452932E+04
  5.8099988E+04  1.5246287E+04
  5.8299996E+04  1.5042101E+04
  5.8499992E+04  1.4874477E+04
  5.8699988E+04  1.4635529E+04
  5.8899988E+04  1.4277854E+04
  5.9099992E+04  1.3478137E+04
  5.9299988E+04  1.3963753E+04
  5.9499996E+04  1.3890253E+04
  5.9699988E+04  1.3734980E+04
  5.9899992E+04  1.3555215E+04
  6.0099992E+04  1.3379621E+04
  6.0299992E+04  1.3207091E+04
  6.0499988E+04  1.3036546E+04
  6.0699992E+04  1.2867958E+04
  6.0899992E+04  1.2703332E+04
  6.1099988E+04  1.2539574E+04
  6.1299992E+04  1.2380683E+04
  6.1499988E+04  1.2223595E+04
  6.1699988E+04  1.2068278E+04
  6.1899996E+04  1.1915690E+04
  6.2099996E+04  1.1765794E+04
  6.2299988E+04  1.1617579E+04
  6.2499992E+04  1.1472939E+04
  6.2699988E+04  1.1328951E+04
  6.2899996E+04  1.1189412E+04
  6.3099984E+04  1.1050473E+04
  6.3299996E+04  1.0913054E+04
  6.3499984E+04  1.0779021E+04
  6.3699984E+04  1.0647378E+04
  6.3900000E+04  1.0516243E+04
  6.4199992E+04  1.0324961E+04
  6.4599984E+04  1.0075624E+04
  6.4999992E+04  9.8342939E+03
  6.5399992E+04  9.5998613E+03
  6.5799992E+04  9.3721240E+03
  6.6199984E+04  9.1508955E+03
  6.6599984E+04  8.9368350E+03
  6.6999992E+04  8.7288945E+03
  6.7399992E+04  8.5269082E+03
  6.7799992E+04  8.3307051E+03
  6.8199992E+04  8.1401250E+03
  6.8599992E+04  7.9540508E+03
  6.8999984E+04  7.7740293E+03
  6.9399984E+04  7.5991782E+03
  6.9800000E+04  7.4292041E+03
  7.0199992E+04  7.2642080E+03
  7.0599984E+04  7.1032207E+03
  7.0999977E+04  6.9474810E+03
  7.1399977E+04  6.7947754E+03
  7.1799984E+04  6.6470762E+03
  7.2199984E+04  6.5022246E+03
  7.2600000E+04  6.3627959E+03
  7.2999984E+04  6.2272319E+03
  7.3400000E+04  6.0943711E+03
  7.3799984E+04  5.9650591E+03
  7.4199992E+04  5.8183955E+03
  7.4599992E+04  5.5187612E+03
  7.5000000E+04  5.3909316E+03
  7.5399992E+04  5.4581357E+03
  7.5799992E+04  5.3689468E+03
  7.6199984E+04  5.2593315E+03
  7.6599992E+04  5.1519609E+03
  7.6999992E+04  5.0474229E+03
  7.7399992E+04  4.9453940E+03
  7.7799984E+04  4.8460630E+03
  7.8199984E+04  4.7491162E+03
  7.8599984E+04  4.6546177E+03
  7.8999984E+04  4.5624487E+03
  7.9399984E+04  4.4724946E+03
  7.9800000E+04  4.3847593E+03
  8.0199992E+04  4.2991929E+03
  8.0599984E+04  4.2156865E+03
  8.0999992E+04  4.1342451E+03
  8.1399977E+04  4.0546541E+03
  8.1799984E+04  3.9770354E+03
  8.2199984E+04  3.9012905E+03
  8.2599992E+04  3.8273186E+03
  8.2999984E+04  3.7550818E+03
  8.3400000E+04  3.6842119E+03
  8.3799992E+04  3.6151125E+03
  8.4199992E+04  3.5480601E+03
  8.4599977E+04  3.4825332E+03
  8.4999977E+04  3.4183389E+03
  8.5399984E+04  3.3555530E+03
  8.5799984E+04  3.2942478E+03
  8.6199992E+04  3.2342876E+03
  8.6599992E+04  3.1757449E+03
  8.6999984E+04  3.1184883E+03
  8.7399992E+04  3.0624888E+03
  8.7799992E+04  3.0077695E+03
  8.8199984E+04  2.9542539E+03
  8.8599977E+04  2.9018682E+03
  8.8999992E+04  2.8507292E+03
  8.9399977E+04  2.8007192E+03
  8.9799977E+04  2.7517180E+03
  9.0199984E+04  2.7038433E+03
  9.0599984E+04  2.6569812E+03
  9.0999992E+04  2.6111089E+03
  9.1400000E+04  2.5662522E+03
  9.1799969E+04  2.5223467E+03
  9.2199969E+04  2.4793689E+03
  9.2599984E+04  2.4373010E+03
  9.3000000E+04  2.3961248E+03
  9.3399984E+04  2.3558235E+03
  9.3799984E+04  2.3163347E+03
  9.4199977E+04  2.2776853E+03
  9.4599984E+04  2.2398569E+03
  9.4999969E+04  2.2027937E+03
  9.5399984E+04  2.1663948E+03
  9.5799984E+04  2.1309370E+03
  9.6199992E+04  2.0960735E+03
  9.6599984E+04  2.0619561E+03
  9.7000000E+04  2.0285283E+03
  9.7399977E+04  1.9957794E+03
  9.7799984E+04  1.9636534E+03
  9.8199977E+04  1.9321794E+03
  9.8599977E+04  1.9013828E+03
  9.8999992E+04  1.8711727E+03
  9.9399984E+04  1.8415402E+03
  9.9799977E+04  1.8124727E+03
  1.0019999E+05  1.7839966E+03
  1.9999991E+05  1.1409370E+02
  3.9999994E+05  7.0917664E+00
  5.9999981E+05  1.3883667E+00
  7.9999994E+05  4.3571538E-01
