  5.0599994E+02  4.1826212E-08
  5.1199994E+02  7.2915292E-08
  5.2000000E+02  1.3259080E-07
  5.2999994E+02  2.7448272E-07
  5.3999994E+02  5.4720613E-07
  5.4999988E+02  1.0725748E-06
  5.5999988E+02  2.0506488E-06
  5.6999988E+02  3.8372514E-06
  5.7999994E+02  7.0052870E-06
  5.8999988E+02  1.2671047E-05
  5.9999988E+02  2.2407254E-05
  6.0999988E+02  3.8987480E-05
  6.1999994E+02  6.6723114E-05
  6.2999988E+02  1.1245043E-04
  6.3999994E+02  1.8676615E-04
  6.4999994E+02  3.0601426E-04
  6.5799994E+02  4.4975057E-04
  6.6499988E+02  6.2528031E-04
  6.7499994E+02  9.9122652E-04
  6.8499988E+02  1.5523757E-03
  6.9499994E+02  2.4019196E-03
  7.0499988E+02  3.6691353E-03
  7.1599988E+02  5.7877265E-03
  7.2599994E+02  8.6514605E-03
  7.3499982E+02  1.2313347E-02
  7.4499994E+02  1.8050468E-02
  7.5499982E+02  2.6208906E-02
  7.6499994E+02  3.7697442E-02
  7.7499994E+02  5.3725190E-02
  7.8499982E+02  7.5899921E-02
  7.9499982E+02  1.0610104E-01
  8.0500000E+02  1.4751901E-01
  8.1499976E+02  2.0335001E-01
  8.2500000E+02  2.7798399E-01
  8.3499994E+02  3.7707078E-01
  8.4499994E+02  5.0782788E-01
  8.5499988E+02  6.7902404E-01
  8.6499994E+02  9.0157145E-01
  8.7499982E+02  1.1887668E+00
  8.8499982E+02  1.5581594E+00
  8.9499988E+02  2.0289805E+00
  9.0499994E+02  2.6244934E+00
  9.1499982E+02  6.4796890E+01
  9.2499988E+02  4.1895145E+02
  9.3499982E+02  6.7428217E+02
  9.4500000E+02  1.0328016E+03
  9.5500000E+02  1.4418318E+03
  9.6499988E+02  1.8630231E+03
  9.7499982E+02  1.7806573E+03
  9.8499976E+02  2.5995161E+03
  9.9499988E+02  2.9026746E+03
  1.0049999E+03  3.6965554E+03
  1.0149997E+03  4.3377026E+03
  1.0249998E+03  3.5994268E+03
  1.0349998E+03  5.7700864E+03
  1.0449998E+03  6.8534893E+03
  1.0549999E+03  7.8756768E+03
  1.0649999E+03  8.7192764E+03
  1.0750000E+03  1.0274195E+04
  1.0849996E+03  1.1636816E+04
  1.0949999E+03  1.2714712E+04
  1.1049999E+03  3.3686223E+04
  1.1149999E+03  5.4375500E+04
  1.1249999E+03  6.8954250E+04
  1.1349996E+03  8.4437266E+04
  1.1449999E+03  9.2503305E+04
  1.1549999E+03  9.4455438E+04
  1.1650000E+03  1.1321490E+05
  1.1749995E+03  1.2290682E+05
  1.1849996E+03  1.1890148E+05
  1.1949998E+03  7.9088836E+04
  1.2049996E+03  7.9890977E+04
  1.2149998E+03  2.1301830E+04
  1.2249996E+03  8.8015930E+04
  1.2349996E+03  1.6614078E+05
  1.2449998E+03  3.0198928E+05
  1.2549996E+03  4.8677947E+05
  1.2650000E+03  6.4654775E+05
  1.2749998E+03  1.9120489E+06
  1.2849995E+03  5.8261355E+06
  1.2949998E+03  9.8144600E+06
  1.3049995E+03  7.2879010E+06
  1.3149998E+03  1.7748598E+07
  1.3249998E+03  2.2482212E+07
  1.3349996E+03  2.3620008E+07
  1.3449995E+03  3.4486552E+07
  1.3549996E+03  3.2286582E+07
  1.3649999E+03  3.3125456E+07
  1.3749999E+03  3.9508028E+07
  1.3849996E+03  3.5675476E+07
  1.3949999E+03  4.2036364E+07
  1.4050001E+03  4.3495500E+07
  1.4149998E+03  4.1682472E+07
  1.4249998E+03  4.7706084E+07
  1.4350000E+03  4.2149604E+07
  1.4419998E+03  5.2483384E+07
  1.4469999E+03  6.0198224E+07
  1.4549994E+03  6.1958288E+07
  1.4650000E+03  5.1487296E+07
  1.4749995E+03  5.3472100E+07
  1.4849996E+03  5.8786592E+07
  1.4949998E+03  6.6626232E+07
  1.5049996E+03  6.9875336E+07
  1.5119995E+03  6.1115600E+07
  1.5169994E+03  6.5115432E+07
  1.5250001E+03  5.9000776E+07
  1.5349994E+03  5.3292436E+07
  1.5449994E+03  7.9035840E+07
  1.5549998E+03  7.0054808E+07
  1.5649999E+03  6.1794548E+07
  1.5750001E+03  8.1888392E+07
  1.5850000E+03  8.6360408E+07
  1.5949996E+03  9.6979696E+07
  1.6049999E+03  9.0182536E+07
  1.6150000E+03  8.5612704E+07
  1.6249996E+03  7.0301176E+07
  1.6350000E+03  8.4046816E+07
  1.6449996E+03  9.5336552E+07
  1.6549999E+03  6.3088120E+07
  1.6649993E+03  9.2600656E+07
  1.6720000E+03  5.9442652E+07
  1.6770001E+03  9.3293456E+07
  1.6849998E+03  1.0428272E+08
  1.6950000E+03  8.6104968E+07
  1.7049995E+03  8.7122208E+07
  1.7150000E+03  9.1423456E+07
  1.7249993E+03  8.9476576E+07
  1.7349994E+03  9.7365136E+07
  1.7449993E+03  9.5326968E+07
  1.7550001E+03  1.0530335E+08
  1.7649998E+03  8.4765472E+07
  1.7749995E+03  9.9894608E+07
  1.7849995E+03  9.9295176E+07
  1.7949999E+03  1.1210237E+08
  1.8050001E+03  1.0512479E+08
  1.8150001E+03  1.0160230E+08
  1.8249994E+03  9.8148312E+07
  1.8349993E+03  9.2139656E+07
  1.8449993E+03  8.1613512E+07
  1.8549998E+03  9.0087936E+07
  1.8650002E+03  9.3400536E+07
  1.8750001E+03  9.5127720E+07
  1.8850000E+03  9.4514456E+07
  1.8950002E+03  9.7004640E+07
  1.9049996E+03  9.0250272E+07
  1.9149999E+03  9.6943992E+07
  1.9249993E+03  9.7240776E+07
  1.9350001E+03  8.7092136E+07
  1.9449993E+03  9.9605112E+07
  1.9550002E+03  9.8331376E+07
  1.9670002E+03  1.0338738E+08
  1.9759990E+03  1.0048922E+08
  1.9839996E+03  9.7488672E+07
  1.9950001E+03  9.3684760E+07
  2.0050002E+03  8.9472576E+07
  2.0149996E+03  8.8831720E+07
  2.0249994E+03  8.4306480E+07
  2.0349995E+03  9.0220928E+07
  2.0449998E+03  9.6173568E+07
  2.0550000E+03  9.1849872E+07
  2.0649993E+03  8.9566616E+07
  2.0739993E+03  9.5745000E+07
  2.0780002E+03  9.7706112E+07
  2.0849993E+03  9.5690664E+07
  2.0950005E+03  9.1732080E+07
  2.1050002E+03  8.6356456E+07
  2.1149990E+03  8.6897816E+07
  2.1250000E+03  8.9852776E+07
  2.1350002E+03  7.5654456E+07
  2.1449998E+03  8.5573056E+07
  2.1550005E+03  8.5332288E+07
  2.1649995E+03  7.9277344E+07
  2.1750002E+03  7.8110384E+07
  2.1849998E+03  8.0409072E+07
  2.1950000E+03  8.5323560E+07
  2.2050000E+03  8.1320296E+07
  2.2149998E+03  7.4232056E+07
  2.2249998E+03  7.3395840E+07
  2.2350005E+03  8.2809624E+07
  2.2449990E+03  7.3827400E+07
  2.2549993E+03  7.1415232E+07
  2.2650000E+03  7.1073840E+07
  2.2750000E+03  7.4733344E+07
  2.2850000E+03  7.8258384E+07
  2.2950002E+03  7.2592456E+07
  2.3050000E+03  7.2687216E+07
  2.3149995E+03  7.0213256E+07
  2.3250000E+03  5.5538872E+07
  2.3349995E+03  6.5320296E+07
  2.3449993E+03  5.8672560E+07
  2.3550000E+03  6.9667440E+07
  2.3649988E+03  5.9937472E+07
  2.3750000E+03  6.3964044E+07
  2.3849990E+03  5.5208984E+07
  2.3950000E+03  6.1134776E+07
  2.4050005E+03  5.8240272E+07
  2.4149993E+03  5.9132308E+07
  2.4249990E+03  6.4813016E+07
  2.4349990E+03  6.1358376E+07
  2.4450000E+03  6.5981572E+07
  2.4549990E+03  6.3707484E+07
  2.4649990E+03  6.4196052E+07
  2.4749993E+03  6.0282236E+07
  2.4850005E+03  6.2611632E+07
  2.4950000E+03  5.9737208E+07
  2.5050005E+03  6.8388000E+07
  2.5129988E+03  5.9233548E+07
  2.5179990E+03  5.8350272E+07
  2.5249998E+03  5.4106564E+07
  2.5350007E+03  5.3543312E+07
  2.5449988E+03  5.3588180E+07
  2.5550000E+03  5.9839604E+07
  2.5649990E+03  5.9270908E+07
  2.5749990E+03  6.4067032E+07
  2.5849993E+03  6.4654764E+07
  2.5949990E+03  6.3211960E+07
  2.6049995E+03  6.0640160E+07
  2.6149998E+03  5.8976232E+07
  2.6249990E+03  6.4673064E+07
  2.6350007E+03  6.4400068E+07
  2.6449995E+03  7.2303864E+07
  2.6549998E+03  7.1631944E+07
  2.6649995E+03  6.5069548E+07
  2.6749988E+03  6.8253592E+07
  2.6849988E+03  6.8305288E+07
  2.6949988E+03  6.4194356E+07
  2.7050000E+03  6.5841808E+07
  2.7150000E+03  6.1953848E+07
  2.7249995E+03  6.2585708E+07
  2.7350007E+03  6.7326376E+07
  2.7450002E+03  5.6437252E+07
  2.7549998E+03  5.7532264E+07
  2.7649983E+03  5.9782816E+07
  2.7750005E+03  6.2508124E+07
  2.7850000E+03  5.5711736E+07
  2.7949993E+03  3.1500914E+07
  2.8049995E+03  3.6932948E+07
  2.8150002E+03  6.1661888E+07
  2.8250007E+03  6.5890036E+07
  2.8350000E+03  6.4226092E+07
  2.8450002E+03  6.1848428E+07
  2.8550005E+03  5.9992364E+07
  2.8650000E+03  6.4701012E+07
  2.8749983E+03  6.3094096E+07
  2.8850000E+03  6.4178216E+07
  2.8949988E+03  6.2036520E+07
  2.9099988E+03  6.8031864E+07
  2.9299983E+03  6.5105216E+07
  2.9499990E+03  6.4744876E+07
  2.9700005E+03  6.5063076E+07
  2.9899980E+03  6.5539944E+07
  3.0099995E+03  6.6131316E+07
  3.0299995E+03  6.5314524E+07
  3.0499995E+03  6.4991272E+07
  3.0699995E+03  6.4518984E+07
  3.0899995E+03  6.4953032E+07
  3.1099995E+03  6.3352988E+07
  3.1299998E+03  6.3222744E+07
  3.1499995E+03  6.3572880E+07
  3.1699995E+03  6.2998176E+07
  3.1899995E+03  6.0215252E+07
  3.2099998E+03  6.1532960E+07
  3.2299993E+03  5.9982512E+07
  3.2499993E+03  6.0733848E+07
  3.2699995E+03  6.1212216E+07
  3.2899995E+03  6.1246412E+07
  3.3099998E+03  6.1388776E+07
  3.3299993E+03  6.0242520E+07
  3.3499995E+03  5.9344064E+07
  3.3699995E+03  5.9082972E+07
  3.3899993E+03  5.8397720E+07
  3.4099993E+03  5.8790344E+07
  3.4299995E+03  5.8465380E+07
  3.4499993E+03  5.7976232E+07
  3.4699998E+03  5.7266032E+07
  3.4899993E+03  5.7022952E+07
  3.5099995E+03  5.7463564E+07
  3.5299995E+03  5.7101480E+07
  3.5499995E+03  5.7117548E+07
  3.5699995E+03  5.5879312E+07
  3.5899995E+03  5.5410436E+07
  3.6099995E+03  5.5116164E+07
  3.6299993E+03  5.5019408E+07
  3.6399993E+03  5.4768696E+07
  3.6499995E+03  5.5744344E+07
  3.6699993E+03  5.5099276E+07
  3.6899995E+03  5.0832036E+07
  3.7099995E+03  4.9576560E+07
  3.7299998E+03  4.8458732E+07
  3.7499993E+03  5.6098080E+07
  3.7699993E+03  5.7890032E+07
  3.7899995E+03  6.9098728E+07
  3.8099993E+03  8.0780632E+07
  3.8299998E+03  6.4809624E+07
  3.8499995E+03  9.0738736E+07
  3.8699995E+03  1.0492856E+08
  3.8899995E+03  5.7535316E+07
  3.9099995E+03  1.0628939E+08
  3.9299993E+03  9.8156152E+07
  3.9499993E+03  1.0426593E+08
  3.9699998E+03  5.4331556E+07
  3.9899995E+03  1.0157058E+08
  4.0099995E+03  1.2655388E+08
  4.0299993E+03  1.3020466E+08
  4.0499993E+03  1.2768389E+08
  4.0699993E+03  1.1514481E+08
  4.0899995E+03  8.0197192E+07
  4.1099995E+03  6.1315784E+07
  4.1299995E+03  1.0615378E+08
  4.1499990E+03  1.1955277E+08
  4.1699990E+03  1.2208746E+08
  4.1899995E+03  1.2080669E+08
  4.2099995E+03  1.2014410E+08
  4.2299995E+03  1.1697889E+08
  4.2499995E+03  1.1610991E+08
  4.2699990E+03  1.1170233E+08
  4.2899995E+03  1.0969088E+08
  4.3100000E+03  9.6689408E+07
  4.3299995E+03  6.6568120E+07
  4.3499995E+03  5.7006204E+07
  4.3699995E+03  9.3151040E+07
  4.3899995E+03  1.0204113E+08
  4.4099995E+03  1.0354877E+08
  4.4299995E+03  1.0285394E+08
  4.4499995E+03  1.0406983E+08
  4.4699995E+03  1.0291439E+08
  4.4899995E+03  1.0042616E+08
  4.5099990E+03  1.0114328E+08
  4.5299995E+03  9.9202032E+07
  4.5499990E+03  9.7198160E+07
  4.5699995E+03  9.7729192E+07
  4.5899990E+03  9.5779672E+07
  4.6099990E+03  9.5771184E+07
  4.6299990E+03  9.3471104E+07
  4.6499990E+03  9.3238520E+07
  4.6699990E+03  9.2149680E+07
  4.6899990E+03  8.9632152E+07
  4.7099995E+03  8.5881984E+07
  4.7299990E+03  8.8309504E+07
  4.7499995E+03  8.7181672E+07
  4.7699995E+03  8.5505024E+07
  4.7899990E+03  8.3511776E+07
  4.8099995E+03  7.9866544E+07
  4.8299995E+03  7.2309352E+07
  4.8499990E+03  5.2504804E+07
  4.8700000E+03  4.2964616E+07
  4.8899990E+03  6.6641724E+07
  4.9099990E+03  7.4468088E+07
  4.9299990E+03  7.5610448E+07
  4.9499995E+03  7.6418272E+07
  4.9699995E+03  7.6638744E+07
  4.9899990E+03  7.5326656E+07
  5.0099995E+03  7.3662280E+07
  5.0299995E+03  7.3905544E+07
  5.0499995E+03  7.2523608E+07
  5.0699995E+03  7.2641392E+07
  5.0899995E+03  7.1847720E+07
  5.1099990E+03  7.1158032E+07
  5.1299995E+03  7.0171944E+07
  5.1499985E+03  6.9008688E+07
  5.1700000E+03  6.7325648E+07
  5.1899990E+03  6.6764432E+07
  5.2099990E+03  6.6792724E+07
  5.2299995E+03  6.5496400E+07
  5.2499995E+03  6.5785636E+07
  5.2699995E+03  6.3671688E+07
  5.2899990E+03  6.4219684E+07
  5.3099995E+03  6.3152944E+07
  5.3299990E+03  6.2018168E+07
  5.3499995E+03  6.2191068E+07
  5.3699995E+03  6.1176064E+07
  5.3899995E+03  6.0641216E+07
  5.4099990E+03  5.9588712E+07
  5.4299990E+03  5.9321772E+07
  5.4499990E+03  5.8855476E+07
  5.4699995E+03  5.8239524E+07
  5.4899995E+03  5.7745968E+07
  5.5099995E+03  5.7188540E+07
  5.5299985E+03  5.6377732E+07
  5.5499990E+03  5.5972128E+07
  5.5699990E+03  5.5228468E+07
  5.5899995E+03  5.4701348E+07
  5.6099990E+03  5.4248580E+07
  5.6299995E+03  5.3749740E+07
  5.6499990E+03  5.3168080E+07
  5.6699990E+03  5.2514764E+07
  5.6899995E+03  5.2072920E+07
  5.7099995E+03  5.1541236E+07
  5.7299990E+03  5.1143060E+07
  5.7499990E+03  5.0487084E+07
  5.7699990E+03  5.0027928E+07
  5.7899995E+03  4.9490736E+07
  5.8099985E+03  4.9013336E+07
  5.8300000E+03  4.8540164E+07
  5.8499990E+03  4.8040424E+07
  5.8699985E+03  4.7497140E+07
  5.8899985E+03  4.6648448E+07
  5.9099995E+03  4.6573772E+07
  5.9299985E+03  4.6130528E+07
  5.9499995E+03  4.5612344E+07
  5.9699990E+03  4.5189920E+07
  5.9899990E+03  4.4666064E+07
  6.0099990E+03  4.4162764E+07
  6.0299995E+03  4.3827804E+07
  6.0499990E+03  4.3409868E+07
  6.0699990E+03  4.3038392E+07
  6.0899995E+03  4.2579416E+07
  6.1099985E+03  4.2138660E+07
  6.1299995E+03  4.1631532E+07
  6.1499985E+03  4.0843272E+07
  6.1699985E+03  4.0820376E+07
  6.1900000E+03  4.0562896E+07
  6.2099995E+03  4.0161380E+07
  6.2299985E+03  3.9712732E+07
  6.2499990E+03  3.9058724E+07
  6.2699985E+03  3.9028448E+07
  6.2900000E+03  3.8659696E+07
  6.3099985E+03  3.8184164E+07
  6.3299995E+03  3.7859568E+07
  6.3499985E+03  3.7110400E+07
  6.3699985E+03  3.6862880E+07
  6.3899995E+03  3.6699832E+07
  6.4099990E+03  3.6210780E+07
  6.4299985E+03  3.5908424E+07
  6.4499985E+03  3.5246888E+07
  6.4699990E+03  3.4999608E+07
  6.4899990E+03  3.4266352E+07
  6.5099985E+03  3.3352096E+07
  6.5299990E+03  3.1328090E+07
  6.5499985E+03  2.6098450E+07
  6.5699985E+03  2.1297494E+07
  6.5899995E+03  2.8963652E+07
  6.6099985E+03  3.1402984E+07
  6.6299990E+03  3.2061426E+07
  6.6499985E+03  3.2145738E+07
  6.6699995E+03  3.2033686E+07
  6.6899990E+03  3.1862646E+07
  6.7099995E+03  3.1636172E+07
  6.7299990E+03  3.1345282E+07
  6.7499995E+03  3.1086216E+07
  6.7699985E+03  3.0900356E+07
  6.7899995E+03  3.0627066E+07
  6.8099995E+03  3.0357260E+07
  6.8300000E+03  3.0057784E+07
  6.8499985E+03  2.9801440E+07
  6.8699985E+03  2.9561128E+07
  6.8899985E+03  2.9300878E+07
  6.9099990E+03  2.9038400E+07
  6.9299995E+03  2.8772976E+07
  6.9499990E+03  2.8524942E+07
  6.9699985E+03  2.8266872E+07
  6.9899985E+03  2.8037496E+07
  7.0099985E+03  2.7699874E+07
  7.0299985E+03  2.7502086E+07
  7.0499990E+03  2.7286384E+07
  7.0699980E+03  2.7065910E+07
  7.0899990E+03  2.6835472E+07
  7.1099990E+03  2.6279302E+07
  7.1299995E+03  2.6295852E+07
  7.1499990E+03  2.6091472E+07
  7.1699995E+03  2.5880892E+07
  7.1899985E+03  2.5660598E+07
  7.2099985E+03  2.5456834E+07
  7.2299980E+03  2.5227542E+07
  7.2499990E+03  2.4978884E+07
  7.2699995E+03  2.4823100E+07
  7.2899990E+03  2.4567286E+07
  7.3099980E+03  2.4385102E+07
  7.3299980E+03  2.4184200E+07
  7.3499980E+03  2.4001858E+07
  7.3699985E+03  2.3801016E+07
  7.3899995E+03  2.3571640E+07
  7.4099985E+03  2.3240114E+07
  7.4299995E+03  2.3084454E+07
  7.4500000E+03  2.2940310E+07
  7.4700000E+03  2.2659652E+07
  7.4899990E+03  2.2536122E+07
  7.5099985E+03  2.2408904E+07
  7.5299995E+03  2.2236200E+07
  7.5499980E+03  2.2080886E+07
  7.5699985E+03  2.1890074E+07
  7.5899990E+03  2.1714040E+07
  7.6099980E+03  2.1537612E+07
  7.6299995E+03  2.1360128E+07
  7.6499995E+03  2.1171982E+07
  7.6699980E+03  2.0965662E+07
  7.6899990E+03  2.0819158E+07
  7.7099995E+03  2.0645372E+07
  7.7299985E+03  2.0505898E+07
  7.7499990E+03  2.0331200E+07
  7.7700000E+03  1.9744304E+07
  7.7900000E+03  2.0022366E+07
  7.8099995E+03  1.9855102E+07
  7.8299980E+03  1.9669010E+07
  7.8499980E+03  1.9471096E+07
  7.8699995E+03  1.9287096E+07
  7.8900000E+03  1.9102896E+07
  7.9099995E+03  1.9005214E+07
  7.9300000E+03  1.8878914E+07
  7.9499985E+03  1.8649938E+07
  7.9699990E+03  1.8629996E+07
  7.9900000E+03  1.8286040E+07
  8.0099980E+03  1.8319330E+07
  8.0299985E+03  1.8165084E+07
  8.0500000E+03  1.8037140E+07
  8.0699985E+03  1.7888274E+07
  8.0899990E+03  1.7753882E+07
  8.1099995E+03  1.7626330E+07
  8.1299976E+03  1.7499822E+07
  8.1499976E+03  1.7365264E+07
  8.1699980E+03  1.7232372E+07
  8.1899985E+03  1.6952854E+07
  8.2099990E+03  1.6896066E+07
  8.2300000E+03  1.6749522E+07
  8.2500000E+03  1.6665090E+07
  8.2700000E+03  1.6672717E+07
  8.2899980E+03  1.6536461E+07
  8.3099990E+03  1.6417129E+07
  8.3299980E+03  1.6189089E+07
  8.3500000E+03  1.6148363E+07
  8.3699990E+03  1.6030420E+07
  8.3899990E+03  1.5816004E+07
  8.4099971E+03  1.5631682E+07
  8.4300000E+03  1.5412863E+07
  8.4499990E+03  1.5042943E+07
  8.4699980E+03  1.5014526E+07
  8.4899980E+03  1.4790208E+07
  8.5099990E+03  1.4404480E+07
  8.5299990E+03  1.4600040E+07
  8.5499990E+03  1.3643354E+07
  8.5699990E+03  1.4616414E+07
  8.5900000E+03  1.3810154E+07
  8.6099980E+03  1.3685095E+07
  8.6299990E+03  1.4593956E+07
  8.6499990E+03  1.3864946E+07
  8.6699990E+03  1.2269440E+07
  8.6899990E+03  1.4044909E+07
  8.7099971E+03  1.4617612E+07
  8.7299990E+03  1.3803795E+07
  8.7499980E+03  1.1656401E+07
  8.7699980E+03  1.3188349E+07
  8.7899980E+03  1.4411254E+07
  8.8099990E+03  1.4560432E+07
  8.8299980E+03  1.3952419E+07
  8.8499980E+03  1.2333867E+07
  8.8699980E+03  1.0896388E+07
  8.8899990E+03  1.3188407E+07
  8.9099971E+03  1.4048941E+07
  8.9299980E+03  1.4304493E+07
  8.9499980E+03  1.4329052E+07
  8.9699990E+03  1.3859277E+07
  8.9899990E+03  1.2824386E+07
  9.0099980E+03  1.0386369E+07
  9.0299990E+03  1.1152174E+07
  9.0499990E+03  1.2908809E+07
  9.0699980E+03  1.3349738E+07
  9.0899990E+03  1.3448811E+07
  9.1099980E+03  1.3752977E+07
  9.1299980E+03  1.3744312E+07
  9.1499980E+03  1.3599248E+07
  9.1699980E+03  1.3246539E+07
  9.1899990E+03  1.2597901E+07
  9.2099990E+03  1.1335645E+07
  9.2299980E+03  9.0839180E+06
  9.2499980E+03  1.0884698E+07
  9.2699971E+03  1.1941248E+07
  9.2899990E+03  1.2683036E+07
  9.3099980E+03  1.2878960E+07
  9.3299990E+03  1.2907761E+07
  9.3499980E+03  1.2894403E+07
  9.3699990E+03  1.2838127E+07
  9.3900000E+03  1.2673257E+07
  9.4099980E+03  1.2371409E+07
  9.4299971E+03  1.2479130E+07
  9.4499990E+03  1.2341144E+07
  9.4700000E+03  1.2131958E+07
  9.4899980E+03  1.1788898E+07
  9.5100000E+03  1.1166180E+07
  9.5300000E+03  9.9151720E+06
  9.5500000E+03  8.1573675E+06
  9.5699990E+03  1.0020449E+07
  9.5899980E+03  1.0983533E+07
  9.6099980E+03  1.1315200E+07
  9.6299990E+03  1.1360057E+07
  9.6499990E+03  1.1531073E+07
  9.6699980E+03  1.1428230E+07
  9.6899980E+03  1.1443695E+07
  9.7100000E+03  1.1444145E+07
  9.7299990E+03  1.1366908E+07
  9.7499980E+03  1.1281090E+07
  9.7699961E+03  1.1230614E+07
  9.7899980E+03  1.1153717E+07
  9.8099980E+03  1.1071095E+07
  9.8299990E+03  1.0971896E+07
  9.8499980E+03  1.0869144E+07
  9.8700000E+03  1.0783754E+07
  9.8899980E+03  1.0646980E+07
  9.9099990E+03  1.0606732E+07
  9.9300000E+03  1.0497568E+07
  9.9499980E+03  1.0381209E+07
  9.9699980E+03  1.0225900E+07
  9.9899990E+03  9.9577480E+06
  1.0024998E+04  8.7045440E+06
  1.0074998E+04  8.2679995E+06
  1.0124997E+04  9.5565400E+06
  1.0174997E+04  9.6895500E+06
  1.0224998E+04  9.6079900E+06
  1.0274997E+04  9.4704620E+06
  1.0325000E+04  9.3241800E+06
  1.0374999E+04  9.1778280E+06
  1.0425000E+04  9.0265660E+06
  1.0474998E+04  8.8266120E+06
  1.0524997E+04  8.6997590E+06
  1.0574999E+04  8.5765830E+06
  1.0625000E+04  8.4393200E+06
  1.0674997E+04  8.1677155E+06
  1.0724998E+04  8.1041815E+06
  1.0774999E+04  7.9700845E+06
  1.0824997E+04  7.7760685E+06
  1.0874997E+04  7.4040200E+06
  1.0924999E+04  6.0618495E+06
  1.0974996E+04  6.6313475E+06
  1.1025000E+04  7.2197230E+06
  1.1074998E+04  7.2591130E+06
  1.1124999E+04  7.1839640E+06
  1.1174998E+04  7.0908620E+06
  1.1224999E+04  6.9997250E+06
  1.1274997E+04  6.7946485E+06
  1.1325000E+04  6.7030565E+06
  1.1375000E+04  6.6690065E+06
  1.1425000E+04  6.5567915E+06
  1.1474997E+04  6.4886210E+06
  1.1525000E+04  6.3958515E+06
  1.1574998E+04  6.2968525E+06
  1.1625000E+04  6.1594475E+06
  1.1674998E+04  6.0357725E+06
  1.1724997E+04  6.0230450E+06
  1.1775001E+04  5.8413045E+06
  1.1824999E+04  5.8079085E+06
  1.1875000E+04  5.6995260E+06
  1.1925000E+04  5.6815020E+06
  1.1975001E+04  5.5634860E+06
  1.2024998E+04  5.5066370E+06
  1.2074996E+04  5.4125540E+06
  1.2125000E+04  5.3413520E+06
  1.2175000E+04  5.2767305E+06
  1.2225001E+04  5.1965990E+06
  1.2275001E+04  5.1153460E+06
  1.2324996E+04  5.0454095E+06
  1.2374996E+04  4.9801205E+06
  1.2424998E+04  4.9188880E+06
  1.2475000E+04  4.8347510E+06
  1.2524997E+04  4.7678920E+06
  1.2574997E+04  4.6683475E+06
  1.2624999E+04  4.6073335E+06
  1.2674997E+04  4.5340065E+06
  1.2724999E+04  4.4067770E+06
  1.2774999E+04  4.1018035E+06
  1.2825000E+04  3.4823852E+06
  1.2875001E+04  4.0517420E+06
  1.2924997E+04  4.1880132E+06
  1.2975001E+04  4.1833200E+06
  1.3024998E+04  4.1463808E+06
  1.3074999E+04  4.0997435E+06
  1.3125000E+04  4.0506330E+06
  1.3174998E+04  3.9854390E+06
  1.3224998E+04  3.9473908E+06
  1.3274997E+04  3.8946235E+06
  1.3324997E+04  3.8442330E+06
  1.3374999E+04  3.7930102E+06
  1.3424999E+04  3.7422342E+06
  1.3474999E+04  3.6918988E+06
  1.3525001E+04  3.6384955E+06
  1.3574999E+04  3.5912998E+06
  1.3624997E+04  3.5491618E+06
  1.3674997E+04  3.5000885E+06
  1.3724995E+04  3.4394358E+06
  1.3774998E+04  3.4111358E+06
  1.3824998E+04  3.3681758E+06
  1.3874996E+04  3.3298558E+06
  1.3925000E+04  3.2791722E+06
  1.3974996E+04  3.2430205E+06
  1.4024997E+04  3.2030835E+06
  1.4075001E+04  3.1638202E+06
  1.4124996E+04  3.1212595E+06
  1.4175000E+04  3.0837150E+06
  1.4225000E+04  3.0442018E+06
  1.4274994E+04  3.0053530E+06
  1.4325001E+04  2.9688020E+06
  1.4374998E+04  2.9339660E+06
  1.4424999E+04  2.8615188E+06
  1.4475000E+04  2.8601235E+06
  1.4524997E+04  2.8076115E+06
  1.4569999E+04  2.7936665E+06
  1.4620000E+04  2.8160098E+06
  1.4674998E+04  2.8668402E+06
  1.4725000E+04  2.8201250E+06
  1.4775002E+04  2.7624122E+06
  1.4824998E+04  2.7205000E+06
  1.4874996E+04  2.6588250E+06
  1.4924997E+04  2.6292012E+06
  1.4974999E+04  2.5777372E+06
  1.5024999E+04  2.5292362E+06
  1.5075000E+04  2.4881170E+06
  1.5124999E+04  2.4555552E+06
  1.5175000E+04  2.4140428E+06
  1.5225002E+04  2.3764338E+06
  1.5274998E+04  2.3468558E+06
  1.5324995E+04  2.3052605E+06
  1.5374997E+04  2.2792942E+06
  1.5425001E+04  2.2354062E+06
  1.5474996E+04  2.2189405E+06
  1.5524994E+04  2.1807570E+06
  1.5575001E+04  2.1509350E+06
  1.5624998E+04  2.1529315E+06
  1.5674997E+04  2.0907674E+06
  1.5724994E+04  2.0642389E+06
  1.5774996E+04  2.0885668E+06
  1.5825001E+04  2.0553805E+06
  1.5874995E+04  1.9496231E+06
  1.5925002E+04  1.9953329E+06
  1.5975001E+04  2.0426492E+06
  1.6049998E+04  1.9510666E+06
  1.6150001E+04  1.8557698E+06
  1.6249997E+04  1.9218829E+06
  1.6350000E+04  1.8051502E+06
  1.6449996E+04  1.7132432E+06
  1.6549998E+04  1.8084125E+06
  1.6649994E+04  1.7738458E+06
  1.6749998E+04  1.6423516E+06
  1.6849998E+04  1.5480791E+06
  1.6950000E+04  1.6583714E+06
  1.7049996E+04  1.6381985E+06
  1.7150000E+04  1.6037788E+06
  1.7249992E+04  1.5351032E+06
  1.7349994E+04  1.3460011E+06
  1.7449992E+04  1.4402354E+06
  1.7550000E+04  1.4645988E+06
  1.7649998E+04  1.4423662E+06
  1.7749994E+04  1.4169535E+06
  1.7849994E+04  1.3862236E+06
  1.7949998E+04  1.3558544E+06
  1.8050002E+04  1.3024824E+06
  1.8150002E+04  1.1467040E+06
  1.8249994E+04  1.2038498E+06
  1.8349992E+04  1.2405524E+06
  1.8449992E+04  1.2233784E+06
  1.8549998E+04  1.1943480E+06
  1.8650002E+04  1.1479971E+06
  1.8750002E+04  1.0027566E+06
  1.8850000E+04  1.0951391E+06
  1.8950004E+04  1.1016554E+06
  1.9049996E+04  1.0884596E+06
  1.9149998E+04  1.0669511E+06
  1.9249992E+04  1.0410522E+06
  1.9350000E+04  9.9439862E+05
  1.9449992E+04  8.7471650E+05
  1.9550002E+04  9.5717338E+05
  1.9649992E+04  9.6516550E+05
  1.9749992E+04  9.5085781E+05
  1.9849992E+04  9.3665475E+05
  1.9950002E+04  9.1962006E+05
  2.0050002E+04  9.0268206E+05
  2.0149996E+04  8.8609044E+05
  2.0249994E+04  8.6950556E+05
  2.0349994E+04  8.5329394E+05
  2.0449996E+04  8.3825781E+05
  2.0550000E+04  8.2294669E+05
  2.0649992E+04  8.0743369E+05
  2.0749998E+04  7.9314206E+05
  2.0849992E+04  7.7908775E+05
  2.0950004E+04  7.6513506E+05
  2.1050002E+04  7.5131056E+05
  2.1149992E+04  7.3661006E+05
  2.1250000E+04  7.2299369E+05
  2.1350002E+04  7.0903788E+05
  2.1449996E+04  6.9405806E+05
  2.1550006E+04  6.6720450E+05
  2.1649994E+04  5.9055944E+05
  2.1750002E+04  6.3624412E+05
  2.1849998E+04  6.4610544E+05
  2.1950002E+04  6.3966075E+05
  2.2050000E+04  6.3002888E+05
  2.2149996E+04  6.1933900E+05
  2.2249998E+04  6.0999469E+05
  2.2350004E+04  5.9972862E+05
  2.2449990E+04  5.8971931E+05
  2.2549994E+04  5.7938838E+05
  2.2650000E+04  5.7022250E+05
  2.2750000E+04  5.6082400E+05
  2.2850000E+04  5.5376144E+05
  2.2950004E+04  5.5254369E+05
  2.3050000E+04  5.4370412E+05
  2.3149996E+04  5.3431438E+05
  2.3250000E+04  5.2446600E+05
  2.3349996E+04  5.1488422E+05
  2.3449994E+04  5.0560394E+05
  2.3550002E+04  4.9655703E+05
  2.3649988E+04  4.8776019E+05
  2.3750000E+04  4.7917266E+05
  2.3849990E+04  4.7085828E+05
  2.3950002E+04  4.6278316E+05
  2.4050006E+04  4.5506056E+05
  2.4149992E+04  4.4723075E+05
  2.4249990E+04  4.3934738E+05
  2.4349990E+04  4.3274078E+05
  2.4450002E+04  4.2494138E+05
  2.4549990E+04  4.1893044E+05
  2.4649992E+04  4.1138412E+05
  2.4749992E+04  4.0596941E+05
  2.4850006E+04  3.9935275E+05
  2.4950000E+04  3.9286584E+05
  2.5050006E+04  3.9250303E+05
  2.5149994E+04  3.8311062E+05
  2.5249998E+04  3.7300300E+05
  2.5350004E+04  3.6987238E+05
  2.5449988E+04  3.6620994E+05
  2.5549998E+04  3.5762378E+05
  2.5649990E+04  3.4812425E+05
  2.5749990E+04  3.4836306E+05
  2.5849994E+04  3.4561088E+05
  2.5949990E+04  3.3967412E+05
  2.6049996E+04  3.2818297E+05
  2.6149998E+04  3.1446094E+05
  2.6249988E+04  2.8951162E+05
  2.6350008E+04  3.1051912E+05
  2.6449996E+04  3.1561784E+05
  2.6549994E+04  3.1198356E+05
  2.6649994E+04  3.0326006E+05
  2.6749988E+04  2.8991981E+05
  2.6849986E+04  2.9517962E+05
  2.6949986E+04  2.9617275E+05
  2.7050002E+04  2.9349750E+05
  2.7149998E+04  2.8987269E+05
  2.7249994E+04  2.8559806E+05
  2.7350006E+04  2.8049131E+05
  2.7450004E+04  2.7300672E+05
  2.7549996E+04  2.5718525E+05
  2.7649982E+04  2.5901450E+05
  2.7750004E+04  2.6380903E+05
  2.7850000E+04  2.6252028E+05
  2.7949992E+04  2.5973869E+05
  2.8049994E+04  2.5648225E+05
  2.8150002E+04  2.5306095E+05
  2.8250006E+04  2.4956831E+05
  2.8350000E+04  2.4596878E+05
  2.8450000E+04  2.4176652E+05
  2.8550002E+04  2.3669722E+05
  2.8650002E+04  2.2653386E+05
  2.8749982E+04  2.1450991E+05
  2.8849998E+04  2.2455814E+05
  2.8949986E+04  2.2541905E+05
  2.9049994E+04  2.2382053E+05
  2.9149986E+04  2.2107281E+05
  2.9249984E+04  2.1884609E+05
  2.9349980E+04  2.1606286E+05
  2.9450000E+04  2.1328159E+05
  2.9550004E+04  2.1053322E+05
  2.9649982E+04  2.0781733E+05
  2.9749992E+04  2.0512420E+05
  2.9849994E+04  2.0249636E+05
  2.9949984E+04  1.9949177E+05
  3.0049996E+04  1.9655150E+05
  3.0149994E+04  1.9314452E+05
  3.0249994E+04  1.8803670E+05
  3.0349996E+04  1.7488155E+05
  3.0449996E+04  1.7575820E+05
  3.0549996E+04  1.8179453E+05
  3.0649996E+04  1.8163683E+05
  3.0749994E+04  1.8005898E+05
  3.0849996E+04  1.7805434E+05
  3.0949994E+04  1.7615444E+05
  3.1049996E+04  1.7396655E+05
  3.1149996E+04  1.7172155E+05
  3.1249996E+04  1.6964830E+05
  3.1349996E+04  1.6766309E+05
  3.1449996E+04  1.6553970E+05
  3.1549998E+04  1.6365178E+05
  3.1649996E+04  1.6170916E+05
  3.1749998E+04  1.5967558E+05
  3.1849996E+04  1.5784634E+05
  3.1949994E+04  1.5593348E+05
  3.2099996E+04  1.5313775E+05
  3.2299992E+04  1.4953920E+05
  3.2499994E+04  1.4581045E+05
  3.2699996E+04  1.4132292E+05
  3.2899996E+04  1.2960348E+05
  3.3099996E+04  1.3216830E+05
  3.3299992E+04  1.3312333E+05
  3.3499996E+04  1.3060529E+05
  3.3699996E+04  1.2749063E+05
  3.3899996E+04  1.2457784E+05
  3.4099996E+04  1.2173741E+05
  3.4299996E+04  1.1898655E+05
  3.4499992E+04  1.1630698E+05
  3.4699996E+04  1.1365914E+05
  3.4899996E+04  1.1109513E+05
  3.5099996E+04  1.0860955E+05
  3.5299996E+04  1.0617604E+05
  3.5499996E+04  1.0386205E+05
  3.5699992E+04  1.0153105E+05
  3.5899992E+04  9.9271695E+04
  3.6099996E+04  9.7174531E+04
  3.6299992E+04  9.5011703E+04
  3.6499992E+04  9.3011883E+04
  3.6699992E+04  9.1041492E+04
  3.6899992E+04  8.8831562E+04
  3.7099996E+04  8.6852703E+04
  3.7299996E+04  8.2008336E+04
  3.7499992E+04  7.9509781E+04
  3.7699996E+04  8.1663617E+04
  3.7899996E+04  8.0439461E+04
  3.8099992E+04  7.8382594E+04
  3.8299996E+04  7.6954852E+04
  3.8499996E+04  7.5926102E+04
  3.8699996E+04  7.4408859E+04
  3.8899992E+04  7.2517922E+04
  3.9099996E+04  7.0553203E+04
  3.9299992E+04  6.9990625E+04
  3.9499992E+04  6.8952852E+04
  3.9699992E+04  6.7824828E+04
  3.9900000E+04  6.6443742E+04
  4.0099996E+04  6.3887250E+04
  4.0299992E+04  6.2282785E+04
  4.0499996E+04  5.8529422E+04
  4.0699992E+04  6.0616535E+04
  4.0899992E+04  6.0133262E+04
  4.1099996E+04  5.9116766E+04
  4.1299996E+04  5.7924957E+04
  4.1499992E+04  5.6388023E+04
  4.1699992E+04  5.4149879E+04
  4.1899996E+04  5.4271480E+04
  4.2099996E+04  5.3754938E+04
  4.2299992E+04  5.2984648E+04
  4.2499996E+04  5.2049129E+04
  4.2699992E+04  5.1112262E+04
  4.2899992E+04  5.0192602E+04
  4.3099996E+04  4.9281680E+04
  4.3299996E+04  4.8256816E+04
  4.3499992E+04  4.7103340E+04
  4.3699996E+04  4.4919398E+04
  4.3899996E+04  4.4819902E+04
  4.4099992E+04  4.4811410E+04
  4.4299992E+04  4.4227254E+04
  4.4499996E+04  4.3512887E+04
  4.4699996E+04  4.2926406E+04
  4.4899996E+04  4.2180441E+04
  4.5099992E+04  4.1464520E+04
  4.5299992E+04  4.0750383E+04
  4.5499996E+04  4.0059910E+04
  4.5699992E+04  3.9360094E+04
  4.5899996E+04  3.8602977E+04
  4.6099996E+04  3.7853945E+04
  4.6299992E+04  3.6822906E+04
  4.6499988E+04  3.4097207E+04
  4.6699992E+04  3.4004430E+04
  4.6899992E+04  3.4773496E+04
  4.7099992E+04  3.4760707E+04
  4.7299992E+04  3.4332660E+04
  4.7499996E+04  3.3847117E+04
  4.7699992E+04  3.3313867E+04
  4.7899992E+04  3.2778465E+04
  4.8099996E+04  3.2249160E+04
  4.8299992E+04  3.1730727E+04
  4.8499992E+04  3.1222924E+04
  4.8700000E+04  3.0725543E+04
  4.8899992E+04  3.0236836E+04
  4.9099988E+04  2.9755049E+04
  4.9299988E+04  2.9289363E+04
  4.9499996E+04  2.8830205E+04
  4.9699992E+04  2.8379020E+04
  4.9899988E+04  2.7934125E+04
  5.0099996E+04  2.7502904E+04
  5.0299996E+04  2.7074678E+04
  5.0499996E+04  2.6659746E+04
  5.0699996E+04  2.6206537E+04
  5.0899992E+04  2.5701451E+04
  5.1099992E+04  2.4923561E+04
  5.1299996E+04  2.3531412E+04
  5.1499988E+04  2.4277967E+04
  5.1699996E+04  2.4206061E+04
  5.1899992E+04  2.3931750E+04
  5.2099992E+04  2.3597084E+04
  5.2299996E+04  2.3247543E+04
  5.2499996E+04  2.2904002E+04
  5.2699996E+04  2.2565000E+04
  5.2899992E+04  2.2233152E+04
  5.3099988E+04  2.1906990E+04
  5.3299988E+04  2.1587738E+04
  5.3499992E+04  2.1272637E+04
  5.3699992E+04  2.0962934E+04
  5.3899992E+04  2.0661119E+04
  5.4099992E+04  2.0364475E+04
  5.4299984E+04  2.0070361E+04
  5.4499988E+04  1.9783805E+04
  5.4699996E+04  1.9500889E+04
  5.4899992E+04  1.9225324E+04
  5.5099992E+04  1.8954479E+04
  5.5299988E+04  1.8687041E+04
  5.5499988E+04  1.8424184E+04
  5.5699992E+04  1.8163391E+04
  5.5899992E+04  1.7907062E+04
  5.6099988E+04  1.7662303E+04
  5.6299996E+04  1.7419367E+04
  5.6499988E+04  1.7178254E+04
  5.6699988E+04  1.6942439E+04
  5.6899992E+04  1.6709508E+04
  5.7099996E+04  1.6481732E+04
  5.7299988E+04  1.6256729E+04
  5.7499988E+04  1.6036725E+04
  5.7699988E+04  1.5819378E+04
  5.7899996E+04  1.5604641E+04
  5.8099988E+04  1.5396953E+04
  5.8299996E+04  1.5190625E+04
  5.8499992E+04  1.4976855E+04
  5.8699988E+04  1.4716438E+04
  5.8899988E+04  1.4274597E+04
  5.9099992E+04  1.3468430E+04
  5.9299988E+04  1.3980895E+04
  5.9499996E+04  1.3970062E+04
  5.9699988E+04  1.3842796E+04
  5.9899992E+04  1.3684361E+04
  6.0099992E+04  1.3506866E+04
  6.0299992E+04  1.3332459E+04
  6.0499988E+04  1.3160058E+04
  6.0699992E+04  1.2990655E+04
  6.0899992E+04  1.2823194E+04
  6.1099988E+04  1.2657643E+04
  6.1299992E+04  1.2498985E+04
  6.1499988E+04  1.2339138E+04
  6.1699988E+04  1.2183073E+04
  6.1899996E+04  1.2028762E+04
  6.2099996E+04  1.1878139E+04
  6.2299988E+04  1.1727262E+04
  6.2499992E+04  1.1580957E+04
  6.2699988E+04  1.1436279E+04
  6.2899996E+04  1.1295107E+04
  6.3099984E+04  1.1153605E+04
  6.3299996E+04  1.1015537E+04
  6.3499984E+04  1.0879926E+04
  6.3699984E+04  1.0746723E+04
  6.3900000E+04  1.0614966E+04
  6.4199992E+04  1.0421849E+04
  6.4599984E+04  1.0170413E+04
  6.4999992E+04  9.9261377E+03
  6.5399992E+04  9.6897031E+03
  6.5799992E+04  9.4600059E+03
  6.6199984E+04  9.2359990E+03
  6.6599984E+04  9.0200703E+03
  6.6999992E+04  8.8103008E+03
  6.7399992E+04  8.6065205E+03
  6.7799992E+04  8.4077432E+03
  6.8199992E+04  8.2154521E+03
  6.8599992E+04  8.0278613E+03
  6.8999984E+04  7.8457988E+03
  6.9399984E+04  7.6692627E+03
  6.9800000E+04  7.4975596E+03
  7.0199992E+04  7.3309463E+03
  7.0599984E+04  7.1684478E+03
  7.0999977E+04  7.0115283E+03
  7.1399977E+04  6.8572192E+03
  7.1799984E+04  6.7080957E+03
  7.2199984E+04  6.5609805E+03
  7.2600000E+04  6.4209062E+03
  7.2999984E+04  6.2840698E+03
  7.3400000E+04  6.1498228E+03
  7.3799984E+04  6.0110576E+03
  7.4199992E+04  5.8456978E+03
  7.4599992E+04  5.4893135E+03
  7.5000000E+04  5.3741885E+03
  7.5399992E+04  5.4797378E+03
  7.5799992E+04  5.4096646E+03
  7.6199984E+04  5.3066304E+03
  7.6599992E+04  5.1983818E+03
  7.6999992E+04  5.0929814E+03
  7.7399992E+04  4.9900425E+03
  7.7799984E+04  4.8897559E+03
  7.8199984E+04  4.7918701E+03
  7.8599984E+04  4.6964497E+03
  7.8999984E+04  4.6033760E+03
  7.9399984E+04  4.5125918E+03
  7.9800000E+04  4.4239824E+03
  8.0199992E+04  4.3375576E+03
  8.0599984E+04  4.2532651E+03
  8.0999992E+04  4.1710513E+03
  8.1399977E+04  4.0906443E+03
  8.1799984E+04  4.0123369E+03
  8.2199984E+04  3.9359148E+03
  8.2599992E+04  3.8612217E+03
  8.2999984E+04  3.7882764E+03
  8.3400000E+04  3.7165471E+03
  8.3799992E+04  3.6466570E+03
  8.4199992E+04  3.5790928E+03
  8.4599977E+04  3.5131680E+03
  8.4999977E+04  3.4483735E+03
  8.5399984E+04  3.3849453E+03
  8.5799984E+04  3.3230596E+03
  8.6199992E+04  3.2625283E+03
  8.6599992E+04  3.2035244E+03
  8.6999984E+04  3.1457144E+03
  8.7399992E+04  3.0891704E+03
  8.7799992E+04  3.0339641E+03
  8.8199984E+04  2.9799209E+03
  8.8599977E+04  2.9270640E+03
  8.8999992E+04  2.8754614E+03
  8.9399977E+04  2.8249946E+03
  8.9799977E+04  2.7755439E+03
  9.0199984E+04  2.7272271E+03
  9.0599984E+04  2.6799292E+03
  9.0999992E+04  2.6336287E+03
  9.1400000E+04  2.5883496E+03
  9.1799969E+04  2.5440730E+03
  9.2199969E+04  2.5007300E+03
  9.2599984E+04  2.4582581E+03
  9.3000000E+04  2.4167280E+03
  9.3399984E+04  2.3760347E+03
  9.3799984E+04  2.3362024E+03
  9.4199977E+04  2.2972146E+03
  9.4599984E+04  2.2590115E+03
  9.4999969E+04  2.2215781E+03
  9.5399984E+04  2.1848149E+03
  9.5799984E+04  2.1490806E+03
  9.6199992E+04  2.1139443E+03
  9.6599984E+04  2.0795178E+03
  9.7000000E+04  2.0457854E+03
  9.7399977E+04  2.0126965E+03
  9.7799984E+04  1.9803142E+03
  9.8199977E+04  1.9485095E+03
  9.8599977E+04  1.9174644E+03
  9.8999992E+04  1.8869708E+03
  9.9399984E+04  1.8570588E+03
  9.9799977E+04  1.8277537E+03
  1.0019999E+05  1.7990059E+03
  1.9999991E+05  1.1493193E+02
  3.9999994E+05  7.1395636E+00
  5.9999981E+05  1.3974711E+00
  7.9999994E+05  4.3855849E-01
