  5.0599994E+02  1.1467261E-08
  5.1199994E+02  2.0569537E-08
  5.2000000E+02  3.8609560E-08
  5.2999994E+02  8.2930910E-08
  5.3999994E+02  1.7106731E-07
  5.4999988E+02  3.4739159E-07
  5.5999988E+02  6.8555585E-07
  5.6999988E+02  1.3215229E-06
  5.7999994E+02  2.4795620E-06
  5.8999988E+02  4.6053224E-06
  5.9999988E+02  8.3449540E-06
  6.0999988E+02  1.4855699E-05
  6.1999994E+02  2.5972433E-05
  6.2999988E+02  4.4656495E-05
  6.3999994E+02  7.5545286E-05
  6.4999994E+02  1.2600273E-04
  6.5799994E+02  1.8764260E-04
  6.6499988E+02  2.6374942E-04
  6.7499994E+02  4.2437200E-04
  6.8499988E+02  6.7409314E-04
  6.9499994E+02  1.0569040E-03
  7.0499988E+02  1.6347276E-03
  7.1599988E+02  2.6128138E-03
  7.2599994E+02  3.9498378E-03
  7.3499982E+02  5.6763995E-03
  7.4499994E+02  8.4065385E-03
  7.5499982E+02  1.2327227E-02
  7.6499994E+02  1.7899850E-02
  7.7499994E+02  2.5743609E-02
  7.8499982E+02  3.6691174E-02
  7.9499982E+02  5.1708758E-02
  8.0500000E+02  7.2500862E-02
  8.1499976E+02  1.0074767E-01
  8.2500000E+02  1.3879272E-01
  8.3499994E+02  1.8964039E-01
  8.4499994E+02  2.5734609E-01
  8.5499988E+02  3.4655684E-01
  8.6499994E+02  4.6338335E-01
  8.7499982E+02  6.1507452E-01
  8.8499982E+02  8.1169170E-01
  8.9499988E+02  1.0638498E+00
  9.0499994E+02  1.3844863E+00
  9.1499982E+02  9.5602409E+01
  9.2499988E+02  5.6200104E+02
  9.3499982E+02  8.5424017E+02
  9.4500000E+02  1.2692130E+03
  9.5500000E+02  1.8316075E+03
  9.6499988E+02  2.3538308E+03
  9.7499982E+02  2.3038533E+03
  9.8499976E+02  3.2597727E+03
  9.9499988E+02  3.5819568E+03
  1.0049999E+03  4.6109502E+03
  1.0149997E+03  5.4804546E+03
  1.0249998E+03  4.4650391E+03
  1.0349998E+03  7.2777578E+03
  1.0449998E+03  8.7495303E+03
  1.0549999E+03  1.0105223E+04
  1.0649999E+03  1.1006462E+04
  1.0750000E+03  1.3084962E+04
  1.0849996E+03  1.4776192E+04
  1.0949999E+03  1.5847596E+04
  1.1049999E+03  7.4573727E+04
  1.1149999E+03  2.6267150E+05
  1.1249999E+03  3.4267269E+05
  1.1349996E+03  4.3158841E+05
  1.1449999E+03  3.6195569E+05
  1.1549999E+03  3.7271591E+05
  1.1650000E+03  3.4533222E+05
  1.1749995E+03  2.2402483E+05
  1.1849996E+03  1.4081503E+05
  1.1949998E+03  6.5589469E+04
  1.2049996E+03  6.5387516E+04
  1.2149998E+03  1.5168344E+04
  1.2249996E+03  7.1469164E+04
  1.2349996E+03  1.5605817E+05
  1.2449998E+03  7.7226625E+05
  1.2549996E+03  3.2759720E+06
  1.2650000E+03  3.7837510E+06
  1.2749998E+03  1.7329784E+07
  1.2849995E+03  3.0704940E+07
  1.2949998E+03  3.3635908E+07
  1.3049995E+03  1.9105162E+07
  1.3149998E+03  4.2572500E+07
  1.3249998E+03  5.0887000E+07
  1.3349996E+03  4.3728936E+07
  1.3449995E+03  6.3966728E+07
  1.3549996E+03  6.1575348E+07
  1.3649999E+03  5.4026264E+07
  1.3749999E+03  6.3371860E+07
  1.3849996E+03  6.2198860E+07
  1.3949999E+03  6.8469288E+07
  1.4050001E+03  6.9643184E+07
  1.4149998E+03  6.2287580E+07
  1.4249998E+03  7.2165800E+07
  1.4350000E+03  6.4141896E+07
  1.4419998E+03  7.3784368E+07
  1.4469999E+03  8.5857640E+07
  1.4549994E+03  8.2994248E+07
  1.4650000E+03  7.2586352E+07
  1.4749995E+03  6.9628016E+07
  1.4849996E+03  7.8771056E+07
  1.4949998E+03  8.5870600E+07
  1.5049996E+03  8.8766672E+07
  1.5119995E+03  7.5798376E+07
  1.5169994E+03  8.4560360E+07
  1.5250001E+03  7.1658840E+07
  1.5349994E+03  6.1454748E+07
  1.5449994E+03  8.6229520E+07
  1.5549998E+03  7.4253672E+07
  1.5649999E+03  6.7125848E+07
  1.5750001E+03  7.7393040E+07
  1.5850000E+03  8.5802552E+07
  1.5949996E+03  9.4286032E+07
  1.6049999E+03  8.6337728E+07
  1.6150000E+03  8.3590536E+07
  1.6249996E+03  7.3080360E+07
  1.6350000E+03  7.9872512E+07
  1.6449996E+03  8.5389280E+07
  1.6549999E+03  6.6530808E+07
  1.6649993E+03  8.4229496E+07
  1.6720000E+03  5.0741196E+07
  1.6770001E+03  8.1219856E+07
  1.6849998E+03  9.1872336E+07
  1.6950000E+03  8.3060184E+07
  1.7049995E+03  7.7556880E+07
  1.7150000E+03  7.7253176E+07
  1.7249993E+03  7.6096800E+07
  1.7349994E+03  8.2915168E+07
  1.7449993E+03  8.0795952E+07
  1.7550001E+03  9.2024832E+07
  1.7649998E+03  7.5169464E+07
  1.7749995E+03  8.5970208E+07
  1.7849995E+03  8.3626272E+07
  1.7949999E+03  9.6289512E+07
  1.8050001E+03  9.0690416E+07
  1.8150001E+03  8.9158616E+07
  1.8249994E+03  8.5460544E+07
  1.8349993E+03  8.1113648E+07
  1.8449993E+03  7.2990992E+07
  1.8549998E+03  7.9001704E+07
  1.8650002E+03  7.9992616E+07
  1.8750001E+03  8.3413032E+07
  1.8850000E+03  8.1780768E+07
  1.8950002E+03  8.2793584E+07
  1.9049996E+03  7.7575976E+07
  1.9149999E+03  8.2318368E+07
  1.9249993E+03  8.3466160E+07
  1.9350001E+03  7.9197712E+07
  1.9449993E+03  8.5051728E+07
  1.9550002E+03  8.3617008E+07
  1.9670002E+03  8.8090576E+07
  1.9759990E+03  8.6983240E+07
  1.9839996E+03  8.3737272E+07
  1.9950001E+03  8.0362888E+07
  2.0050002E+03  7.8871640E+07
  2.0149996E+03  7.5459360E+07
  2.0249994E+03  7.5204704E+07
  2.0349995E+03  7.7550424E+07
  2.0449998E+03  8.1993464E+07
  2.0550000E+03  7.7678976E+07
  2.0649993E+03  7.5592704E+07
  2.0739993E+03  8.1737080E+07
  2.0780002E+03  8.3068080E+07
  2.0849993E+03  8.1416800E+07
  2.0950005E+03  7.8164968E+07
  2.1050002E+03  7.4461088E+07
  2.1149990E+03  7.4534376E+07
  2.1250000E+03  7.6599280E+07
  2.1350002E+03  6.3563724E+07
  2.1449998E+03  7.1725464E+07
  2.1550005E+03  7.3211032E+07
  2.1649995E+03  6.8681584E+07
  2.1750002E+03  6.7500352E+07
  2.1849998E+03  6.7965792E+07
  2.1950000E+03  7.2926936E+07
  2.2050000E+03  6.9240416E+07
  2.2149998E+03  6.2934420E+07
  2.2249998E+03  6.1040560E+07
  2.2350005E+03  6.9098520E+07
  2.2449990E+03  6.1475252E+07
  2.2549993E+03  5.9544308E+07
  2.2650000E+03  6.0284920E+07
  2.2750000E+03  6.3906580E+07
  2.2850000E+03  6.6461908E+07
  2.2950002E+03  6.2215352E+07
  2.3050000E+03  6.1091724E+07
  2.3149995E+03  5.8043580E+07
  2.3250000E+03  4.2375996E+07
  2.3349995E+03  5.2746688E+07
  2.3449993E+03  4.7908412E+07
  2.3550000E+03  5.7574140E+07
  2.3649988E+03  4.8343604E+07
  2.3750000E+03  5.2628580E+07
  2.3849990E+03  4.4339252E+07
  2.3950000E+03  5.0318852E+07
  2.4050005E+03  4.7322624E+07
  2.4149993E+03  4.9344208E+07
  2.4249990E+03  5.4710208E+07
  2.4349990E+03  5.2067156E+07
  2.4450000E+03  5.6135380E+07
  2.4549990E+03  5.3775076E+07
  2.4649990E+03  5.3731496E+07
  2.4749993E+03  5.1141316E+07
  2.4850005E+03  5.4072464E+07
  2.4950000E+03  5.1783180E+07
  2.5050005E+03  5.8795904E+07
  2.5129988E+03  5.0888364E+07
  2.5179990E+03  5.1926528E+07
  2.5249998E+03  4.7890932E+07
  2.5350007E+03  4.7200752E+07
  2.5449988E+03  4.7327344E+07
  2.5550000E+03  5.1840988E+07
  2.5649990E+03  5.1089448E+07
  2.5749990E+03  5.5286508E+07
  2.5849993E+03  5.4817856E+07
  2.5949990E+03  5.2778832E+07
  2.6049995E+03  5.0403000E+07
  2.6149998E+03  4.9492108E+07
  2.6249990E+03  5.4227720E+07
  2.6350007E+03  5.4432680E+07
  2.6449995E+03  6.2034736E+07
  2.6549998E+03  6.1044552E+07
  2.6649995E+03  5.5282852E+07
  2.6749988E+03  5.8071360E+07
  2.6849988E+03  5.7263348E+07
  2.6949988E+03  5.4728072E+07
  2.7050000E+03  5.6429952E+07
  2.7150000E+03  5.3183612E+07
  2.7249995E+03  5.3808688E+07
  2.7350007E+03  5.8245776E+07
  2.7450002E+03  4.7678684E+07
  2.7549998E+03  4.8887288E+07
  2.7649983E+03  5.0981948E+07
  2.7750005E+03  5.4915372E+07
  2.7850000E+03  5.2263144E+07
  2.7949993E+03  3.3158880E+07
  2.8049995E+03  3.8565704E+07
  2.8150002E+03  5.5614548E+07
  2.8250007E+03  5.7662040E+07
  2.8350000E+03  5.5245132E+07
  2.8450002E+03  5.3177172E+07
  2.8550005E+03  5.1668308E+07
  2.8650000E+03  5.5517024E+07
  2.8749983E+03  5.3677604E+07
  2.8850000E+03  5.4768068E+07
  2.8949988E+03  5.2533936E+07
  2.9099988E+03  5.8373400E+07
  2.9299983E+03  5.5999436E+07
  2.9499990E+03  5.5710200E+07
  2.9700005E+03  5.6286352E+07
  2.9899980E+03  5.6876008E+07
  3.0099995E+03  5.7810848E+07
  3.0299995E+03  5.6865536E+07
  3.0499995E+03  5.6385436E+07
  3.0699995E+03  5.5781076E+07
  3.0899995E+03  5.6608020E+07
  3.1099995E+03  5.4982528E+07
  3.1299998E+03  5.4789716E+07
  3.1499995E+03  5.5417456E+07
  3.1699995E+03  5.4982816E+07
  3.1899995E+03  5.2773956E+07
  3.2099998E+03  5.3950112E+07
  3.2299993E+03  5.2756876E+07
  3.2499993E+03  5.3208100E+07
  3.2699995E+03  5.3323752E+07
  3.2899995E+03  5.3578864E+07
  3.3099998E+03  5.3744832E+07
  3.3299993E+03  5.2666340E+07
  3.3499995E+03  5.1901724E+07
  3.3699995E+03  5.1808304E+07
  3.3899993E+03  5.1247988E+07
  3.4099993E+03  5.2012576E+07
  3.4299995E+03  5.1750408E+07
  3.4499993E+03  5.1354720E+07
  3.4699998E+03  5.0629892E+07
  3.4899993E+03  5.0317284E+07
  3.5099995E+03  5.0815748E+07
  3.5299995E+03  5.0819012E+07
  3.5499995E+03  5.0747240E+07
  3.5699995E+03  4.9778228E+07
  3.5899995E+03  4.9479456E+07
  3.6099995E+03  4.9247824E+07
  3.6299993E+03  4.9089756E+07
  3.6399993E+03  4.8885804E+07
  3.6499995E+03  4.9831424E+07
  3.6699993E+03  4.7228348E+07
  3.6899995E+03  4.4432384E+07
  3.7099995E+03  5.3591844E+07
  3.7299998E+03  5.7259068E+07
  3.7499993E+03  7.5437712E+07
  3.7699993E+03  7.9476864E+07
  3.7899995E+03  1.0056637E+08
  3.8099993E+03  1.1704445E+08
  3.8299998E+03  9.0653848E+07
  3.8499995E+03  1.2704592E+08
  3.8699995E+03  1.4182736E+08
  3.8899995E+03  7.8963560E+07
  3.9099995E+03  1.3925824E+08
  3.9299993E+03  1.3046832E+08
  3.9499993E+03  1.3778256E+08
  3.9699998E+03  7.3845984E+07
  3.9899995E+03  1.3316910E+08
  4.0099995E+03  1.4163717E+08
  4.0299993E+03  1.4025805E+08
  4.0499993E+03  1.3887390E+08
  4.0699993E+03  1.3343006E+08
  4.0899995E+03  1.0783266E+08
  4.1099995E+03  8.1318736E+07
  4.1299995E+03  1.2574703E+08
  4.1499990E+03  1.2986441E+08
  4.1699990E+03  1.2783308E+08
  4.1899995E+03  1.2630444E+08
  4.2099995E+03  1.2482030E+08
  4.2299995E+03  1.2227419E+08
  4.2499995E+03  1.2059838E+08
  4.2699990E+03  1.1784727E+08
  4.2899995E+03  1.1750430E+08
  4.3100000E+03  1.1152867E+08
  4.3299995E+03  8.6462800E+07
  4.3499995E+03  7.3140680E+07
  4.3699995E+03  1.0883436E+08
  4.3899995E+03  1.0879890E+08
  4.4099995E+03  1.0801964E+08
  4.4299995E+03  1.0705992E+08
  4.4499995E+03  1.0683221E+08
  4.4699995E+03  1.0531270E+08
  4.4899995E+03  1.0285734E+08
  4.5099990E+03  1.0269354E+08
  4.5299995E+03  1.0083778E+08
  4.5499990E+03  9.8251784E+07
  4.5699995E+03  9.9000912E+07
  4.5899990E+03  9.6779264E+07
  4.6099990E+03  9.7373688E+07
  4.6299990E+03  9.4525552E+07
  4.6499990E+03  9.4778728E+07
  4.6699990E+03  9.3338144E+07
  4.6899990E+03  9.1774776E+07
  4.7099995E+03  8.8509120E+07
  4.7299990E+03  8.9912552E+07
  4.7499995E+03  8.8896480E+07
  4.7699995E+03  8.7722088E+07
  4.7899990E+03  8.6526416E+07
  4.8099995E+03  8.4718984E+07
  4.8299995E+03  8.1767688E+07
  4.8499990E+03  6.4691280E+07
  4.8700000E+03  5.1763080E+07
  4.8899990E+03  7.7440144E+07
  4.9099990E+03  7.9542120E+07
  4.9299990E+03  7.8367944E+07
  4.9499995E+03  7.8184896E+07
  4.9699995E+03  7.7797880E+07
  4.9899990E+03  7.6444752E+07
  5.0099995E+03  7.4465272E+07
  5.0299995E+03  7.4395432E+07
  5.0499995E+03  7.2950536E+07
  5.0699995E+03  7.2990216E+07
  5.0899995E+03  7.2153088E+07
  5.1099990E+03  7.1217176E+07
  5.1299995E+03  7.0370920E+07
  5.1499985E+03  6.9221752E+07
  5.1700000E+03  6.7730168E+07
  5.1899990E+03  6.7097308E+07
  5.2099990E+03  6.6934288E+07
  5.2299995E+03  6.5550116E+07
  5.2499995E+03  6.5636644E+07
  5.2699995E+03  6.3846676E+07
  5.2899990E+03  6.4191408E+07
  5.3099995E+03  6.2842956E+07
  5.3299990E+03  6.2227692E+07
  5.3499995E+03  6.2179224E+07
  5.3699995E+03  6.1241384E+07
  5.3899995E+03  6.0619172E+07
  5.4099990E+03  5.9668516E+07
  5.4299990E+03  5.9158224E+07
  5.4499990E+03  5.8759084E+07
  5.4699995E+03  5.8085904E+07
  5.4899995E+03  5.7519728E+07
  5.5099995E+03  5.6873356E+07
  5.5299985E+03  5.6160912E+07
  5.5499990E+03  5.5710396E+07
  5.5699990E+03  5.5034176E+07
  5.5899995E+03  5.4521716E+07
  5.6099990E+03  5.4006784E+07
  5.6299995E+03  5.3426452E+07
  5.6499990E+03  5.2781000E+07
  5.6699990E+03  5.2211260E+07
  5.6899995E+03  5.1726168E+07
  5.7099995E+03  5.1185348E+07
  5.7299990E+03  5.0687536E+07
  5.7499990E+03  5.0092832E+07
  5.7699990E+03  4.9585488E+07
  5.7899995E+03  4.9018752E+07
  5.8099985E+03  4.8539020E+07
  5.8300000E+03  4.8040280E+07
  5.8499990E+03  4.7557160E+07
  5.8699985E+03  4.6984360E+07
  5.8899985E+03  4.6206476E+07
  5.9099995E+03  4.6065752E+07
  5.9299985E+03  4.5614148E+07
  5.9499995E+03  4.5022804E+07
  5.9699990E+03  4.4640272E+07
  5.9899990E+03  4.4065476E+07
  6.0099990E+03  4.3697588E+07
  6.0299995E+03  4.3313904E+07
  6.0499990E+03  4.2843776E+07
  6.0699990E+03  4.2444324E+07
  6.0899995E+03  4.2013624E+07
  6.1099985E+03  4.1571520E+07
  6.1299995E+03  4.1130252E+07
  6.1499985E+03  4.0240656E+07
  6.1699985E+03  4.0302812E+07
  6.1900000E+03  3.9960180E+07
  6.2099995E+03  3.9569380E+07
  6.2299985E+03  3.9142964E+07
  6.2499990E+03  3.8439556E+07
  6.2699985E+03  3.8419924E+07
  6.2900000E+03  3.8044568E+07
  6.3099985E+03  3.7589956E+07
  6.3299995E+03  3.7282276E+07
  6.3499985E+03  3.6518056E+07
  6.3699985E+03  3.6284464E+07
  6.3899995E+03  3.6181304E+07
  6.4099990E+03  3.5775256E+07
  6.4299985E+03  3.5484716E+07
  6.4499985E+03  3.4871080E+07
  6.4699990E+03  3.4762916E+07
  6.4899990E+03  3.4259196E+07
  6.5099985E+03  3.3825012E+07
  6.5299990E+03  3.2946664E+07
  6.5499985E+03  2.8791626E+07
  6.5699985E+03  2.3030832E+07
  6.5899995E+03  3.1222590E+07
  6.6099985E+03  3.2165206E+07
  6.6299990E+03  3.2105990E+07
  6.6499985E+03  3.1891018E+07
  6.6699995E+03  3.1639078E+07
  6.6899990E+03  3.1381168E+07
  6.7099995E+03  3.1107354E+07
  6.7299990E+03  3.0766370E+07
  6.7499995E+03  3.0522304E+07
  6.7699985E+03  3.0264976E+07
  6.7899995E+03  2.9981528E+07
  6.8099995E+03  2.9709828E+07
  6.8300000E+03  2.9417364E+07
  6.8499985E+03  2.9155922E+07
  6.8699985E+03  2.8902598E+07
  6.8899985E+03  2.8646170E+07
  6.9099990E+03  2.8380372E+07
  6.9299995E+03  2.8115602E+07
  6.9499990E+03  2.7867448E+07
  6.9699985E+03  2.7614696E+07
  6.9899985E+03  2.7385194E+07
  7.0099985E+03  2.7060484E+07
  7.0299985E+03  2.6877004E+07
  7.0499990E+03  2.6631492E+07
  7.0699980E+03  2.6415468E+07
  7.0899990E+03  2.6190196E+07
  7.1099990E+03  2.5765090E+07
  7.1299995E+03  2.5685958E+07
  7.1499990E+03  2.5463612E+07
  7.1699995E+03  2.5262392E+07
  7.1899985E+03  2.5036788E+07
  7.2099985E+03  2.4826334E+07
  7.2299980E+03  2.4583234E+07
  7.2499990E+03  2.4363210E+07
  7.2699995E+03  2.4190850E+07
  7.2899990E+03  2.3960476E+07
  7.3099980E+03  2.3740012E+07
  7.3299980E+03  2.3565766E+07
  7.3499980E+03  2.3372836E+07
  7.3699985E+03  2.3178872E+07
  7.3899995E+03  2.2965276E+07
  7.4099985E+03  2.2687106E+07
  7.4299995E+03  2.2490742E+07
  7.4500000E+03  2.2332134E+07
  7.4700000E+03  2.2074982E+07
  7.4899990E+03  2.1955912E+07
  7.5099985E+03  2.1787698E+07
  7.5299995E+03  2.1638222E+07
  7.5499980E+03  2.1471528E+07
  7.5699985E+03  2.1285248E+07
  7.5899990E+03  2.1111092E+07
  7.6099980E+03  2.0941728E+07
  7.6299995E+03  2.0760896E+07
  7.6499995E+03  2.0573304E+07
  7.6699980E+03  2.0397638E+07
  7.6899990E+03  2.0240708E+07
  7.7099995E+03  2.0039498E+07
  7.7299985E+03  1.9919548E+07
  7.7499990E+03  1.9752262E+07
  7.7700000E+03  1.9196424E+07
  7.7900000E+03  1.9436322E+07
  7.8099995E+03  1.9279466E+07
  7.8299980E+03  1.9106756E+07
  7.8499980E+03  1.8923320E+07
  7.8699995E+03  1.8718986E+07
  7.8900000E+03  1.8546742E+07
  7.9099995E+03  1.8470538E+07
  7.9300000E+03  1.8347528E+07
  7.9499985E+03  1.8109298E+07
  7.9699990E+03  1.8071310E+07
  7.9900000E+03  1.7714804E+07
  8.0099980E+03  1.7777952E+07
  8.0299985E+03  1.7629908E+07
  8.0500000E+03  1.7498806E+07
  8.0699985E+03  1.7351446E+07
  8.0899990E+03  1.7217980E+07
  8.1099995E+03  1.7083328E+07
  8.1299976E+03  1.6957780E+07
  8.1499976E+03  1.6825310E+07
  8.1699980E+03  1.6695060E+07
  8.1899985E+03  1.6464219E+07
  8.2099990E+03  1.6420989E+07
  8.2300000E+03  1.6277862E+07
  8.2500000E+03  1.6210105E+07
  8.2700000E+03  1.6192939E+07
  8.2899980E+03  1.6032682E+07
  8.3099990E+03  1.5873221E+07
  8.3299980E+03  1.5570691E+07
  8.3500000E+03  1.5347590E+07
  8.3699990E+03  1.5079133E+07
  8.3899990E+03  1.4772378E+07
  8.4099971E+03  1.4530161E+07
  8.4300000E+03  1.4480372E+07
  8.4499990E+03  1.4385530E+07
  8.4699980E+03  1.3718504E+07
  8.4899980E+03  1.4816863E+07
  8.5099990E+03  1.3383320E+07
  8.5299990E+03  1.5156640E+07
  8.5499990E+03  1.2618840E+07
  8.5699990E+03  1.5600758E+07
  8.5900000E+03  1.3777480E+07
  8.6099980E+03  1.3326312E+07
  8.6299990E+03  1.5851473E+07
  8.6499990E+03  1.4764202E+07
  8.6699990E+03  1.1729667E+07
  8.6899990E+03  1.5105522E+07
  8.7099971E+03  1.5876469E+07
  8.7299990E+03  1.4986694E+07
  8.7499980E+03  1.1416276E+07
  8.7699980E+03  1.4128309E+07
  8.7899980E+03  1.5545879E+07
  8.8099990E+03  1.5581186E+07
  8.8299980E+03  1.5113510E+07
  8.8499980E+03  1.3303086E+07
  8.8699980E+03  1.1058234E+07
  8.8899990E+03  1.4361048E+07
  8.9099971E+03  1.4951055E+07
  8.9299980E+03  1.4975807E+07
  8.9499980E+03  1.4976676E+07
  8.9699990E+03  1.4723611E+07
  8.9899990E+03  1.3985068E+07
  9.0099980E+03  1.0870396E+07
  9.0299990E+03  1.2007831E+07
  9.0499990E+03  1.3944678E+07
  9.0699980E+03  1.4005525E+07
  9.0899990E+03  1.3920706E+07
  9.1099980E+03  1.4071187E+07
  9.1299980E+03  1.4027685E+07
  9.1499980E+03  1.3951582E+07
  9.1699980E+03  1.3756384E+07
  9.1899990E+03  1.3395474E+07
  9.2099990E+03  1.2382469E+07
  9.2299980E+03  9.4505110E+06
  9.2499980E+03  1.1871415E+07
  9.2699971E+03  1.2683465E+07
  9.2899990E+03  1.3152729E+07
  9.3099980E+03  1.3147135E+07
  9.3299990E+03  1.3063564E+07
  9.3499980E+03  1.2995242E+07
  9.3699990E+03  1.2923946E+07
  9.3900000E+03  1.2738203E+07
  9.4099980E+03  1.2516914E+07
  9.4299971E+03  1.2593940E+07
  9.4499990E+03  1.2503981E+07
  9.4700000E+03  1.2379386E+07
  9.4899980E+03  1.2221853E+07
  9.5100000E+03  1.1906398E+07
  9.5300000E+03  1.0809086E+07
  9.5500000E+03  8.5522650E+06
  9.5699990E+03  1.0912663E+07
  9.5899980E+03  1.1632394E+07
  9.6099980E+03  1.1673772E+07
  9.6299990E+03  1.1531083E+07
  9.6499990E+03  1.1633020E+07
  9.6699980E+03  1.1492692E+07
  9.6899980E+03  1.1479002E+07
  9.7100000E+03  1.1433757E+07
  9.7299990E+03  1.1344623E+07
  9.7499980E+03  1.1257708E+07
  9.7699961E+03  1.1189961E+07
  9.7899980E+03  1.1107335E+07
  9.8099980E+03  1.1021771E+07
  9.8299990E+03  1.0921212E+07
  9.8499980E+03  1.0834584E+07
  9.8700000E+03  1.0765579E+07
  9.8899980E+03  1.0636195E+07
  9.9099990E+03  1.0620158E+07
  9.9300000E+03  1.0520491E+07
  9.9499980E+03  1.0450846E+07
  9.9699980E+03  1.0369164E+07
  9.9899990E+03  1.0242373E+07
  1.0024998E+04  9.2717010E+06
  1.0074998E+04  8.7842630E+06
  1.0124997E+04  9.7270550E+06
  1.0174997E+04  9.6819090E+06
  1.0224998E+04  9.5456510E+06
  1.0274997E+04  9.3848210E+06
  1.0325000E+04  9.2192240E+06
  1.0374999E+04  9.0668800E+06
  1.0425000E+04  8.9184140E+06
  1.0474998E+04  8.7370010E+06
  1.0524997E+04  8.5943320E+06
  1.0574999E+04  8.4691200E+06
  1.0625000E+04  8.3375365E+06
  1.0674997E+04  8.1092000E+06
  1.0724998E+04  8.0285240E+06
  1.0774999E+04  7.9201140E+06
  1.0824997E+04  7.7757480E+06
  1.0874997E+04  7.5782655E+06
  1.0924999E+04  6.3882210E+06
  1.0974996E+04  6.9816495E+06
  1.1025000E+04  7.2829510E+06
  1.1074998E+04  7.2068985E+06
  1.1124999E+04  7.0996475E+06
  1.1174998E+04  6.9904040E+06
  1.1224999E+04  6.8825210E+06
  1.1274997E+04  6.6921120E+06
  1.1325000E+04  6.5993675E+06
  1.1375000E+04  6.5583665E+06
  1.1425000E+04  6.4517350E+06
  1.1474997E+04  6.3675975E+06
  1.1525000E+04  6.2727560E+06
  1.1574998E+04  6.1753805E+06
  1.1625000E+04  6.0523990E+06
  1.1674998E+04  5.9418005E+06
  1.1724997E+04  5.9010995E+06
  1.1775001E+04  5.7483785E+06
  1.1824999E+04  5.7001400E+06
  1.1875000E+04  5.6020135E+06
  1.1925000E+04  5.5596385E+06
  1.1975001E+04  5.4534090E+06
  1.2024998E+04  5.3927840E+06
  1.2074996E+04  5.3040340E+06
  1.2125000E+04  5.2301380E+06
  1.2175000E+04  5.1608370E+06
  1.2225001E+04  5.0839200E+06
  1.2275001E+04  5.0040830E+06
  1.2324996E+04  4.9357915E+06
  1.2374996E+04  4.8679425E+06
  1.2424998E+04  4.8039505E+06
  1.2475000E+04  4.7200065E+06
  1.2524997E+04  4.6667900E+06
  1.2574997E+04  4.5811510E+06
  1.2624999E+04  4.5264985E+06
  1.2674997E+04  4.4678780E+06
  1.2724999E+04  4.3881640E+06
  1.2774999E+04  4.2151465E+06
  1.2825000E+04  3.6246215E+06
  1.2875001E+04  4.1362858E+06
  1.2924997E+04  4.1546372E+06
  1.2975001E+04  4.1130538E+06
  1.3024998E+04  4.0602195E+06
  1.3074999E+04  4.0056458E+06
  1.3125000E+04  3.9506902E+06
  1.3174998E+04  3.8860368E+06
  1.3224998E+04  3.8452918E+06
  1.3274997E+04  3.7937202E+06
  1.3324997E+04  3.7432362E+06
  1.3374999E+04  3.6931888E+06
  1.3424999E+04  3.6431550E+06
  1.3474999E+04  3.5931380E+06
  1.3525001E+04  3.5414938E+06
  1.3574999E+04  3.4966465E+06
  1.3624997E+04  3.4531730E+06
  1.3674997E+04  3.4047995E+06
  1.3724995E+04  3.3530402E+06
  1.3774998E+04  3.3206010E+06
  1.3824998E+04  3.2777032E+06
  1.3874996E+04  3.2376858E+06
  1.3925000E+04  3.1921318E+06
  1.3974996E+04  3.1539012E+06
  1.4024997E+04  3.1142155E+06
  1.4075001E+04  3.0750122E+06
  1.4124996E+04  3.0349668E+06
  1.4175000E+04  2.9970928E+06
  1.4225000E+04  2.9591182E+06
  1.4274994E+04  2.9217888E+06
  1.4325001E+04  2.8852692E+06
  1.4374998E+04  2.8499198E+06
  1.4424999E+04  2.7912705E+06
  1.4475000E+04  2.7788528E+06
  1.4524997E+04  2.7324345E+06
  1.4569999E+04  2.7139842E+06
  1.4620000E+04  2.7476230E+06
  1.4674998E+04  2.7970412E+06
  1.4725000E+04  2.7370728E+06
  1.4775002E+04  2.6640442E+06
  1.4824998E+04  2.6094242E+06
  1.4874996E+04  2.5476435E+06
  1.4924997E+04  2.5074320E+06
  1.4974999E+04  2.4559398E+06
  1.5024999E+04  2.4089155E+06
  1.5075000E+04  2.3647800E+06
  1.5124999E+04  2.3302335E+06
  1.5175000E+04  2.2973978E+06
  1.5225002E+04  2.2800568E+06
  1.5274998E+04  2.2331860E+06
  1.5324995E+04  2.2058058E+06
  1.5374997E+04  2.2120405E+06
  1.5425001E+04  2.1331202E+06
  1.5474996E+04  2.1681275E+06
  1.5524994E+04  2.1457448E+06
  1.5575001E+04  2.0318182E+06
  1.5624998E+04  2.1617270E+06
  1.5674997E+04  2.0430826E+06
  1.5724994E+04  1.9633808E+06
  1.5774996E+04  2.1018888E+06
  1.5825001E+04  2.0675656E+06
  1.5874995E+04  1.8346668E+06
  1.5925002E+04  1.9748330E+06
  1.5975001E+04  2.0348255E+06
  1.6049998E+04  1.9512128E+06
  1.6150001E+04  1.8189376E+06
  1.6249997E+04  1.9171750E+06
  1.6350000E+04  1.8161429E+06
  1.6449996E+04  1.6987641E+06
  1.6549998E+04  1.7946581E+06
  1.6649994E+04  1.7567230E+06
  1.6749998E+04  1.6592706E+06
  1.6849998E+04  1.5515290E+06
  1.6950000E+04  1.6428984E+06
  1.7049996E+04  1.6118910E+06
  1.7150000E+04  1.5784175E+06
  1.7249992E+04  1.5321914E+06
  1.7349994E+04  1.3641480E+06
  1.7449992E+04  1.4516178E+06
  1.7550000E+04  1.4442945E+06
  1.7649998E+04  1.4156401E+06
  1.7749994E+04  1.3880165E+06
  1.7849994E+04  1.3590289E+06
  1.7949998E+04  1.3324695E+06
  1.8050002E+04  1.2947349E+06
  1.8150002E+04  1.1668318E+06
  1.8249994E+04  1.2181019E+06
  1.8349992E+04  1.2247770E+06
  1.8449992E+04  1.2024612E+06
  1.8549998E+04  1.1759548E+06
  1.8650002E+04  1.1457226E+06
  1.8750002E+04  1.0285392E+06
  1.8850000E+04  1.0967294E+06
  1.8950004E+04  1.0858139E+06
  1.9049996E+04  1.0674899E+06
  1.9149998E+04  1.0467134E+06
  1.9249992E+04  1.0253958E+06
  1.9350000E+04  9.9631038E+05
  1.9449992E+04  8.9503188E+05
  1.9550002E+04  9.5876025E+05
  1.9649992E+04  9.4976925E+05
  1.9749992E+04  9.3207244E+05
  1.9849992E+04  9.1521838E+05
  1.9950002E+04  8.9813312E+05
  2.0050002E+04  8.8150269E+05
  2.0149996E+04  8.6523200E+05
  2.0249994E+04  8.4924781E+05
  2.0349994E+04  8.3359862E+05
  2.0449996E+04  8.1858344E+05
  2.0550000E+04  8.0370419E+05
  2.0649992E+04  7.8889831E+05
  2.0749998E+04  7.7486375E+05
  2.0849992E+04  7.6108838E+05
  2.0950004E+04  7.4752169E+05
  2.1050002E+04  7.3412769E+05
  2.1149992E+04  7.2032194E+05
  2.1250000E+04  7.0769281E+05
  2.1350002E+04  6.9535944E+05
  2.1449996E+04  6.8315975E+05
  2.1550006E+04  6.6631219E+05
  2.1649994E+04  6.0284069E+05
  2.1750002E+04  6.3942169E+05
  2.1849998E+04  6.3702294E+05
  2.1950002E+04  6.2730638E+05
  2.2050000E+04  6.1646912E+05
  2.2149996E+04  6.0558650E+05
  2.2249998E+04  5.9603069E+05
  2.2350004E+04  5.8601006E+05
  2.2449990E+04  5.7625712E+05
  2.2549994E+04  5.6647506E+05
  2.2650000E+04  5.5727606E+05
  2.2750000E+04  5.4808581E+05
  2.2850000E+04  5.4177662E+05
  2.2950004E+04  5.4166450E+05
  2.3050000E+04  5.3171362E+05
  2.3149996E+04  5.2114791E+05
  2.3250000E+04  5.1091078E+05
  2.3349996E+04  5.0094044E+05
  2.3449994E+04  4.9164178E+05
  2.3550002E+04  4.8223100E+05
  2.3649988E+04  4.7368969E+05
  2.3750000E+04  4.6510681E+05
  2.3849990E+04  4.5657900E+05
  2.3950002E+04  4.4861628E+05
  2.4050006E+04  4.4103081E+05
  2.4149992E+04  4.3327819E+05
  2.4249990E+04  4.2752122E+05
  2.4349990E+04  4.2036984E+05
  2.4450002E+04  4.1259581E+05
  2.4549990E+04  4.0903556E+05
  2.4649992E+04  4.0020528E+05
  2.4749992E+04  3.9484381E+05
  2.4850006E+04  3.9374009E+05
  2.4950000E+04  3.7621706E+05
  2.5050006E+04  3.8745391E+05
  2.5149994E+04  3.7819094E+05
  2.5249998E+04  3.5696019E+05
  2.5350004E+04  3.6481309E+05
  2.5449988E+04  3.6334825E+05
  2.5549998E+04  3.5380916E+05
  2.5649990E+04  3.3309897E+05
  2.5749990E+04  3.4498244E+05
  2.5849994E+04  3.4284831E+05
  2.5949990E+04  3.3754822E+05
  2.6049996E+04  3.2579578E+05
  2.6149998E+04  3.0700694E+05
  2.6249988E+04  2.9494619E+05
  2.6350008E+04  3.1365531E+05
  2.6449996E+04  3.1404547E+05
  2.6549994E+04  3.0970144E+05
  2.6649994E+04  3.0185969E+05
  2.6749988E+04  2.7955859E+05
  2.6849986E+04  2.9341331E+05
  2.6949986E+04  2.9301903E+05
  2.7050002E+04  2.8965141E+05
  2.7149998E+04  2.8566138E+05
  2.7249994E+04  2.8166616E+05
  2.7350006E+04  2.7733853E+05
  2.7450004E+04  2.7167178E+05
  2.7549996E+04  2.5151195E+05
  2.7649982E+04  2.5755098E+05
  2.7750004E+04  2.6160755E+05
  2.7850000E+04  2.5912998E+05
  2.7949992E+04  2.5565405E+05
  2.8049994E+04  2.5218252E+05
  2.8150002E+04  2.4875364E+05
  2.8250006E+04  2.4539530E+05
  2.8350000E+04  2.4212048E+05
  2.8450000E+04  2.3874578E+05
  2.8550002E+04  2.3476525E+05
  2.8650002E+04  2.2686431E+05
  2.8749982E+04  2.1171595E+05
  2.8849998E+04  2.2411911E+05
  2.8949986E+04  2.2290628E+05
  2.9049994E+04  2.2051256E+05
  2.9149986E+04  2.1744170E+05
  2.9249984E+04  2.1478180E+05
  2.9349980E+04  2.1200000E+05
  2.9450000E+04  2.0925933E+05
  2.9550004E+04  2.0656828E+05
  2.9649982E+04  2.0390481E+05
  2.9749992E+04  2.0129328E+05
  2.9849994E+04  1.9872067E+05
  2.9949984E+04  1.9617383E+05
  3.0049996E+04  1.9366448E+05
  3.0149994E+04  1.9098530E+05
  3.0249994E+04  1.8746444E+05
  3.0349996E+04  1.7479972E+05
  3.0449996E+04  1.7654238E+05
  3.0549996E+04  1.8081364E+05
  3.0649996E+04  1.7942719E+05
  3.0749994E+04  1.7728597E+05
  3.0849996E+04  1.7497072E+05
  3.0949994E+04  1.7292158E+05
  3.1049996E+04  1.7078183E+05
  3.1149996E+04  1.6865433E+05
  3.1249996E+04  1.6657367E+05
  3.1349996E+04  1.6459270E+05
  3.1449996E+04  1.6254216E+05
  3.1549998E+04  1.6064669E+05
  3.1649996E+04  1.5871175E+05
  3.1749998E+04  1.5676430E+05
  3.1849996E+04  1.5491988E+05
  3.1949994E+04  1.5305114E+05
  3.2099996E+04  1.5032252E+05
  3.2299992E+04  1.4678762E+05
  3.2499994E+04  1.4334228E+05
  3.2699996E+04  1.3976566E+05
  3.2899996E+04  1.3003159E+05
  3.3099996E+04  1.3250183E+05
  3.3299992E+04  1.3145183E+05
  3.3499996E+04  1.2833598E+05
  3.3699996E+04  1.2515862E+05
  3.3899996E+04  1.2220443E+05
  3.4099996E+04  1.1934638E+05
  3.4299996E+04  1.1656891E+05
  3.4499992E+04  1.1389512E+05
  3.4699996E+04  1.1124998E+05
  3.4899996E+04  1.0870114E+05
  3.5099996E+04  1.0626111E+05
  3.5299996E+04  1.0392668E+05
  3.5499996E+04  1.0162003E+05
  3.5699992E+04  9.9308180E+04
  3.5899992E+04  9.7511977E+04
  3.6099996E+04  9.5000641E+04
  3.6299992E+04  9.3516414E+04
  3.6499992E+04  9.0879711E+04
  3.6699992E+04  8.9875125E+04
  3.6899992E+04  8.6764750E+04
  3.7099996E+04  8.6034336E+04
  3.7299996E+04  8.2471375E+04
  3.7499992E+04  7.9153477E+04
  3.7699996E+04  8.0990359E+04
  3.7899996E+04  7.9608055E+04
  3.8099992E+04  7.6724203E+04
  3.8299996E+04  7.5403641E+04
  3.8499996E+04  7.5039078E+04
  3.8699996E+04  7.3581289E+04
  3.8899992E+04  7.1621648E+04
  3.9099996E+04  6.8468469E+04
  3.9299992E+04  6.9144219E+04
  3.9499992E+04  6.8013578E+04
  3.9699992E+04  6.6727688E+04
  3.9900000E+04  6.5400156E+04
  4.0099996E+04  6.2863422E+04
  4.0299992E+04  6.1215750E+04
  4.0499996E+04  5.9027832E+04
  4.0699992E+04  6.0286766E+04
  4.0899992E+04  5.9421598E+04
  4.1099996E+04  5.8327262E+04
  4.1299996E+04  5.7235844E+04
  4.1499992E+04  5.5871781E+04
  4.1699992E+04  5.2821805E+04
  4.1899996E+04  5.3775789E+04
  4.2099996E+04  5.3108777E+04
  4.2299992E+04  5.2161395E+04
  4.2499996E+04  5.1214836E+04
  4.2699992E+04  5.0287840E+04
  4.2899992E+04  4.9384035E+04
  4.3099996E+04  4.8498852E+04
  4.3299996E+04  4.7631898E+04
  4.3499992E+04  4.6669316E+04
  4.3699996E+04  4.4161863E+04
  4.3899996E+04  4.4493449E+04
  4.4099992E+04  4.4325191E+04
  4.4299992E+04  4.3584168E+04
  4.4499996E+04  4.2826102E+04
  4.4699996E+04  4.2274031E+04
  4.4899996E+04  4.1541344E+04
  4.5099992E+04  4.0832930E+04
  4.5299992E+04  4.0129863E+04
  4.5499996E+04  3.9452113E+04
  4.5699992E+04  3.8779254E+04
  4.5899996E+04  3.8121957E+04
  4.6099996E+04  3.7472820E+04
  4.6299992E+04  3.6668254E+04
  4.6499988E+04  3.4464840E+04
  4.6699992E+04  3.3788500E+04
  4.6899992E+04  3.4692996E+04
  4.7099992E+04  3.4444848E+04
  4.7299992E+04  3.3913375E+04
  4.7499996E+04  3.3351211E+04
  4.7699992E+04  3.2813828E+04
  4.7899992E+04  3.2285879E+04
  4.8099996E+04  3.1765545E+04
  4.8299992E+04  3.1254334E+04
  4.8499992E+04  3.0755260E+04
  4.8700000E+04  3.0264893E+04
  4.8899992E+04  2.9784666E+04
  4.9099988E+04  2.9311246E+04
  4.9299988E+04  2.8850705E+04
  4.9499996E+04  2.8399697E+04
  4.9699992E+04  2.7955020E+04
  4.9899988E+04  2.7519568E+04
  5.0099996E+04  2.7093156E+04
  5.0299996E+04  2.6674135E+04
  5.0499996E+04  2.6265322E+04
  5.0699996E+04  2.5862117E+04
  5.0899992E+04  2.5451348E+04
  5.1099992E+04  2.4867291E+04
  5.1299996E+04  2.3475584E+04
  5.1499988E+04  2.4181379E+04
  5.1699996E+04  2.3959406E+04
  5.1899992E+04  2.3603078E+04
  5.2099992E+04  2.3250109E+04
  5.2299996E+04  2.2904596E+04
  5.2499996E+04  2.2565029E+04
  5.2699996E+04  2.2232662E+04
  5.2899992E+04  2.1906016E+04
  5.3099988E+04  2.1584984E+04
  5.3299988E+04  2.1269473E+04
  5.3499992E+04  2.0960695E+04
  5.3699992E+04  2.0655922E+04
  5.3899992E+04  2.0357678E+04
  5.4099992E+04  2.0065848E+04
  5.4299984E+04  1.9777764E+04
  5.4499988E+04  1.9494617E+04
  5.4699996E+04  1.9216332E+04
  5.4899992E+04  1.8945338E+04
  5.5099992E+04  1.8677762E+04
  5.5299988E+04  1.8413553E+04
  5.5499988E+04  1.8155107E+04
  5.5699992E+04  1.7899891E+04
  5.5899992E+04  1.7650266E+04
  5.6099988E+04  1.7406137E+04
  5.6299996E+04  1.7166207E+04
  5.6499988E+04  1.6929242E+04
  5.6699988E+04  1.6696354E+04
  5.6899992E+04  1.6467477E+04
  5.7099996E+04  1.6242548E+04
  5.7299988E+04  1.6021508E+04
  5.7499988E+04  1.5804276E+04
  5.7699988E+04  1.5590801E+04
  5.7899996E+04  1.5381011E+04
  5.8099988E+04  1.5174860E+04
  5.8299996E+04  1.4971163E+04
  5.8499992E+04  1.4806225E+04
  5.8699988E+04  1.4595077E+04
  5.8899988E+04  1.4273512E+04
  5.9099992E+04  1.3512651E+04
  5.9299988E+04  1.3946611E+04
  5.9499996E+04  1.3845559E+04
  5.9699988E+04  1.3672616E+04
  5.9899992E+04  1.3494316E+04
  6.0099992E+04  1.3319127E+04
  6.0299992E+04  1.3146996E+04
  6.0499988E+04  1.2976850E+04
  6.0699992E+04  1.2809676E+04
  6.0899992E+04  1.2645432E+04
  6.1099988E+04  1.2483062E+04
  6.1299992E+04  1.2324539E+04
  6.1499988E+04  1.2167816E+04
  6.1699988E+04  1.2013851E+04
  6.1899996E+04  1.1862596E+04
  6.2099996E+04  1.1713043E+04
  6.2299988E+04  1.1565164E+04
  6.2499992E+04  1.1420859E+04
  6.2699988E+04  1.1278161E+04
  6.2899996E+04  1.1138945E+04
  6.3099984E+04  1.1000325E+04
  6.3299996E+04  1.0864161E+04
  6.3499984E+04  1.0730438E+04
  6.3699984E+04  1.0599100E+04
  6.3900000E+04  1.0469188E+04
  6.4199992E+04  1.0278346E+04
  6.4599984E+04  1.0030486E+04
  6.4999992E+04  9.7897109E+03
  6.5399992E+04  9.5567012E+03
  6.5799992E+04  9.3303574E+03
  6.6199984E+04  9.1096328E+03
  6.6599984E+04  8.8969150E+03
  6.6999992E+04  8.6902900E+03
  6.7399992E+04  8.4887598E+03
  6.7799992E+04  8.2938252E+03
  6.8199992E+04  8.1036768E+03
  6.8599992E+04  7.9188267E+03
  6.8999984E+04  7.7396870E+03
  6.9399984E+04  7.5656226E+03
  6.9800000E+04  7.3964956E+03
  7.0199992E+04  7.2322539E+03
  7.0599984E+04  7.0719282E+03
  7.0999977E+04  6.9168398E+03
  7.1399977E+04  6.7648462E+03
  7.1799984E+04  6.6178452E+03
  7.2199984E+04  6.4740400E+03
  7.2600000E+04  6.3349922E+03
  7.2999984E+04  6.1999434E+03
  7.3400000E+04  6.0677993E+03
  7.3799984E+04  5.9392588E+03
  7.4199992E+04  5.8028628E+03
  7.4599992E+04  5.5305400E+03
  7.5000000E+04  5.4015142E+03
  7.5399992E+04  5.4452798E+03
  7.5799992E+04  5.3457349E+03
  7.6199984E+04  5.2364282E+03
  7.6599992E+04  5.1296172E+03
  7.6999992E+04  5.0255010E+03
  7.7399992E+04  4.9239497E+03
  7.7799984E+04  4.8250879E+03
  7.8199984E+04  4.7286011E+03
  7.8599984E+04  4.6344941E+03
  7.8999984E+04  4.5427100E+03
  7.9399984E+04  4.4531929E+03
  7.9800000E+04  4.3658867E+03
  8.0199992E+04  4.2806846E+03
  8.0599984E+04  4.1975933E+03
  8.0999992E+04  4.1165024E+03
  8.1399977E+04  4.0372561E+03
  8.1799984E+04  3.9600320E+03
  8.2199984E+04  3.8846196E+03
  8.2599992E+04  3.8109192E+03
  8.2999984E+04  3.7390037E+03
  8.3400000E+04  3.6685583E+03
  8.3799992E+04  3.5998235E+03
  8.4199992E+04  3.5330220E+03
  8.4599977E+04  3.4677422E+03
  8.4999977E+04  3.4038430E+03
  8.5399984E+04  3.3413479E+03
  8.5799984E+04  3.2802769E+03
  8.6199992E+04  3.2205984E+03
  8.6599992E+04  3.1623325E+03
  8.6999984E+04  3.1052983E+03
  8.7399992E+04  3.0495674E+03
  8.7799992E+04  2.9951123E+03
  8.8199984E+04  2.9418081E+03
  8.8599977E+04  2.8896785E+03
  8.8999992E+04  2.8387441E+03
  8.9399977E+04  2.7889351E+03
  8.9799977E+04  2.7401787E+03
  9.0199984E+04  2.6924988E+03
  9.0599984E+04  2.6458281E+03
  9.0999992E+04  2.6001909E+03
  9.1400000E+04  2.5555193E+03
  9.1799969E+04  2.5117966E+03
  9.2199969E+04  2.4689988E+03
  9.2599984E+04  2.4271519E+03
  9.3000000E+04  2.3861499E+03
  9.3399984E+04  2.3460205E+03
  9.3799984E+04  2.3067004E+03
  9.4199977E+04  2.2682178E+03
  9.4599984E+04  2.2305540E+03
  9.4999969E+04  2.1936521E+03
  9.5399984E+04  2.1574536E+03
  9.5799984E+04  2.1221111E+03
  9.6199992E+04  2.0874023E+03
  9.6599984E+04  2.0534377E+03
  9.7000000E+04  2.0201602E+03
  9.7399977E+04  1.9875193E+03
  9.7799984E+04  1.9555790E+03
  9.8199977E+04  1.9242489E+03
  9.8599977E+04  1.8935553E+03
  9.8999992E+04  1.8634469E+03
  9.9399984E+04  1.8339525E+03
  9.9799977E+04  1.8050592E+03
  1.0019999E+05  1.7766796E+03
  1.9999991E+05  1.1367929E+02
  3.9999994E+05  7.0670428E+00
  5.9999981E+05  1.3835529E+00
  7.9999994E+05  4.3422025E-01
