  5.0599994E+02  2.8630634E-08
  5.1199994E+02  5.1944802E-08
  5.2000000E+02  9.7390505E-08
  5.2999994E+02  2.0881930E-07
  5.3999994E+02  4.2944473E-07
  5.4999988E+02  8.7225249E-07
  5.5999988E+02  1.7165628E-06
  5.6999988E+02  3.2970238E-06
  5.7999994E+02  6.1536057E-06
  5.8999988E+02  1.1384246E-05
  5.9999988E+02  2.0513122E-05
  6.0999988E+02  3.6301444E-05
  6.1999994E+02  6.3036146E-05
  6.2999988E+02  1.0760007E-04
  6.3999994E+02  1.8055778E-04
  6.4999994E+02  2.9882736E-04
  6.5799994E+02  4.4203253E-04
  6.6499988E+02  6.1751093E-04
  6.7499994E+02  9.8461192E-04
  6.8499988E+02  1.5499670E-03
  6.9499994E+02  2.4076912E-03
  7.0499988E+02  3.6883124E-03
  7.1599988E+02  5.8333613E-03
  7.2599994E+02  8.7336572E-03
  7.3499982E+02  1.2441661E-02
  7.4499994E+02  1.8247992E-02
  7.5499982E+02  2.6498383E-02
  7.6499994E+02  3.8108151E-02
  7.7499994E+02  5.4285314E-02
  7.8499982E+02  7.6645777E-02
  7.9499982E+02  1.0695343E-01
  8.0500000E+02  1.4860614E-01
  8.1499976E+02  2.0466588E-01
  8.2500000E+02  2.7941203E-01
  8.3499994E+02  3.7813523E-01
  8.4499994E+02  5.0906253E-01
  8.5499988E+02  6.7969400E-01
  8.6499994E+02  9.0116847E-01
  8.7499982E+02  1.1861590E+00
  8.8499982E+02  1.5529646E+00
  8.9499988E+02  2.0192921E+00
  9.0499994E+02  2.6062784E+00
  9.1499982E+02  2.2288779E+02
  9.2499988E+02  1.3509777E+03
  9.3499982E+02  2.0419799E+03
  9.4500000E+02  3.1076018E+03
  9.5500000E+02  4.6433550E+03
  9.6499988E+02  5.9926953E+03
  9.7499982E+02  5.6948379E+03
  9.8499976E+02  8.2434961E+03
  9.9499988E+02  8.9028535E+03
  1.0049999E+03  1.1426666E+04
  1.0149997E+03  1.3611362E+04
  1.0249998E+03  1.0509981E+04
  1.0349998E+03  1.7734041E+04
  1.0449998E+03  2.1622332E+04
  1.0549999E+03  2.5078758E+04
  1.0649999E+03  2.6747725E+04
  1.0750000E+03  3.1679965E+04
  1.0849996E+03  3.5461195E+04
  1.0949999E+03  3.7546844E+04
  1.1049999E+03  8.4508662E+05
  1.1149999E+03  2.7298658E+06
  1.1249999E+03  3.3079580E+06
  1.1349996E+03  4.1421722E+06
  1.1449999E+03  3.5094990E+06
  1.1549999E+03  3.9030962E+06
  1.1650000E+03  3.7295102E+06
  1.1749995E+03  2.2769770E+06
  1.1849996E+03  9.3886519E+05
  1.1949998E+03  1.1056714E+05
  1.2049996E+03  1.1332418E+05
  1.2149998E+03  2.6533182E+04
  1.2249996E+03  1.2215635E+05
  1.2349996E+03  3.4953216E+05
  1.2449998E+03  4.3104870E+06
  1.2549996E+03  1.2174867E+07
  1.2650000E+03  9.9417630E+06
  1.2749998E+03  3.8692420E+07
  1.2849995E+03  5.7163944E+07
  1.2949998E+03  5.4294140E+07
  1.3049995E+03  3.1485416E+07
  1.3149998E+03  6.4870708E+07
  1.3249998E+03  7.6641656E+07
  1.3349996E+03  6.0954588E+07
  1.3449995E+03  9.2930424E+07
  1.3549996E+03  9.0201336E+07
  1.3649999E+03  7.6156408E+07
  1.3749999E+03  8.9917776E+07
  1.3849996E+03  9.1438408E+07
  1.3949999E+03  9.8071312E+07
  1.4050001E+03  9.8271848E+07
  1.4149998E+03  8.8038776E+07
  1.4249998E+03  1.0067367E+08
  1.4350000E+03  8.9407144E+07
  1.4419998E+03  1.0118742E+08
  1.4469999E+03  1.1549883E+08
  1.4549994E+03  1.1015360E+08
  1.4650000E+03  9.7592752E+07
  1.4749995E+03  9.2381360E+07
  1.4849996E+03  1.0485268E+08
  1.4949998E+03  1.1261751E+08
  1.5049996E+03  1.1513770E+08
  1.5119995E+03  9.7929656E+07
  1.5169994E+03  1.1060098E+08
  1.5250001E+03  9.3356072E+07
  1.5349994E+03  7.9629272E+07
  1.5449994E+03  1.0795577E+08
  1.5549998E+03  9.2370328E+07
  1.5649999E+03  8.4548736E+07
  1.5750001E+03  9.1708328E+07
  1.5850000E+03  1.0335237E+08
  1.5949996E+03  1.1218365E+08
  1.6049999E+03  1.0211766E+08
  1.6150000E+03  1.0103750E+08
  1.6249996E+03  9.0010792E+07
  1.6350000E+03  9.6044032E+07
  1.6449996E+03  1.0088309E+08
  1.6549999E+03  8.3850192E+07
  1.6649993E+03  9.9316624E+07
  1.6720000E+03  5.9911624E+07
  1.6770001E+03  9.4967920E+07
  1.6849998E+03  1.0852610E+08
  1.6950000E+03  1.0070341E+08
  1.7049995E+03  9.2071416E+07
  1.7150000E+03  8.9530320E+07
  1.7249993E+03  8.8514360E+07
  1.7349994E+03  9.6342632E+07
  1.7449993E+03  9.4218440E+07
  1.7550001E+03  1.0799916E+08
  1.7649998E+03  8.9069472E+07
  1.7749995E+03  1.0019235E+08
  1.7849995E+03  9.7341880E+07
  1.7949999E+03  1.1260278E+08
  1.8050001E+03  1.0646729E+08
  1.8150001E+03  1.0495310E+08
  1.8249994E+03  1.0054967E+08
  1.8349993E+03  9.5784792E+07
  1.8449993E+03  8.6696720E+07
  1.8549998E+03  9.2489984E+07
  1.8650002E+03  9.3223992E+07
  1.8750001E+03  9.9373384E+07
  1.8850000E+03  9.5977608E+07
  1.8950002E+03  9.5960792E+07
  1.9049996E+03  9.1376632E+07
  1.9149999E+03  9.5567424E+07
  1.9249993E+03  9.7081160E+07
  1.9350001E+03  9.4798392E+07
  1.9449993E+03  9.9308352E+07
  1.9550002E+03  9.7180088E+07
  1.9670002E+03  1.0313422E+08
  1.9759990E+03  1.0295925E+08
  1.9839996E+03  9.8541472E+07
  1.9950001E+03  9.4320848E+07
  2.0050002E+03  9.4313848E+07
  2.0149996E+03  8.8622952E+07
  2.0249994E+03  9.0967208E+07
  2.0349995E+03  9.1271648E+07
  2.0449998E+03  9.6137536E+07
  2.0550000E+03  9.0743672E+07
  2.0649993E+03  8.8585952E+07
  2.0739993E+03  9.5841336E+07
  2.0780002E+03  9.6737688E+07
  2.0849993E+03  9.5422032E+07
  2.0950005E+03  9.1448816E+07
  2.1050002E+03  8.7997376E+07
  2.1149990E+03  8.7967400E+07
  2.1250000E+03  8.9769352E+07
  2.1350002E+03  7.5035408E+07
  2.1449998E+03  8.3992760E+07
  2.1550005E+03  8.6849272E+07
  2.1649995E+03  8.1547928E+07
  2.1750002E+03  7.9836120E+07
  2.1849998E+03  7.9580528E+07
  2.1950000E+03  8.5706704E+07
  2.2050000E+03  8.1041344E+07
  2.2149998E+03  7.3590888E+07
  2.2249998E+03  7.0780352E+07
  2.2350005E+03  8.0071920E+07
  2.2449990E+03  7.1286712E+07
  2.2549993E+03  6.8961488E+07
  2.2650000E+03  7.0661144E+07
  2.2750000E+03  7.4660560E+07
  2.2850000E+03  7.7529624E+07
  2.2950002E+03  7.2957240E+07
  2.3050000E+03  7.0727336E+07
  2.3149995E+03  6.6572616E+07
  2.3250000E+03  4.7984872E+07
  2.3349995E+03  6.0254088E+07
  2.3449993E+03  5.5201892E+07
  2.3550000E+03  6.5989796E+07
  2.3649988E+03  5.5312176E+07
  2.3750000E+03  6.0163744E+07
  2.3849990E+03  5.0829168E+07
  2.3950000E+03  5.8002572E+07
  2.4050005E+03  5.4324456E+07
  2.4149993E+03  5.6996144E+07
  2.4249990E+03  6.3089076E+07
  2.4349990E+03  5.9953544E+07
  2.4450000E+03  6.4941740E+07
  2.4549990E+03  6.2094796E+07
  2.4649990E+03  6.1877832E+07
  2.4749993E+03  5.9090340E+07
  2.4850005E+03  6.3026488E+07
  2.4950000E+03  6.0368416E+07
  2.5050005E+03  6.8129840E+07
  2.5129988E+03  5.9167328E+07
  2.5179990E+03  6.0957560E+07
  2.5249998E+03  5.6155792E+07
  2.5350007E+03  5.5575816E+07
  2.5449988E+03  5.5615796E+07
  2.5550000E+03  6.0428244E+07
  2.5649990E+03  5.9282364E+07
  2.5749990E+03  6.4243164E+07
  2.5849993E+03  6.3239668E+07
  2.5949990E+03  6.0728016E+07
  2.6049995E+03  5.7869900E+07
  2.6149998E+03  5.7163704E+07
  2.6249990E+03  6.2212764E+07
  2.6350007E+03  6.2538980E+07
  2.6449995E+03  7.1183784E+07
  2.6549998E+03  6.9841552E+07
  2.6649995E+03  6.3250124E+07
  2.6749988E+03  6.6574108E+07
  2.6849988E+03  6.5206440E+07
  2.6949988E+03  6.2778296E+07
  2.7050000E+03  6.4842956E+07
  2.7150000E+03  6.1110560E+07
  2.7249995E+03  6.2022560E+07
  2.7350007E+03  6.7039300E+07
  2.7450002E+03  5.4792336E+07
  2.7549998E+03  5.5894300E+07
  2.7649983E+03  5.8314360E+07
  2.7750005E+03  6.3075616E+07
  2.7850000E+03  6.1127484E+07
  2.7949993E+03  4.1129472E+07
  2.8049995E+03  4.7544452E+07
  2.8150002E+03  6.4096032E+07
  2.8250007E+03  6.6012772E+07
  2.8350000E+03  6.2848012E+07
  2.8450002E+03  6.0549836E+07
  2.8550005E+03  5.8975540E+07
  2.8650000E+03  6.3186420E+07
  2.8749983E+03  6.0951912E+07
  2.8850000E+03  6.2182128E+07
  2.8949988E+03  5.9573228E+07
  2.9099988E+03  6.6238972E+07
  2.9299983E+03  6.3503476E+07
  2.9499990E+03  6.3212400E+07
  2.9700005E+03  6.3939824E+07
  2.9899980E+03  6.4503300E+07
  3.0099995E+03  6.5715504E+07
  3.0299995E+03  6.4551292E+07
  3.0499995E+03  6.3828976E+07
  3.0699995E+03  6.2996044E+07
  3.0899995E+03  6.3970568E+07
  3.1099995E+03  6.2032568E+07
  3.1299998E+03  6.1723028E+07
  3.1499995E+03  6.2426260E+07
  3.1699995E+03  6.1783496E+07
  3.1899995E+03  5.9482232E+07
  3.2099998E+03  6.0692052E+07
  3.2299993E+03  5.9473352E+07
  3.2499993E+03  5.9763704E+07
  3.2699995E+03  5.9728944E+07
  3.2899995E+03  5.9962104E+07
  3.3099998E+03  6.0092436E+07
  3.3299993E+03  5.8839396E+07
  3.3499995E+03  5.7984500E+07
  3.3699995E+03  5.7888772E+07
  3.3899993E+03  5.7184788E+07
  3.4099993E+03  5.8058140E+07
  3.4299995E+03  5.7732080E+07
  3.4499993E+03  5.7308388E+07
  3.4699998E+03  5.6399360E+07
  3.4899993E+03  5.5989884E+07
  3.5099995E+03  5.6466696E+07
  3.5299995E+03  5.6521004E+07
  3.5499995E+03  5.6334336E+07
  3.5699995E+03  5.5373844E+07
  3.5899995E+03  5.5015820E+07
  3.6099995E+03  5.4725904E+07
  3.6299993E+03  5.4399000E+07
  3.6399993E+03  5.4182972E+07
  3.6499995E+03  5.5495500E+07
  3.6699993E+03  5.1549808E+07
  3.6899995E+03  5.1570780E+07
  3.7099995E+03  6.9007024E+07
  3.7299998E+03  7.5274048E+07
  3.7499993E+03  1.0109442E+08
  3.7699993E+03  1.0416230E+08
  3.7899995E+03  1.2619318E+08
  3.8099993E+03  1.4169958E+08
  3.8299998E+03  1.1194203E+08
  3.8499995E+03  1.4908947E+08
  3.8699995E+03  1.5949826E+08
  3.8899995E+03  1.0134034E+08
  3.9099995E+03  1.5551227E+08
  3.9299993E+03  1.4931610E+08
  3.9499993E+03  1.5389741E+08
  3.9699998E+03  9.4600968E+07
  3.9899995E+03  1.4934344E+08
  4.0099995E+03  1.5174426E+08
  4.0299993E+03  1.4940910E+08
  4.0499993E+03  1.4837349E+08
  4.0699993E+03  1.4413514E+08
  4.0899995E+03  1.2643274E+08
  4.1099995E+03  9.8029864E+07
  4.1299995E+03  1.3646578E+08
  4.1499990E+03  1.3884387E+08
  4.1699990E+03  1.3614816E+08
  4.1899995E+03  1.3488581E+08
  4.2099995E+03  1.3310565E+08
  4.2299995E+03  1.3098038E+08
  4.2499995E+03  1.2854080E+08
  4.2699990E+03  1.2616178E+08
  4.2899995E+03  1.2550400E+08
  4.3100000E+03  1.2095302E+08
  4.3299995E+03  1.0180026E+08
  4.3499995E+03  8.6953720E+07
  4.3699995E+03  1.1804116E+08
  4.3899995E+03  1.1601411E+08
  4.4099995E+03  1.1547756E+08
  4.4299995E+03  1.1436235E+08
  4.4499995E+03  1.1352502E+08
  4.4699995E+03  1.1181002E+08
  4.4899995E+03  1.0928756E+08
  4.5099990E+03  1.0880757E+08
  4.5299995E+03  1.0703561E+08
  4.5499990E+03  1.0418417E+08
  4.5699995E+03  1.0495544E+08
  4.5899990E+03  1.0252465E+08
  4.6099990E+03  1.0327674E+08
  4.6299990E+03  1.0007895E+08
  4.6499990E+03  1.0050226E+08
  4.6699990E+03  9.8879736E+07
  4.6899990E+03  9.7663128E+07
  4.7099995E+03  9.4556448E+07
  4.7299990E+03  9.5388536E+07
  4.7499995E+03  9.4256320E+07
  4.7699995E+03  9.3262256E+07
  4.7899990E+03  9.2012216E+07
  4.8099995E+03  9.0318824E+07
  4.8299995E+03  8.8261104E+07
  4.8499990E+03  7.5106392E+07
  4.8700000E+03  6.0968196E+07
  4.8899990E+03  8.4501496E+07
  4.9099990E+03  8.4922440E+07
  4.9299990E+03  8.3335792E+07
  4.9499995E+03  8.3114208E+07
  4.9699995E+03  8.2449672E+07
  4.9899990E+03  8.1106240E+07
  5.0099995E+03  7.8975544E+07
  5.0299995E+03  7.8759720E+07
  5.0499995E+03  7.7163616E+07
  5.0699995E+03  7.7197968E+07
  5.0899995E+03  7.6313312E+07
  5.1099990E+03  7.5228040E+07
  5.1299995E+03  7.4492288E+07
  5.1499985E+03  7.3184744E+07
  5.1700000E+03  7.1819008E+07
  5.1899990E+03  7.1168672E+07
  5.2099990E+03  7.0781544E+07
  5.2299995E+03  6.9322560E+07
  5.2499995E+03  6.9332560E+07
  5.2699995E+03  6.7662440E+07
  5.2899990E+03  6.7886848E+07
  5.3099995E+03  6.6395696E+07
  5.3299990E+03  6.6044232E+07
  5.3499995E+03  6.5780376E+07
  5.3699995E+03  6.4856264E+07
  5.3899995E+03  6.4120392E+07
  5.4099990E+03  6.3165792E+07
  5.4299990E+03  6.2567176E+07
  5.4499990E+03  6.2136708E+07
  5.4699995E+03  6.1386004E+07
  5.4899995E+03  6.0759572E+07
  5.5099995E+03  6.0047536E+07
  5.5299985E+03  5.9391016E+07
  5.5499990E+03  5.8852436E+07
  5.5699990E+03  5.8158556E+07
  5.5899995E+03  5.7599664E+07
  5.6099990E+03  5.7080776E+07
  5.6299995E+03  5.6429908E+07
  5.6499990E+03  5.5695964E+07
  5.6699990E+03  5.5142032E+07
  5.6899995E+03  5.4623568E+07
  5.7099995E+03  5.4046308E+07
  5.7299990E+03  5.3488404E+07
  5.7499990E+03  5.2879948E+07
  5.7699990E+03  5.2331812E+07
  5.7899995E+03  5.1701188E+07
  5.8099985E+03  5.1201904E+07
  5.8300000E+03  5.0666076E+07
  5.8499990E+03  5.0161736E+07
  5.8699985E+03  4.9503432E+07
  5.8899985E+03  4.8814888E+07
  5.9099995E+03  4.8579956E+07
  5.9299985E+03  4.8100712E+07
  5.9499995E+03  4.7425640E+07
  5.9699990E+03  4.7047116E+07
  5.9899990E+03  4.6423724E+07
  6.0099990E+03  4.6093356E+07
  6.0299995E+03  4.5661692E+07
  6.0499990E+03  4.5149308E+07
  6.0699990E+03  4.4713220E+07
  6.0899995E+03  4.4259512E+07
  6.1099985E+03  4.3801728E+07
  6.1299995E+03  4.3343916E+07
  6.1499985E+03  4.2400104E+07
  6.1699985E+03  4.2475992E+07
  6.1900000E+03  4.2083944E+07
  6.2099995E+03  4.1666780E+07
  6.2299985E+03  4.1212368E+07
  6.2499990E+03  4.0454268E+07
  6.2699985E+03  4.0439052E+07
  6.2900000E+03  4.0035636E+07
  6.3099985E+03  3.9550452E+07
  6.3299995E+03  3.9234156E+07
  6.3499985E+03  3.8410952E+07
  6.3699985E+03  3.8150632E+07
  6.3899995E+03  3.8052424E+07
  6.4099990E+03  3.7642044E+07
  6.4299985E+03  3.7326248E+07
  6.4499985E+03  3.6703920E+07
  6.4699990E+03  3.6634844E+07
  6.4899990E+03  3.6105292E+07
  6.5099985E+03  3.5707784E+07
  6.5299990E+03  3.5072372E+07
  6.5499985E+03  3.1762290E+07
  6.5699985E+03  2.5590684E+07
  6.5899995E+03  3.3609044E+07
  6.6099985E+03  3.4019036E+07
  6.6299990E+03  3.3814096E+07
  6.6499985E+03  3.3584604E+07
  6.6699995E+03  3.3258166E+07
  6.6899990E+03  3.2955234E+07
  6.7099995E+03  3.2673720E+07
  6.7299990E+03  3.2309304E+07
  6.7499995E+03  3.2057760E+07
  6.7699985E+03  3.1770004E+07
  6.7899995E+03  3.1467078E+07
  6.8099995E+03  3.1179356E+07
  6.8300000E+03  3.0871838E+07
  6.8499985E+03  3.0590678E+07
  6.8699985E+03  3.0320230E+07
  6.8899985E+03  3.0048438E+07
  6.9099990E+03  2.9765862E+07
  6.9299995E+03  2.9482904E+07
  6.9499990E+03  2.9222992E+07
  6.9699985E+03  2.8960146E+07
  6.9899985E+03  2.8716014E+07
  7.0099985E+03  2.8382194E+07
  7.0299985E+03  2.8188154E+07
  7.0499990E+03  2.7907166E+07
  7.0699980E+03  2.7677152E+07
  7.0899990E+03  2.7448518E+07
  7.1099990E+03  2.7078942E+07
  7.1299995E+03  2.6927238E+07
  7.1499990E+03  2.6686168E+07
  7.1699995E+03  2.6470076E+07
  7.1899985E+03  2.6231934E+07
  7.2099985E+03  2.6009060E+07
  7.2299980E+03  2.5743570E+07
  7.2499990E+03  2.5525034E+07
  7.2699995E+03  2.5330612E+07
  7.2899990E+03  2.5094700E+07
  7.3099980E+03  2.4851824E+07
  7.3299980E+03  2.4669412E+07
  7.3499980E+03  2.4466300E+07
  7.3699985E+03  2.4260862E+07
  7.3899995E+03  2.4040730E+07
  7.4099985E+03  2.3773912E+07
  7.4299995E+03  2.3546456E+07
  7.4500000E+03  2.3371328E+07
  7.4700000E+03  2.3117394E+07
  7.4899990E+03  2.2984038E+07
  7.5099985E+03  2.2786972E+07
  7.5299995E+03  2.2634852E+07
  7.5499980E+03  2.2452974E+07
  7.5699985E+03  2.2258886E+07
  7.5899990E+03  2.2072410E+07
  7.6099980E+03  2.1894750E+07
  7.6299995E+03  2.1703102E+07
  7.6499995E+03  2.1502222E+07
  7.6699980E+03  2.1328122E+07
  7.6899990E+03  2.1157436E+07
  7.7099995E+03  2.0938804E+07
  7.7299985E+03  2.0812946E+07
  7.7499990E+03  2.0639800E+07
  7.7700000E+03  2.0067542E+07
  7.7900000E+03  2.0301108E+07
  7.8099995E+03  2.0139830E+07
  7.8299980E+03  1.9962118E+07
  7.8499980E+03  1.9767604E+07
  7.8699995E+03  1.9547426E+07
  7.8900000E+03  1.9368566E+07
  7.9099995E+03  1.9300250E+07
  7.9300000E+03  1.9165278E+07
  7.9499985E+03  1.8915192E+07
  7.9699990E+03  1.8863670E+07
  7.9900000E+03  1.8490810E+07
  8.0099980E+03  1.8557134E+07
  8.0299985E+03  1.8404046E+07
  8.0500000E+03  1.8261544E+07
  8.0699985E+03  1.8108672E+07
  8.0899990E+03  1.7966862E+07
  8.1099995E+03  1.7819930E+07
  8.1299976E+03  1.7688484E+07
  8.1499976E+03  1.7548460E+07
  8.1699980E+03  1.7410724E+07
  8.1899985E+03  1.7199418E+07
  8.2099990E+03  1.7149258E+07
  8.2300000E+03  1.6995364E+07
  8.2500000E+03  1.6943506E+07
  8.2700000E+03  1.6890848E+07
  8.2899980E+03  1.6677343E+07
  8.3099990E+03  1.6467319E+07
  8.3299980E+03  1.6043583E+07
  8.3500000E+03  1.5738250E+07
  8.3699990E+03  1.5434051E+07
  8.3899990E+03  1.5219265E+07
  8.4099971E+03  1.5056421E+07
  8.4300000E+03  1.5311078E+07
  8.4499990E+03  1.5287230E+07
  8.4699980E+03  1.4309276E+07
  8.4899980E+03  1.6185184E+07
  8.5099990E+03  1.4159464E+07
  8.5299990E+03  1.6649368E+07
  8.5499990E+03  1.3443398E+07
  8.5699990E+03  1.7051884E+07
  8.5900000E+03  1.5006398E+07
  8.6099980E+03  1.4433154E+07
  8.6299990E+03  1.7114046E+07
  8.6499990E+03  1.6146820E+07
  8.6699990E+03  1.2692438E+07
  8.6899990E+03  1.6365189E+07
  8.7099971E+03  1.6884048E+07
  8.7299990E+03  1.6230889E+07
  8.7499980E+03  1.2393015E+07
  8.7699980E+03  1.5432204E+07
  8.7899980E+03  1.6468890E+07
  8.8099990E+03  1.6402934E+07
  8.8299980E+03  1.6058617E+07
  8.8499980E+03  1.4587844E+07
  8.8699980E+03  1.2049904E+07
  8.8899990E+03  1.5464094E+07
  8.9099971E+03  1.5724564E+07
  8.9299980E+03  1.5659402E+07
  8.9499980E+03  1.5644051E+07
  8.9699990E+03  1.5458712E+07
  8.9899990E+03  1.4978875E+07
  9.0099980E+03  1.1875109E+07
  9.0299990E+03  1.3154096E+07
  9.0499990E+03  1.4803458E+07
  9.0699980E+03  1.4689704E+07
  9.0899990E+03  1.4557653E+07
  9.1099980E+03  1.4647236E+07
  9.1299980E+03  1.4594434E+07
  9.1499980E+03  1.4517653E+07
  9.1699980E+03  1.4349113E+07
  9.1899990E+03  1.4081083E+07
  9.2099990E+03  1.3385768E+07
  9.2299980E+03  1.0270372E+07
  9.2499980E+03  1.2888512E+07
  9.2699971E+03  1.3361677E+07
  9.2899990E+03  1.3711910E+07
  9.3099980E+03  1.3669578E+07
  9.3299990E+03  1.3576411E+07
  9.3499980E+03  1.3496417E+07
  9.3699990E+03  1.3401530E+07
  9.3900000E+03  1.3215464E+07
  9.4099980E+03  1.3013846E+07
  9.4299971E+03  1.3086225E+07
  9.4499990E+03  1.3002201E+07
  9.4700000E+03  1.2869622E+07
  9.4899980E+03  1.2746835E+07
  9.5100000E+03  1.2540813E+07
  9.5300000E+03  1.1720419E+07
  9.5500000E+03  9.2772090E+06
  9.5699990E+03  1.1772383E+07
  9.5899980E+03  1.2219810E+07
  9.6099980E+03  1.2175527E+07
  9.6299990E+03  1.1992164E+07
  9.6499990E+03  1.2086529E+07
  9.6699980E+03  1.1927809E+07
  9.6899980E+03  1.1904701E+07
  9.7100000E+03  1.1841321E+07
  9.7299990E+03  1.1750115E+07
  9.7499980E+03  1.1663123E+07
  9.7699961E+03  1.1586614E+07
  9.7899980E+03  1.1500404E+07
  9.8099980E+03  1.1410889E+07
  9.8299990E+03  1.1309139E+07
  9.8499980E+03  1.1230258E+07
  9.8700000E+03  1.1155008E+07
  9.8899980E+03  1.1027902E+07
  9.9099990E+03  1.1007601E+07
  9.9300000E+03  1.0914397E+07
  9.9499980E+03  1.0848499E+07
  9.9699980E+03  1.0762949E+07
  9.9899990E+03  1.0662517E+07
  1.0024998E+04  9.8804690E+06
  1.0074998E+04  9.3680730E+06
  1.0124997E+04  1.0109610E+07
  1.0174997E+04  1.0027600E+07
  1.0224998E+04  9.8739180E+06
  1.0274997E+04  9.7041910E+06
  1.0325000E+04  9.5326800E+06
  1.0374999E+04  9.3745230E+06
  1.0425000E+04  9.2213780E+06
  1.0474998E+04  9.0446340E+06
  1.0524997E+04  8.8868070E+06
  1.0574999E+04  8.7554660E+06
  1.0625000E+04  8.6198600E+06
  1.0674997E+04  8.3958260E+06
  1.0724998E+04  8.3029870E+06
  1.0774999E+04  8.1917110E+06
  1.0824997E+04  8.0554505E+06
  1.0874997E+04  7.8856655E+06
  1.0924999E+04  6.8159120E+06
  1.0974996E+04  7.3873120E+06
  1.1025000E+04  7.5485695E+06
  1.1074998E+04  7.4483155E+06
  1.1124999E+04  7.3294635E+06
  1.1174998E+04  7.2142465E+06
  1.1224999E+04  7.1016815E+06
  1.1274997E+04  6.9164470E+06
  1.1325000E+04  6.8190820E+06
  1.1375000E+04  6.7697480E+06
  1.1425000E+04  6.6615585E+06
  1.1474997E+04  6.5673000E+06
  1.1525000E+04  6.4676095E+06
  1.1574998E+04  6.3677110E+06
  1.1625000E+04  6.2483755E+06
  1.1674998E+04  6.1408005E+06
  1.1724997E+04  6.0819635E+06
  1.1775001E+04  5.9396650E+06
  1.1824999E+04  5.8849625E+06
  1.1875000E+04  5.7868860E+06
  1.1925000E+04  5.7278630E+06
  1.1975001E+04  5.6270625E+06
  1.2024998E+04  5.5566590E+06
  1.2074996E+04  5.4693975E+06
  1.2125000E+04  5.3908090E+06
  1.2175000E+04  5.3158700E+06
  1.2225001E+04  5.2371835E+06
  1.2275001E+04  5.1568505E+06
  1.2324996E+04  5.0848420E+06
  1.2374996E+04  5.0128390E+06
  1.2424998E+04  4.9454870E+06
  1.2475000E+04  4.8589590E+06
  1.2524997E+04  4.8043945E+06
  1.2574997E+04  4.7217135E+06
  1.2624999E+04  4.6631135E+06
  1.2674997E+04  4.6036520E+06
  1.2724999E+04  4.5310160E+06
  1.2774999E+04  4.4009735E+06
  1.2825000E+04  3.8490840E+06
  1.2875001E+04  4.3031010E+06
  1.2924997E+04  4.2865630E+06
  1.2975001E+04  4.2334465E+06
  1.3024998E+04  4.1759152E+06
  1.3074999E+04  4.1189155E+06
  1.3125000E+04  4.0626618E+06
  1.3174998E+04  3.9967252E+06
  1.3224998E+04  3.9532062E+06
  1.3274997E+04  3.8999680E+06
  1.3324997E+04  3.8476275E+06
  1.3374999E+04  3.7959585E+06
  1.3424999E+04  3.7443248E+06
  1.3474999E+04  3.6927290E+06
  1.3525001E+04  3.6405552E+06
  1.3574999E+04  3.5947752E+06
  1.3624997E+04  3.5483500E+06
  1.3674997E+04  3.4986778E+06
  1.3724995E+04  3.4500358E+06
  1.3774998E+04  3.4123268E+06
  1.3824998E+04  3.3681758E+06
  1.3874996E+04  3.3255502E+06
  1.3925000E+04  3.2803380E+06
  1.3974996E+04  3.2397410E+06
  1.4024997E+04  3.1986785E+06
  1.4075001E+04  3.1579252E+06
  1.4124996E+04  3.1169162E+06
  1.4175000E+04  3.0779025E+06
  1.4225000E+04  3.0388025E+06
  1.4274994E+04  3.0003615E+06
  1.4325001E+04  2.9625602E+06
  1.4374998E+04  2.9255798E+06
  1.4424999E+04  2.8731062E+06
  1.4475000E+04  2.8525720E+06
  1.4524997E+04  2.8083258E+06
  1.4569999E+04  2.7858580E+06
  1.4620000E+04  2.8220022E+06
  1.4674998E+04  2.8617672E+06
  1.4725000E+04  2.7923250E+06
  1.4775002E+04  2.7149538E+06
  1.4824998E+04  2.6577625E+06
  1.4874996E+04  2.5977005E+06
  1.4924997E+04  2.5546175E+06
  1.4974999E+04  2.4915552E+06
  1.5024999E+04  2.4523042E+06
  1.5075000E+04  2.4150100E+06
  1.5124999E+04  2.3809548E+06
  1.5175000E+04  2.3553112E+06
  1.5225002E+04  2.3541680E+06
  1.5274998E+04  2.2845312E+06
  1.5324995E+04  2.2688470E+06
  1.5374997E+04  2.2901312E+06
  1.5425001E+04  2.1913885E+06
  1.5474996E+04  2.2499320E+06
  1.5524994E+04  2.2353070E+06
  1.5575001E+04  2.0864846E+06
  1.5624998E+04  2.2473690E+06
  1.5674997E+04  2.1263392E+06
  1.5724994E+04  2.0287404E+06
  1.5774996E+04  2.1787948E+06
  1.5825001E+04  2.1469950E+06
  1.5874995E+04  1.9011891E+06
  1.5925002E+04  2.0577244E+06
  1.5975001E+04  2.0952031E+06
  1.6049998E+04  2.0238970E+06
  1.6150001E+04  1.8892800E+06
  1.6249997E+04  1.9699624E+06
  1.6350000E+04  1.8850569E+06
  1.6449996E+04  1.7665645E+06
  1.6549998E+04  1.8432108E+06
  1.6649994E+04  1.8034709E+06
  1.6749998E+04  1.7219784E+06
  1.6849998E+04  1.6150870E+06
  1.6950000E+04  1.6864326E+06
  1.7049996E+04  1.6510282E+06
  1.7150000E+04  1.6163311E+06
  1.7249992E+04  1.5758705E+06
  1.7349994E+04  1.4269740E+06
  1.7449992E+04  1.4991265E+06
  1.7550000E+04  1.4808666E+06
  1.7649998E+04  1.4502269E+06
  1.7749994E+04  1.4208994E+06
  1.7849994E+04  1.3914261E+06
  1.7949998E+04  1.3638054E+06
  1.8050002E+04  1.3295402E+06
  1.8150002E+04  1.2169220E+06
  1.8249994E+04  1.2600664E+06
  1.8349992E+04  1.2554329E+06
  1.8449992E+04  1.2306828E+06
  1.8549998E+04  1.2046392E+06
  1.8650002E+04  1.1773496E+06
  1.8750002E+04  1.0740606E+06
  1.8850000E+04  1.1287491E+06
  1.8950004E+04  1.1126708E+06
  1.9049996E+04  1.0920930E+06
  1.9149998E+04  1.0708548E+06
  1.9249992E+04  1.0499988E+06
  1.9350000E+04  1.0247851E+06
  1.9449992E+04  9.3504519E+05
  1.9550002E+04  9.8598500E+05
  1.9649992E+04  9.7224888E+05
  1.9749992E+04  9.5366838E+05
  1.9849992E+04  9.3604281E+05
  1.9950002E+04  9.1855056E+05
  2.0050002E+04  9.0152938E+05
  2.0149996E+04  8.8483781E+05
  2.0249994E+04  8.6851331E+05
  2.0349994E+04  8.5254794E+05
  2.0449996E+04  8.3705969E+05
  2.0550000E+04  8.2184944E+05
  2.0649992E+04  8.0683281E+05
  2.0749998E+04  7.9239831E+05
  2.0849992E+04  7.7823850E+05
  2.0950004E+04  7.6434538E+05
  2.1050002E+04  7.5070694E+05
  2.1149992E+04  7.3689638E+05
  2.1250000E+04  7.2394475E+05
  2.1350002E+04  7.1121975E+05
  2.1449996E+04  6.9922462E+05
  2.1550006E+04  6.8433744E+05
  2.1649994E+04  6.2791756E+05
  2.1750002E+04  6.5827175E+05
  2.1849998E+04  6.5222888E+05
  2.1950002E+04  6.4126369E+05
  2.2050000E+04  6.3030006E+05
  2.2149996E+04  6.1933900E+05
  2.2249998E+04  6.0926412E+05
  2.2350004E+04  5.9902731E+05
  2.2449990E+04  5.8903162E+05
  2.2549994E+04  5.7914388E+05
  2.2650000E+04  5.6962762E+05
  2.2750000E+04  5.6021988E+05
  2.2850000E+04  5.5389850E+05
  2.2950004E+04  5.5346644E+05
  2.3050000E+04  5.4242775E+05
  2.3149996E+04  5.3139006E+05
  2.3250000E+04  5.2075144E+05
  2.3349996E+04  5.1059328E+05
  2.3449994E+04  5.0091106E+05
  2.3550002E+04  4.9157797E+05
  2.3649988E+04  4.8272200E+05
  2.3750000E+04  4.7326178E+05
  2.3849990E+04  4.6543406E+05
  2.3950002E+04  4.5800175E+05
  2.4050006E+04  4.5009088E+05
  2.4149992E+04  4.4197266E+05
  2.4249990E+04  4.3820700E+05
  2.4349990E+04  4.2930341E+05
  2.4450002E+04  4.2150678E+05
  2.4549990E+04  4.1929300E+05
  2.4649992E+04  4.0963575E+05
  2.4749992E+04  4.0387219E+05
  2.4850006E+04  4.0483728E+05
  2.4950000E+04  3.8326147E+05
  2.5050006E+04  3.9663356E+05
  2.5149994E+04  3.8816731E+05
  2.5249998E+04  3.6426369E+05
  2.5350004E+04  3.7484956E+05
  2.5449988E+04  3.7238119E+05
  2.5549998E+04  3.6379875E+05
  2.5649990E+04  3.4083494E+05
  2.5749990E+04  3.5435156E+05
  2.5849994E+04  3.5138966E+05
  2.5949990E+04  3.4586719E+05
  2.6049996E+04  3.3561100E+05
  2.6149998E+04  3.1559588E+05
  2.6249988E+04  3.0652600E+05
  2.6350008E+04  3.2312350E+05
  2.6449996E+04  3.2168672E+05
  2.6549994E+04  3.1733334E+05
  2.6649994E+04  3.1039453E+05
  2.6749988E+04  2.8787706E+05
  2.6849986E+04  3.0165425E+05
  2.6949986E+04  2.9995406E+05
  2.7050002E+04  2.9583503E+05
  2.7149998E+04  2.9172797E+05
  2.7249994E+04  2.8765278E+05
  2.7350006E+04  2.8362897E+05
  2.7450004E+04  2.7860644E+05
  2.7549996E+04  2.5941388E+05
  2.7649982E+04  2.6556834E+05
  2.7750004E+04  2.6793809E+05
  2.7850000E+04  2.6465259E+05
  2.7949992E+04  2.6105042E+05
  2.8049994E+04  2.5750214E+05
  2.8150002E+04  2.5400702E+05
  2.8250006E+04  2.5057380E+05
  2.8350000E+04  2.4722030E+05
  2.8450000E+04  2.4385172E+05
  2.8550002E+04  2.4034853E+05
  2.8650002E+04  2.3373970E+05
  2.8749982E+04  2.1883073E+05
  2.8849998E+04  2.2995348E+05
  2.8949986E+04  2.2793178E+05
  2.9049994E+04  2.2515534E+05
  2.9149986E+04  2.2208811E+05
  2.9249984E+04  2.1929523E+05
  2.9349980E+04  2.1644773E+05
  2.9450000E+04  2.1365083E+05
  2.9550004E+04  2.1089992E+05
  2.9649982E+04  2.0817730E+05
  2.9749992E+04  2.0551155E+05
  2.9849994E+04  2.0288111E+05
  2.9949984E+04  2.0028975E+05
  3.0049996E+04  1.9773219E+05
  3.0149994E+04  1.9521670E+05
  3.0249994E+04  1.9209197E+05
  3.0349996E+04  1.8057473E+05
  3.0449996E+04  1.8223886E+05
  3.0549996E+04  1.8516102E+05
  3.0649996E+04  1.8328103E+05
  3.0749994E+04  1.8099927E+05
  3.0849996E+04  1.7864811E+05
  3.0949994E+04  1.7654378E+05
  3.1049996E+04  1.7436512E+05
  3.1149996E+04  1.7220688E+05
  3.1249996E+04  1.7008422E+05
  3.1349996E+04  1.6804256E+05
  3.1449996E+04  1.6596248E+05
  3.1549998E+04  1.6399619E+05
  3.1649996E+04  1.6201002E+05
  3.1749998E+04  1.6004183E+05
  3.1849996E+04  1.5813972E+05
  3.1949994E+04  1.5623612E+05
  3.2099996E+04  1.5344486E+05
  3.2299992E+04  1.4983169E+05
  3.2499994E+04  1.4631334E+05
  3.2699996E+04  1.4283084E+05
  3.2899996E+04  1.3405852E+05
  3.3099996E+04  1.3606077E+05
  3.3299992E+04  1.3419352E+05
  3.3499996E+04  1.3090405E+05
  3.3699996E+04  1.2766976E+05
  3.3899996E+04  1.2463686E+05
  3.4099996E+04  1.2169527E+05
  3.4299996E+04  1.1881043E+05
  3.4499992E+04  1.1611073E+05
  3.4699996E+04  1.1338068E+05
  3.4899996E+04  1.1080130E+05
  3.5099996E+04  1.0838939E+05
  3.5299996E+04  1.0607929E+05
  3.5499996E+04  1.0365578E+05
  3.5699992E+04  1.0127389E+05
  3.5899992E+04  9.9739391E+04
  3.6099996E+04  9.6833422E+04
  3.6299992E+04  9.5683570E+04
  3.6499992E+04  9.2615984E+04
  3.6699992E+04  9.1953328E+04
  3.6899992E+04  8.8444203E+04
  3.7099996E+04  8.8054289E+04
  3.7299996E+04  8.4848828E+04
  3.7499992E+04  8.1184148E+04
  3.7699996E+04  8.2898820E+04
  3.7899996E+04  8.1443961E+04
  3.8099992E+04  7.8382594E+04
  3.8299996E+04  7.7085828E+04
  3.8499996E+04  7.6668266E+04
  3.8699996E+04  7.5128273E+04
  3.8899992E+04  7.3314602E+04
  3.9099996E+04  6.9954398E+04
  3.9299992E+04  7.0688234E+04
  3.9499992E+04  6.9397133E+04
  3.9699992E+04  6.8078195E+04
  3.9900000E+04  6.6744273E+04
  4.0099996E+04  6.4400336E+04
  4.0299992E+04  6.2674812E+04
  4.0499996E+04  6.0782590E+04
  4.0699992E+04  6.1667254E+04
  4.0899992E+04  6.0635477E+04
  4.1099996E+04  5.9507059E+04
  4.1299996E+04  5.8393195E+04
  4.1499992E+04  5.7168941E+04
  4.1699992E+04  5.4167211E+04
  4.1899996E+04  5.5035418E+04
  4.2099996E+04  5.4192797E+04
  4.2299992E+04  5.3212039E+04
  4.2499996E+04  5.2245184E+04
  4.2699992E+04  5.1302359E+04
  4.2899992E+04  5.0376832E+04
  4.3099996E+04  4.9474344E+04
  4.3299996E+04  4.8592379E+04
  4.3499992E+04  4.7684688E+04
  4.3699996E+04  4.5310000E+04
  4.3899996E+04  4.5607688E+04
  4.4099992E+04  4.5247262E+04
  4.4299992E+04  4.4461457E+04
  4.4499996E+04  4.3687910E+04
  4.4699996E+04  4.3120609E+04
  4.4899996E+04  4.2376656E+04
  4.5099992E+04  4.1649734E+04
  4.5299992E+04  4.0933965E+04
  4.5499996E+04  4.0240059E+04
  4.5699992E+04  3.9556719E+04
  4.5899996E+04  3.8887297E+04
  4.6099996E+04  3.8236844E+04
  4.6299992E+04  3.7506535E+04
  4.6499988E+04  3.5562500E+04
  4.6699992E+04  3.4773133E+04
  4.6899992E+04  3.5535656E+04
  4.7099992E+04  3.5166582E+04
  4.7299992E+04  3.4590293E+04
  4.7499996E+04  3.4020770E+04
  4.7699992E+04  3.3469504E+04
  4.7899992E+04  3.2929523E+04
  4.8099996E+04  3.2398967E+04
  4.8299992E+04  3.1877680E+04
  4.8499992E+04  3.1367066E+04
  4.8700000E+04  3.0866918E+04
  4.8899992E+04  3.0377051E+04
  4.9099988E+04  2.9897252E+04
  4.9299988E+04  2.9425768E+04
  4.9499996E+04  2.8963973E+04
  4.9699992E+04  2.8511711E+04
  4.9899988E+04  2.8067268E+04
  5.0099996E+04  2.7631986E+04
  5.0299996E+04  2.7204219E+04
  5.0499996E+04  2.6786787E+04
  5.0699996E+04  2.6376547E+04
  5.0899992E+04  2.5973371E+04
  5.1099992E+04  2.5455938E+04
  5.1299996E+04  2.4156988E+04
  5.1499988E+04  2.4738184E+04
  5.1699996E+04  2.4437213E+04
  5.1899992E+04  2.4071613E+04
  5.2099992E+04  2.3712281E+04
  5.2299996E+04  2.3359105E+04
  5.2499996E+04  2.3013352E+04
  5.2699996E+04  2.2673516E+04
  5.2899992E+04  2.2340852E+04
  5.3099988E+04  2.2012543E+04
  5.3299988E+04  2.1691174E+04
  5.3499992E+04  2.1376617E+04
  5.3699992E+04  2.1066139E+04
  5.3899992E+04  2.0762266E+04
  5.4099992E+04  2.0463590E+04
  5.4299984E+04  2.0170021E+04
  5.4499988E+04  1.9881465E+04
  5.4699996E+04  1.9597840E+04
  5.4899992E+04  1.9320320E+04
  5.5099992E+04  1.9047543E+04
  5.5299988E+04  1.8778203E+04
  5.5499988E+04  1.8514689E+04
  5.5699992E+04  1.8255678E+04
  5.5899992E+04  1.7999896E+04
  5.6099988E+04  1.7750885E+04
  5.6299996E+04  1.7506131E+04
  5.6499988E+04  1.7264404E+04
  5.6699988E+04  1.7026812E+04
  5.6899992E+04  1.6793289E+04
  5.7099996E+04  1.6563771E+04
  5.7299988E+04  1.6338196E+04
  5.7499988E+04  1.6116488E+04
  5.7699988E+04  1.5898588E+04
  5.7899996E+04  1.5684428E+04
  5.8099988E+04  1.5473959E+04
  5.8299996E+04  1.5267106E+04
  5.8499992E+04  1.5099048E+04
  5.8699988E+04  1.4897933E+04
  5.8899988E+04  1.4612322E+04
  5.9099992E+04  1.3910653E+04
  5.9299988E+04  1.4265868E+04
  5.9499996E+04  1.4126490E+04
  5.9699988E+04  1.3942158E+04
  5.9899992E+04  1.3759961E+04
  6.0099992E+04  1.3581963E+04
  6.0299992E+04  1.3406021E+04
  6.0499988E+04  1.3232105E+04
  6.0699992E+04  1.3062229E+04
  6.0899992E+04  1.2894297E+04
  6.1099988E+04  1.2729292E+04
  6.1299992E+04  1.2567161E+04
  6.1499988E+04  1.2407865E+04
  6.1699988E+04  1.2250367E+04
  6.1899996E+04  1.2095621E+04
  6.2099996E+04  1.1943590E+04
  6.2299988E+04  1.1793264E+04
  6.2499992E+04  1.1645574E+04
  6.2699988E+04  1.1500486E+04
  6.2899996E+04  1.1357953E+04
  6.3099984E+04  1.1217000E+04
  6.3299996E+04  1.1077591E+04
  6.3499984E+04  1.0941590E+04
  6.3699984E+04  1.0807070E+04
  6.3900000E+04  1.0674938E+04
  6.4199992E+04  1.0480348E+04
  6.4599984E+04  1.0227287E+04
  6.4999992E+04  9.9823125E+03
  6.5399992E+04  9.7443135E+03
  6.5799992E+04  9.5130850E+03
  6.6199984E+04  9.2884385E+03
  6.6599984E+04  9.0718809E+03
  6.6999992E+04  8.8606553E+03
  6.7399992E+04  8.6554502E+03
  6.7799992E+04  8.4560967E+03
  6.8199992E+04  8.2624287E+03
  6.8599992E+04  8.0742930E+03
  6.8999984E+04  7.8917720E+03
  6.9399984E+04  7.7141616E+03
  6.9800000E+04  7.5416348E+03
  7.0199992E+04  7.3739092E+03
  7.0599984E+04  7.2106992E+03
  7.0999977E+04  7.0521831E+03
  7.1399977E+04  6.8972729E+03
  7.1799984E+04  6.7474116E+03
  7.2199984E+04  6.6011636E+03
  7.2600000E+04  6.4590747E+03
  7.2999984E+04  6.3211855E+03
  7.3400000E+04  6.1865342E+03
  7.3799984E+04  6.0553960E+03
  7.4199992E+04  5.9237041E+03
  7.4599992E+04  5.6892847E+03
  7.5000000E+04  5.5469834E+03
  7.5399992E+04  5.5589922E+03
  7.5799992E+04  5.4504487E+03
  7.6199984E+04  5.3387466E+03
  7.6599992E+04  5.2297788E+03
  7.6999992E+04  5.1236074E+03
  7.7399992E+04  5.0200391E+03
  7.7799984E+04  4.9192583E+03
  7.8199984E+04  4.8208862E+03
  7.8599984E+04  4.7249282E+03
  7.8999984E+04  4.6313247E+03
  7.9399984E+04  4.5400806E+03
  7.9800000E+04  4.4510181E+03
  8.0199992E+04  4.3641489E+03
  8.0599984E+04  4.2794189E+03
  8.0999992E+04  4.1967178E+03
  8.1399977E+04  4.1159463E+03
  8.1799984E+04  4.0371667E+03
  8.2199984E+04  3.9602246E+03
  8.2599992E+04  3.8851309E+03
  8.2999984E+04  3.8117915E+03
  8.3400000E+04  3.7401079E+03
  8.3799992E+04  3.6701008E+03
  8.4199992E+04  3.6018889E+03
  8.4599977E+04  3.5352231E+03
  8.4999977E+04  3.4700129E+03
  8.5399984E+04  3.4063306E+03
  8.5799984E+04  3.3440923E+03
  8.6199992E+04  3.2832654E+03
  8.6599992E+04  3.2238186E+03
  8.6999984E+04  3.1656733E+03
  8.7399992E+04  3.1088481E+03
  8.7799992E+04  3.0533167E+03
  8.8199984E+04  2.9990017E+03
  8.8599977E+04  2.9458770E+03
  8.8999992E+04  2.8939150E+03
  8.9399977E+04  2.8431423E+03
  8.9799977E+04  2.7934365E+03
  9.0199984E+04  2.7448228E+03
  9.0599984E+04  2.6972322E+03
  9.0999992E+04  2.6506885E+03
  9.1400000E+04  2.6051704E+03
  9.1799969E+04  2.5605688E+03
  9.2199969E+04  2.5169500E+03
  9.2599984E+04  2.4742502E+03
  9.3000000E+04  2.4324519E+03
  9.3399984E+04  2.3915383E+03
  9.3799984E+04  2.3514458E+03
  9.4199977E+04  2.3122437E+03
  9.4599984E+04  2.2738293E+03
  9.4999969E+04  2.2361882E+03
  9.5399984E+04  2.1993027E+03
  9.5799984E+04  2.1632424E+03
  9.6199992E+04  2.1278667E+03
  9.6599984E+04  2.0932446E+03
  9.7000000E+04  2.0592788E+03
  9.7399977E+04  2.0260394E+03
  9.7799984E+04  1.9934696E+03
  9.8199977E+04  1.9615189E+03
  9.8599977E+04  1.9302134E+03
  9.8999992E+04  1.8995402E+03
  9.9399984E+04  1.8694509E+03
  9.9799977E+04  1.8399712E+03
  1.0019999E+05  1.8110885E+03
  1.9999991E+05  1.1582667E+02
  3.9999994E+05  7.1965442E+00
  5.9999981E+05  1.4085637E+00
  7.9999994E+05  4.4192559E-01
