  5.0599994E+02  4.4842594E-08
  5.1199994E+02  7.9875278E-08
  5.2000000E+02  1.4810178E-07
  5.2999994E+02  3.1343009E-07
  5.3999994E+02  6.3708717E-07
  5.4999988E+02  1.2767830E-06
  5.5999988E+02  2.4849253E-06
  5.6999988E+02  4.7242961E-06
  5.7999994E+02  8.7413491E-06
  5.8999988E+02  1.6017384E-05
  5.9999988E+02  2.8628585E-05
  6.0999988E+02  5.0277329E-05
  6.1999994E+02  8.6705440E-05
  6.2999988E+02  1.4706736E-04
  6.3999994E+02  2.4539154E-04
  6.4999994E+02  4.0381329E-04
  6.5799994E+02  5.9488753E-04
  6.6499988E+02  8.2830602E-04
  6.7499994E+02  1.3149381E-03
  6.8499988E+02  2.0609223E-03
  6.9499994E+02  3.1888841E-03
  7.0499988E+02  4.8676478E-03
  7.1599988E+02  7.6690549E-03
  7.2599994E+02  1.1444744E-02
  7.3499982E+02  1.6259030E-02
  7.4499994E+02  2.3777913E-02
  7.5499982E+02  3.4433886E-02
  7.6499994E+02  4.9389705E-02
  7.7499994E+02  7.0175067E-02
  7.8499982E+02  9.8831899E-02
  7.9499982E+02  1.3764524E-01
  8.0500000E+02  1.9077767E-01
  8.1499976E+02  2.6213792E-01
  8.2500000E+02  3.5710829E-01
  8.3499994E+02  4.8250040E-01
  8.4499994E+02  6.4791602E-01
  8.5499988E+02  8.6336446E-01
  8.6499994E+02  1.1424469E+00
  8.7499982E+02  1.5010279E+00
  8.8499982E+02  1.9612396E+00
  8.9499988E+02  2.5454323E+00
  9.0499994E+02  3.2805138E+00
  9.1499982E+02  1.9143880E+02
  9.2499988E+02  1.1712465E+03
  9.3499982E+02  1.8286677E+03
  9.4500000E+02  2.8147029E+03
  9.5500000E+02  4.1135474E+03
  9.6499988E+02  5.3195132E+03
  9.7499982E+02  5.0068604E+03
  9.8499976E+02  7.3391577E+03
  9.9499988E+02  7.9876821E+03
  1.0049999E+03  1.0214437E+04
  1.0149997E+03  1.2064898E+04
  1.0249998E+03  9.3833242E+03
  1.0349998E+03  1.5775158E+04
  1.0449998E+03  1.9008031E+04
  1.0549999E+03  2.1892000E+04
  1.0649999E+03  2.3588979E+04
  1.0750000E+03  2.7890875E+04
  1.0849996E+03  3.1281766E+04
  1.0949999E+03  3.3261160E+04
  1.1049999E+03  4.4053109E+05
  1.1149999E+03  1.5804471E+06
  1.1249999E+03  2.0193339E+06
  1.1349996E+03  2.5125590E+06
  1.1449999E+03  2.0663891E+06
  1.1549999E+03  2.2318335E+06
  1.1650000E+03  2.0789329E+06
  1.1749995E+03  1.2186171E+06
  1.1849996E+03  5.1862275E+05
  1.1949998E+03  1.1643436E+05
  1.2049996E+03  1.1676972E+05
  1.2149998E+03  2.8411459E+04
  1.2249996E+03  1.2629868E+05
  1.2349996E+03  2.9289462E+05
  1.2449998E+03  2.7467052E+06
  1.2549996E+03  9.3086310E+06
  1.2650000E+03  8.3811310E+06
  1.2749998E+03  3.4449140E+07
  1.2849995E+03  5.4378180E+07
  1.2949998E+03  5.5388156E+07
  1.3049995E+03  3.3047186E+07
  1.3149998E+03  6.6524288E+07
  1.3249998E+03  7.7560088E+07
  1.3349996E+03  6.5757228E+07
  1.3449995E+03  9.4065392E+07
  1.3549996E+03  9.0137728E+07
  1.3649999E+03  7.8022664E+07
  1.3749999E+03  9.1655360E+07
  1.3849996E+03  9.1165416E+07
  1.3949999E+03  9.8934720E+07
  1.4050001E+03  9.9334856E+07
  1.4149998E+03  8.8908064E+07
  1.4249998E+03  1.0136754E+08
  1.4350000E+03  9.0212120E+07
  1.4419998E+03  1.0260241E+08
  1.4469999E+03  1.1715237E+08
  1.4549994E+03  1.1263606E+08
  1.4650000E+03  9.9130432E+07
  1.4749995E+03  9.4421192E+07
  1.4849996E+03  1.0577178E+08
  1.4949998E+03  1.1446827E+08
  1.5049996E+03  1.1723839E+08
  1.5119995E+03  1.0068494E+08
  1.5169994E+03  1.1273406E+08
  1.5250001E+03  9.4481912E+07
  1.5349994E+03  8.0906776E+07
  1.5449994E+03  1.1084240E+08
  1.5549998E+03  9.5763696E+07
  1.5649999E+03  8.7329760E+07
  1.5750001E+03  9.7298656E+07
  1.5850000E+03  1.0803412E+08
  1.5949996E+03  1.1721114E+08
  1.6049999E+03  1.0761796E+08
  1.6150000E+03  1.0553682E+08
  1.6249996E+03  9.3390600E+07
  1.6350000E+03  1.0065521E+08
  1.6449996E+03  1.0632520E+08
  1.6549999E+03  8.5822560E+07
  1.6649993E+03  1.0456083E+08
  1.6720000E+03  6.6172568E+07
  1.6770001E+03  9.9848000E+07
  1.6849998E+03  1.1303222E+08
  1.6950000E+03  1.0322369E+08
  1.7049995E+03  9.6070688E+07
  1.7150000E+03  9.4492424E+07
  1.7249993E+03  9.3089920E+07
  1.7349994E+03  1.0074671E+08
  1.7449993E+03  9.8444736E+07
  1.7550001E+03  1.1154996E+08
  1.7649998E+03  9.2160520E+07
  1.7749995E+03  1.0430690E+08
  1.7849995E+03  1.0187869E+08
  1.7949999E+03  1.1606375E+08
  1.8050001E+03  1.0967378E+08
  1.8150001E+03  1.0766690E+08
  1.8249994E+03  1.0355732E+08
  1.8349993E+03  9.8674712E+07
  1.8449993E+03  8.9189072E+07
  1.8549998E+03  9.5797472E+07
  1.8650002E+03  9.6574080E+07
  1.8750001E+03  1.0162694E+08
  1.8850000E+03  9.9066136E+07
  1.8950002E+03  9.9440632E+07
  1.9049996E+03  9.4018624E+07
  1.9149999E+03  9.8887648E+07
  1.9249993E+03  1.0010570E+08
  1.9350001E+03  9.6581320E+07
  1.9449993E+03  1.0211466E+08
  1.9550002E+03  1.0013618E+08
  1.9670002E+03  1.0539322E+08
  1.9759990E+03  1.0446441E+08
  1.9839996E+03  1.0047478E+08
  1.9950001E+03  9.6388136E+07
  2.0050002E+03  9.5513384E+07
  2.0149996E+03  9.0801584E+07
  2.0249994E+03  9.1595616E+07
  2.0349995E+03  9.3200240E+07
  2.0449998E+03  9.7948224E+07
  2.0550000E+03  9.2893624E+07
  2.0649993E+03  9.0626784E+07
  2.0739993E+03  9.7198864E+07
  2.0780002E+03  9.8613464E+07
  2.0849993E+03  9.7051240E+07
  2.0950005E+03  9.3139776E+07
  2.1050002E+03  8.9400232E+07
  2.1149990E+03  8.9399136E+07
  2.1250000E+03  9.1404544E+07
  2.1350002E+03  7.6716496E+07
  2.1449998E+03  8.5867824E+07
  2.1550005E+03  8.7887632E+07
  2.1649995E+03  8.2641024E+07
  2.1750002E+03  8.1110320E+07
  2.1849998E+03  8.1229736E+07
  2.1950000E+03  8.6996880E+07
  2.2050000E+03  8.2629784E+07
  2.2149998E+03  7.5325496E+07
  2.2249998E+03  7.2968928E+07
  2.2350005E+03  8.2100688E+07
  2.2449990E+03  7.3177104E+07
  2.2549993E+03  7.1115184E+07
  2.2650000E+03  7.2186368E+07
  2.2750000E+03  7.6334720E+07
  2.2850000E+03  7.9174744E+07
  2.2950002E+03  7.4294784E+07
  2.3050000E+03  7.2609216E+07
  2.3149995E+03  6.8880440E+07
  2.3250000E+03  5.1535016E+07
  2.3349995E+03  6.3174144E+07
  2.3449993E+03  5.7862784E+07
  2.3550000E+03  6.8295288E+07
  2.3649988E+03  5.8125608E+07
  2.3750000E+03  6.2725768E+07
  2.3849990E+03  5.3608192E+07
  2.3950000E+03  6.0472084E+07
  2.4050005E+03  5.6875080E+07
  2.4149993E+03  5.9174940E+07
  2.4249990E+03  6.4819428E+07
  2.4349990E+03  6.1616340E+07
  2.4450000E+03  6.6473124E+07
  2.4549990E+03  6.3588720E+07
  2.4649990E+03  6.3501640E+07
  2.4749993E+03  6.0580520E+07
  2.4850005E+03  6.4228316E+07
  2.4950000E+03  6.1578200E+07
  2.5050005E+03  6.9270544E+07
  2.5129988E+03  6.0544176E+07
  2.5179990E+03  6.1836960E+07
  2.5249998E+03  5.7258408E+07
  2.5350007E+03  5.6485660E+07
  2.5449988E+03  5.6617972E+07
  2.5550000E+03  6.1524736E+07
  2.5649990E+03  6.0690984E+07
  2.5749990E+03  6.5424960E+07
  2.5849993E+03  6.4790072E+07
  2.5949990E+03  6.2557412E+07
  2.6049995E+03  5.9796316E+07
  2.6149998E+03  5.8987252E+07
  2.6249990E+03  6.3896696E+07
  2.6350007E+03  6.4020256E+07
  2.6449995E+03  7.2206920E+07
  2.6549998E+03  7.0963880E+07
  2.6649995E+03  6.4655792E+07
  2.6749988E+03  6.7742904E+07
  2.6849988E+03  6.6768928E+07
  2.6949988E+03  6.4007620E+07
  2.7050000E+03  6.5908744E+07
  2.7150000E+03  6.2286060E+07
  2.7249995E+03  6.3011872E+07
  2.7350007E+03  6.7960960E+07
  2.7450002E+03  5.6367260E+07
  2.7549998E+03  5.7393284E+07
  2.7649983E+03  5.9733540E+07
  2.7750005E+03  6.4024716E+07
  2.7850000E+03  6.1491768E+07
  2.7949993E+03  4.0430692E+07
  2.8049995E+03  4.6651944E+07
  2.8150002E+03  6.4794892E+07
  2.8250007E+03  6.6744464E+07
  2.8350000E+03  6.3916732E+07
  2.8450002E+03  6.1573816E+07
  2.8550005E+03  6.0020096E+07
  2.8650000E+03  6.4108948E+07
  2.8749983E+03  6.1986544E+07
  2.8850000E+03  6.3241272E+07
  2.8949988E+03  6.0786896E+07
  2.9099988E+03  6.7137640E+07
  2.9299983E+03  6.4420632E+07
  2.9499990E+03  6.4117168E+07
  2.9700005E+03  6.4665884E+07
  2.9899980E+03  6.5198612E+07
  3.0099995E+03  6.6260224E+07
  3.0299995E+03  6.5142180E+07
  3.0499995E+03  6.4517448E+07
  3.0699995E+03  6.3695560E+07
  3.0899995E+03  6.4550580E+07
  3.1099995E+03  6.2741468E+07
  3.1299998E+03  6.2469036E+07
  3.1499995E+03  6.3045128E+07
  3.1699995E+03  6.2458316E+07
  3.1899995E+03  6.0096784E+07
  3.2099998E+03  6.1309932E+07
  3.2299993E+03  6.0029452E+07
  3.2499993E+03  6.0370044E+07
  3.2699995E+03  6.0412448E+07
  3.2899995E+03  6.0616440E+07
  3.3099998E+03  6.0725132E+07
  3.3299993E+03  5.9512080E+07
  3.3499995E+03  5.8625680E+07
  3.3699995E+03  5.8522356E+07
  3.3899993E+03  5.7807648E+07
  3.4099993E+03  5.8605676E+07
  3.4299995E+03  5.8250832E+07
  3.4499993E+03  5.7817972E+07
  3.4699998E+03  5.6975052E+07
  3.4899993E+03  5.6596116E+07
  3.5099995E+03  5.7014056E+07
  3.5299995E+03  5.6995660E+07
  3.5499995E+03  5.6821608E+07
  3.5699995E+03  5.5823156E+07
  3.5899995E+03  5.5471828E+07
  3.6099995E+03  5.5162416E+07
  3.6299993E+03  5.4893612E+07
  3.6399993E+03  5.4680556E+07
  3.6499995E+03  5.5744344E+07
  3.6699993E+03  5.2861632E+07
  3.6899995E+03  4.9628472E+07
  3.7099995E+03  5.9977420E+07
  3.7299998E+03  6.4339964E+07
  3.7499993E+03  8.5199960E+07
  3.7699993E+03  8.9358456E+07
  3.7899995E+03  1.1206972E+08
  3.8099993E+03  1.2933567E+08
  3.8299998E+03  1.0066487E+08
  3.8499995E+03  1.3940840E+08
  3.8699995E+03  1.5437934E+08
  3.8899995E+03  8.8115432E+07
  3.9099995E+03  1.5135514E+08
  3.9299993E+03  1.4454499E+08
  3.9499993E+03  1.4976606E+08
  3.9699998E+03  8.2584920E+07
  3.9899995E+03  1.4445683E+08
  4.0099995E+03  1.5203944E+08
  4.0299993E+03  1.5033232E+08
  4.0499993E+03  1.4895458E+08
  4.0699993E+03  1.4348469E+08
  4.0899995E+03  1.1780271E+08
  4.1099995E+03  8.9414480E+07
  4.1299995E+03  1.3522672E+08
  4.1499990E+03  1.3916104E+08
  4.1699990E+03  1.3689776E+08
  4.1899995E+03  1.3541800E+08
  4.2099995E+03  1.3368593E+08
  4.2299995E+03  1.3121410E+08
  4.2499995E+03  1.2915193E+08
  4.2699990E+03  1.2642626E+08
  4.2899995E+03  1.2580698E+08
  4.3100000E+03  1.2003028E+08
  4.3299995E+03  9.4437960E+07
  4.3499995E+03  8.0051176E+07
  4.3699995E+03  1.1681805E+08
  4.3899995E+03  1.1630342E+08
  4.4099995E+03  1.1567126E+08
  4.4299995E+03  1.1456775E+08
  4.4499995E+03  1.1411668E+08
  4.4699995E+03  1.1240772E+08
  4.4899995E+03  1.0976969E+08
  4.5099990E+03  1.0941322E+08
  4.5299995E+03  1.0759921E+08
  4.5499990E+03  1.0484110E+08
  4.5699995E+03  1.0548215E+08
  4.5899990E+03  1.0318090E+08
  4.6099990E+03  1.0371105E+08
  4.6299990E+03  1.0071338E+08
  4.6499990E+03  1.0092563E+08
  4.6699990E+03  9.9368608E+07
  4.6899990E+03  9.7854944E+07
  4.7099995E+03  9.4532680E+07
  4.7299990E+03  9.5726992E+07
  4.7499995E+03  9.4581912E+07
  4.7699995E+03  9.3403000E+07
  4.7899990E+03  9.2107448E+07
  4.8099995E+03  9.0263456E+07
  4.8299995E+03  8.7371304E+07
  4.8499990E+03  7.0135072E+07
  4.8700000E+03  5.6334664E+07
  4.8899990E+03  8.2968544E+07
  4.9099990E+03  8.4736488E+07
  4.9299990E+03  8.3433448E+07
  4.9499995E+03  8.3206464E+07
  4.9699995E+03  8.2670824E+07
  4.9899990E+03  8.1310488E+07
  5.0099995E+03  7.9239704E+07
  5.0299995E+03  7.9050072E+07
  5.0499995E+03  7.7488608E+07
  5.0699995E+03  7.7499880E+07
  5.0899995E+03  7.6604128E+07
  5.1099990E+03  7.5569968E+07
  5.1299995E+03  7.4745656E+07
  5.1499985E+03  7.3514296E+07
  5.1700000E+03  7.2020560E+07
  5.1899990E+03  7.1332312E+07
  5.2099990E+03  7.1061904E+07
  5.2299995E+03  6.9628328E+07
  5.2499995E+03  6.9626424E+07
  5.2699995E+03  6.7887616E+07
  5.2899990E+03  6.8102248E+07
  5.3099995E+03  6.6686972E+07
  5.3299990E+03  6.6142364E+07
  5.3499995E+03  6.5944908E+07
  5.3699995E+03  6.4992140E+07
  5.3899995E+03  6.4288976E+07
  5.4099990E+03  6.3322820E+07
  5.4299990E+03  6.2747324E+07
  5.4499990E+03  6.2288912E+07
  5.4699995E+03  6.1554720E+07
  5.4899995E+03  6.0929564E+07
  5.5099995E+03  6.0233660E+07
  5.5299985E+03  5.9522840E+07
  5.5499990E+03  5.8991864E+07
  5.5699990E+03  5.8289696E+07
  5.5899995E+03  5.7733480E+07
  5.6099990E+03  5.7183720E+07
  5.6299995E+03  5.6547580E+07
  5.6499990E+03  5.5848200E+07
  5.6699990E+03  5.5259212E+07
  5.6899995E+03  5.4730620E+07
  5.7099995E+03  5.4151456E+07
  5.7299990E+03  5.3604284E+07
  5.7499990E+03  5.2982496E+07
  5.7699990E+03  5.2441576E+07
  5.7899995E+03  5.1824800E+07
  5.8099985E+03  5.1314624E+07
  5.8300000E+03  5.0780240E+07
  5.8499990E+03  5.0264112E+07
  5.8699985E+03  4.9634632E+07
  5.8899985E+03  4.8876788E+07
  5.9099995E+03  4.8678108E+07
  5.9299985E+03  4.8194988E+07
  5.9499995E+03  4.7555464E+07
  5.9699990E+03  4.7152820E+07
  5.9899990E+03  4.6542372E+07
  6.0099990E+03  4.6168456E+07
  6.0299995E+03  4.5745616E+07
  6.0499990E+03  4.5241940E+07
  6.0699990E+03  4.4809328E+07
  6.0899995E+03  4.4353980E+07
  6.1099985E+03  4.3892548E+07
  6.1299995E+03  4.3426128E+07
  6.1499985E+03  4.2506684E+07
  6.1699985E+03  4.2547244E+07
  6.1900000E+03  4.2167520E+07
  6.2099995E+03  4.1748844E+07
  6.2299985E+03  4.1298756E+07
  6.2499990E+03  4.0579644E+07
  6.2699985E+03  4.0520504E+07
  6.2900000E+03  4.0123240E+07
  6.3099985E+03  3.9646016E+07
  6.3299995E+03  3.9314072E+07
  6.3499985E+03  3.8500644E+07
  6.3699985E+03  3.8248120E+07
  6.3899995E+03  3.8140992E+07
  6.4099990E+03  3.7724568E+07
  6.4299985E+03  3.7402784E+07
  6.4499985E+03  3.6782708E+07
  6.4699990E+03  3.6648344E+07
  6.4899990E+03  3.6128544E+07
  6.5099985E+03  3.5678452E+07
  6.5299990E+03  3.4815272E+07
  6.5499985E+03  3.0632156E+07
  6.5699985E+03  2.4566046E+07
  6.5899995E+03  3.3072938E+07
  6.6099985E+03  3.3927640E+07
  6.6299990E+03  3.3826092E+07
  6.6499985E+03  3.3590568E+07
  6.6699995E+03  3.3323366E+07
  6.6899990E+03  3.3030150E+07
  6.7099995E+03  3.2744846E+07
  6.7299990E+03  3.2381668E+07
  6.7499995E+03  3.2125562E+07
  6.7699985E+03  3.1842336E+07
  6.7899995E+03  3.1541440E+07
  6.8099995E+03  3.1253280E+07
  6.8300000E+03  3.0946140E+07
  6.8499985E+03  3.0666148E+07
  6.8699985E+03  3.0395264E+07
  6.8899985E+03  3.0122244E+07
  6.9099990E+03  2.9840814E+07
  6.9299995E+03  2.9559780E+07
  6.9499990E+03  2.9297088E+07
  6.9699985E+03  2.9030716E+07
  6.9899985E+03  2.8785408E+07
  7.0099985E+03  2.8451192E+07
  7.0299985E+03  2.8252186E+07
  7.0499990E+03  2.7983720E+07
  7.0699980E+03  2.7754030E+07
  7.0899990E+03  2.7516720E+07
  7.1099990E+03  2.7111730E+07
  7.1299995E+03  2.6991710E+07
  7.1499990E+03  2.6750278E+07
  7.1699995E+03  2.6536762E+07
  7.1899985E+03  2.6298978E+07
  7.2099985E+03  2.6077184E+07
  7.2299980E+03  2.5818524E+07
  7.2499990E+03  2.5586672E+07
  7.2699995E+03  2.5398330E+07
  7.2899990E+03  2.5159918E+07
  7.3099980E+03  2.4927966E+07
  7.3299980E+03  2.4737428E+07
  7.3499980E+03  2.4531852E+07
  7.3699985E+03  2.4325368E+07
  7.3899995E+03  2.4103504E+07
  7.4099985E+03  2.3824684E+07
  7.4299995E+03  2.3605828E+07
  7.4500000E+03  2.3436488E+07
  7.4700000E+03  2.3174782E+07
  7.4899990E+03  2.3042462E+07
  7.5099985E+03  2.2857108E+07
  7.5299995E+03  2.2699302E+07
  7.5499980E+03  2.2516420E+07
  7.5699985E+03  2.2323312E+07
  7.5899990E+03  2.2135844E+07
  7.6099980E+03  2.1956548E+07
  7.6299995E+03  2.1765872E+07
  7.6499995E+03  2.1568524E+07
  7.6699980E+03  2.1387036E+07
  7.6899990E+03  2.1217960E+07
  7.7099995E+03  2.1007884E+07
  7.7299985E+03  2.0875362E+07
  7.7499990E+03  2.0701268E+07
  7.7700000E+03  2.0126198E+07
  7.7900000E+03  2.0363192E+07
  7.8099995E+03  2.0199740E+07
  7.8299980E+03  2.0020494E+07
  7.8499980E+03  1.9829350E+07
  7.8699995E+03  1.9608862E+07
  7.8900000E+03  1.9428480E+07
  7.9099995E+03  1.9352638E+07
  7.9300000E+03  1.9219794E+07
  7.9499985E+03  1.8969434E+07
  7.9699990E+03  1.8922386E+07
  7.9900000E+03  1.8551594E+07
  8.0099980E+03  1.8614090E+07
  8.0299985E+03  1.8459550E+07
  8.0500000E+03  1.8318518E+07
  8.0699985E+03  1.8164784E+07
  8.0899990E+03  1.8023274E+07
  8.1099995E+03  1.7878354E+07
  8.1299976E+03  1.7745482E+07
  8.1499976E+03  1.7605746E+07
  8.1699980E+03  1.7468290E+07
  8.1899985E+03  1.7243788E+07
  8.2099990E+03  1.7194528E+07
  8.2300000E+03  1.7042084E+07
  8.2500000E+03  1.6977824E+07
  8.2700000E+03  1.6944278E+07
  8.2899980E+03  1.6774372E+07
  8.3099990E+03  1.6609162E+07
  8.3299980E+03  1.6293332E+07
  8.3500000E+03  1.6073797E+07
  8.3699990E+03  1.5766920E+07
  8.3899990E+03  1.5438157E+07
  8.4099971E+03  1.5187984E+07
  8.4300000E+03  1.5145679E+07
  8.4499990E+03  1.5057716E+07
  8.4699980E+03  1.4348134E+07
  8.4899980E+03  1.5526111E+07
  8.5099990E+03  1.4023171E+07
  8.5299990E+03  1.5897568E+07
  8.5499990E+03  1.3239320E+07
  8.5699990E+03  1.6371204E+07
  8.5900000E+03  1.4443761E+07
  8.6099980E+03  1.3968157E+07
  8.6299990E+03  1.6622371E+07
  8.6499990E+03  1.5486225E+07
  8.6699990E+03  1.2313043E+07
  8.6899990E+03  1.5849849E+07
  8.7099971E+03  1.6609434E+07
  8.7299990E+03  1.5712845E+07
  8.7499980E+03  1.1969843E+07
  8.7699980E+03  1.4813563E+07
  8.7899980E+03  1.6244109E+07
  8.8099990E+03  1.6267029E+07
  8.8299980E+03  1.5812676E+07
  8.8499980E+03  1.3959174E+07
  8.8699980E+03  1.1595968E+07
  8.8899990E+03  1.5040323E+07
  8.9099971E+03  1.5600708E+07
  8.9299980E+03  1.5607908E+07
  8.9499980E+03  1.5599841E+07
  8.9699990E+03  1.5352896E+07
  8.9899990E+03  1.4631603E+07
  9.0099980E+03  1.1398508E+07
  9.0299990E+03  1.2585352E+07
  9.0499990E+03  1.4566109E+07
  9.0699980E+03  1.4615515E+07
  9.0899990E+03  1.4519353E+07
  9.1099980E+03  1.4645876E+07
  9.1299980E+03  1.4593530E+07
  9.1499980E+03  1.4513604E+07
  9.1699980E+03  1.4319095E+07
  9.1899990E+03  1.3966443E+07
  9.2099990E+03  1.2966063E+07
  9.2299980E+03  9.8984710E+06
  9.2499980E+03  1.2432360E+07
  9.2699971E+03  1.3229716E+07
  9.2899990E+03  1.3684845E+07
  9.3099980E+03  1.3669578E+07
  9.3299990E+03  1.3579873E+07
  9.3499980E+03  1.3512794E+07
  9.3699990E+03  1.3432426E+07
  9.3900000E+03  1.3241954E+07
  9.4099980E+03  1.3032141E+07
  9.4299971E+03  1.3093850E+07
  9.4499990E+03  1.2997560E+07
  9.4700000E+03  1.2868781E+07
  9.4899980E+03  1.2712115E+07
  9.5100000E+03  1.2407516E+07
  9.5300000E+03  1.1305197E+07
  9.5500000E+03  8.9475760E+06
  9.5699990E+03  1.1408339E+07
  9.5899980E+03  1.2114124E+07
  9.6099980E+03  1.2145748E+07
  9.6299990E+03  1.1990944E+07
  9.6499990E+03  1.2086529E+07
  9.6699980E+03  1.1946743E+07
  9.6899980E+03  1.1925564E+07
  9.7100000E+03  1.1870489E+07
  9.7299990E+03  1.1777971E+07
  9.7499980E+03  1.1690072E+07
  9.7699961E+03  1.1615426E+07
  9.7899980E+03  1.1529097E+07
  9.8099980E+03  1.1440249E+07
  9.8299990E+03  1.1337210E+07
  9.8499980E+03  1.1252390E+07
  9.8700000E+03  1.1177826E+07
  9.8899980E+03  1.1047546E+07
  9.9099990E+03  1.1027932E+07
  9.9300000E+03  1.0928916E+07
  9.9499980E+03  1.0851163E+07
  9.9699980E+03  1.0765602E+07
  9.9899990E+03  1.0640246E+07
  1.0024998E+04  9.6653010E+06
  1.0074998E+04  9.1598610E+06
  1.0124997E+04  1.0102996E+07
  1.0174997E+04  1.0046159E+07
  1.0224998E+04  9.8991410E+06
  1.0274997E+04  9.7305960E+06
  1.0325000E+04  9.5588310E+06
  1.0374999E+04  9.4000730E+06
  1.0425000E+04  9.2456440E+06
  1.0474998E+04  9.0638610E+06
  1.0524997E+04  8.9106120E+06
  1.0574999E+04  8.7783740E+06
  1.0625000E+04  8.6422190E+06
  1.0674997E+04  8.4123570E+06
  1.0724998E+04  8.3223100E+06
  1.0774999E+04  8.2095565E+06
  1.0824997E+04  8.0615595E+06
  1.0874997E+04  7.8627295E+06
  1.0924999E+04  6.6524110E+06
  1.0974996E+04  7.2593890E+06
  1.1025000E+04  7.5463995E+06
  1.1074998E+04  7.4636735E+06
  1.1124999E+04  7.3513800E+06
  1.1174998E+04  7.2362690E+06
  1.1224999E+04  7.1235085E+06
  1.1274997E+04  6.9333385E+06
  1.1325000E+04  6.8349440E+06
  1.1375000E+04  6.7889645E+06
  1.1425000E+04  6.6794530E+06
  1.1474997E+04  6.5878995E+06
  1.1525000E+04  6.4888820E+06
  1.1574998E+04  6.3879565E+06
  1.1625000E+04  6.2651020E+06
  1.1674998E+04  6.1535145E+06
  1.1724997E+04  6.1025155E+06
  1.1775001E+04  5.9521640E+06
  1.1824999E+04  5.8992415E+06
  1.1875000E+04  5.7997095E+06
  1.1925000E+04  5.7474675E+06
  1.1975001E+04  5.6420370E+06
  1.2024998E+04  5.5751575E+06
  1.2074996E+04  5.4851585E+06
  1.2125000E+04  5.4074655E+06
  1.2175000E+04  5.3339150E+06
  1.2225001E+04  5.2545765E+06
  1.2275001E+04  5.1731030E+06
  1.2324996E+04  5.1014585E+06
  1.2374996E+04  5.0300595E+06
  1.2424998E+04  4.9630570E+06
  1.2475000E+04  4.8761460E+06
  1.2524997E+04  4.8209650E+06
  1.2574997E+04  4.7355315E+06
  1.2624999E+04  4.6777680E+06
  1.2674997E+04  4.6158455E+06
  1.2724999E+04  4.5342735E+06
  1.2774999E+04  4.3633460E+06
  1.2825000E+04  3.7622770E+06
  1.2875001E+04  4.2792375E+06
  1.2924997E+04  4.2915240E+06
  1.2975001E+04  4.2473205E+06
  1.3024998E+04  4.1912372E+06
  1.3074999E+04  4.1343410E+06
  1.3125000E+04  4.0777512E+06
  1.3174998E+04  4.0112668E+06
  1.3224998E+04  3.9682842E+06
  1.3274997E+04  3.9149325E+06
  1.3324997E+04  3.8624802E+06
  1.3374999E+04  3.8104895E+06
  1.3424999E+04  3.7587475E+06
  1.3474999E+04  3.7070448E+06
  1.3525001E+04  3.6541478E+06
  1.3574999E+04  3.6080635E+06
  1.3624997E+04  3.5621498E+06
  1.3674997E+04  3.5123772E+06
  1.3724995E+04  3.4612352E+06
  1.3774998E+04  3.4252320E+06
  1.3824998E+04  3.3809875E+06
  1.3874996E+04  3.3386615E+06
  1.3925000E+04  3.2925782E+06
  1.3974996E+04  3.2524722E+06
  1.4024997E+04  3.2111275E+06
  1.4075001E+04  3.1704765E+06
  1.4124996E+04  3.1291898E+06
  1.4175000E+04  3.0900900E+06
  1.4225000E+04  3.0507180E+06
  1.4274994E+04  3.0121932E+06
  1.4325001E+04  2.9743098E+06
  1.4374998E+04  2.9374302E+06
  1.4424999E+04  2.8808915E+06
  1.4475000E+04  2.8640790E+06
  1.4524997E+04  2.8181468E+06
  1.4569999E+04  2.7970382E+06
  1.4620000E+04  2.8313438E+06
  1.4674998E+04  2.8787360E+06
  1.4725000E+04  2.8175185E+06
  1.4775002E+04  2.7432565E+06
  1.4824998E+04  2.6870742E+06
  1.4874996E+04  2.6254538E+06
  1.4924997E+04  2.5815085E+06
  1.4974999E+04  2.5290185E+06
  1.5024999E+04  2.4848460E+06
  1.5075000E+04  2.4363950E+06
  1.5124999E+04  2.3989052E+06
  1.5175000E+04  2.3667628E+06
  1.5225002E+04  2.3501050E+06
  1.5274998E+04  2.3016462E+06
  1.5324995E+04  2.2734990E+06
  1.5374997E+04  2.2800910E+06
  1.5425001E+04  2.1989885E+06
  1.5474996E+04  2.2346722E+06
  1.5524994E+04  2.2120178E+06
  1.5575001E+04  2.0942498E+06
  1.5624998E+04  2.2277718E+06
  1.5674997E+04  2.1062535E+06
  1.5724994E+04  2.0241696E+06
  1.5774996E+04  2.1659268E+06
  1.5825001E+04  2.1302968E+06
  1.5874995E+04  1.8929672E+06
  1.5925002E+04  2.0351444E+06
  1.5975001E+04  2.0940219E+06
  1.6049998E+04  2.0100035E+06
  1.6150001E+04  1.8751250E+06
  1.6249997E+04  1.9719595E+06
  1.6350000E+04  1.8708230E+06
  1.6449996E+04  1.7512501E+06
  1.6549998E+04  1.8454114E+06
  1.6649994E+04  1.8060531E+06
  1.6749998E+04  1.7086848E+06
  1.6849998E+04  1.5994298E+06
  1.6950000E+04  1.6891865E+06
  1.7049996E+04  1.6568600E+06
  1.7150000E+04  1.6222232E+06
  1.7249992E+04  1.5759972E+06
  1.7349994E+04  1.4069498E+06
  1.7449992E+04  1.4941778E+06
  1.7550000E+04  1.4845362E+06
  1.7649998E+04  1.4549432E+06
  1.7749994E+04  1.4261606E+06
  1.7849994E+04  1.3963921E+06
  1.7949998E+04  1.3689500E+06
  1.8050002E+04  1.3308121E+06
  1.8150002E+04  1.2023981E+06
  1.8249994E+04  1.2532798E+06
  1.8349992E+04  1.2584536E+06
  1.8449992E+04  1.2352202E+06
  1.8549998E+04  1.2082522E+06
  1.8650002E+04  1.1775662E+06
  1.8750002E+04  1.0603121E+06
  1.8850000E+04  1.1276889E+06
  1.8950004E+04  1.1157131E+06
  1.9049996E+04  1.0961416E+06
  1.9149998E+04  1.0747586E+06
  1.9249992E+04  1.0530486E+06
  1.9350000E+04  1.0237789E+06
  1.9449992E+04  9.2204938E+05
  1.9550002E+04  9.8513731E+05
  1.9649992E+04  9.7526375E+05
  1.9749992E+04  9.5698112E+05
  1.9849992E+04  9.3947519E+05
  1.9950002E+04  9.2191069E+05
  2.0050002E+04  9.0482819E+05
  2.0149996E+04  8.8808531E+05
  2.0249994E+04  8.7166450E+05
  2.0349994E+04  8.5562288E+05
  2.0449996E+04  8.4011350E+05
  2.0550000E+04  8.2482906E+05
  2.0649992E+04  8.0971300E+05
  2.0749998E+04  7.9524194E+05
  2.0849992E+04  7.8103762E+05
  2.0950004E+04  7.6710062E+05
  2.1050002E+04  7.5336812E+05
  2.1149992E+04  7.3935562E+05
  2.1250000E+04  7.2637256E+05
  2.1350002E+04  7.1363312E+05
  2.1449996E+04  7.0115712E+05
  2.1550006E+04  6.8414275E+05
  2.1649994E+04  6.2044269E+05
  2.1750002E+04  6.5674269E+05
  2.1849998E+04  6.5379125E+05
  2.1950002E+04  6.4354694E+05
  2.2050000E+04  6.3247744E+05
  2.2149996E+04  6.2141225E+05
  2.2249998E+04  6.1142525E+05
  2.2350004E+04  6.0113900E+05
  2.2449990E+04  5.9111706E+05
  2.2549994E+04  5.8113675E+05
  2.2650000E+04  5.7163238E+05
  2.2750000E+04  5.6219250E+05
  2.2850000E+04  5.5570231E+05
  2.2950004E+04  5.5533319E+05
  2.3050000E+04  5.4510100E+05
  2.3149996E+04  5.3430031E+05
  2.3250000E+04  5.2380394E+05
  2.3349996E+04  5.1365428E+05
  2.3449994E+04  5.0404194E+05
  2.3550002E+04  4.9466866E+05
  2.3649988E+04  4.8562503E+05
  2.3750000E+04  4.7684169E+05
  2.3849990E+04  4.6852697E+05
  2.3950002E+04  4.6014288E+05
  2.4050006E+04  4.5220119E+05
  2.4149992E+04  4.4434331E+05
  2.4249990E+04  4.3852734E+05
  2.4349990E+04  4.3117775E+05
  2.4450002E+04  4.2322722E+05
  2.4549990E+04  4.1956803E+05
  2.4649992E+04  4.1052853E+05
  2.4749992E+04  4.0499150E+05
  2.4850006E+04  4.0389778E+05
  2.4950000E+04  3.8593038E+05
  2.5050006E+04  3.9720991E+05
  2.5149994E+04  3.8779803E+05
  2.5249998E+04  3.6623134E+05
  2.5350004E+04  3.7414019E+05
  2.5449988E+04  3.7251497E+05
  2.5549998E+04  3.6289275E+05
  2.5649990E+04  3.4184275E+05
  2.5749990E+04  3.5377772E+05
  2.5849994E+04  3.5149112E+05
  2.5949990E+04  3.4602384E+05
  2.6049996E+04  3.3422866E+05
  2.6149998E+04  3.1517162E+05
  2.6249988E+04  3.0313075E+05
  2.6350008E+04  3.2178331E+05
  2.6449996E+04  3.2189672E+05
  2.6549994E+04  3.1744556E+05
  2.6649994E+04  3.0955644E+05
  2.6749988E+04  2.8700834E+05
  2.6849986E+04  3.0086516E+05
  2.6949986E+04  3.0031197E+05
  2.7050002E+04  2.9675150E+05
  2.7149998E+04  2.9265300E+05
  2.7249994E+04  2.8854572E+05
  2.7350006E+04  2.8419809E+05
  2.7450004E+04  2.7845644E+05
  2.7549996E+04  2.5817795E+05
  2.7649982E+04  2.6419844E+05
  2.7750004E+04  2.6807506E+05
  2.7850000E+04  2.6543944E+05
  2.7949992E+04  2.6187023E+05
  2.8049994E+04  2.5831134E+05
  2.8150002E+04  2.5479622E+05
  2.8250006E+04  2.5135269E+05
  2.8350000E+04  2.4799372E+05
  2.8450000E+04  2.4458247E+05
  2.8550002E+04  2.4053339E+05
  2.8650002E+04  2.3263817E+05
  2.8749982E+04  2.1734942E+05
  2.8849998E+04  2.2970003E+05
  2.8949986E+04  2.2838127E+05
  2.9049994E+04  2.2584728E+05
  2.9149986E+04  2.2273984E+05
  2.9249984E+04  2.1997336E+05
  2.9349980E+04  2.1711684E+05
  2.9450000E+04  2.1430670E+05
  2.9550004E+04  2.1155141E+05
  2.9649982E+04  2.0882009E+05
  2.9749992E+04  2.0614153E+05
  2.9849994E+04  2.0350688E+05
  2.9949984E+04  2.0089872E+05
  3.0049996E+04  1.9832880E+05
  3.0149994E+04  1.9563945E+05
  3.0249994E+04  1.9206725E+05
  3.0349996E+04  1.7936409E+05
  3.0449996E+04  1.8106869E+05
  3.0549996E+04  1.8522156E+05
  3.0649996E+04  1.8377430E+05
  3.0749994E+04  1.8154111E+05
  3.0849996E+04  1.7918250E+05
  3.0949994E+04  1.7707081E+05
  3.1049996E+04  1.7488094E+05
  3.1149996E+04  1.7271161E+05
  3.1249996E+04  1.7058184E+05
  3.1349996E+04  1.6854088E+05
  3.1449996E+04  1.6644620E+05
  3.1549998E+04  1.6448439E+05
  3.1649996E+04  1.6250270E+05
  3.1749998E+04  1.6051644E+05
  3.1849996E+04  1.5861506E+05
  3.1949994E+04  1.5670481E+05
  3.2099996E+04  1.5390553E+05
  3.2299992E+04  1.5027947E+05
  3.2499994E+04  1.4674848E+05
  3.2699996E+04  1.4310567E+05
  3.2899996E+04  1.3334155E+05
  3.3099996E+04  1.3574784E+05
  3.3299992E+04  1.3459102E+05
  3.3499996E+04  1.3136731E+05
  3.3699996E+04  1.2813416E+05
  3.3899996E+04  1.2510892E+05
  3.4099996E+04  1.2217155E+05
  3.4299996E+04  1.1932917E+05
  3.4499992E+04  1.1659183E+05
  3.4699996E+04  1.1385625E+05
  3.4899996E+04  1.1127145E+05
  3.5099996E+04  1.0878997E+05
  3.5299996E+04  1.0638766E+05
  3.5499996E+04  1.0401749E+05
  3.5699992E+04  1.0165816E+05
  3.5899992E+04  9.9824156E+04
  3.6099996E+04  9.7246805E+04
  3.6299992E+04  9.5729312E+04
  3.6499992E+04  9.3028836E+04
  3.6699992E+04  9.1998086E+04
  3.6899992E+04  8.8828797E+04
  3.7099996E+04  8.8070711E+04
  3.7299996E+04  8.4491391E+04
  3.7499992E+04  8.1101109E+04
  3.7699996E+04  8.2901469E+04
  3.7899996E+04  8.1470188E+04
  3.8099992E+04  7.8546094E+04
  3.8299996E+04  7.7188562E+04
  3.8499996E+04  7.6795352E+04
  3.8699996E+04  7.5304367E+04
  3.8899992E+04  7.3309625E+04
  3.9099996E+04  7.0112109E+04
  3.9299992E+04  7.0751656E+04
  3.9499992E+04  6.9585469E+04
  3.9699992E+04  6.8262258E+04
  3.9900000E+04  6.6914648E+04
  4.0099996E+04  6.4358164E+04
  4.0299992E+04  6.2677129E+04
  4.0499996E+04  6.0477113E+04
  4.0699992E+04  6.1692277E+04
  4.0899992E+04  6.0790875E+04
  4.1099996E+04  5.9665402E+04
  4.1299996E+04  5.8547801E+04
  4.1499992E+04  5.7182066E+04
  4.1699992E+04  5.4095715E+04
  4.1899996E+04  5.5028977E+04
  4.2099996E+04  5.4328836E+04
  4.2299992E+04  5.3355215E+04
  4.2499996E+04  5.2384930E+04
  4.2699992E+04  5.1436660E+04
  4.2899992E+04  5.0511938E+04
  4.3099996E+04  4.9604141E+04
  4.3299996E+04  4.8718973E+04
  4.3499992E+04  4.7742430E+04
  4.3699996E+04  4.5219254E+04
  4.3899996E+04  4.5535363E+04
  4.4099992E+04  4.5338309E+04
  4.4299992E+04  4.4576637E+04
  4.4499996E+04  4.3802059E+04
  4.4699996E+04  4.3231852E+04
  4.4899996E+04  4.2483172E+04
  4.5099992E+04  4.1757160E+04
  4.5299992E+04  4.1036773E+04
  4.5499996E+04  4.0343789E+04
  4.5699992E+04  3.9655926E+04
  4.5899996E+04  3.8983855E+04
  4.6099996E+04  3.8330801E+04
  4.6299992E+04  3.7508293E+04
  4.6499988E+04  3.5301148E+04
  4.6699992E+04  3.4602117E+04
  4.6899992E+04  3.5494551E+04
  4.7099992E+04  3.5222625E+04
  4.7299992E+04  3.4676172E+04
  4.7499996E+04  3.4104258E+04
  4.7699992E+04  3.3552293E+04
  4.7899992E+04  3.3011621E+04
  4.8099996E+04  3.2478758E+04
  4.8299992E+04  3.1956809E+04
  4.8499992E+04  3.1445545E+04
  4.8700000E+04  3.0944750E+04
  4.8899992E+04  3.0452680E+04
  4.9099988E+04  2.9970699E+04
  4.9299988E+04  2.9498617E+04
  4.9499996E+04  2.9036234E+04
  4.9699992E+04  2.8581869E+04
  4.9899988E+04  2.8136865E+04
  5.0099996E+04  2.7701027E+04
  5.0299996E+04  2.7271227E+04
  5.0499996E+04  2.6853264E+04
  5.0699996E+04  2.6441033E+04
  5.0899992E+04  2.6027174E+04
  5.1099992E+04  2.5434293E+04
  5.1299996E+04  2.4033879E+04
  5.1499988E+04  2.4729662E+04
  5.1699996E+04  2.4496408E+04
  5.1899992E+04  2.4130354E+04
  5.2099992E+04  2.3770574E+04
  5.2299996E+04  2.3416951E+04
  5.2499996E+04  2.3069391E+04
  5.2699996E+04  2.2729133E+04
  5.2899992E+04  2.2394701E+04
  5.3099988E+04  2.2065988E+04
  5.3299988E+04  2.1744221E+04
  5.3499992E+04  2.1427951E+04
  5.3699992E+04  2.1115783E+04
  5.3899992E+04  2.0811541E+04
  5.4099992E+04  2.0512500E+04
  5.4299984E+04  2.0217297E+04
  5.4499988E+04  1.9928395E+04
  5.4699996E+04  1.9644428E+04
  5.4899992E+04  1.9366568E+04
  5.5099992E+04  1.9092215E+04
  5.5299988E+04  1.8823783E+04
  5.5499988E+04  1.8558719E+04
  5.5699992E+04  1.8298180E+04
  5.5899992E+04  1.8042092E+04
  5.6099988E+04  1.7792781E+04
  5.6299996E+04  1.7547732E+04
  5.6499988E+04  1.7304529E+04
  5.6699988E+04  1.7066654E+04
  5.6899992E+04  1.6832852E+04
  5.7099996E+04  1.6603057E+04
  5.7299988E+04  1.6377210E+04
  5.7499988E+04  1.6155229E+04
  5.7699988E+04  1.5937061E+04
  5.7899996E+04  1.5721512E+04
  5.8099988E+04  1.5510790E+04
  5.8299996E+04  1.5302573E+04
  5.8499992E+04  1.5133173E+04
  5.8699988E+04  1.4918707E+04
  5.8899988E+04  1.4594946E+04
  5.9099992E+04  1.3831917E+04
  5.9299988E+04  1.4258370E+04
  5.9499996E+04  1.4154159E+04
  5.9699988E+04  1.3974926E+04
  5.9899992E+04  1.3792509E+04
  6.0099992E+04  1.3613254E+04
  6.0299992E+04  1.3436065E+04
  6.0499988E+04  1.3262983E+04
  6.0699992E+04  1.3091883E+04
  6.0899992E+04  1.2923756E+04
  6.1099988E+04  1.2758557E+04
  6.1299992E+04  1.2596234E+04
  6.1499988E+04  1.2435756E+04
  6.1699988E+04  1.2278076E+04
  6.1899996E+04  1.2123150E+04
  6.2099996E+04  1.1970943E+04
  6.2299988E+04  1.1819472E+04
  6.2499992E+04  1.1671614E+04
  6.2699988E+04  1.1526359E+04
  6.2899996E+04  1.1383662E+04
  6.3099984E+04  1.1241602E+04
  6.3299996E+04  1.1102978E+04
  6.3499984E+04  1.0965881E+04
  6.3699984E+04  1.0831210E+04
  6.3900000E+04  1.0698925E+04
  6.4199992E+04  1.0503197E+04
  6.4599984E+04  1.0249855E+04
  6.4999992E+04  1.0004604E+04
  6.5399992E+04  9.7663330E+03
  6.5799992E+04  9.5348379E+03
  6.6199984E+04  9.3090693E+03
  6.6599984E+04  9.0914160E+03
  6.6999992E+04  8.8799580E+03
  6.7399992E+04  8.6745244E+03
  6.7799992E+04  8.4749463E+03
  6.8199992E+04  8.2810586E+03
  6.8599992E+04  8.0919053E+03
  6.8999984E+04  7.9089434E+03
  6.9399984E+04  7.7309004E+03
  6.9800000E+04  7.5580278E+03
  7.0199992E+04  7.3901157E+03
  7.0599984E+04  7.2263457E+03
  7.0999977E+04  7.0676533E+03
  7.1399977E+04  6.9123481E+03
  7.1799984E+04  6.7621001E+03
  7.2199984E+04  6.6153271E+03
  7.2600000E+04  6.4729409E+03
  7.2999984E+04  6.3348291E+03
  7.3400000E+04  6.1998203E+03
  7.3799984E+04  6.0683999E+03
  7.4199992E+04  5.9306836E+03
  7.4599992E+04  5.6568584E+03
  7.5000000E+04  5.5244126E+03
  7.5399992E+04  5.5642275E+03
  7.5799992E+04  5.4619888E+03
  7.6199984E+04  5.3501016E+03
  7.6599992E+04  5.2408862E+03
  7.6999992E+04  5.1344741E+03
  7.7399992E+04  5.0306665E+03
  7.7799984E+04  4.9296523E+03
  7.8199984E+04  4.8310513E+03
  7.8599984E+04  4.7348682E+03
  7.8999984E+04  4.6411040E+03
  7.9399984E+04  4.5496416E+03
  7.9800000E+04  4.4603657E+03
  8.0199992E+04  4.3733447E+03
  8.0599984E+04  4.2884077E+03
  8.0999992E+04  4.2055034E+03
  8.1399977E+04  4.1245889E+03
  8.1799984E+04  4.0456121E+03
  8.2199984E+04  3.9685322E+03
  8.2599992E+04  3.8933027E+03
  8.2999984E+04  3.8197756E+03
  8.3400000E+04  3.7478530E+03
  8.3799992E+04  3.6776648E+03
  8.4199992E+04  3.6093286E+03
  8.4599977E+04  3.5425396E+03
  8.4999977E+04  3.4772085E+03
  8.5399984E+04  3.4133557E+03
  8.5799984E+04  3.3510010E+03
  8.6199992E+04  3.2900088E+03
  8.6599992E+04  3.2304497E+03
  8.6999984E+04  3.1721936E+03
  8.7399992E+04  3.1152104E+03
  8.7799992E+04  3.0595723E+03
  8.8199984E+04  3.0051035E+03
  8.8599977E+04  2.9518757E+03
  8.8999992E+04  2.8998127E+03
  8.9399977E+04  2.8488928E+03
  8.9799977E+04  2.7990894E+03
  9.0199984E+04  2.7503792E+03
  9.0599984E+04  2.7026941E+03
  9.0999992E+04  2.6560569E+03
  9.1400000E+04  2.6104016E+03
  9.1799969E+04  2.5657544E+03
  9.2199969E+04  2.5220020E+03
  9.2599984E+04  2.4792153E+03
  9.3000000E+04  2.4373308E+03
  9.3399984E+04  2.3963318E+03
  9.3799984E+04  2.3561985E+03
  9.4199977E+04  2.3168716E+03
  9.4599984E+04  2.2783760E+03
  9.4999969E+04  2.2406968E+03
  9.5399984E+04  2.2037319E+03
  9.5799984E+04  2.1675935E+03
  9.6199992E+04  2.1321409E+03
  9.6599984E+04  2.0974431E+03
  9.7000000E+04  2.0634429E+03
  9.7399977E+04  2.0300900E+03
  9.7799984E+04  1.9974476E+03
  9.8199977E+04  1.9654255E+03
  9.8599977E+04  1.9340884E+03
  9.8999992E+04  1.9033456E+03
  9.9399984E+04  1.8731876E+03
  9.9799977E+04  1.8436401E+03
  1.0019999E+05  1.8146904E+03
  1.9999991E+05  1.1604329E+02
  3.9999994E+05  7.2106724E+00
  5.9999981E+05  1.4114940E+00
  7.9999994E+05  4.4290268E-01
