  5.0599994E+02  2.1715019E-08
  5.1199994E+02  4.0511051E-08
  5.2000000E+02  7.6225739E-08
  5.2999994E+02  1.6441336E-07
  5.3999994E+02  3.3951196E-07
  5.4999988E+02  6.9419781E-07
  5.5999988E+02  1.3738266E-06
  5.6999988E+02  2.6517421E-06
  5.7999994E+02  4.9587884E-06
  5.8999988E+02  9.2329401E-06
  5.9999988E+02  1.6698697E-05
  6.0999988E+02  2.9660776E-05
  6.1999994E+02  5.1662610E-05
  6.2999988E+02  8.8433102E-05
  6.3999994E+02  1.4866976E-04
  6.4999994E+02  2.4667324E-04
  6.5799994E+02  3.6542668E-04
  6.6499988E+02  5.1081006E-04
  6.7499994E+02  8.1571966E-04
  6.8499988E+02  1.2861395E-03
  6.9499994E+02  2.0000918E-03
  7.0499988E+02  3.0632096E-03
  7.1599988E+02  4.8536388E-03
  7.2599994E+02  7.2712572E-03
  7.3499982E+02  1.0362822E-02
  7.4499994E+02  1.5201003E-02
  7.5499982E+02  2.2081545E-02
  7.6499994E+02  3.1769235E-02
  7.7499994E+02  4.5266930E-02
  7.8499982E+02  6.3941777E-02
  7.9499982E+02  8.9136787E-02
  8.0500000E+02  1.2392177E-01
  8.1499976E+02  1.7082807E-01
  8.2500000E+02  2.3329908E-01
  8.3499994E+02  3.1562963E-01
  8.4499994E+02  4.2528719E-01
  8.5499988E+02  5.6801784E-01
  8.6499994E+02  7.5334030E-01
  8.7499982E+02  9.9140173E-01
  8.8499982E+02  1.2990434E+00
  8.9499988E+02  1.6897902E+00
  9.0499994E+02  2.1802013E+00
  9.1499982E+02  2.7046399E+02
  9.2499988E+02  1.6186370E+03
  9.3499982E+02  2.3454004E+03
  9.4500000E+02  3.5310664E+03
  9.5500000E+02  5.4443037E+03
  9.6499988E+02  7.0154141E+03
  9.7499982E+02  6.7244272E+03
  9.8499976E+02  9.6254355E+03
  9.9499988E+02  1.0275042E+04
  1.0049999E+03  1.3272612E+04
  1.0149997E+03  1.5990847E+04
  1.0249998E+03  1.2206065E+04
  1.0349998E+03  2.0637896E+04
  1.0449998E+03  2.5710072E+04
  1.0549999E+03  3.0210404E+04
  1.0649999E+03  3.1729645E+04
  1.0750000E+03  3.7643148E+04
  1.0849996E+03  4.1883961E+04
  1.0949999E+03  4.4355547E+04
  1.1049999E+03  1.3546995E+06
  1.1149999E+03  3.8399820E+06
  1.1249999E+03  4.3474065E+06
  1.1349996E+03  5.6175505E+06
  1.1449999E+03  4.9293330E+06
  1.1549999E+03  5.5975165E+06
  1.1650000E+03  5.5204305E+06
  1.1749995E+03  3.4943930E+06
  1.1849996E+03  1.4645171E+06
  1.1949998E+03  1.0582640E+05
  1.2049996E+03  1.1476155E+05
  1.2149998E+03  2.5366662E+04
  1.2249996E+03  1.2302246E+05
  1.2349996E+03  4.9795550E+05
  1.2449998E+03  5.8392695E+06
  1.2549996E+03  1.3663119E+07
  1.2650000E+03  1.0372590E+07
  1.2749998E+03  3.9420104E+07
  1.2849995E+03  5.5925068E+07
  1.2949998E+03  5.0124752E+07
  1.3049995E+03  2.7983594E+07
  1.3149998E+03  5.9877304E+07
  1.3249998E+03  7.1869256E+07
  1.3349996E+03  5.2520380E+07
  1.3449995E+03  8.7561688E+07
  1.3549996E+03  8.6325312E+07
  1.3649999E+03  7.1287576E+07
  1.3749999E+03  8.5111536E+07
  1.3849996E+03  8.7834536E+07
  1.3949999E+03  9.3469648E+07
  1.4050001E+03  9.3966392E+07
  1.4149998E+03  8.4247416E+07
  1.4249998E+03  9.6831432E+07
  1.4350000E+03  8.5729872E+07
  1.4419998E+03  9.6860904E+07
  1.4469999E+03  1.1050766E+08
  1.4549994E+03  1.0467083E+08
  1.4650000E+03  9.3427360E+07
  1.4749995E+03  8.8215104E+07
  1.4849996E+03  1.0152309E+08
  1.4949998E+03  1.0855019E+08
  1.5049996E+03  1.1064855E+08
  1.5119995E+03  9.3228192E+07
  1.5169994E+03  1.0616292E+08
  1.5250001E+03  8.9759848E+07
  1.5349994E+03  7.6174080E+07
  1.5449994E+03  1.0342460E+08
  1.5549998E+03  8.7842728E+07
  1.5649999E+03  8.0391056E+07
  1.5750001E+03  8.5575808E+07
  1.5850000E+03  9.7959816E+07
  1.5949996E+03  1.0657122E+08
  1.6049999E+03  9.6373112E+07
  1.6150000E+03  9.5937304E+07
  1.6249996E+03  8.5692216E+07
  1.6350000E+03  9.0921288E+07
  1.6449996E+03  9.5297576E+07
  1.6549999E+03  8.0972800E+07
  1.6649993E+03  9.3835960E+07
  1.6720000E+03  5.2774728E+07
  1.6770001E+03  9.0066416E+07
  1.6849998E+03  1.0412349E+08
  1.6950000E+03  9.7810736E+07
  1.7049995E+03  8.8043624E+07
  1.7150000E+03  8.4902552E+07
  1.7249993E+03  8.4261648E+07
  1.7349994E+03  9.2545552E+07
  1.7449993E+03  9.0634240E+07
  1.7550001E+03  1.0526787E+08
  1.7649998E+03  8.6556496E+07
  1.7749995E+03  9.6993752E+07
  1.7849995E+03  9.3500328E+07
  1.7949999E+03  1.1043150E+08
  1.8050001E+03  1.0438128E+08
  1.8150001E+03  1.0310158E+08
  1.8249994E+03  9.8569088E+07
  1.8349993E+03  9.3826840E+07
  1.8449993E+03  8.4914888E+07
  1.8549998E+03  8.9353304E+07
  1.8650002E+03  9.0512952E+07
  1.8750001E+03  9.8182832E+07
  1.8850000E+03  9.3928136E+07
  1.8950002E+03  9.3415680E+07
  1.9049996E+03  8.9943000E+07
  1.9149999E+03  9.3317640E+07
  1.9249993E+03  9.5226792E+07
  1.9350001E+03  9.3992448E+07
  1.9449993E+03  9.7854400E+07
  1.9550002E+03  9.5516256E+07
  1.9670002E+03  1.0255974E+08
  1.9759990E+03  1.0322940E+08
  1.9839996E+03  9.8187344E+07
  1.9950001E+03  9.3734928E+07
  2.0050002E+03  9.4491904E+07
  2.0149996E+03  8.7897368E+07
  2.0249994E+03  9.1881344E+07
  2.0349995E+03  9.0834984E+07
  2.0449998E+03  9.6191584E+07
  2.0550000E+03  9.0110296E+07
  2.0649993E+03  8.8153056E+07
  2.0739993E+03  9.6428136E+07
  2.0780002E+03  9.6650448E+07
  2.0849993E+03  9.5682008E+07
  2.0950005E+03  9.1526072E+07
  2.1050002E+03  8.8209928E+07
  2.1149990E+03  8.8135840E+07
  2.1250000E+03  8.9969576E+07
  2.1350002E+03  7.4844496E+07
  2.1449998E+03  8.3779872E+07
  2.1550005E+03  8.7595600E+07
  2.1649995E+03  8.2022136E+07
  2.1750002E+03  8.0154672E+07
  2.1849998E+03  7.9422704E+07
  2.1950000E+03  8.6207136E+07
  2.2050000E+03  8.1126584E+07
  2.2149998E+03  7.3216160E+07
  2.2249998E+03  6.9778144E+07
  2.2350005E+03  7.9649576E+07
  2.2449990E+03  7.0863640E+07
  2.2549993E+03  6.7910928E+07
  2.2650000E+03  7.0399720E+07
  2.2750000E+03  7.4369400E+07
  2.2850000E+03  7.7406968E+07
  2.2950002E+03  7.2978696E+07
  2.3050000E+03  7.0171424E+07
  2.3149995E+03  6.5400076E+07
  2.3250000E+03  4.4774124E+07
  2.3349995E+03  5.8122448E+07
  2.3449993E+03  5.3158956E+07
  2.3550000E+03  6.4795620E+07
  2.3649988E+03  5.3139968E+07
  2.3750000E+03  5.8403840E+07
  2.3849990E+03  4.8582632E+07
  2.3950000E+03  5.6292308E+07
  2.4050005E+03  5.2479880E+07
  2.4149993E+03  5.5606704E+07
  2.4249990E+03  6.2476628E+07
  2.4349990E+03  5.9320696E+07
  2.4450000E+03  6.4658156E+07
  2.4549990E+03  6.1784140E+07
  2.4649990E+03  6.1462420E+07
  2.4749993E+03  5.8749628E+07
  2.4850005E+03  6.3008184E+07
  2.4950000E+03  6.0297612E+07
  2.5050005E+03  6.8436024E+07
  2.5129988E+03  5.8787920E+07
  2.5179990E+03  6.1302188E+07
  2.5249998E+03  5.5979108E+07
  2.5350007E+03  5.5741724E+07
  2.5449988E+03  5.5567516E+07
  2.5550000E+03  6.0543668E+07
  2.5649990E+03  5.8852908E+07
  2.5749990E+03  6.4356800E+07
  2.5849993E+03  6.2867568E+07
  2.5949990E+03  5.9972764E+07
  2.6049995E+03  5.6898376E+07
  2.6149998E+03  5.6177552E+07
  2.6249990E+03  6.1709764E+07
  2.6350007E+03  6.2278536E+07
  2.6449995E+03  7.1840752E+07
  2.6549998E+03  7.0397368E+07
  2.6649995E+03  6.3170556E+07
  2.6749988E+03  6.6921584E+07
  2.6849988E+03  6.5054888E+07
  2.6949988E+03  6.2897600E+07
  2.7050000E+03  6.5234256E+07
  2.7150000E+03  6.1258768E+07
  2.7249995E+03  6.2337108E+07
  2.7350007E+03  6.7623528E+07
  2.7450002E+03  5.4087372E+07
  2.7549998E+03  5.5368164E+07
  2.7649983E+03  5.8013768E+07
  2.7750005E+03  6.3471896E+07
  2.7850000E+03  6.1904624E+07
  2.7949993E+03  4.1886600E+07
  2.8049995E+03  4.8767348E+07
  2.8150002E+03  6.4718824E+07
  2.8250007E+03  6.6867200E+07
  2.8350000E+03  6.3148004E+07
  2.8450002E+03  6.0852372E+07
  2.8550005E+03  5.9275972E+07
  2.8650000E+03  6.3838156E+07
  2.8749983E+03  6.1348448E+07
  2.8850000E+03  6.2571384E+07
  2.8949988E+03  5.9685600E+07
  2.9099988E+03  6.6986376E+07
  2.9299983E+03  6.4109060E+07
  2.9499990E+03  6.3822792E+07
  2.9700005E+03  6.4764108E+07
  2.9899980E+03  6.5392460E+07
  3.0099995E+03  6.6850680E+07
  3.0299995E+03  6.5536112E+07
  3.0499995E+03  6.4719940E+07
  3.0699995E+03  6.3843452E+07
  3.0899995E+03  6.4992492E+07
  3.1099995E+03  6.2838848E+07
  3.1299998E+03  6.2445964E+07
  3.1499995E+03  6.3326096E+07
  3.1699995E+03  6.2597032E+07
  3.1899995E+03  6.0241172E+07
  3.2099998E+03  6.1529304E+07
  3.2299993E+03  6.0293052E+07
  3.2499993E+03  6.0555512E+07
  3.2699995E+03  6.0472340E+07
  3.2899995E+03  6.0720852E+07
  3.3099998E+03  6.0866116E+07
  3.3299993E+03  5.9518872E+07
  3.3499995E+03  5.8692816E+07
  3.3699995E+03  5.8562164E+07
  3.3899993E+03  5.7846988E+07
  3.4099993E+03  5.8832460E+07
  3.4299995E+03  5.8487792E+07
  3.4499993E+03  5.8042704E+07
  3.4699998E+03  5.7037624E+07
  3.4899993E+03  5.6589928E+07
  3.5099995E+03  5.7148600E+07
  3.5299995E+03  5.7273804E+07
  3.5499995E+03  5.7066728E+07
  3.5699995E+03  5.6106920E+07
  3.5899995E+03  5.5717372E+07
  3.6099995E+03  5.5425480E+07
  3.6299993E+03  5.5047996E+07
  3.6399993E+03  5.4817032E+07
  3.6499995E+03  5.6273144E+07
  3.6699993E+03  5.1563792E+07
  3.6899995E+03  5.7215092E+07
  3.7099995E+03  8.3091984E+07
  3.7299998E+03  8.9904264E+07
  3.7499993E+03  1.1701030E+08
  3.7699993E+03  1.1811264E+08
  3.7899995E+03  1.3621466E+08
  3.8099993E+03  1.4959702E+08
  3.8299998E+03  1.2122623E+08
  3.8499995E+03  1.5378894E+08
  3.8699995E+03  1.5952592E+08
  3.8899995E+03  1.1374865E+08
  3.9099995E+03  1.5511307E+08
  3.9299993E+03  1.4986491E+08
  3.9499993E+03  1.5362938E+08
  3.9699998E+03  1.0595012E+08
  3.9899995E+03  1.4975522E+08
  4.0099995E+03  1.4902186E+08
  4.0299993E+03  1.4645386E+08
  4.0499993E+03  1.4571610E+08
  4.0699993E+03  1.4221336E+08
  4.0899995E+03  1.3170490E+08
  4.1099995E+03  1.0529598E+08
  4.1299995E+03  1.3520242E+08
  4.1499990E+03  1.3665422E+08
  4.1699990E+03  1.3379317E+08
  4.1899995E+03  1.3269273E+08
  4.2099995E+03  1.3107364E+08
  4.2299995E+03  1.2914018E+08
  4.2499995E+03  1.2649681E+08
  4.2699990E+03  1.2447367E+08
  4.2899995E+03  1.2386640E+08
  4.3100000E+03  1.2000391E+08
  4.3299995E+03  1.0716526E+08
  4.3499995E+03  9.2617904E+07
  4.3699995E+03  1.1733490E+08
  4.3899995E+03  1.1457146E+08
  4.4099995E+03  1.1419517E+08
  4.4299995E+03  1.1307810E+08
  4.4499995E+03  1.1202210E+08
  4.4699995E+03  1.1034502E+08
  4.4899995E+03  1.0792900E+08
  4.5099990E+03  1.0740732E+08
  4.5299995E+03  1.0570278E+08
  4.5499990E+03  1.0281208E+08
  4.5699995E+03  1.0373783E+08
  4.5899990E+03  1.0117280E+08
  4.6099990E+03  1.0215108E+08
  4.6299990E+03  9.8808344E+07
  4.6499990E+03  9.9467320E+07
  4.6699990E+03  9.7788000E+07
  4.6899990E+03  9.6868432E+07
  4.7099995E+03  9.3985856E+07
  4.7299990E+03  9.4526376E+07
  4.7499995E+03  9.3368024E+07
  4.7699995E+03  9.2512192E+07
  4.7899990E+03  9.1360352E+07
  4.8099995E+03  8.9763560E+07
  4.8299995E+03  8.8130304E+07
  4.8499990E+03  7.9035088E+07
  4.8700000E+03  6.5349168E+07
  4.8899990E+03  8.4855992E+07
  4.9099990E+03  8.4530208E+07
  4.9299990E+03  8.2807232E+07
  4.9499995E+03  8.2577616E+07
  4.9699995E+03  8.1899096E+07
  4.9899990E+03  8.0560048E+07
  5.0099995E+03  7.8382680E+07
  5.0299995E+03  7.8165608E+07
  5.0499995E+03  7.6655448E+07
  5.0699995E+03  7.6626384E+07
  5.0899995E+03  7.5773832E+07
  5.1099990E+03  7.4646608E+07
  5.1299995E+03  7.4001272E+07
  5.1499985E+03  7.2629360E+07
  5.1700000E+03  7.1370800E+07
  5.1899990E+03  7.0810640E+07
  5.2099990E+03  7.0284680E+07
  5.2299995E+03  6.8843256E+07
  5.2499995E+03  6.8884240E+07
  5.2699995E+03  6.7258216E+07
  5.2899990E+03  6.7534128E+07
  5.3099995E+03  6.5966804E+07
  5.3299990E+03  6.5801556E+07
  5.3499995E+03  6.5486864E+07
  5.3699995E+03  6.4588456E+07
  5.3899995E+03  6.3855856E+07
  5.4099990E+03  6.2907056E+07
  5.4299990E+03  6.2301408E+07
  5.4499990E+03  6.1902060E+07
  5.4699995E+03  6.1142996E+07
  5.4899995E+03  6.0529580E+07
  5.5099995E+03  5.9800592E+07
  5.5299985E+03  5.9203760E+07
  5.5499990E+03  5.8672648E+07
  5.5699990E+03  5.7993412E+07
  5.5899995E+03  5.7436904E+07
  5.6099990E+03  5.6955088E+07
  5.6299995E+03  5.6303924E+07
  5.6499990E+03  5.5520124E+07
  5.6699990E+03  5.5013124E+07
  5.6899995E+03  5.4518848E+07
  5.7099995E+03  5.3948096E+07
  5.7299990E+03  5.3387428E+07
  5.7499990E+03  5.2792200E+07
  5.7699990E+03  5.2250340E+07
  5.7899995E+03  5.1596680E+07
  5.8099985E+03  5.1114848E+07
  5.8300000E+03  5.0575188E+07
  5.8499990E+03  5.0095680E+07
  5.8699985E+03  4.9400656E+07
  5.8899985E+03  4.8789908E+07
  5.9099995E+03  4.8527108E+07
  5.9299985E+03  4.8060000E+07
  5.9499995E+03  4.7343700E+07
  5.9699990E+03  4.6993208E+07
  5.9899990E+03  4.6363876E+07
  6.0099990E+03  4.6075628E+07
  6.0299995E+03  4.5640972E+07
  6.0499990E+03  4.5120488E+07
  6.0699990E+03  4.4683560E+07
  6.0899995E+03  4.4233100E+07
  6.1099985E+03  4.3781540E+07
  6.1299995E+03  4.3330884E+07
  6.1499985E+03  4.2368232E+07
  6.1699985E+03  4.2474012E+07
  6.1900000E+03  4.2078044E+07
  6.2099995E+03  4.1667760E+07
  6.2299985E+03  4.1204604E+07
  6.2499990E+03  4.0401220E+07
  6.2699985E+03  4.0446720E+07
  6.2900000E+03  4.0039444E+07
  6.3099985E+03  3.9534368E+07
  6.3299995E+03  3.9242620E+07
  6.3499985E+03  3.8405344E+07
  6.3699985E+03  3.8145060E+07
  6.3899995E+03  3.8053344E+07
  6.4099990E+03  3.7643876E+07
  6.4299985E+03  3.7336264E+07
  6.4499985E+03  3.6697584E+07
  6.4699990E+03  3.6668144E+07
  6.4899990E+03  3.6156276E+07
  6.5099985E+03  3.5772680E+07
  6.5299990E+03  3.5272928E+07
  6.5499985E+03  3.2767728E+07
  6.5699985E+03  2.6723550E+07
  6.5899995E+03  3.4003752E+07
  6.6099985E+03  3.4136300E+07
  6.6299990E+03  3.3892088E+07
  6.6499985E+03  3.3629752E+07
  6.6699995E+03  3.3287804E+07
  6.6899990E+03  3.2979646E+07
  6.7099995E+03  3.2706354E+07
  6.7299990E+03  3.2344236E+07
  6.7499995E+03  3.2094144E+07
  6.7699985E+03  3.1803702E+07
  6.7899995E+03  3.1498950E+07
  6.8099995E+03  3.1211848E+07
  6.8300000E+03  3.0899298E+07
  6.8499985E+03  3.0621986E+07
  6.8699985E+03  3.0352158E+07
  6.8899985E+03  3.0078594E+07
  6.9099990E+03  2.9797422E+07
  6.9299995E+03  2.9511148E+07
  6.9499990E+03  2.9256530E+07
  6.9699985E+03  2.8995044E+07
  6.9899985E+03  2.8753024E+07
  7.0099985E+03  2.8424358E+07
  7.0299985E+03  2.8229318E+07
  7.0499990E+03  2.7935968E+07
  7.0699980E+03  2.7708052E+07
  7.0899990E+03  2.7488992E+07
  7.1099990E+03  2.7146014E+07
  7.1299995E+03  2.6965772E+07
  7.1499990E+03  2.6728912E+07
  7.1699995E+03  2.6509648E+07
  7.1899985E+03  2.6271286E+07
  7.2099985E+03  2.6051818E+07
  7.2299980E+03  2.5770956E+07
  7.2499990E+03  2.5566608E+07
  7.2699995E+03  2.5369104E+07
  7.2899990E+03  2.5132270E+07
  7.3099980E+03  2.4880728E+07
  7.3299980E+03  2.4705874E+07
  7.3499980E+03  2.4508142E+07
  7.3699985E+03  2.4302478E+07
  7.3899995E+03  2.4084186E+07
  7.4099985E+03  2.3823314E+07
  7.4299995E+03  2.3591496E+07
  7.4500000E+03  2.3411374E+07
  7.4700000E+03  2.3163980E+07
  7.4899990E+03  2.3026346E+07
  7.5099985E+03  2.2815028E+07
  7.5299995E+03  2.2674718E+07
  7.5499980E+03  2.2491970E+07
  7.5699985E+03  2.2298330E+07
  7.5899990E+03  2.2109030E+07
  7.6099980E+03  2.1935732E+07
  7.6299995E+03  2.1742578E+07
  7.6499995E+03  2.1533764E+07
  7.6699980E+03  2.1368466E+07
  7.6899990E+03  2.1195024E+07
  7.7099995E+03  2.0967324E+07
  7.7299985E+03  2.0849514E+07
  7.7499990E+03  2.0674926E+07
  7.7700000E+03  2.0106230E+07
  7.7900000E+03  2.0335876E+07
  7.8099995E+03  2.0178124E+07
  7.8299980E+03  2.0000214E+07
  7.8499980E+03  1.9797560E+07
  7.8699995E+03  1.9578446E+07
  7.8900000E+03  1.9400642E+07
  7.9099995E+03  1.9342402E+07
  7.9300000E+03  1.9204218E+07
  7.9499985E+03  1.8956318E+07
  7.9699990E+03  1.8898662E+07
  7.9900000E+03  1.8526218E+07
  8.0099980E+03  1.8592952E+07
  8.0299985E+03  1.8440268E+07
  8.0500000E+03  1.8295264E+07
  8.0699985E+03  1.8143960E+07
  8.0899990E+03  1.8001400E+07
  8.1099995E+03  1.7850862E+07
  8.1299976E+03  1.7722112E+07
  8.1499976E+03  1.7580790E+07
  8.1699980E+03  1.7444020E+07
  8.1899985E+03  1.7239296E+07
  8.2099990E+03  1.7180556E+07
  8.2300000E+03  1.7024286E+07
  8.2500000E+03  1.6987234E+07
  8.2700000E+03  1.6896908E+07
  8.2899980E+03  1.6602243E+07
  8.3099990E+03  1.6256193E+07
  8.3299980E+03  1.5818268E+07
  8.3500000E+03  1.5625861E+07
  8.3699990E+03  1.5268423E+07
  8.3899990E+03  1.5295796E+07
  8.4099971E+03  1.5262022E+07
  8.4300000E+03  1.5823707E+07
  8.4499990E+03  1.5766309E+07
  8.4699980E+03  1.4666890E+07
  8.4899980E+03  1.6961334E+07
  8.5099990E+03  1.4597478E+07
  8.5299990E+03  1.7342658E+07
  8.5499990E+03  1.3974208E+07
  8.5699990E+03  1.7537132E+07
  8.5900000E+03  1.5659405E+07
  8.6099980E+03  1.5026721E+07
  8.6299990E+03  1.7372530E+07
  8.6499990E+03  1.6687580E+07
  8.6699990E+03  1.3308391E+07
  8.6899990E+03  1.6695448E+07
  8.7099971E+03  1.6979890E+07
  8.7299990E+03  1.6553679E+07
  8.7499980E+03  1.3015963E+07
  8.7699980E+03  1.5937205E+07
  8.7899980E+03  1.6538129E+07
  8.8099990E+03  1.6424294E+07
  8.8299980E+03  1.6147524E+07
  8.8499980E+03  1.5147249E+07
  8.8699980E+03  1.2642702E+07
  8.8899990E+03  1.5704820E+07
  8.9099971E+03  1.5746869E+07
  8.9299980E+03  1.5641922E+07
  8.9499980E+03  1.5619593E+07
  8.9699990E+03  1.5471356E+07
  8.9899990E+03  1.5158805E+07
  9.0099980E+03  1.2423641E+07
  9.0299990E+03  1.3711288E+07
  9.0499990E+03  1.4900973E+07
  9.0699980E+03  1.4691077E+07
  9.0899990E+03  1.4569508E+07
  9.1099980E+03  1.4622270E+07
  9.1299980E+03  1.4552402E+07
  9.1499980E+03  1.4493804E+07
  9.1699980E+03  1.4332535E+07
  9.1899990E+03  1.4100264E+07
  9.2099990E+03  1.3668240E+07
  9.2299980E+03  1.0779358E+07
  9.2499980E+03  1.3239433E+07
  9.2699971E+03  1.3409462E+07
  9.2899990E+03  1.3692265E+07
  9.3099980E+03  1.3640457E+07
  9.3299990E+03  1.3526642E+07
  9.3499980E+03  1.3449877E+07
  9.3699990E+03  1.3353471E+07
  9.3900000E+03  1.3176582E+07
  9.4099980E+03  1.2972578E+07
  9.4299971E+03  1.3043436E+07
  9.4499990E+03  1.2964233E+07
  9.4700000E+03  1.2852817E+07
  9.4899980E+03  1.2744744E+07
  9.5100000E+03  1.2590799E+07
  9.5300000E+03  1.2057245E+07
  9.5500000E+03  9.7237400E+06
  9.5699990E+03  1.2037290E+07
  9.5899980E+03  1.2256677E+07
  9.6099980E+03  1.2178381E+07
  9.6299990E+03  1.1977538E+07
  9.6499990E+03  1.2053356E+07
  9.6699980E+03  1.1900009E+07
  9.6899980E+03  1.1874207E+07
  9.7100000E+03  1.1806958E+07
  9.7299990E+03  1.1717882E+07
  9.7499980E+03  1.1630627E+07
  9.7699961E+03  1.1554250E+07
  9.7899980E+03  1.1468172E+07
  9.8099980E+03  1.1378789E+07
  9.8299990E+03  1.1279509E+07
  9.8499980E+03  1.1204242E+07
  9.8700000E+03  1.1128323E+07
  9.8899980E+03  1.1008260E+07
  9.9099990E+03  1.0983433E+07
  9.9300000E+03  1.0892238E+07
  9.9499980E+03  1.0825287E+07
  9.9699980E+03  1.0756885E+07
  9.9899990E+03  1.0664404E+07
  1.0024998E+04  1.0063399E+07
  1.0074998E+04  9.5532750E+06
  1.0124997E+04  1.0104834E+07
  1.0174997E+04  1.0003220E+07
  1.0224998E+04  9.8508560E+06
  1.0274997E+04  9.6820660E+06
  1.0325000E+04  9.5114770E+06
  1.0374999E+04  9.3542230E+06
  1.0425000E+04  9.2019670E+06
  1.0474998E+04  9.0302140E+06
  1.0524997E+04  8.8698020E+06
  1.0574999E+04  8.7396330E+06
  1.0625000E+04  8.6045090E+06
  1.0674997E+04  8.3862400E+06
  1.0724998E+04  8.2928330E+06
  1.0774999E+04  8.1797045E+06
  1.0824997E+04  8.0448415E+06
  1.0874997E+04  7.9003180E+06
  1.0924999E+04  6.9882515E+06
  1.0974996E+04  7.4905260E+06
  1.1025000E+04  7.5494995E+06
  1.1074998E+04  7.4357225E+06
  1.1124999E+04  7.3178970E+06
  1.1174998E+04  7.2021795E+06
  1.1224999E+04  7.0900215E+06
  1.1274997E+04  6.9096315E+06
  1.1325000E+04  6.8135020E+06
  1.1375000E+04  6.7607220E+06
  1.1425000E+04  6.6540550E+06
  1.1474997E+04  6.5578590E+06
  1.1525000E+04  6.4579660E+06
  1.1574998E+04  6.3584315E+06
  1.1625000E+04  6.2428000E+06
  1.1674998E+04  6.1388655E+06
  1.1724997E+04  6.0731940E+06
  1.1775001E+04  5.9385785E+06
  1.1824999E+04  5.8814600E+06
  1.1875000E+04  5.7847490E+06
  1.1925000E+04  5.7201805E+06
  1.1975001E+04  5.6233845E+06
  1.2024998E+04  5.5498855E+06
  1.2074996E+04  5.4650050E+06
  1.2125000E+04  5.3854280E+06
  1.2175000E+04  5.3097705E+06
  1.2225001E+04  5.2316380E+06
  1.2275001E+04  5.1521000E+06
  1.2324996E+04  5.0798820E+06
  1.2374996E+04  5.0076730E+06
  1.2424998E+04  4.9393860E+06
  1.2475000E+04  4.8538750E+06
  1.2524997E+04  4.7991115E+06
  1.2574997E+04  4.7190930E+06
  1.2624999E+04  4.6595685E+06
  1.2674997E+04  4.5989620E+06
  1.2724999E+04  4.5338085E+06
  1.2774999E+04  4.4316750E+06
  1.2825000E+04  3.9526125E+06
  1.2875001E+04  4.3231000E+06
  1.2924997E+04  4.2879160E+06
  1.2975001E+04  4.2291950E+06
  1.3024998E+04  4.1716962E+06
  1.3074999E+04  4.1147290E+06
  1.3125000E+04  4.0585058E+06
  1.3174998E+04  3.9932525E+06
  1.3224998E+04  3.9495448E+06
  1.3274997E+04  3.8961202E+06
  1.3324997E+04  3.8438085E+06
  1.3374999E+04  3.7923788E+06
  1.3424999E+04  3.7405620E+06
  1.3474999E+04  3.6894088E+06
  1.3525001E+04  3.6378780E+06
  1.3574999E+04  3.5919132E+06
  1.3624997E+04  3.5451030E+06
  1.3674997E+04  3.4954545E+06
  1.3724995E+04  3.4486355E+06
  1.3774998E+04  3.4097460E+06
  1.3824998E+04  3.3654162E+06
  1.3874996E+04  3.3224192E+06
  1.3925000E+04  3.2780065E+06
  1.3974996E+04  3.2368478E+06
  1.4024997E+04  3.1958058E+06
  1.4075001E+04  3.1550728E+06
  1.4124996E+04  3.1142728E+06
  1.4175000E+04  3.0752778E+06
  1.4225000E+04  3.0361965E+06
  1.4274994E+04  2.9979578E+06
  1.4325001E+04  2.9601738E+06
  1.4374998E+04  2.9230272E+06
  1.4424999E+04  2.8740112E+06
  1.4475000E+04  2.8504142E+06
  1.4524997E+04  2.8077898E+06
  1.4569999E+04  2.7837285E+06
  1.4620000E+04  2.8175960E+06
  1.4674998E+04  2.8467228E+06
  1.4725000E+04  2.7690425E+06
  1.4775002E+04  2.6923468E+06
  1.4824998E+04  2.6356500E+06
  1.4874996E+04  2.5733532E+06
  1.4924997E+04  2.5246830E+06
  1.4974999E+04  2.4791232E+06
  1.5024999E+04  2.4364508E+06
  1.5075000E+04  2.4072185E+06
  1.5124999E+04  2.3793082E+06
  1.5175000E+04  2.3623460E+06
  1.5225002E+04  2.3787092E+06
  1.5274998E+04  2.2845312E+06
  1.5324995E+04  2.2811988E+06
  1.5374997E+04  2.3145148E+06
  1.5425001E+04  2.2037388E+06
  1.5474996E+04  2.2768328E+06
  1.5524994E+04  2.2656302E+06
  1.5575001E+04  2.1021700E+06
  1.5624998E+04  2.2614112E+06
  1.5674997E+04  2.1565448E+06
  1.5724994E+04  2.0508318E+06
  1.5774996E+04  2.1874240E+06
  1.5825001E+04  2.1588792E+06
  1.5874995E+04  1.9306382E+06
  1.5925002E+04  2.0819380E+06
  1.5975001E+04  2.0974175E+06
  1.6049998E+04  2.0379369E+06
  1.6150001E+04  1.9095016E+06
  1.6249997E+04  1.9709609E+06
  1.6350000E+04  1.8997132E+06
  1.6449996E+04  1.7861944E+06
  1.6549998E+04  1.8419729E+06
  1.6649994E+04  1.8012968E+06
  1.6749998E+04  1.7354060E+06
  1.6849998E+04  1.6337960E+06
  1.6950000E+04  1.6849902E+06
  1.7049996E+04  1.6485659E+06
  1.7150000E+04  1.6137695E+06
  1.7249992E+04  1.5766301E+06
  1.7349994E+04  1.4503771E+06
  1.7449992E+04  1.5039516E+06
  1.7550000E+04  1.4792768E+06
  1.7649998E+04  1.4486549E+06
  1.7749994E+04  1.4189861E+06
  1.7849994E+04  1.3896525E+06
  1.7949998E+04  1.3620514E+06
  1.8050002E+04  1.3296559E+06
  1.8150002E+04  1.2337332E+06
  1.8249994E+04  1.2670792E+06
  1.8349992E+04  1.2542021E+06
  1.8449992E+04  1.2292440E+06
  1.8549998E+04  1.2033255E+06
  1.8650002E+04  1.1786495E+06
  1.8750002E+04  1.0895988E+06
  1.8850000E+04  1.1308696E+06
  1.8950004E+04  1.1118315E+06
  1.9049996E+04  1.0907435E+06
  1.9149998E+04  1.0696221E+06
  1.9249992E+04  1.0488804E+06
  1.9350000E+04  1.0265961E+06
  1.9449992E+04  9.5012256E+05
  1.9550002E+04  9.8775925E+05
  1.9649992E+04  9.7127325E+05
  1.9749992E+04  9.5275069E+05
  1.9849992E+04  9.3506756E+05
  1.9950002E+04  9.1760394E+05
  2.0050002E+04  9.0060162E+05
  2.0149996E+04  8.8394700E+05
  2.0249994E+04  8.6767738E+05
  2.0349994E+04  8.5172925E+05
  2.0449996E+04  8.3624888E+05
  2.0550000E+04  8.2107331E+05
  2.0649992E+04  8.0612606E+05
  2.0749998E+04  7.9168956E+05
  2.0849992E+04  7.7756256E+05
  2.0950004E+04  7.6367588E+05
  2.1050002E+04  7.5007769E+05
  2.1149992E+04  7.3639944E+05
  2.1250000E+04  7.2348588E+05
  2.1350002E+04  7.1075694E+05
  2.1449996E+04  6.9866794E+05
  2.1550006E+04  6.8556244E+05
  2.1649994E+04  6.3693556E+05
  2.1750002E+04  6.6055725E+05
  2.1849998E+04  6.5181856E+05
  2.1950002E+04  6.4076325E+05
  2.2050000E+04  6.2983512E+05
  2.2149996E+04  6.1897806E+05
  2.2249998E+04  6.0879988E+05
  2.2350004E+04  5.9858231E+05
  2.2449990E+04  5.8860556E+05
  2.2549994E+04  5.7875125E+05
  2.2650000E+04  5.6922369E+05
  2.2750000E+04  5.5982681E+05
  2.2850000E+04  5.5351606E+05
  2.2950004E+04  5.5245788E+05
  2.3050000E+04  5.4096000E+05
  2.3149996E+04  5.2963969E+05
  2.3250000E+04  5.1898119E+05
  2.3349996E+04  5.0870691E+05
  2.3449994E+04  4.9934222E+05
  2.3550002E+04  4.8886759E+05
  2.3649988E+04  4.8080241E+05
  2.3750000E+04  4.7260725E+05
  2.3849990E+04  4.6488428E+05
  2.3950002E+04  4.5763394E+05
  2.4050006E+04  4.4951125E+05
  2.4149992E+04  4.4119756E+05
  2.4249990E+04  4.4008406E+05
  2.4349990E+04  4.2893484E+05
  2.4450002E+04  4.2151941E+05
  2.4549990E+04  4.2074316E+05
  2.4649992E+04  4.1058434E+05
  2.4749992E+04  4.0464097E+05
  2.4850006E+04  4.0641738E+05
  2.4950000E+04  3.8353384E+05
  2.5050006E+04  3.9638738E+05
  2.5149994E+04  3.8925131E+05
  2.5249998E+04  3.6525634E+05
  2.5350004E+04  3.7633278E+05
  2.5449988E+04  3.7309662E+05
  2.5549998E+04  3.6528191E+05
  2.5649990E+04  3.4265012E+05
  2.5749990E+04  3.5546519E+05
  2.5849994E+04  3.5149675E+05
  2.5949990E+04  3.4634272E+05
  2.6049996E+04  3.3767622E+05
  2.6149998E+04  3.1807500E+05
  2.6249988E+04  3.1085062E+05
  2.6350008E+04  3.2462103E+05
  2.6449996E+04  3.2206903E+05
  2.6549994E+04  3.1747234E+05
  2.6649994E+04  3.1159862E+05
  2.6749988E+04  2.9071481E+05
  2.6849986E+04  3.0281959E+05
  2.6949986E+04  2.9987106E+05
  2.7050002E+04  2.9565481E+05
  2.7149998E+04  2.9154394E+05
  2.7249994E+04  2.8747016E+05
  2.7350006E+04  2.8346781E+05
  2.7450004E+04  2.7913141E+05
  2.7549996E+04  2.6181623E+05
  2.7649982E+04  2.6745072E+05
  2.7750004E+04  2.6811419E+05
  2.7850000E+04  2.6449716E+05
  2.7949992E+04  2.6089609E+05
  2.8049994E+04  2.5735370E+05
  2.8150002E+04  2.5386439E+05
  2.8250006E+04  2.5043689E+05
  2.8350000E+04  2.4708438E+05
  2.8450000E+04  2.4373534E+05
  2.8550002E+04  2.4050105E+05
  2.8650002E+04  2.3510742E+05
  2.8749982E+04  2.2126461E+05
  2.8849998E+04  2.3055550E+05
  2.8949986E+04  2.2782391E+05
  2.9049994E+04  2.2503925E+05
  2.9149986E+04  2.2200389E+05
  2.9249984E+04  2.1918514E+05
  2.9349980E+04  2.1633402E+05
  2.9450000E+04  2.1354656E+05
  2.9550004E+04  2.1079208E+05
  2.9649982E+04  2.0807442E+05
  2.9749992E+04  2.0540514E+05
  2.9849994E+04  2.0278388E+05
  2.9949984E+04  2.0019312E+05
  3.0049996E+04  1.9764041E+05
  3.0149994E+04  1.9513383E+05
  3.0249994E+04  1.9242545E+05
  3.0349996E+04  1.8222295E+05
  3.0449996E+04  1.8375036E+05
  3.0549996E+04  1.8536689E+05
  3.0649996E+04  1.8320886E+05
  3.0749994E+04  1.8092355E+05
  3.0849996E+04  1.7857686E+05
  3.0949994E+04  1.7647300E+05
  3.1049996E+04  1.7429477E+05
  3.1149996E+04  1.7214862E+05
  3.1249996E+04  1.7003020E+05
  3.1349996E+04  1.6797742E+05
  3.1449996E+04  1.6590916E+05
  3.1549998E+04  1.6393183E+05
  3.1649996E+04  1.6194233E+05
  3.1749998E+04  1.5998205E+05
  3.1849996E+04  1.5807658E+05
  3.1949994E+04  1.5617706E+05
  3.2099996E+04  1.5339000E+05
  3.2299992E+04  1.4977753E+05
  3.2499994E+04  1.4625986E+05
  3.2699996E+04  1.4283789E+05
  3.2899996E+04  1.3509223E+05
  3.3099996E+04  1.3657309E+05
  3.3299992E+04  1.3404742E+05
  3.3499996E+04  1.3073956E+05
  3.3699996E+04  1.2751052E+05
  3.3899996E+04  1.2445329E+05
  3.4099996E+04  1.2151061E+05
  3.4299996E+04  1.1859268E+05
  3.4499992E+04  1.1587968E+05
  3.4699996E+04  1.1328055E+05
  3.4899996E+04  1.1073325E+05
  3.5099996E+04  1.0837716E+05
  3.5299996E+04  1.0609138E+05
  3.5499996E+04  1.0358404E+05
  3.5699992E+04  1.0119112E+05
  3.5899992E+04  9.9964461E+04
  3.6099996E+04  9.6738023E+04
  3.6299992E+04  9.5889422E+04
  3.6499992E+04  9.2539625E+04
  3.6699992E+04  9.2163109E+04
  3.6899992E+04  8.8424844E+04
  3.7099996E+04  8.8281453E+04
  3.7299996E+04  8.5341633E+04
  3.7499992E+04  8.1551172E+04
  3.7699996E+04  8.3036656E+04
  3.7899996E+04  8.1467570E+04
  3.8099992E+04  7.8512352E+04
  3.8299996E+04  7.7265617E+04
  3.8499996E+04  7.6660633E+04
  3.8699996E+04  7.5120727E+04
  3.8899992E+04  7.3463977E+04
  3.9099996E+04  7.0158930E+04
  3.9299992E+04  7.0744336E+04
  3.9499992E+04  6.9382648E+04
  3.9699992E+04  6.8063859E+04
  3.9900000E+04  6.6734805E+04
  4.0099996E+04  6.4646340E+04
  4.0299992E+04  6.2883578E+04
  4.0499996E+04  6.1193715E+04
  4.0699992E+04  6.1735488E+04
  4.0899992E+04  6.0628719E+04
  4.1099996E+04  5.9498133E+04
  4.1299996E+04  5.8384363E+04
  4.1499992E+04  5.7238934E+04
  4.1699992E+04  5.4474855E+04
  4.1899996E+04  5.5127688E+04
  4.2099996E+04  5.4188551E+04
  4.2299992E+04  5.3205723E+04
  4.2499996E+04  5.2238922E+04
  4.2699992E+04  5.1294086E+04
  4.2899992E+04  5.0370691E+04
  4.3099996E+04  4.9466230E+04
  4.3299996E+04  4.8584340E+04
  4.3499992E+04  4.7720531E+04
  4.3699996E+04  4.5546730E+04
  4.3899996E+04  4.5781668E+04
  4.4099992E+04  4.5243383E+04
  4.4299992E+04  4.4455699E+04
  4.4499996E+04  4.3684105E+04
  4.4699996E+04  4.3114953E+04
  4.4899996E+04  4.2371051E+04
  4.5099992E+04  4.1644180E+04
  4.5299992E+04  4.0928461E+04
  4.5499996E+04  4.0234602E+04
  4.5699992E+04  3.9553109E+04
  4.5899996E+04  3.8883719E+04
  4.6099996E+04  3.8233301E+04
  4.6299992E+04  3.7557500E+04
  4.6499988E+04  3.5869145E+04
  4.6699992E+04  3.5054703E+04
  4.6899992E+04  3.5638422E+04
  4.7099992E+04  3.5163184E+04
  4.7299992E+04  3.4586930E+04
  4.7499996E+04  3.4017430E+04
  4.7699992E+04  3.3467852E+04
  4.7899992E+04  3.2926242E+04
  4.8099996E+04  3.2395715E+04
  4.8299992E+04  3.1876062E+04
  4.8499992E+04  3.1365465E+04
  4.8700000E+04  3.0865328E+04
  4.8899992E+04  3.0375480E+04
  4.9099988E+04  2.9895689E+04
  4.9299988E+04  2.9424215E+04
  4.9499996E+04  2.8963973E+04
  4.9699992E+04  2.8510186E+04
  4.9899988E+04  2.8067268E+04
  5.0099996E+04  2.7631986E+04
  5.0299996E+04  2.7204219E+04
  5.0499996E+04  2.6786787E+04
  5.0699996E+04  2.6376547E+04
  5.0899992E+04  2.5973371E+04
  5.1099992E+04  2.5517975E+04
  5.1299996E+04  2.4350244E+04
  5.1499988E+04  2.4779377E+04
  5.1699996E+04  2.4437213E+04
  5.1899992E+04  2.4071613E+04
  5.2099992E+04  2.3712281E+04
  5.2299996E+04  2.3359105E+04
  5.2499996E+04  2.3013352E+04
  5.2699996E+04  2.2673516E+04
  5.2899992E+04  2.2340852E+04
  5.3099988E+04  2.2012543E+04
  5.3299988E+04  2.1691174E+04
  5.3499992E+04  2.1375301E+04
  5.3699992E+04  2.1066139E+04
  5.3899992E+04  2.0762266E+04
  5.4099992E+04  2.0463590E+04
  5.4299984E+04  2.0170021E+04
  5.4499988E+04  1.9881465E+04
  5.4699996E+04  1.9597840E+04
  5.4899992E+04  1.9320320E+04
  5.5099992E+04  1.9047543E+04
  5.5299988E+04  1.8779438E+04
  5.5499988E+04  1.8515910E+04
  5.5699992E+04  1.8255678E+04
  5.5899992E+04  1.8001100E+04
  5.6099988E+04  1.7752080E+04
  5.6299996E+04  1.7506131E+04
  5.6499988E+04  1.7264404E+04
  5.6699988E+04  1.7026812E+04
  5.6899992E+04  1.6794453E+04
  5.7099996E+04  1.6564926E+04
  5.7299988E+04  1.6339344E+04
  5.7499988E+04  1.6117628E+04
  5.7699988E+04  1.5899719E+04
  5.7899996E+04  1.5685552E+04
  5.8099988E+04  1.5475076E+04
  5.8299996E+04  1.5268214E+04
  5.8499992E+04  1.5100149E+04
  5.8699988E+04  1.4899026E+04
  5.8899988E+04  1.4654674E+04
  5.9099992E+04  1.4018514E+04
  5.9299988E+04  1.4293724E+04
  5.9499996E+04  1.4127555E+04
  5.9699988E+04  1.3943214E+04
  5.9899992E+04  1.3761010E+04
  6.0099992E+04  1.3583006E+04
  6.0299992E+04  1.3407057E+04
  6.0499988E+04  1.3234164E+04
  6.0699992E+04  1.3063251E+04
  6.0899992E+04  1.2895314E+04
  6.1099988E+04  1.2730301E+04
  6.1299992E+04  1.2568163E+04
  6.1499988E+04  1.2408862E+04
  6.1699988E+04  1.2251355E+04
  6.1899996E+04  1.2096604E+04
  6.2099996E+04  1.1944567E+04
  6.2299988E+04  1.1794235E+04
  6.2499992E+04  1.1646539E+04
  6.2699988E+04  1.1501444E+04
  6.2899996E+04  1.1358905E+04
  6.3099984E+04  1.1217946E+04
  6.3299996E+04  1.1079471E+04
  6.3499984E+04  1.0942523E+04
  6.3699984E+04  1.0807999E+04
  6.3900000E+04  1.0675859E+04
  6.4199992E+04  1.0481262E+04
  6.4599984E+04  1.0228189E+04
  6.4999992E+04  9.9832051E+03
  6.5399992E+04  9.7451924E+03
  6.5799992E+04  9.5139541E+03
  6.6199984E+04  9.2892969E+03
  6.6599984E+04  9.0727314E+03
  6.6999992E+04  8.8614951E+03
  6.7399992E+04  8.6562793E+03
  6.7799992E+04  8.4569150E+03
  6.8199992E+04  8.2640498E+03
  6.8599992E+04  8.0750938E+03
  6.8999984E+04  7.8928813E+03
  6.9399984E+04  7.7152563E+03
  6.9800000E+04  7.5427954E+03
  7.0199992E+04  7.3750566E+03
  7.0599984E+04  7.2118325E+03
  7.0999977E+04  7.0533042E+03
  7.1399977E+04  6.8983813E+03
  7.1799984E+04  6.7485083E+03
  7.2199984E+04  6.6023921E+03
  7.2600000E+04  6.4602183E+03
  7.2999984E+04  6.3222451E+03
  7.3400000E+04  6.1875132E+03
  7.3799984E+04  6.0564331E+03
  7.4199992E+04  5.9284258E+03
  7.4599992E+04  5.7376187E+03
  7.5000000E+04  5.5773232E+03
  7.5399992E+04  5.5638960E+03
  7.5799992E+04  5.4513662E+03
  7.6199984E+04  5.3396548E+03
  7.6599992E+04  5.2306777E+03
  7.6999992E+04  5.1244971E+03
  7.7399992E+04  5.0209194E+03
  7.7799984E+04  4.9200669E+03
  7.8199984E+04  4.8216870E+03
  7.8599984E+04  4.7257207E+03
  7.8999984E+04  4.6321099E+03
  7.9399984E+04  4.5408569E+03
  7.9800000E+04  4.4517871E+03
  8.0199992E+04  4.3649692E+03
  8.0599984E+04  4.2801729E+03
  8.0999992E+04  4.1974644E+03
  8.1399977E+04  4.1167422E+03
  8.1799984E+04  4.0378984E+03
  8.2199984E+04  3.9610049E+03
  8.2599992E+04  3.8859038E+03
  8.2999984E+04  3.8125571E+03
  8.3400000E+04  3.7408660E+03
  8.3799992E+04  3.6708518E+03
  8.4199992E+04  3.6026333E+03
  8.4599977E+04  3.5359075E+03
  8.4999977E+04  3.4707432E+03
  8.5399984E+04  3.4070020E+03
  8.5799984E+04  3.3447576E+03
  8.6199992E+04  3.2839241E+03
  8.6599992E+04  3.2244717E+03
  8.6999984E+04  3.1663201E+03
  8.7399992E+04  3.1094895E+03
  8.7799992E+04  3.0539521E+03
  8.8199984E+04  2.9996311E+03
  8.8599977E+04  2.9465007E+03
  8.8999992E+04  2.8945334E+03
  8.9399977E+04  2.8437078E+03
  8.9799977E+04  2.7939973E+03
  9.0199984E+04  2.7453782E+03
  9.0599984E+04  2.6977830E+03
  9.0999992E+04  2.6512346E+03
  9.1400000E+04  2.6057114E+03
  9.1799969E+04  2.5611052E+03
  9.2199969E+04  2.5174817E+03
  9.2599984E+04  2.4747778E+03
  9.3000000E+04  2.4329746E+03
  9.3399984E+04  2.3920132E+03
  9.3799984E+04  2.3519597E+03
  9.4199977E+04  2.3127107E+03
  9.4599984E+04  2.2742927E+03
  9.4999969E+04  2.2366475E+03
  9.5399984E+04  2.1997583E+03
  9.5799984E+04  2.1636938E+03
  9.6199992E+04  2.1283145E+03
  9.6599984E+04  2.0936885E+03
  9.7000000E+04  2.0597195E+03
  9.7399977E+04  2.0264764E+03
  9.7799984E+04  1.9938634E+03
  9.8199977E+04  1.9619094E+03
  9.8599977E+04  1.9306395E+03
  9.8999992E+04  1.8999631E+03
  9.9399984E+04  1.8698705E+03
  9.9799977E+04  1.8403871E+03
  1.0019999E+05  1.8114635E+03
  1.9999991E+05  1.1582667E+02
  3.9999994E+05  7.1937189E+00
  5.9999981E+05  1.4076220E+00
  7.9999994E+05  4.4153708E-01
